Control_R32
ENSMUSG00000000001.4	3.514605
ENSMUSG00000000003.15	0
ENSMUSG00000000028.15	0.965113
ENSMUSG00000000031.16	0.146123
ENSMUSG00000000037.17	0.088869
ENSMUSG00000000049.11	0.304174
ENSMUSG00000000056.7	9.790896
ENSMUSG00000000058.6	11.728307
ENSMUSG00000000078.7	6.236122
ENSMUSG00000000085.16	15.70665
ENSMUSG00000000088.7	429.211545
ENSMUSG00000000093.6	0.308685
ENSMUSG00000000094.12	0.030212
ENSMUSG00000000103.12	0
ENSMUSG00000000120.6	3.616767
ENSMUSG00000000125.5	2.367751
ENSMUSG00000000126.11	7.314209
ENSMUSG00000000127.15	1.82259
ENSMUSG00000000131.15	35.981291
ENSMUSG00000000134.17	22.389236
ENSMUSG00000000142.15	5.344748
ENSMUSG00000000148.17	4.705876
ENSMUSG00000000149.10	39.988543
ENSMUSG00000000154.16	0.812777
ENSMUSG00000000157.16	0
ENSMUSG00000000159.16	0.217558
ENSMUSG00000000167.14	0.898807
ENSMUSG00000000168.9	31.10413
ENSMUSG00000000171.5	112.60591
ENSMUSG00000000182.9	0.10268
ENSMUSG00000000183.6	0
ENSMUSG00000000184.12	9.488522
ENSMUSG00000000194.13	10.529464
ENSMUSG00000000197.8	7.060287
ENSMUSG00000000202.9	23.459789
ENSMUSG00000000204.16	0.016948
ENSMUSG00000000214.11	15.711492
ENSMUSG00000000215.11	0.644078
ENSMUSG00000000216.8	0.089606
ENSMUSG00000000223.13	5.762112
ENSMUSG00000000244.17	0.185217
ENSMUSG00000000247.11	20.734656
ENSMUSG00000000248.16	0
ENSMUSG00000000253.13	67.334721
ENSMUSG00000000263.15	0.671419
ENSMUSG00000000266.11	2.369581
ENSMUSG00000000275.16	0.610776
ENSMUSG00000000276.11	6.35133
ENSMUSG00000000278.10	7.923097
ENSMUSG00000000282.12	11.669289
ENSMUSG00000000290.13	2.126579
ENSMUSG00000000295.13	25.584907
ENSMUSG00000000296.8	33.581872
ENSMUSG00000000301.16	7.280917
ENSMUSG00000000303.12	0.467729
ENSMUSG00000000305.12	4.286859
ENSMUSG00000000308.14	275.230133
ENSMUSG00000000317.11	0.483204
ENSMUSG00000000318.16	0.914695
ENSMUSG00000000320.10	0.178577
ENSMUSG00000000325.16	12.751804
ENSMUSG00000000326.13	48.480011
ENSMUSG00000000339.14	35.947864
ENSMUSG00000000340.10	2.97405
ENSMUSG00000000346.9	103.516682
ENSMUSG00000000355.13	57.598528
ENSMUSG00000000359.3	0.377041
ENSMUSG00000000365.9	0.333988
ENSMUSG00000000374.8	24.191729
ENSMUSG00000000378.15	48.375522
ENSMUSG00000000381.10	0
ENSMUSG00000000384.15	15.536083
ENSMUSG00000000385.8	0
ENSMUSG00000000386.16	0
ENSMUSG00000000392.17	0.17415
ENSMUSG00000000394.15	0.307473
ENSMUSG00000000399.10	106.015892
ENSMUSG00000000402.2	1.108681
ENSMUSG00000000409.14	1.810877
ENSMUSG00000000411.7	0.406343
ENSMUSG00000000416.16	4.8236
ENSMUSG00000000420.15	10.756695
ENSMUSG00000000435.1	0
ENSMUSG00000000439.9	9.162503
ENSMUSG00000000440.12	0.517739
ENSMUSG00000000441.17	22.070235
ENSMUSG00000000486.13	2.930171
ENSMUSG00000000489.7	8.834751
ENSMUSG00000000530.16	2.837722
ENSMUSG00000000531.5	24.241623
ENSMUSG00000000532.11	35.304483
ENSMUSG00000000538.18	93.645332
ENSMUSG00000000544.14	0.059915
ENSMUSG00000000552.10	63.988963
ENSMUSG00000000555.8	0.72626
ENSMUSG00000000560.9	11.891259
ENSMUSG00000000561.14	15.313232
ENSMUSG00000000562.5	0.831282
ENSMUSG00000000563.17	191.628624
ENSMUSG00000000567.5	11.403793
ENSMUSG00000000568.15	59.149529
ENSMUSG00000000579.14	0.656678
ENSMUSG00000000581.8	45.9855
ENSMUSG00000000594.7	39.075559
ENSMUSG00000000600.15	2.792692
ENSMUSG00000000605.9	27.579491
ENSMUSG00000000606.18	0
ENSMUSG00000000617.14	0
ENSMUSG00000000627.15	14.110087
ENSMUSG00000000628.10	0.362302
ENSMUSG00000000631.20	23.920767
ENSMUSG00000000632.13	85.467344
ENSMUSG00000000673.9	0.102592
ENSMUSG00000000682.7	8.289522
ENSMUSG00000000686.11	0.259306
ENSMUSG00000000690.5	2.252861
ENSMUSG00000000693.10	0.807441
ENSMUSG00000000701.8	0
ENSMUSG00000000706.16	0.163139
ENSMUSG00000000708.14	2.960767
ENSMUSG00000000711.3	83.242627
ENSMUSG00000000724.10	0.046597
ENSMUSG00000000730.13	0.268525
ENSMUSG00000000731.15	0
ENSMUSG00000000732.9	2.700042
ENSMUSG00000000738.18	27.379131
ENSMUSG00000000739.14	1.242871
ENSMUSG00000000740.12	869.488316
ENSMUSG00000000743.9	69.761304
ENSMUSG00000000751.13	24.883558
ENSMUSG00000000753.15	18.687937
ENSMUSG00000000759.14	7.133586
ENSMUSG00000000766.18	0.230057
ENSMUSG00000000776.13	12.153135
ENSMUSG00000000782.16	1.381763
ENSMUSG00000000787.12	27.620611
ENSMUSG00000000791.9	0.710245
ENSMUSG00000000792.2	6.92523
ENSMUSG00000000794.9	1.58343
ENSMUSG00000000804.14	8.956425
ENSMUSG00000000805.18	21.83631
ENSMUSG00000000811.13	2.781633
ENSMUSG00000000817.10	0
ENSMUSG00000000823.16	7.418436
ENSMUSG00000000826.16	59.493949
ENSMUSG00000000827.18	64.0917
ENSMUSG00000000838.17	7.709185
ENSMUSG00000000861.15	35.122842
ENSMUSG00000000869.12	0
ENSMUSG00000000876.11	12.113716
ENSMUSG00000000881.12	28.53268
ENSMUSG00000000884.17	3.573832
ENSMUSG00000000889.8	1.981775
ENSMUSG00000000901.17	1.065854
ENSMUSG00000000902.13	70.017387
ENSMUSG00000000903.3	0.187439
ENSMUSG00000000915.15	20.932664
ENSMUSG00000000916.15	6.134591
ENSMUSG00000000934.9	7.28777
ENSMUSG00000000938.11	0.036548
ENSMUSG00000000942.10	1.46297
ENSMUSG00000000948.16	2.050331
ENSMUSG00000000957.11	5.289159
ENSMUSG00000000958.10	1.031771
ENSMUSG00000000959.7	31.773678
ENSMUSG00000000976.13	2.234558
ENSMUSG00000000982.5	0.095091
ENSMUSG00000000983.13	3.573311
ENSMUSG00000001014.6	2.188173
ENSMUSG00000001016.12	46.401896
ENSMUSG00000001017.15	78.765086
ENSMUSG00000001018.15	38.234472
ENSMUSG00000001020.8	8.259764
ENSMUSG00000001021.13	0.697677
ENSMUSG00000001023.10	0.225873
ENSMUSG00000001025.8	54.772021
ENSMUSG00000001027.7	0
ENSMUSG00000001029.15	2.002689
ENSMUSG00000001034.17	4.356074
ENSMUSG00000001036.17	33.80061
ENSMUSG00000001039.12	27.020906
ENSMUSG00000001052.15	12.564121
ENSMUSG00000001053.15	10.693559
ENSMUSG00000001054.9	29.401484
ENSMUSG00000001056.3	72.06479
ENSMUSG00000001062.18	18.067711
ENSMUSG00000001065.15	3.185369
ENSMUSG00000001076.7	3.023802
ENSMUSG00000001082.12	7.455138
ENSMUSG00000001089.14	10.378438
ENSMUSG00000001095.5	0
ENSMUSG00000001098.15	25.1176
ENSMUSG00000001100.10	80.246525
ENSMUSG00000001103.7	1.622543
ENSMUSG00000001105.15	36.123664
ENSMUSG00000001119.7	1.65691
ENSMUSG00000001120.15	54.158154
ENSMUSG00000001123.15	3.751549
ENSMUSG00000001127.12	131.094183
ENSMUSG00000001128.7	0.67203
ENSMUSG00000001131.11	0.515721
ENSMUSG00000001134.9	16.559354
ENSMUSG00000001138.13	8.847184
ENSMUSG00000001143.13	16.059686
ENSMUSG00000001150.7	8.479954
ENSMUSG00000001151.10	4.957391
ENSMUSG00000001155.13	0.163322
ENSMUSG00000001156.9	5.504656
ENSMUSG00000001157.13	5.698066
ENSMUSG00000001158.13	59.15935
ENSMUSG00000001166.17	1.915206
ENSMUSG00000001168.16	0
ENSMUSG00000001173.15	8.600777
ENSMUSG00000001175.16	677.029105
ENSMUSG00000001211.15	75.412764
ENSMUSG00000001225.12	0
ENSMUSG00000001227.12	60.344724
ENSMUSG00000001228.14	0.351809
ENSMUSG00000001229.9	18.858468
ENSMUSG00000001240.13	18.316252
ENSMUSG00000001247.16	2.355947
ENSMUSG00000001248.15	47.046861
ENSMUSG00000001249.14	0.268337
ENSMUSG00000001260.10	5.251161
ENSMUSG00000001270.9	2058.194916
ENSMUSG00000001280.13	1.878499
ENSMUSG00000001281.10	1.214319
ENSMUSG00000001285.12	38.371916
ENSMUSG00000001288.15	2.987013
ENSMUSG00000001289.12	480.523252
ENSMUSG00000001300.16	9.812854
ENSMUSG00000001305.5	2.662356
ENSMUSG00000001313.12	300.380048
ENSMUSG00000001323.17	17.629777
ENSMUSG00000001333.9	0.330475
ENSMUSG00000001334.9	59.293884
ENSMUSG00000001348.15	0.617754
ENSMUSG00000001349.5	0.4057
ENSMUSG00000001366.14	62.775345
ENSMUSG00000001376.17	11.080352
ENSMUSG00000001380.7	57.136513
ENSMUSG00000001383.9	107.356308
ENSMUSG00000001403.13	0.39
ENSMUSG00000001415.10	25.034552
ENSMUSG00000001416.13	89.595855
ENSMUSG00000001418.13	96.242572
ENSMUSG00000001419.17	51.751021
ENSMUSG00000001420.13	0.596921
ENSMUSG00000001424.14	41.023128
ENSMUSG00000001435.15	1.007846
ENSMUSG00000001436.15	10.672837
ENSMUSG00000001440.5	20.622059
ENSMUSG00000001441.13	26.952727
ENSMUSG00000001444.2	0.08486
ENSMUSG00000001445.10	54.400097
ENSMUSG00000001467.5	14.907336
ENSMUSG00000001472.17	361.600858
ENSMUSG00000001473.7	1.66563
ENSMUSG00000001482.15	21.194755
ENSMUSG00000001493.9	1.038122
ENSMUSG00000001494.6	0.163138
ENSMUSG00000001496.15	1.199851
ENSMUSG00000001497.18	0
ENSMUSG00000001504.10	5.297656
ENSMUSG00000001506.10	1.607159
ENSMUSG00000001507.16	6.96012
ENSMUSG00000001508.15	0.130497
ENSMUSG00000001510.8	0.069176
ENSMUSG00000001517.14	0.406962
ENSMUSG00000001518.12	9.136635
ENSMUSG00000001520.12	18.485498
ENSMUSG00000001521.12	4.582088
ENSMUSG00000001524.14	12.199936
ENSMUSG00000001525.10	351.303128
ENSMUSG00000001542.7	4.256476
ENSMUSG00000001552.14	20.28331
ENSMUSG00000001555.10	4.080119
ENSMUSG00000001558.5	0.045677
ENSMUSG00000001566.9	0
ENSMUSG00000001569.10	5.579601
ENSMUSG00000001576.15	76.61325
ENSMUSG00000001583.13	0.086171
ENSMUSG00000001588.12	0.029351
ENSMUSG00000001604.14	0.756379
ENSMUSG00000001622.15	0
ENSMUSG00000001627.12	20.995977
ENSMUSG00000001630.13	3.514932
ENSMUSG00000001632.16	4.693058
ENSMUSG00000001642.18	56.960812
ENSMUSG00000001655.6	0
ENSMUSG00000001656.3	0
ENSMUSG00000001657.7	0
ENSMUSG00000001661.5	0.039906
ENSMUSG00000001663.10	22.255472
ENSMUSG00000001665.11	4.595651
ENSMUSG00000001666.8	135.946515
ENSMUSG00000001670.13	0
ENSMUSG00000001672.14	0.495264
ENSMUSG00000001674.11	13.127248
ENSMUSG00000001687.15	99.394948
ENSMUSG00000001700.10	6.541652
ENSMUSG00000001707.8	32.80887
ENSMUSG00000001729.14	91.576332
ENSMUSG00000001739.14	0.066981
ENSMUSG00000001741.12	1.15619
ENSMUSG00000001750.16	4.397513
ENSMUSG00000001751.9	6.231318
ENSMUSG00000001755.12	14.47792
ENSMUSG00000001761.7	7.795841
ENSMUSG00000001763.14	22.964296
ENSMUSG00000001767.5	1.680507
ENSMUSG00000001768.16	3.373677
ENSMUSG00000001773.14	2.279491
ENSMUSG00000001774.8	5.902194
ENSMUSG00000001783.3	93.358411
ENSMUSG00000001785.13	6.739021
ENSMUSG00000001786.14	23.800727
ENSMUSG00000001794.13	231.832649
ENSMUSG00000001802.16	35.073829
ENSMUSG00000001804.9	0
ENSMUSG00000001815.15	0.174499
ENSMUSG00000001819.4	0
ENSMUSG00000001823.5	0
ENSMUSG00000001827.12	13.225421
ENSMUSG00000001829.17	18.2193
ENSMUSG00000001833.17	81.522315
ENSMUSG00000001844.10	25.4873
ENSMUSG00000001847.14	256.335159
ENSMUSG00000001855.15	9.890177
ENSMUSG00000001864.13	11.59161
ENSMUSG00000001865.2	0
ENSMUSG00000001870.16	1.43186
ENSMUSG00000001891.16	25.684642
ENSMUSG00000001901.15	0.854881
ENSMUSG00000001909.16	29.88715
ENSMUSG00000001910.5	37.386903
ENSMUSG00000001911.16	44.011377
ENSMUSG00000001918.17	1.273607
ENSMUSG00000001924.15	114.241706
ENSMUSG00000001930.17	2.635032
ENSMUSG00000001942.8	6.225072
ENSMUSG00000001943.8	1.472796
ENSMUSG00000001946.14	6.696542
ENSMUSG00000001948.10	6.402795
ENSMUSG00000001962.8	11.849229
ENSMUSG00000001964.14	45.616976
ENSMUSG00000001983.7	6.852245
ENSMUSG00000001985.9	10.027584
ENSMUSG00000001986.16	9.413671
ENSMUSG00000001988.9	8.125088
ENSMUSG00000001995.9	8.473278
ENSMUSG00000001998.15	0.259717
ENSMUSG00000001999.15	21.164523
ENSMUSG00000002006.12	61.031113
ENSMUSG00000002007.5	0.446662
ENSMUSG00000002010.17	126.919634
ENSMUSG00000002012.13	101.728071
ENSMUSG00000002014.12	89.658408
ENSMUSG00000002015.5	85.917381
ENSMUSG00000002017.10	10.030332
ENSMUSG00000002020.15	0.046754
ENSMUSG00000002028.13	1.218219
ENSMUSG00000002031.13	75.726091
ENSMUSG00000002032.17	24.424238
ENSMUSG00000002033.14	0.033109
ENSMUSG00000002043.17	49.495958
ENSMUSG00000002052.6	19.788154
ENSMUSG00000002055.9	1.805589
ENSMUSG00000002057.4	0
ENSMUSG00000002058.13	40.109634
ENSMUSG00000002059.18	9.790076
ENSMUSG00000002064.10	62.828477
ENSMUSG00000002068.16	13.14443
ENSMUSG00000002076.12	0.731456
ENSMUSG00000002083.13	3.979734
ENSMUSG00000002100.15	0.155771
ENSMUSG00000002102.15	156.593461
ENSMUSG00000002103.16	14.147529
ENSMUSG00000002104.11	1.368255
ENSMUSG00000002105.15	16.054061
ENSMUSG00000002107.18	26.278971
ENSMUSG00000002108.10	2.698143
ENSMUSG00000002109.14	2.791039
ENSMUSG00000002111.8	4.728649
ENSMUSG00000002129.11	17.624005
ENSMUSG00000002147.18	3.68321
ENSMUSG00000002190.13	2.491588
ENSMUSG00000002204.9	0.222814
ENSMUSG00000002205.16	22.427052
ENSMUSG00000002210.11	16.590928
ENSMUSG00000002221.11	9.310476
ENSMUSG00000002222.14	17.451294
ENSMUSG00000002227.15	1.093874
ENSMUSG00000002228.7	1.088641
ENSMUSG00000002233.13	16.485398
ENSMUSG00000002240.12	0
ENSMUSG00000002249.21	0.8677
ENSMUSG00000002250.16	7.192486
ENSMUSG00000002257.8	1.027243
ENSMUSG00000002265.17	9.704156
ENSMUSG00000002266.17	0.257221
ENSMUSG00000002274.13	134.773893
ENSMUSG00000002279.19	13.501471
ENSMUSG00000002280.11	17.715766
ENSMUSG00000002289.16	1.022946
ENSMUSG00000002297.16	0.187443
ENSMUSG00000002307.16	16.320268
ENSMUSG00000002308.16	28.516731
ENSMUSG00000002319.16	51.544378
ENSMUSG00000002320.15	17.497227
ENSMUSG00000002324.8	0.139589
ENSMUSG00000002325.15	2.004699
ENSMUSG00000002326.6	7.36689
ENSMUSG00000002329.7	22.972014
ENSMUSG00000002332.16	85.523855
ENSMUSG00000002341.8	23.339346
ENSMUSG00000002342.17	24.644571
ENSMUSG00000002343.11	26.665966
ENSMUSG00000002345.18	44.221102
ENSMUSG00000002346.16	7.404123
ENSMUSG00000002365.10	3.31249
ENSMUSG00000002372.9	55.865072
ENSMUSG00000002379.7	566.057703
ENSMUSG00000002384.2	0.02028
ENSMUSG00000002393.14	18.395517
ENSMUSG00000002395.14	163.522068
ENSMUSG00000002396.8	10.36089
ENSMUSG00000002409.18	9.885191
ENSMUSG00000002413.15	3.180115
ENSMUSG00000002416.13	359.927848
ENSMUSG00000002428.12	1.397834
ENSMUSG00000002455.14	16.866534
ENSMUSG00000002458.13	24.715059
ENSMUSG00000002459.17	12.180066
ENSMUSG00000002475.16	49.648397
ENSMUSG00000002477.5	49.375624
ENSMUSG00000002486.15	3.84234
ENSMUSG00000002489.16	11.021202
ENSMUSG00000002496.10	30.62569
ENSMUSG00000002500.15	0.444277
ENSMUSG00000002504.15	35.680424
ENSMUSG00000002524.17	130.654765
ENSMUSG00000002546.17	23.937175
ENSMUSG00000002550.16	39.140497
ENSMUSG00000002565.16	0.056553
ENSMUSG00000002578.18	2.06629
ENSMUSG00000002580.7	199.560602
ENSMUSG00000002588.13	0.195158
ENSMUSG00000002602.16	17.648928
ENSMUSG00000002603.15	3.407294
ENSMUSG00000002608.8	32.86973
ENSMUSG00000002617.14	0.880833
ENSMUSG00000002625.10	12.009121
ENSMUSG00000002633.4	1.458539
ENSMUSG00000002635.11	16.587512
ENSMUSG00000002658.9	39.40199
ENSMUSG00000002660.8	100.908229
ENSMUSG00000002661.14	36.368294
ENSMUSG00000002664.2	0
ENSMUSG00000002668.8	0.179284
ENSMUSG00000002679.14	11.309821
ENSMUSG00000002688.8	1.410534
ENSMUSG00000002699.13	0.501029
ENSMUSG00000002718.14	13.445263
ENSMUSG00000002728.14	79.131025
ENSMUSG00000002731.6	14.042735
ENSMUSG00000002732.14	3.387107
ENSMUSG00000002733.8	15.599416
ENSMUSG00000002741.9	49.792626
ENSMUSG00000002748.7	5.816966
ENSMUSG00000002763.16	26.30841
ENSMUSG00000002767.13	73.128355
ENSMUSG00000002768.8	165.242668
ENSMUSG00000002769.9	0.796673
ENSMUSG00000002771.12	4.464317
ENSMUSG00000002778.14	71.670674
ENSMUSG00000002781.19	19.984634
ENSMUSG00000002791.17	0.121359
ENSMUSG00000002797.9	22.221271
ENSMUSG00000002799.6	9.61219
ENSMUSG00000002803.14	41.504739
ENSMUSG00000002804.4	22.566231
ENSMUSG00000002808.7	83.397925
ENSMUSG00000002812.4	12.921878
ENSMUSG00000002814.15	1.265652
ENSMUSG00000002820.6	29.109187
ENSMUSG00000002825.8	9.771781
ENSMUSG00000002831.14	0.217035
ENSMUSG00000002833.11	35.131727
ENSMUSG00000002835.9	1.221392
ENSMUSG00000002844.9	57.820898
ENSMUSG00000002845.14	3.420843
ENSMUSG00000002846.9	19.68592
ENSMUSG00000002847.7	0.233849
ENSMUSG00000002870.8	1.359624
ENSMUSG00000002871.14	24.311687
ENSMUSG00000002881.14	4.671912
ENSMUSG00000002885.14	3.128967
ENSMUSG00000002897.5	3.719668
ENSMUSG00000002900.17	2.071463
ENSMUSG00000002908.17	14.066529
ENSMUSG00000002910.11	3.423934
ENSMUSG00000002930.6	1.04611
ENSMUSG00000002944.15	0.318481
ENSMUSG00000002948.19	29.684661
ENSMUSG00000002949.15	14.136444
ENSMUSG00000002957.11	68.398655
ENSMUSG00000002963.17	14.283561
ENSMUSG00000002968.9	27.164522
ENSMUSG00000002980.14	17.334817
ENSMUSG00000002981.10	118.979969
ENSMUSG00000002983.17	4.513315
ENSMUSG00000002984.17	76.390216
ENSMUSG00000002985.16	4234.948428
ENSMUSG00000002992.17	0
ENSMUSG00000002996.17	4.336558
ENSMUSG00000002997.15	16.466774
ENSMUSG00000003031.14	30.802913
ENSMUSG00000003032.8	0.766236
ENSMUSG00000003033.15	41.269415
ENSMUSG00000003037.16	22.696407
ENSMUSG00000003038.15	88.317049
ENSMUSG00000003039.9	54.015793
ENSMUSG00000003051.13	0.073033
ENSMUSG00000003053.17	0
ENSMUSG00000003062.13	37.954043
ENSMUSG00000003068.17	58.759234
ENSMUSG00000003070.6	4.129195
ENSMUSG00000003072.15	565.698288
ENSMUSG00000003099.11	105.775236
ENSMUSG00000003119.14	1.617641
ENSMUSG00000003123.15	4.854836
ENSMUSG00000003131.7	40.325048
ENSMUSG00000003134.10	6.164118
ENSMUSG00000003135.15	12.38082
ENSMUSG00000003153.10	46.152486
ENSMUSG00000003154.15	7.87798
ENSMUSG00000003161.15	50.231563
ENSMUSG00000003166.20	49.207344
ENSMUSG00000003184.15	8.744302
ENSMUSG00000003190.12	1.846385
ENSMUSG00000003198.10	0.693125
ENSMUSG00000003199.16	82.710923
ENSMUSG00000003200.10	17.211628
ENSMUSG00000003206.7	1.519551
ENSMUSG00000003208.9	9.197542
ENSMUSG00000003226.7	1.253501
ENSMUSG00000003227.4	0.03239
ENSMUSG00000003228.9	2.170415
ENSMUSG00000003233.12	11.778477
ENSMUSG00000003234.16	37.780095
ENSMUSG00000003235.13	38.943229
ENSMUSG00000003269.17	114.552904
ENSMUSG00000003271.17	10.74087
ENSMUSG00000003273.14	119.913835
ENSMUSG00000003279.17	33.580739
ENSMUSG00000003282.9	0.068184
ENSMUSG00000003283.15	1.58163
ENSMUSG00000003299.10	58.030893
ENSMUSG00000003308.15	30.304222
ENSMUSG00000003309.14	0.557683
ENSMUSG00000003316.14	18.485822
ENSMUSG00000003341.9	0.354436
ENSMUSG00000003344.14	55.684636
ENSMUSG00000003345.16	79.11666
ENSMUSG00000003346.14	122.210316
ENSMUSG00000003348.10	6.799974
ENSMUSG00000003352.14	115.775195
ENSMUSG00000003354.6	5.789867
ENSMUSG00000003355.7	5.868833
ENSMUSG00000003360.15	30.883434
ENSMUSG00000003363.15	530.83083
ENSMUSG00000003378.9	57.578434
ENSMUSG00000003379.7	0.678447
ENSMUSG00000003380.11	381.199391
ENSMUSG00000003382.18	3.69998
ENSMUSG00000003402.14	64.55046
ENSMUSG00000003410.8	40.666817
ENSMUSG00000003411.10	64.846653
ENSMUSG00000003418.11	0.18074
ENSMUSG00000003420.8	14.076542
ENSMUSG00000003421.13	59.990138
ENSMUSG00000003423.15	49.939213
ENSMUSG00000003429.11	755.111602
ENSMUSG00000003435.9	41.559102
ENSMUSG00000003436.11	1.067395
ENSMUSG00000003437.14	23.06442
ENSMUSG00000003438.17	34.338677
ENSMUSG00000003444.8	35.903437
ENSMUSG00000003452.15	1.946826
ENSMUSG00000003458.12	28.075815
ENSMUSG00000003464.13	62.849764
ENSMUSG00000003469.9	243.247319
ENSMUSG00000003476.16	1.411477
ENSMUSG00000003477.5	1.493901
ENSMUSG00000003484.4	0
ENSMUSG00000003500.13	27.983055
ENSMUSG00000003505.15	0
ENSMUSG00000003518.13	62.614448
ENSMUSG00000003526.12	16.866236
ENSMUSG00000003527.9	14.863024
ENSMUSG00000003528.15	54.283886
ENSMUSG00000003531.15	102.222562
ENSMUSG00000003534.17	33.374179
ENSMUSG00000003541.6	16.119627
ENSMUSG00000003545.3	3.672647
ENSMUSG00000003546.10	11.3805
ENSMUSG00000003549.9	19.792497
ENSMUSG00000003555.8	0
ENSMUSG00000003559.8	11.240944
ENSMUSG00000003573.15	9.89784
ENSMUSG00000003575.13	30.432523
ENSMUSG00000003581.14	11.873064
ENSMUSG00000003585.13	22.718985
ENSMUSG00000003604.14	7.570566
ENSMUSG00000003617.16	2.19635
ENSMUSG00000003623.4	3.200205
ENSMUSG00000003644.17	9.474542
ENSMUSG00000003657.9	141.701027
ENSMUSG00000003660.10	10.08028
ENSMUSG00000003662.10	39.202389
ENSMUSG00000003665.7	1.840425
ENSMUSG00000003680.16	9.534066
ENSMUSG00000003721.14	18.761534
ENSMUSG00000003731.13	17.314818
ENSMUSG00000003746.16	4.760046
ENSMUSG00000003752.9	3.230617
ENSMUSG00000003762.13	14.939366
ENSMUSG00000003778.14	7.255977
ENSMUSG00000003779.16	0.260717
ENSMUSG00000003808.18	25.300886
ENSMUSG00000003809.14	13.112115
ENSMUSG00000003810.13	18.389964
ENSMUSG00000003812.13	5.206031
ENSMUSG00000003813.15	57.658182
ENSMUSG00000003814.8	285.497767
ENSMUSG00000003824.12	4.587879
ENSMUSG00000003847.16	1.348004
ENSMUSG00000003848.14	20.820762
ENSMUSG00000003849.8	5.517238
ENSMUSG00000003863.18	47.916134
ENSMUSG00000003865.16	4.735016
ENSMUSG00000003868.14	26.814497
ENSMUSG00000003872.9	115.921495
ENSMUSG00000003873.11	59.62066
ENSMUSG00000003882.5	0.134254
ENSMUSG00000003923.14	13.917487
ENSMUSG00000003929.11	1.14033
ENSMUSG00000003934.5	77.507758
ENSMUSG00000003948.17	113.307607
ENSMUSG00000003949.16	34.662344
ENSMUSG00000003955.8	73.165547
ENSMUSG00000003970.9	864.778183
ENSMUSG00000003974.6	7.628516
ENSMUSG00000003992.15	48.914026
ENSMUSG00000004018.9	2.167121
ENSMUSG00000004031.13	23.68592
ENSMUSG00000004032.10	278.837343
ENSMUSG00000004035.12	32.217248
ENSMUSG00000004038.9	0
ENSMUSG00000004040.16	11.424248
ENSMUSG00000004043.14	1.048109
ENSMUSG00000004044.9	8.175183
ENSMUSG00000004054.9	10.835113
ENSMUSG00000004056.15	53.453528
ENSMUSG00000004069.17	36.962385
ENSMUSG00000004070.15	88.426043
ENSMUSG00000004071.13	178.239443
ENSMUSG00000004085.14	0.954987
ENSMUSG00000004096.9	75.404564
ENSMUSG00000004098.7	0.047153
ENSMUSG00000004099.16	7.093439
ENSMUSG00000004100.12	12.058212
ENSMUSG00000004105.8	1.273408
ENSMUSG00000004110.17	4.47881
ENSMUSG00000004113.18	6.672688
ENSMUSG00000004127.12	1.9272
ENSMUSG00000004151.17	11.169793
ENSMUSG00000004187.11	139.196122
ENSMUSG00000004207.14	1366.500086
ENSMUSG00000004221.16	6.207992
ENSMUSG00000004231.15	0.816989
ENSMUSG00000004233.14	1.25178
ENSMUSG00000004263.15	50.309401
ENSMUSG00000004264.17	76.505756
ENSMUSG00000004266.15	3.122983
ENSMUSG00000004267.16	728.870796
ENSMUSG00000004268.11	28.247493
ENSMUSG00000004270.13	8.583803
ENSMUSG00000004285.12	374.577769
ENSMUSG00000004296.14	0.016636
ENSMUSG00000004317.14	1.398711
ENSMUSG00000004319.15	20.893903
ENSMUSG00000004328.15	0.176868
ENSMUSG00000004341.8	2.480915
ENSMUSG00000004344.12	0
ENSMUSG00000004347.17	0.53192
ENSMUSG00000004356.8	1.281696
ENSMUSG00000004359.16	0.035327
ENSMUSG00000004360.9	5.220624
ENSMUSG00000004364.14	12.99619
ENSMUSG00000004366.4	616.039875
ENSMUSG00000004371.15	0.110669
ENSMUSG00000004383.18	31.376045
ENSMUSG00000004393.10	32.282211
ENSMUSG00000004394.12	53.258864
ENSMUSG00000004415.15	1.410841
ENSMUSG00000004446.12	5.056781
ENSMUSG00000004451.14	10.366862
ENSMUSG00000004455.16	121.780867
ENSMUSG00000004460.17	26.679791
ENSMUSG00000004462.7	6.114524
ENSMUSG00000004473.10	1.850441
ENSMUSG00000004500.9	2.445256
ENSMUSG00000004508.6	3.565457
ENSMUSG00000004530.12	38.534955
ENSMUSG00000004535.12	12.471621
ENSMUSG00000004540.7	0
ENSMUSG00000004542.15	0
ENSMUSG00000004552.16	0.067505
ENSMUSG00000004558.15	618.495562
ENSMUSG00000004561.14	6.959737
ENSMUSG00000004562.16	8.952511
ENSMUSG00000004565.15	23.008946
ENSMUSG00000004567.16	35.009274
ENSMUSG00000004568.13	8.546767
ENSMUSG00000004591.16	1.156316
ENSMUSG00000004609.11	0.851688
ENSMUSG00000004610.4	103.738997
ENSMUSG00000004612.9	0
ENSMUSG00000004626.14	5.065387
ENSMUSG00000004630.18	3.325716
ENSMUSG00000004631.15	14.277776
ENSMUSG00000004633.17	13.268343
ENSMUSG00000004637.15	29.964781
ENSMUSG00000004642.13	14.255055
ENSMUSG00000004651.6	0
ENSMUSG00000004654.6	0
ENSMUSG00000004655.5	4.03663
ENSMUSG00000004661.15	0.728346
ENSMUSG00000004665.10	3.25197
ENSMUSG00000004667.18	90.853114
ENSMUSG00000004668.14	0
ENSMUSG00000004677.17	3.404724
ENSMUSG00000004698.11	5.298424
ENSMUSG00000004707.14	0.160421
ENSMUSG00000004709.14	0.048549
ENSMUSG00000004730.15	2.840954
ENSMUSG00000004748.5	107.783888
ENSMUSG00000004768.14	5.949272
ENSMUSG00000004771.12	61.382454
ENSMUSG00000004788.11	50.87395
ENSMUSG00000004789.10	54.008123
ENSMUSG00000004791.7	4.447328
ENSMUSG00000004798.14	10.314244
ENSMUSG00000004814.10	0
ENSMUSG00000004815.12	9.15802
ENSMUSG00000004821.1	0
ENSMUSG00000004837.2	4.301162
ENSMUSG00000004842.18	0
ENSMUSG00000004843.7	35.491504
ENSMUSG00000004846.10	18.076495
ENSMUSG00000004849.14	327.824055
ENSMUSG00000004864.13	2.541343
ENSMUSG00000004865.16	11.815686
ENSMUSG00000004872.15	0.098813
ENSMUSG00000004880.11	2.34606
ENSMUSG00000004885.5	6.524603
ENSMUSG00000004891.16	0.247176
ENSMUSG00000004892.13	110.990554
ENSMUSG00000004894.10	15.967087
ENSMUSG00000004895.9	37.766823
ENSMUSG00000004896.16	4.622103
ENSMUSG00000004897.16	130.671257
ENSMUSG00000004902.7	70.909744
ENSMUSG00000004929.12	22.856417
ENSMUSG00000004931.11	13.661874
ENSMUSG00000004933.17	96.456564
ENSMUSG00000004934.14	14.158931
ENSMUSG00000004936.8	146.299648
ENSMUSG00000004937.6	108.642652
ENSMUSG00000004939.7	0
ENSMUSG00000004945.15	108.850256
ENSMUSG00000004947.15	4.160927
ENSMUSG00000004948.12	0.024444
ENSMUSG00000004951.10	11.033455
ENSMUSG00000004952.13	2.380354
ENSMUSG00000004961.7	212.978429
ENSMUSG00000004980.16	161.161214
ENSMUSG00000004988.9	0
ENSMUSG00000004994.12	12.791631
ENSMUSG00000004996.9	5.482128
ENSMUSG00000005034.15	104.909054
ENSMUSG00000005043.13	2.788356
ENSMUSG00000005045.16	28.267252
ENSMUSG00000005054.7	93.612971
ENSMUSG00000005057.13	3.137329
ENSMUSG00000005069.12	19.329853
ENSMUSG00000005078.16	32.371131
ENSMUSG00000005087.17	1.667925
ENSMUSG00000005089.15	86.194097
ENSMUSG00000005102.13	1.782155
ENSMUSG00000005103.12	58.648034
ENSMUSG00000005107.13	0.179964
ENSMUSG00000005124.10	0.284735
ENSMUSG00000005125.13	73.27034
ENSMUSG00000005131.4	0.065792
ENSMUSG00000005142.10	11.851904
ENSMUSG00000005148.8	4.341534
ENSMUSG00000005150.16	20.791912
ENSMUSG00000005161.15	447.924809
ENSMUSG00000005198.15	6.48394
ENSMUSG00000005202.2	0
ENSMUSG00000005204.12	35.352628
ENSMUSG00000005220.10	0.476254
ENSMUSG00000005225.15	1.588359
ENSMUSG00000005232.11	0
ENSMUSG00000005233.16	0.085314
ENSMUSG00000005237.14	0.815423
ENSMUSG00000005251.15	0.648318
ENSMUSG00000005262.13	38.164836
ENSMUSG00000005267.13	0.885461
ENSMUSG00000005268.20	0.581706
ENSMUSG00000005299.6	20.724887
ENSMUSG00000005312.15	43.029661
ENSMUSG00000005320.9	0.124639
ENSMUSG00000005338.13	177.762847
ENSMUSG00000005339.10	0
ENSMUSG00000005354.16	170.723878
ENSMUSG00000005355.9	0
ENSMUSG00000005357.9	8.637521
ENSMUSG00000005360.14	76.020976
ENSMUSG00000005362.14	16.840206
ENSMUSG00000005364.11	0
ENSMUSG00000005370.4	1.822449
ENSMUSG00000005371.15	14.352542
ENSMUSG00000005373.13	0.524559
ENSMUSG00000005374.13	4.065714
ENSMUSG00000005378.17	20.713323
ENSMUSG00000005397.8	0.734328
ENSMUSG00000005410.6	2.173522
ENSMUSG00000005413.8	6.339328
ENSMUSG00000005417.17	31.778944
ENSMUSG00000005442.13	36.030893
ENSMUSG00000005447.12	43.646995
ENSMUSG00000005465.9	0.078856
ENSMUSG00000005469.10	203.023909
ENSMUSG00000005470.8	1.650489
ENSMUSG00000005474.9	0
ENSMUSG00000005481.18	8.244387
ENSMUSG00000005483.10	24.140701
ENSMUSG00000005493.15	0
ENSMUSG00000005501.14	0.400581
ENSMUSG00000005503.8	0.351963
ENSMUSG00000005505.12	15.251537
ENSMUSG00000005506.16	23.357927
ENSMUSG00000005510.9	177.116792
ENSMUSG00000005514.14	42.830402
ENSMUSG00000005533.10	2.507026
ENSMUSG00000005534.10	1.926321
ENSMUSG00000005540.10	0
ENSMUSG00000005547.14	0.560782
ENSMUSG00000005553.14	0.415006
ENSMUSG00000005566.14	62.705517
ENSMUSG00000005575.16	294.087088
ENSMUSG00000005580.11	5.190906
ENSMUSG00000005583.16	40.616342
ENSMUSG00000005609.16	5.759992
ENSMUSG00000005610.17	131.254906
ENSMUSG00000005611.15	0.610491
ENSMUSG00000005615.15	6.622924
ENSMUSG00000005621.11	3.910092
ENSMUSG00000005625.15	147.740972
ENSMUSG00000005628.12	0
ENSMUSG00000005640.11	0.028445
ENSMUSG00000005649.17	0.18523
ENSMUSG00000005656.9	13.845626
ENSMUSG00000005667.8	3.597358
ENSMUSG00000005672.12	11.074526
ENSMUSG00000005674.9	101.524993
ENSMUSG00000005677.14	0.169919
ENSMUSG00000005681.12	0
ENSMUSG00000005682.9	1.404274
ENSMUSG00000005683.8	119.475766
ENSMUSG00000005686.17	4.498147
ENSMUSG00000005687.14	40.949213
ENSMUSG00000005696.11	0.350803
ENSMUSG00000005698.15	15.123022
ENSMUSG00000005699.16	43.338763
ENSMUSG00000005705.10	0.983367
ENSMUSG00000005716.16	243.130521
ENSMUSG00000005718.8	3.153455
ENSMUSG00000005732.14	64.510404
ENSMUSG00000005763.15	0.096268
ENSMUSG00000005774.12	3.880037
ENSMUSG00000005779.12	258.439043
ENSMUSG00000005800.3	0
ENSMUSG00000005802.12	5.947396
ENSMUSG00000005803.14	3.719212
ENSMUSG00000005804.14	20.935105
ENSMUSG00000005813.12	12.53327
ENSMUSG00000005823.9	15.92047
ENSMUSG00000005824.7	0
ENSMUSG00000005836.10	0.009165
ENSMUSG00000005846.12	19.442545
ENSMUSG00000005864.7	0
ENSMUSG00000005871.15	3.592047
ENSMUSG00000005873.6	196.948732
ENSMUSG00000005881.13	225.88225
ENSMUSG00000005882.18	41.603768
ENSMUSG00000005883.15	0.018286
ENSMUSG00000005886.14	6.653062
ENSMUSG00000005891.7	0
ENSMUSG00000005892.4	14.250147
ENSMUSG00000005893.14	7.580293
ENSMUSG00000005897.14	1.37131
ENSMUSG00000005899.14	6.86415
ENSMUSG00000005907.14	3.310214
ENSMUSG00000005917.15	1.46926
ENSMUSG00000005936.19	15.994875
ENSMUSG00000005947.11	0.084022
ENSMUSG00000005949.9	5.429049
ENSMUSG00000005950.14	1.51574
ENSMUSG00000005951.13	1.895453
ENSMUSG00000005952.15	0.067509
ENSMUSG00000005958.15	6.048532
ENSMUSG00000005968.14	1.543364
ENSMUSG00000005973.6	10.664516
ENSMUSG00000005980.15	0
ENSMUSG00000005981.11	29.166242
ENSMUSG00000005982.14	52.51107
ENSMUSG00000005983.15	8.466461
ENSMUSG00000005986.16	33.497347
ENSMUSG00000005994.14	0.171809
ENSMUSG00000006005.18	17.660651
ENSMUSG00000006007.14	0
ENSMUSG00000006010.14	5.461935
ENSMUSG00000006014.16	0.862124
ENSMUSG00000006019.15	3.242949
ENSMUSG00000006021.5	30.143546
ENSMUSG00000006024.13	201.712452
ENSMUSG00000006050.12	49.863184
ENSMUSG00000006056.13	0.077601
ENSMUSG00000006057.15	609.109101
ENSMUSG00000006058.10	110.109229
ENSMUSG00000006095.12	179.75448
ENSMUSG00000006127.9	17.727507
ENSMUSG00000006134.4	8.944597
ENSMUSG00000006143.12	1.360251
ENSMUSG00000006154.13	0.196182
ENSMUSG00000006169.20	14.829358
ENSMUSG00000006179.9	0.338871
ENSMUSG00000006191.17	2.880401
ENSMUSG00000006200.3	0
ENSMUSG00000006204.7	0.003335
ENSMUSG00000006205.13	121.587495
ENSMUSG00000006215.12	15.071825
ENSMUSG00000006216.10	0
ENSMUSG00000006218.4	10.616456
ENSMUSG00000006219.12	1.15634
ENSMUSG00000006221.7	0.086471
ENSMUSG00000006235.6	6.75174
ENSMUSG00000006241.16	3.51205
ENSMUSG00000006262.15	1.700121
ENSMUSG00000006269.7	0
ENSMUSG00000006270.7	0.355379
ENSMUSG00000006273.14	324.925968
ENSMUSG00000006276.10	14.230949
ENSMUSG00000006281.8	0.758413
ENSMUSG00000006288.8	23.205836
ENSMUSG00000006289.14	25.746018
ENSMUSG00000006299.13	153.6567
ENSMUSG00000006301.17	28.925684
ENSMUSG00000006304.14	115.973948
ENSMUSG00000006307.16	3.879912
ENSMUSG00000006310.10	0.082739
ENSMUSG00000006311.8	0
ENSMUSG00000006313.5	0.247704
ENSMUSG00000006315.9	160.359078
ENSMUSG00000006333.14	750.474215
ENSMUSG00000006335.16	33.96877
ENSMUSG00000006342.15	6.98066
ENSMUSG00000006344.17	0.781472
ENSMUSG00000006345.10	2.168766
ENSMUSG00000006356.10	126.175888
ENSMUSG00000006360.11	25.453479
ENSMUSG00000006362.16	4.791301
ENSMUSG00000006369.14	6.840809
ENSMUSG00000006373.10	172.741102
ENSMUSG00000006378.15	11.438256
ENSMUSG00000006386.15	1.038709
ENSMUSG00000006389.13	0.347059
ENSMUSG00000006390.15	20.940931
ENSMUSG00000006392.16	17.452137
ENSMUSG00000006395.16	29.626129
ENSMUSG00000006398.15	0.884124
ENSMUSG00000006403.13	6.769763
ENSMUSG00000006411.12	3.627523
ENSMUSG00000006412.10	197.891298
ENSMUSG00000006418.17	43.56819
ENSMUSG00000006423.15	6.946176
ENSMUSG00000006435.16	49.939064
ENSMUSG00000006442.10	53.737811
ENSMUSG00000006445.3	0.284973
ENSMUSG00000006456.10	11.823546
ENSMUSG00000006457.4	0.609955
ENSMUSG00000006462.6	0.070688
ENSMUSG00000006463.13	7.917033
ENSMUSG00000006464.9	6.311763
ENSMUSG00000006469.13	0.293283
ENSMUSG00000006471.18	5.362449
ENSMUSG00000006476.19	185.680153
ENSMUSG00000006488.17	0
ENSMUSG00000006490.3	0
ENSMUSG00000006494.11	5.258958
ENSMUSG00000006498.16	11.295716
ENSMUSG00000006517.5	19.799968
ENSMUSG00000006519.11	20.035485
ENSMUSG00000006522.17	40.974209
ENSMUSG00000006526.13	6.372628
ENSMUSG00000006527.16	2.22555
ENSMUSG00000006529.16	0
ENSMUSG00000006538.12	0.048915
ENSMUSG00000006542.13	0.010552
ENSMUSG00000006546.3	1.687359
ENSMUSG00000006567.11	0.203673
ENSMUSG00000006570.3	0
ENSMUSG00000006574.15	0.083386
ENSMUSG00000006575.14	246.23892
ENSMUSG00000006576.16	40.794979
ENSMUSG00000006585.3	2.262251
ENSMUSG00000006586.15	1.72672
ENSMUSG00000006587.6	0.270294
ENSMUSG00000006589.8	55.83286
ENSMUSG00000006599.13	7.652412
ENSMUSG00000006611.15	2.944884
ENSMUSG00000006638.15	15.615607
ENSMUSG00000006641.12	10.26255
ENSMUSG00000006642.3	0.092467
ENSMUSG00000006649.17	0.48638
ENSMUSG00000006651.8	1184.373426
ENSMUSG00000006673.14	30.908485
ENSMUSG00000006675.10	82.244619
ENSMUSG00000006676.16	24.863058
ENSMUSG00000006678.6	0.412704
ENSMUSG00000006699.17	185.452476
ENSMUSG00000006705.13	3.687857
ENSMUSG00000006711.15	2.634708
ENSMUSG00000006715.11	3.670395
ENSMUSG00000006717.7	119.966872
ENSMUSG00000006720.16	0.295244
ENSMUSG00000006724.12	0.15011
ENSMUSG00000006728.12	63.741319
ENSMUSG00000006731.10	67.682482
ENSMUSG00000006732.14	9.378809
ENSMUSG00000006736.9	66.042894
ENSMUSG00000006740.14	16.796545
ENSMUSG00000006763.14	3.891856
ENSMUSG00000006764.8	3.283246
ENSMUSG00000006777.7	0.040366
ENSMUSG00000006782.16	296.030945
ENSMUSG00000006784.14	0.745397
ENSMUSG00000006800.14	30.022811
ENSMUSG00000006818.5	67.431633
ENSMUSG00000006850.8	4.771325
ENSMUSG00000006906.10	16.445228
ENSMUSG00000006920.14	17.909866
ENSMUSG00000006930.15	99.738679
ENSMUSG00000006931.15	13.76033
ENSMUSG00000006932.17	126.488254
ENSMUSG00000006941.5	162.028757
ENSMUSG00000006948.7	0
ENSMUSG00000006958.14	2.764182
ENSMUSG00000006998.16	82.535266
ENSMUSG00000007021.5	176.081246
ENSMUSG00000007029.16	11.922353
ENSMUSG00000007030.8	1.14482
ENSMUSG00000007033.4	0.098917
ENSMUSG00000007034.15	0.297895
ENSMUSG00000007035.15	0.1887
ENSMUSG00000007036.15	67.667507
ENSMUSG00000007038.5	32.465803
ENSMUSG00000007039.12	20.642531
ENSMUSG00000007041.9	12.648378
ENSMUSG00000007050.17	17.509996
ENSMUSG00000007080.14	0.102576
ENSMUSG00000007097.14	174.924224
ENSMUSG00000007107.6	0.042546
ENSMUSG00000007122.11	0.595292
ENSMUSG00000007207.10	129.237259
ENSMUSG00000007209.4	0.091921
ENSMUSG00000007216.6	3.419183
ENSMUSG00000007279.14	0.684292
ENSMUSG00000007338.10	29.467623
ENSMUSG00000007379.15	0.023835
ENSMUSG00000007411.16	24.495964
ENSMUSG00000007415.15	71.374438
ENSMUSG00000007440.10	1.265607
ENSMUSG00000007457.3	0
ENSMUSG00000007458.14	59.954455
ENSMUSG00000007476.18	18.941853
ENSMUSG00000007480.5	0.248075
ENSMUSG00000007564.15	456.572114
ENSMUSG00000007570.16	13.878844
ENSMUSG00000007589.9	8.58146
ENSMUSG00000007591.15	0.026278
ENSMUSG00000007594.10	73.267354
ENSMUSG00000007603.9	23.387544
ENSMUSG00000007610.15	13.041003
ENSMUSG00000007613.15	2.224775
ENSMUSG00000007617.18	14.552885
ENSMUSG00000007646.13	1.176823
ENSMUSG00000007653.12	3.586155
ENSMUSG00000007655.16	5.731775
ENSMUSG00000007656.13	133.601351
ENSMUSG00000007659.18	75.670472
ENSMUSG00000007670.10	20.490075
ENSMUSG00000007682.6	3.240123
ENSMUSG00000007721.6	104.790681
ENSMUSG00000007739.10	33.960582
ENSMUSG00000007777.9	27.345574
ENSMUSG00000007783.10	42.158107
ENSMUSG00000007805.4	0.656545
ENSMUSG00000007812.16	7.667737
ENSMUSG00000007815.13	131.782439
ENSMUSG00000007817.15	10.243445
ENSMUSG00000007827.10	0.497883
ENSMUSG00000007833.15	5.092832
ENSMUSG00000007836.6	93.469937
ENSMUSG00000007837.11	9.521824
ENSMUSG00000007850.16	39.490936
ENSMUSG00000007867.9	14.314981
ENSMUSG00000007872.3	35.110751
ENSMUSG00000007877.2	9.917518
ENSMUSG00000007880.16	8.381195
ENSMUSG00000007888.15	2.728202
ENSMUSG00000007891.16	298.977106
ENSMUSG00000007892.8	3376.239981
ENSMUSG00000007907.4	0
ENSMUSG00000007908.14	2.48863
ENSMUSG00000007944.8	58.585532
ENSMUSG00000007946.11	0.215191
ENSMUSG00000007950.9	229.830297
ENSMUSG00000007987.12	79.156701
ENSMUSG00000007989.7	3.652698
ENSMUSG00000008028.15	3.730957
ENSMUSG00000008035.12	121.499146
ENSMUSG00000008036.11	380.714921
ENSMUSG00000008090.14	11.500276
ENSMUSG00000008129.14	2.102479
ENSMUSG00000008136.14	22.859718
ENSMUSG00000008140.18	193.139401
ENSMUSG00000008153.12	228.972292
ENSMUSG00000008167.14	11.143856
ENSMUSG00000008193.13	0.01073
ENSMUSG00000008200.15	2.56073
ENSMUSG00000008206.16	13.477922
ENSMUSG00000008226.14	6.82913
ENSMUSG00000008301.11	17.523835
ENSMUSG00000008305.18	11.905091
ENSMUSG00000008307.11	0.057426
ENSMUSG00000008318.10	15.849361
ENSMUSG00000008333.12	10.230637
ENSMUSG00000008348.9	44.909764
ENSMUSG00000008373.16	56.950406
ENSMUSG00000008384.8	13.020874
ENSMUSG00000008393.9	31.987566
ENSMUSG00000008398.16	2.281187
ENSMUSG00000008429.8	14.371462
ENSMUSG00000008435.15	8.777396
ENSMUSG00000008438.3	0.102475
ENSMUSG00000008450.8	69.448648
ENSMUSG00000008461.6	0.304317
ENSMUSG00000008475.13	48.147436
ENSMUSG00000008482.9	0.082549
ENSMUSG00000008489.18	13.796793
ENSMUSG00000008496.19	0.808006
ENSMUSG00000008540.11	22.159151
ENSMUSG00000008575.17	6.129929
ENSMUSG00000008590.4	0.037622
ENSMUSG00000008601.12	0.272299
ENSMUSG00000008604.11	56.812391
ENSMUSG00000008658.16	42.840191
ENSMUSG00000008668.15	769.807095
ENSMUSG00000008682.13	864.311998
ENSMUSG00000008683.16	678.764947
ENSMUSG00000008690.15	57.952424
ENSMUSG00000008730.17	11.949289
ENSMUSG00000008734.9	95.049012
ENSMUSG00000008763.16	5.440452
ENSMUSG00000008789.10	0
ENSMUSG00000008813.13	0.062203
ENSMUSG00000008822.15	51.901375
ENSMUSG00000008843.4	0
ENSMUSG00000008845.9	0.271565
ENSMUSG00000008855.17	69.312507
ENSMUSG00000008859.8	16.384531
ENSMUSG00000008874.3	0
ENSMUSG00000008892.12	148.888583
ENSMUSG00000008932.10	0.019814
ENSMUSG00000008958.14	38.566297
ENSMUSG00000008976.16	1.632221
ENSMUSG00000008999.7	5.967601
ENSMUSG00000009013.5	799.779393
ENSMUSG00000009030.14	7.790471
ENSMUSG00000009035.15	26.820854
ENSMUSG00000009047.4	0
ENSMUSG00000009070.14	0.32445
ENSMUSG00000009073.16	21.445917
ENSMUSG00000009075.2	34.691711
ENSMUSG00000009076.10	43.146829
ENSMUSG00000009079.16	64.631792
ENSMUSG00000009090.17	61.388141
ENSMUSG00000009092.5	1.482998
ENSMUSG00000009093.7	0
ENSMUSG00000009097.10	0.392199
ENSMUSG00000009108.15	0.258566
ENSMUSG00000009112.4	8.919464
ENSMUSG00000009114.17	0.191484
ENSMUSG00000009115.5	0
ENSMUSG00000009145.6	0.054578
ENSMUSG00000009185.2	0.334441
ENSMUSG00000009207.15	8.810587
ENSMUSG00000009210.10	0.41132
ENSMUSG00000009214.9	0.441697
ENSMUSG00000009216.7	62.206652
ENSMUSG00000009246.14	0.044006
ENSMUSG00000009248.6	0.134757
ENSMUSG00000009281.6	20.09138
ENSMUSG00000009291.13	36.844653
ENSMUSG00000009292.18	7.077725
ENSMUSG00000009293.17	37.567459
ENSMUSG00000009350.13	0.302308
ENSMUSG00000009356.12	2.216484
ENSMUSG00000009376.15	0.287281
ENSMUSG00000009378.4	0.441163
ENSMUSG00000009394.13	201.333912
ENSMUSG00000009406.13	20.030068
ENSMUSG00000009418.16	2.145813
ENSMUSG00000009470.17	2.633935
ENSMUSG00000009471.4	0.066543
ENSMUSG00000009487.10	0.008287
ENSMUSG00000009535.13	11.651701
ENSMUSG00000009545.14	0.186647
ENSMUSG00000009549.14	203.813485
ENSMUSG00000009551.2	2.650877
ENSMUSG00000009555.16	54.55863
ENSMUSG00000009563.16	21.519825
ENSMUSG00000009566.12	2.980954
ENSMUSG00000009569.14	15.043457
ENSMUSG00000009575.14	16.536419
ENSMUSG00000009580.15	0
ENSMUSG00000009585.18	0.582128
ENSMUSG00000009588.9	0.037945
ENSMUSG00000009596.9	0
ENSMUSG00000009614.16	8.669333
ENSMUSG00000009621.18	2.869733
ENSMUSG00000009628.14	0.01144
ENSMUSG00000009630.10	90.566367
ENSMUSG00000009633.3	10.492688
ENSMUSG00000009640.11	27.736624
ENSMUSG00000009646.13	0
ENSMUSG00000009647.13	13.317814
ENSMUSG00000009654.4	0
ENSMUSG00000009670.11	0.072937
ENSMUSG00000009681.10	25.635252
ENSMUSG00000009687.14	9.807824
ENSMUSG00000009731.4	2.895007
ENSMUSG00000009733.9	6.585354
ENSMUSG00000009734.18	0.207721
ENSMUSG00000009739.17	25.479694
ENSMUSG00000009741.15	8.798206
ENSMUSG00000009772.15	0.517886
ENSMUSG00000009828.15	4.143966
ENSMUSG00000009863.14	249.598077
ENSMUSG00000009876.13	4.629393
ENSMUSG00000009894.15	359.101278
ENSMUSG00000009900.7	0.010842
ENSMUSG00000009905.5	5.833375
ENSMUSG00000009907.17	3.894649
ENSMUSG00000009927.9	1063.733374
ENSMUSG00000009941.10	0.013098
ENSMUSG00000009995.17	13.250186
ENSMUSG00000010021.13	1.980509
ENSMUSG00000010025.19	17.227023
ENSMUSG00000010044.12	2.624299
ENSMUSG00000010045.2	28.196136
ENSMUSG00000010047.12	8.2521
ENSMUSG00000010048.10	3.852554
ENSMUSG00000010051.15	1.181782
ENSMUSG00000010054.4	98.083433
ENSMUSG00000010057.8	28.353033
ENSMUSG00000010064.15	48.693011
ENSMUSG00000010066.15	15.922852
ENSMUSG00000010067.13	7.768056
ENSMUSG00000010080.15	3.637636
ENSMUSG00000010086.17	66.101568
ENSMUSG00000010095.13	94.898324
ENSMUSG00000010097.15	14.595854
ENSMUSG00000010110.17	26.556009
ENSMUSG00000010122.14	0.728287
ENSMUSG00000010136.14	1.900816
ENSMUSG00000010142.12	0.894637
ENSMUSG00000010154.7	14.832741
ENSMUSG00000010175.13	1.821782
ENSMUSG00000010205.11	11.497627
ENSMUSG00000010277.7	29.380312
ENSMUSG00000010290.7	7.702353
ENSMUSG00000010307.7	19.681428
ENSMUSG00000010311.15	0.965632
ENSMUSG00000010342.16	0.042766
ENSMUSG00000010358.13	2.106341
ENSMUSG00000010362.9	6.00449
ENSMUSG00000010376.15	293.854961
ENSMUSG00000010392.8	12.768716
ENSMUSG00000010406.12	150.471172
ENSMUSG00000010435.7	0
ENSMUSG00000010453.12	14.030278
ENSMUSG00000010461.15	0.245062
ENSMUSG00000010476.14	2.176541
ENSMUSG00000010492.10	0.841374
ENSMUSG00000010505.16	1.689419
ENSMUSG00000010517.7	7.95175
ENSMUSG00000010529.6	2.29384
ENSMUSG00000010538.14	2.87961
ENSMUSG00000010554.14	5.102491
ENSMUSG00000010592.9	1.017626
ENSMUSG00000010601.14	0.089356
ENSMUSG00000010607.8	76.17351
ENSMUSG00000010608.15	6.46168
ENSMUSG00000010609.15	12.874943
ENSMUSG00000010651.4	0.798317
ENSMUSG00000010660.3	4.264711
ENSMUSG00000010663.5	96.243422
ENSMUSG00000010721.15	4.627245
ENSMUSG00000010751.15	0.470834
ENSMUSG00000010755.17	13.078216
ENSMUSG00000010760.5	0
ENSMUSG00000010796.11	0
ENSMUSG00000010797.6	1.631327
ENSMUSG00000010803.13	59.143522
ENSMUSG00000010825.17	0.816675
ENSMUSG00000010830.8	0.771835
ENSMUSG00000010841.13	0
ENSMUSG00000010911.12	11.208061
ENSMUSG00000010914.10	16.690989
ENSMUSG00000010936.11	13.515677
ENSMUSG00000011008.13	0.058816
ENSMUSG00000011034.6	0.007135
ENSMUSG00000011096.17	56.068449
ENSMUSG00000011114.18	31.054047
ENSMUSG00000011118.4	0
ENSMUSG00000011148.14	28.468582
ENSMUSG00000011154.17	1.505937
ENSMUSG00000011158.8	12.689351
ENSMUSG00000011171.11	0.90885
ENSMUSG00000011179.8	25.174198
ENSMUSG00000011254.16	4.160853
ENSMUSG00000011256.16	2.530387
ENSMUSG00000011257.19	11.265238
ENSMUSG00000011263.16	2.3434
ENSMUSG00000011267.8	2.174006
ENSMUSG00000011305.11	0.588488
ENSMUSG00000011306.7	26.682455
ENSMUSG00000011349.5	0.097136
ENSMUSG00000011350.15	0
ENSMUSG00000011382.8	2.520856
ENSMUSG00000011427.16	1.850765
ENSMUSG00000011463.5	0.055129
ENSMUSG00000011486.14	0.400934
ENSMUSG00000011589.9	30.20781
ENSMUSG00000011632.7	0
ENSMUSG00000011658.16	13.340861
ENSMUSG00000011751.16	21.986617
ENSMUSG00000011752.7	542.65679
ENSMUSG00000011831.16	4.450405
ENSMUSG00000011832.16	36.770117
ENSMUSG00000011837.4	36.056246
ENSMUSG00000011877.13	96.289234
ENSMUSG00000011884.13	49.22084
ENSMUSG00000011958.17	4.282986
ENSMUSG00000011960.12	2.954322
ENSMUSG00000012017.4	1.594407
ENSMUSG00000012042.9	0
ENSMUSG00000012076.8	14.802641
ENSMUSG00000012114.17	19.669122
ENSMUSG00000012117.13	37.90373
ENSMUSG00000012123.17	1.752539
ENSMUSG00000012126.16	7.984213
ENSMUSG00000012187.13	1.576504
ENSMUSG00000012211.13	0.150553
ENSMUSG00000012282.2	0
ENSMUSG00000012296.16	9.00509
ENSMUSG00000012350.15	0.031847
ENSMUSG00000012396.12	0.04623
ENSMUSG00000012405.16	363.93233
ENSMUSG00000012422.14	3.866153
ENSMUSG00000012428.9	0.141119
ENSMUSG00000012429.9	4.321186
ENSMUSG00000012443.4	0.054321
ENSMUSG00000012483.4	9.029877
ENSMUSG00000012519.14	0.055775
ENSMUSG00000012520.10	0.622374
ENSMUSG00000012535.14	12.743685
ENSMUSG00000012609.19	10.833881
ENSMUSG00000012640.16	1.307532
ENSMUSG00000012705.16	0.266576
ENSMUSG00000012777.14	0
ENSMUSG00000012819.15	1.594891
ENSMUSG00000012848.15	647.076632
ENSMUSG00000012889.8	0.039544
ENSMUSG00000013033.16	58.571658
ENSMUSG00000013076.17	5.121577
ENSMUSG00000013083.8	0
ENSMUSG00000013089.15	27.517061
ENSMUSG00000013091.5	0.067916
ENSMUSG00000013150.15	13.016254
ENSMUSG00000013155.10	5.96809
ENSMUSG00000013158.6	0.274019
ENSMUSG00000013160.7	288.532908
ENSMUSG00000013236.17	79.658779
ENSMUSG00000013275.9	16.835453
ENSMUSG00000013338.16	0
ENSMUSG00000013353.10	0
ENSMUSG00000013367.5	29.299626
ENSMUSG00000013415.9	0.003416
ENSMUSG00000013418.8	0.036265
ENSMUSG00000013419.7	40.902848
ENSMUSG00000013465.19	34.271095
ENSMUSG00000013483.14	0.153001
ENSMUSG00000013495.15	16.905241
ENSMUSG00000013523.13	72.681523
ENSMUSG00000013539.14	95.241134
ENSMUSG00000013562.12	0
ENSMUSG00000013584.5	6.550869
ENSMUSG00000013593.12	227.168935
ENSMUSG00000013611.14	0.064642
ENSMUSG00000013622.15	72.366335
ENSMUSG00000013629.16	2.038554
ENSMUSG00000013643.13	0
ENSMUSG00000013646.17	26.962605
ENSMUSG00000013653.2	0
ENSMUSG00000013662.6	24.221867
ENSMUSG00000013663.7	12.791581
ENSMUSG00000013668.9	0
ENSMUSG00000013698.12	421.461161
ENSMUSG00000013701.13	93.467048
ENSMUSG00000013707.3	2.667721
ENSMUSG00000013736.16	5.239438
ENSMUSG00000013766.11	3.58087
ENSMUSG00000013787.15	60.148017
ENSMUSG00000013822.7	97.325683
ENSMUSG00000013833.15	26.005481
ENSMUSG00000013846.10	5.255607
ENSMUSG00000013858.14	59.495258
ENSMUSG00000013878.18	4.956925
ENSMUSG00000013921.15	382.613125
ENSMUSG00000013928.13	0
ENSMUSG00000013936.12	0.870445
ENSMUSG00000013973.12	23.663491
ENSMUSG00000013974.3	0.148895
ENSMUSG00000013997.10	19.246886
ENSMUSG00000014030.15	0.150348
ENSMUSG00000014039.18	1.169758
ENSMUSG00000014074.17	7.058386
ENSMUSG00000014075.15	14.709469
ENSMUSG00000014077.13	81.048367
ENSMUSG00000014104.12	0
ENSMUSG00000014158.12	1.007409
ENSMUSG00000014164.15	4.257936
ENSMUSG00000014177.10	14.530568
ENSMUSG00000014195.16	55.767366
ENSMUSG00000014198.15	0.7635
ENSMUSG00000014226.10	33.445866
ENSMUSG00000014232.14	10.823352
ENSMUSG00000014243.5	17.810694
ENSMUSG00000014245.8	1.921947
ENSMUSG00000014294.4	356.535988
ENSMUSG00000014301.13	119.315836
ENSMUSG00000014303.13	3.482893
ENSMUSG00000014313.15	1198.362538
ENSMUSG00000014329.14	0.737417
ENSMUSG00000014349.7	38.989715
ENSMUSG00000014351.12	0
ENSMUSG00000014353.15	5.824866
ENSMUSG00000014355.10	3.660162
ENSMUSG00000014361.5	2.546365
ENSMUSG00000014402.15	77.060496
ENSMUSG00000014418.16	1.741377
ENSMUSG00000014426.9	5.583377
ENSMUSG00000014444.17	1.468721
ENSMUSG00000014453.4	0
ENSMUSG00000014470.4	18.176318
ENSMUSG00000014496.8	3.772802
ENSMUSG00000014498.9	6.123705
ENSMUSG00000014503.15	0
ENSMUSG00000014504.16	37.056417
ENSMUSG00000014529.9	0.025629
ENSMUSG00000014542.3	0
ENSMUSG00000014543.14	0
ENSMUSG00000014547.10	1.983673
ENSMUSG00000014550.14	7.816802
ENSMUSG00000014551.8	50.178775
ENSMUSG00000014554.13	10.753464
ENSMUSG00000014592.21	50.134521
ENSMUSG00000014599.10	7.362943
ENSMUSG00000014601.13	25.254651
ENSMUSG00000014602.15	108.037854
ENSMUSG00000014603.3	0.264135
ENSMUSG00000014606.14	126.679853
ENSMUSG00000014609.16	0
ENSMUSG00000014633.15	14.713682
ENSMUSG00000014668.15	4.18401
ENSMUSG00000014686.8	0.268996
ENSMUSG00000014704.10	0.736302
ENSMUSG00000014725.16	0
ENSMUSG00000014747.6	0
ENSMUSG00000014748.13	20.755286
ENSMUSG00000014763.8	10.579714
ENSMUSG00000014767.17	7.754542
ENSMUSG00000014769.10	132.418674
ENSMUSG00000014771.13	13.973962
ENSMUSG00000014773.13	1.489254
ENSMUSG00000014776.7	17.535065
ENSMUSG00000014778.10	0.676053
ENSMUSG00000014782.16	0.058525
ENSMUSG00000014786.8	6.865731
ENSMUSG00000014791.10	0.911907
ENSMUSG00000014813.9	0.961796
ENSMUSG00000014837.15	10.597286
ENSMUSG00000014846.12	122.845333
ENSMUSG00000014850.15	2.195047
ENSMUSG00000014852.16	1.926456
ENSMUSG00000014856.12	51.520561
ENSMUSG00000014859.9	13.915087
ENSMUSG00000014867.9	35.233762
ENSMUSG00000014873.15	25.979761
ENSMUSG00000014905.4	32.959317
ENSMUSG00000014907.10	4.153203
ENSMUSG00000014932.15	1.042165
ENSMUSG00000014956.15	103.798518
ENSMUSG00000014959.12	61.175694
ENSMUSG00000014980.14	19.833738
ENSMUSG00000015001.17	0.058085
ENSMUSG00000015002.18	12.568618
ENSMUSG00000015013.9	162.690695
ENSMUSG00000015016.8	12.3225
ENSMUSG00000015023.7	8.079159
ENSMUSG00000015027.11	4.565117
ENSMUSG00000015053.14	1.22592
ENSMUSG00000015083.11	1.02665
ENSMUSG00000015085.8	13.529421
ENSMUSG00000015087.14	58.417618
ENSMUSG00000015090.13	2696.826223
ENSMUSG00000015092.9	360.411704
ENSMUSG00000015093.15	1.020816
ENSMUSG00000015094.16	227.676593
ENSMUSG00000015095.12	50.691463
ENSMUSG00000015112.15	1.331329
ENSMUSG00000015120.15	83.733893
ENSMUSG00000015126.9	24.506751
ENSMUSG00000015127.14	10.059719
ENSMUSG00000015133.17	1.134332
ENSMUSG00000015134.15	0.660714
ENSMUSG00000015143.15	7.053457
ENSMUSG00000015149.14	113.361376
ENSMUSG00000015165.16	124.996544
ENSMUSG00000015176.11	12.898046
ENSMUSG00000015189.12	11.955536
ENSMUSG00000015202.13	1.705015
ENSMUSG00000015214.14	4.494184
ENSMUSG00000015217.11	12.717567
ENSMUSG00000015222.18	71.551081
ENSMUSG00000015224.10	12.743448
ENSMUSG00000015242.14	0
ENSMUSG00000015243.4	1.314116
ENSMUSG00000015247.10	12.957619
ENSMUSG00000015289.4	20.609177
ENSMUSG00000015290.15	40.745007
ENSMUSG00000015291.10	328.754475
ENSMUSG00000015305.6	8.729244
ENSMUSG00000015312.9	11.580344
ENSMUSG00000015314.10	0.024277
ENSMUSG00000015316.11	0.028874
ENSMUSG00000015335.16	8.049854
ENSMUSG00000015337.5	24.40645
ENSMUSG00000015340.10	0.079613
ENSMUSG00000015341.17	67.136848
ENSMUSG00000015342.6	2.933901
ENSMUSG00000015354.8	3.033506
ENSMUSG00000015355.13	1.187135
ENSMUSG00000015357.10	5.639881
ENSMUSG00000015363.13	8.984258
ENSMUSG00000015365.15	0
ENSMUSG00000015377.10	6.317123
ENSMUSG00000015396.4	23.094572
ENSMUSG00000015401.12	0.103271
ENSMUSG00000015405.15	0.103607
ENSMUSG00000015437.5	0
ENSMUSG00000015441.4	0
ENSMUSG00000015443.9	0
ENSMUSG00000015451.16	0
ENSMUSG00000015452.14	0.493101
ENSMUSG00000015461.15	23.079052
ENSMUSG00000015467.14	1.708458
ENSMUSG00000015468.14	0.665679
ENSMUSG00000015474.16	22.717507
ENSMUSG00000015476.6	96.553699
ENSMUSG00000015478.13	98.369138
ENSMUSG00000015484.3	3.470978
ENSMUSG00000015488.14	25.229615
ENSMUSG00000015501.10	6.056804
ENSMUSG00000015519.12	0
ENSMUSG00000015522.18	2.595358
ENSMUSG00000015533.9	0.004042
ENSMUSG00000015536.14	28.009508
ENSMUSG00000015542.17	26.240589
ENSMUSG00000015568.16	6.14706
ENSMUSG00000015575.15	36.016862
ENSMUSG00000015579.5	0
ENSMUSG00000015597.17	1.663684
ENSMUSG00000015599.9	14.459181
ENSMUSG00000015605.6	13.075272
ENSMUSG00000015619.10	1.005215
ENSMUSG00000015627.5	0
ENSMUSG00000015647.9	0.715824
ENSMUSG00000015652.9	1.197092
ENSMUSG00000015653.13	3.333982
ENSMUSG00000015656.17	1047.722093
ENSMUSG00000015659.12	0.705989
ENSMUSG00000015665.8	0
ENSMUSG00000015668.13	47.19268
ENSMUSG00000015671.11	57.975314
ENSMUSG00000015672.4	22.593888
ENSMUSG00000015697.14	3.005947
ENSMUSG00000015702.13	0.301234
ENSMUSG00000015709.9	40.410784
ENSMUSG00000015711.8	14.68449
ENSMUSG00000015714.11	35.948663
ENSMUSG00000015721.18	0
ENSMUSG00000015733.13	69.503294
ENSMUSG00000015745.9	45.095929
ENSMUSG00000015747.5	22.316032
ENSMUSG00000015748.13	4.126004
ENSMUSG00000015749.12	21.082204
ENSMUSG00000015750.15	48.421246
ENSMUSG00000015755.16	7.29997
ENSMUSG00000015757.10	2.100858
ENSMUSG00000015759.11	64.474932
ENSMUSG00000015766.14	5.977175
ENSMUSG00000015776.12	34.443434
ENSMUSG00000015787.15	0
ENSMUSG00000015790.16	118.934203
ENSMUSG00000015804.14	116.073051
ENSMUSG00000015806.12	319.829963
ENSMUSG00000015812.8	1.353959
ENSMUSG00000015829.13	3.711049
ENSMUSG00000015837.15	405.460402
ENSMUSG00000015839.6	4.567725
ENSMUSG00000015843.10	13.756641
ENSMUSG00000015846.15	13.393688
ENSMUSG00000015850.11	4.290432
ENSMUSG00000015852.13	1.83118
ENSMUSG00000015854.7	0
ENSMUSG00000015869.16	35.509243
ENSMUSG00000015879.8	0.745478
ENSMUSG00000015880.13	0.095702
ENSMUSG00000015882.18	1.270961
ENSMUSG00000015889.8	24.653067
ENSMUSG00000015890.2	0.087394
ENSMUSG00000015932.8	91.169671
ENSMUSG00000015937.15	53.278747
ENSMUSG00000015942.9	5.065469
ENSMUSG00000015943.11	38.486765
ENSMUSG00000015944.9	25.516637
ENSMUSG00000015947.10	2.404616
ENSMUSG00000015950.13	3.06154
ENSMUSG00000015957.12	0.55322
ENSMUSG00000015961.8	18.857642
ENSMUSG00000015962.5	0.047385
ENSMUSG00000015966.17	0.635641
ENSMUSG00000015968.18	2.547577
ENSMUSG00000015970.19	0.757245
ENSMUSG00000015971.5	27.744879
ENSMUSG00000015980.14	8.476992
ENSMUSG00000015981.12	110.00682
ENSMUSG00000015994.10	44.689074
ENSMUSG00000016018.4	6.485772
ENSMUSG00000016024.9	4.076443
ENSMUSG00000016028.11	0.838276
ENSMUSG00000016087.13	0.588705
ENSMUSG00000016128.14	3.467753
ENSMUSG00000016150.15	0.916396
ENSMUSG00000016179.11	16.503996
ENSMUSG00000016181.9	4.748777
ENSMUSG00000016194.14	19.03459
ENSMUSG00000016200.14	0.578188
ENSMUSG00000016206.6	2.288151
ENSMUSG00000016239.11	0.235692
ENSMUSG00000016252.7	894.041239
ENSMUSG00000016253.12	23.67547
ENSMUSG00000016255.5	0
ENSMUSG00000016256.10	51.660435
ENSMUSG00000016257.15	40.005063
ENSMUSG00000016262.14	6.224993
ENSMUSG00000016283.13	0
ENSMUSG00000016308.12	38.035005
ENSMUSG00000016319.3	292.988061
ENSMUSG00000016327.9	0
ENSMUSG00000016344.14	90.640437
ENSMUSG00000016346.17	39.104362
ENSMUSG00000016349.10	927.047761
ENSMUSG00000016356.18	0.131123
ENSMUSG00000016382.15	16.820805
ENSMUSG00000016386.15	15.493261
ENSMUSG00000016409.4	3.09002
ENSMUSG00000016427.7	340.389599
ENSMUSG00000016458.15	0.088418
ENSMUSG00000016477.18	4.185762
ENSMUSG00000016481.15	10.197363
ENSMUSG00000016487.15	1.519081
ENSMUSG00000016493.13	0.041264
ENSMUSG00000016494.9	27.533993
ENSMUSG00000016495.12	9.258754
ENSMUSG00000016496.7	0.650617
ENSMUSG00000016498.10	0
ENSMUSG00000016503.18	23.941981
ENSMUSG00000016510.11	14.15652
ENSMUSG00000016520.7	1.100239
ENSMUSG00000016524.12	0.11952
ENSMUSG00000016526.8	3.160924
ENSMUSG00000016528.10	18.754446
ENSMUSG00000016529.5	0
ENSMUSG00000016534.15	27.84034
ENSMUSG00000016541.10	161.229456
ENSMUSG00000016552.13	4.483274
ENSMUSG00000016554.9	62.60476
ENSMUSG00000016559.14	125.384567
ENSMUSG00000016619.10	10.001422
ENSMUSG00000016624.15	2.024509
ENSMUSG00000016626.10	0
ENSMUSG00000016637.7	47.259741
ENSMUSG00000016664.16	27.760641
ENSMUSG00000016756.17	0
ENSMUSG00000016757.11	7.097865
ENSMUSG00000016758.4	0.109838
ENSMUSG00000016763.15	7.143265
ENSMUSG00000016831.12	12.182903
ENSMUSG00000016833.14	45.199934
ENSMUSG00000016918.15	4.149659
ENSMUSG00000016921.14	16.820189
ENSMUSG00000016933.17	11.232536
ENSMUSG00000016940.18	56.762224
ENSMUSG00000016942.6	0.228011
ENSMUSG00000016946.6	9.142052
ENSMUSG00000016982.6	0.031727
ENSMUSG00000016984.7	0.664088
ENSMUSG00000016995.17	6.93503
ENSMUSG00000016998.2	0
ENSMUSG00000017000.2	0
ENSMUSG00000017002.14	2.404118
ENSMUSG00000017003.7	0
ENSMUSG00000017004.7	0
ENSMUSG00000017007.9	0.078426
ENSMUSG00000017009.3	42.460066
ENSMUSG00000017049.4	0
ENSMUSG00000017057.9	1.117521
ENSMUSG00000017064.4	0
ENSMUSG00000017119.19	19.554603
ENSMUSG00000017132.17	20.111526
ENSMUSG00000017144.8	2.726617
ENSMUSG00000017146.12	0.13582
ENSMUSG00000017165.1	0.983307
ENSMUSG00000017167.6	48.561719
ENSMUSG00000017176.17	36.846234
ENSMUSG00000017188.3	224.785499
ENSMUSG00000017195.15	0
ENSMUSG00000017204.4	0.076938
ENSMUSG00000017210.14	33.338239
ENSMUSG00000017211.14	0
ENSMUSG00000017221.14	93.44135
ENSMUSG00000017264.16	12.537574
ENSMUSG00000017286.15	44.772049
ENSMUSG00000017288.15	31.926521
ENSMUSG00000017291.13	5.730909
ENSMUSG00000017299.13	20.727678
ENSMUSG00000017300.9	0
ENSMUSG00000017307.16	13.394745
ENSMUSG00000017309.11	0.064375
ENSMUSG00000017310.7	0
ENSMUSG00000017311.15	0.959325
ENSMUSG00000017314.12	58.909652
ENSMUSG00000017316.13	0
ENSMUSG00000017344.4	75.053296
ENSMUSG00000017376.15	21.50811
ENSMUSG00000017386.10	5.020358
ENSMUSG00000017390.15	796.874606
ENSMUSG00000017400.10	36.53002
ENSMUSG00000017404.12	1312.634502
ENSMUSG00000017405.14	1.240183
ENSMUSG00000017412.15	6.498945
ENSMUSG00000017417.14	14.277678
ENSMUSG00000017418.14	3.268578
ENSMUSG00000017421.18	22.673417
ENSMUSG00000017428.16	31.053892
ENSMUSG00000017446.14	2.034293
ENSMUSG00000017453.4	1.092298
ENSMUSG00000017466.9	149.475035
ENSMUSG00000017478.15	8.816564
ENSMUSG00000017485.11	4.146418
ENSMUSG00000017491.9	4.03297
ENSMUSG00000017493.12	56.522143
ENSMUSG00000017499.15	0.094718
ENSMUSG00000017548.15	3.866112
ENSMUSG00000017550.14	0.061164
ENSMUSG00000017561.16	5.599675
ENSMUSG00000017588.2	0.081613
ENSMUSG00000017607.9	0.116282
ENSMUSG00000017615.12	13.543245
ENSMUSG00000017631.19	117.290311
ENSMUSG00000017639.13	53.769461
ENSMUSG00000017652.16	0.500782
ENSMUSG00000017664.16	39.679562
ENSMUSG00000017667.9	2.111512
ENSMUSG00000017670.16	50.620117
ENSMUSG00000017677.11	3.392195
ENSMUSG00000017679.16	9.951887
ENSMUSG00000017686.17	15.930636
ENSMUSG00000017688.14	0
ENSMUSG00000017692.8	9.161198
ENSMUSG00000017697.3	0.574746
ENSMUSG00000017707.9	79.233047
ENSMUSG00000017713.9	2.577943
ENSMUSG00000017715.11	45.932137
ENSMUSG00000017716.15	0.510238
ENSMUSG00000017718.15	2.937351
ENSMUSG00000017720.2	0
ENSMUSG00000017721.15	68.370968
ENSMUSG00000017723.11	4.27894
ENSMUSG00000017724.14	4.220483
ENSMUSG00000017733.4	0
ENSMUSG00000017734.15	167.940974
ENSMUSG00000017737.2	1.23756
ENSMUSG00000017740.17	136.069217
ENSMUSG00000017747.13	5.295582
ENSMUSG00000017754.13	48.267418
ENSMUSG00000017756.9	1.2785
ENSMUSG00000017760.16	78.479205
ENSMUSG00000017764.2	15.384752
ENSMUSG00000017765.17	9.439287
ENSMUSG00000017767.3	0
ENSMUSG00000017774.19	2.881807
ENSMUSG00000017776.15	23.993975
ENSMUSG00000017778.14	967.224781
ENSMUSG00000017781.17	144.858794
ENSMUSG00000017801.15	31.65085
ENSMUSG00000017802.14	30.900361
ENSMUSG00000017817.11	1.014209
ENSMUSG00000017830.15	0.61422
ENSMUSG00000017831.8	50.579608
ENSMUSG00000017832.2	0.058939
ENSMUSG00000017837.12	7.234692
ENSMUSG00000017843.14	76.132259
ENSMUSG00000017858.12	20.081984
ENSMUSG00000017861.11	0.024195
ENSMUSG00000017868.16	1.091257
ENSMUSG00000017897.18	1.592099
ENSMUSG00000017922.14	0
ENSMUSG00000017929.13	21.0149
ENSMUSG00000017943.15	59.857274
ENSMUSG00000017950.16	0
ENSMUSG00000017969.13	1.828984
ENSMUSG00000017978.18	17.316254
ENSMUSG00000017999.16	6.248611
ENSMUSG00000018001.18	7.678987
ENSMUSG00000018008.8	6.968212
ENSMUSG00000018012.11	50.778568
ENSMUSG00000018040.9	79.721666
ENSMUSG00000018042.18	47.061522
ENSMUSG00000018068.13	0.684681
ENSMUSG00000018076.12	3.495321
ENSMUSG00000018102.5	35.21264
ENSMUSG00000018126.15	1.293357
ENSMUSG00000018143.10	5.416259
ENSMUSG00000018160.15	4.282725
ENSMUSG00000018166.8	2.029745
ENSMUSG00000018167.10	20.136968
ENSMUSG00000018168.8	0.653231
ENSMUSG00000018169.12	2.207327
ENSMUSG00000018171.9	91.059955
ENSMUSG00000018189.12	17.588704
ENSMUSG00000018196.18	60.071012
ENSMUSG00000018199.9	2.870262
ENSMUSG00000018209.15	5.453409
ENSMUSG00000018211.13	0
ENSMUSG00000018217.12	39.798439
ENSMUSG00000018238.6	0.329379
ENSMUSG00000018239.9	8.884462
ENSMUSG00000018259.13	0
ENSMUSG00000018263.11	0.007442
ENSMUSG00000018286.6	310.608761
ENSMUSG00000018287.12	58.1051
ENSMUSG00000018293.4	329.923993
ENSMUSG00000018322.10	65.382503
ENSMUSG00000018326.9	246.266025
ENSMUSG00000018334.18	15.609672
ENSMUSG00000018339.11	53.774019
ENSMUSG00000018340.13	54.658864
ENSMUSG00000018341.12	0
ENSMUSG00000018347.16	4.307151
ENSMUSG00000018362.14	9.844242
ENSMUSG00000018363.16	3.568301
ENSMUSG00000018372.13	1.215483
ENSMUSG00000018377.10	6.553219
ENSMUSG00000018378.13	14.964042
ENSMUSG00000018379.17	21.560541
ENSMUSG00000018381.15	3.509326
ENSMUSG00000018387.12	2.194898
ENSMUSG00000018395.19	14.983276
ENSMUSG00000018398.18	109.514479
ENSMUSG00000018401.17	11.336863
ENSMUSG00000018405.7	8.380455
ENSMUSG00000018411.17	88.630048
ENSMUSG00000018412.16	10.554887
ENSMUSG00000018415.14	10.160299
ENSMUSG00000018417.14	1.251933
ENSMUSG00000018425.18	3.244031
ENSMUSG00000018427.8	9.695246
ENSMUSG00000018428.15	13.265406
ENSMUSG00000018433.14	9.525504
ENSMUSG00000018442.13	11.763012
ENSMUSG00000018446.8	79.957424
ENSMUSG00000018449.12	17.045558
ENSMUSG00000018451.7	234.218557
ENSMUSG00000018459.15	14.141817
ENSMUSG00000018470.8	36.188214
ENSMUSG00000018474.18	107.827342
ENSMUSG00000018476.7	2.811779
ENSMUSG00000018479.12	0.439216
ENSMUSG00000018481.9	9.190846
ENSMUSG00000018486.2	0.677691
ENSMUSG00000018500.2	2.720856
ENSMUSG00000018501.17	15.852171
ENSMUSG00000018507.16	11.542593
ENSMUSG00000018509.8	34.848826
ENSMUSG00000018537.16	9.607366
ENSMUSG00000018541.10	4.402349
ENSMUSG00000018543.8	0.125238
ENSMUSG00000018547.8	38.387892
ENSMUSG00000018548.15	37.754082
ENSMUSG00000018554.13	0.881939
ENSMUSG00000018559.16	90.994865
ENSMUSG00000018565.17	91.10675
ENSMUSG00000018566.14	4.594498
ENSMUSG00000018567.14	355.264958
ENSMUSG00000018569.12	0.057489
ENSMUSG00000018570.17	0.403195
ENSMUSG00000018572.10	45.095594
ENSMUSG00000018574.14	21.227979
ENSMUSG00000018581.15	0.003466
ENSMUSG00000018583.5	11.127465
ENSMUSG00000018585.9	158.817915
ENSMUSG00000018589.8	3.222927
ENSMUSG00000018593.13	409.168355
ENSMUSG00000018595.6	0.347615
ENSMUSG00000018599.5	11.238187
ENSMUSG00000018604.18	0.377631
ENSMUSG00000018620.3	0
ENSMUSG00000018623.9	0
ENSMUSG00000018634.10	11.044428
ENSMUSG00000018648.15	44.984867
ENSMUSG00000018651.14	7.444913
ENSMUSG00000018654.17	0.5709
ENSMUSG00000018656.5	0
ENSMUSG00000018659.12	61.973318
ENSMUSG00000018661.17	26.487354
ENSMUSG00000018666.13	15.701952
ENSMUSG00000018669.14	23.773205
ENSMUSG00000018672.15	10.385785
ENSMUSG00000018677.9	75.521914
ENSMUSG00000018678.13	6.989587
ENSMUSG00000018697.14	5.619965
ENSMUSG00000018698.15	0.633808
ENSMUSG00000018707.13	25.312198
ENSMUSG00000018727.19	0
ENSMUSG00000018733.10	5.146679
ENSMUSG00000018736.14	41.163524
ENSMUSG00000018740.14	2.508846
ENSMUSG00000018750.14	21.925138
ENSMUSG00000018752.19	2.886682
ENSMUSG00000018761.14	71.075634
ENSMUSG00000018765.5	54.964808
ENSMUSG00000018770.9	1009.154011
ENSMUSG00000018774.13	14.15257
ENSMUSG00000018776.10	0.063812
ENSMUSG00000018796.13	9.082529
ENSMUSG00000018800.14	2.522156
ENSMUSG00000018809.2	3.053711
ENSMUSG00000018819.10	7.256122
ENSMUSG00000018820.13	20.602193
ENSMUSG00000018821.3	49.704702
ENSMUSG00000018822.7	5.430629
ENSMUSG00000018830.10	0.206663
ENSMUSG00000018841.17	12.273948
ENSMUSG00000018844.6	0
ENSMUSG00000018845.14	0.896377
ENSMUSG00000018846.8	4.674278
ENSMUSG00000018848.4	12.703735
ENSMUSG00000018849.6	18.25818
ENSMUSG00000018858.15	99.986548
ENSMUSG00000018861.8	5.138298
ENSMUSG00000018862.11	0.089467
ENSMUSG00000018865.9	376.713582
ENSMUSG00000018868.4	0
ENSMUSG00000018882.12	23.653248
ENSMUSG00000018893.15	0.413321
ENSMUSG00000018899.16	2.478558
ENSMUSG00000018900.7	2.906773
ENSMUSG00000018906.14	5.170273
ENSMUSG00000018907.10	0.112313
ENSMUSG00000018909.15	40.421569
ENSMUSG00000018914.5	0
ENSMUSG00000018916.5	0
ENSMUSG00000018919.10	1.698349
ENSMUSG00000018920.11	1.459607
ENSMUSG00000018921.11	10.818136
ENSMUSG00000018923.13	15.753963
ENSMUSG00000018924.6	0
ENSMUSG00000018925.3	0
ENSMUSG00000018927.3	1.059711
ENSMUSG00000018930.3	0.173894
ENSMUSG00000018931.3	3.618758
ENSMUSG00000018932.9	4.110134
ENSMUSG00000018965.11	778.26357
ENSMUSG00000018973.2	0
ENSMUSG00000018974.7	10.073207
ENSMUSG00000018983.9	0.522032
ENSMUSG00000018986.10	0
ENSMUSG00000018995.12	3.861284
ENSMUSG00000018999.14	15.357739
ENSMUSG00000019027.8	2.461833
ENSMUSG00000019039.14	37.171553
ENSMUSG00000019054.13	394.28502
ENSMUSG00000019055.15	9.759629
ENSMUSG00000019066.13	3.873234
ENSMUSG00000019080.8	5.317219
ENSMUSG00000019082.18	128.85041
ENSMUSG00000019087.13	286.03491
ENSMUSG00000019088.14	0.937244
ENSMUSG00000019102.10	2.830466
ENSMUSG00000019122.8	0.514977
ENSMUSG00000019124.10	50.162735
ENSMUSG00000019132.11	30.492708
ENSMUSG00000019139.10	20.274046
ENSMUSG00000019143.15	3.581327
ENSMUSG00000019146.2	14.032659
ENSMUSG00000019158.9	105.192284
ENSMUSG00000019173.11	140.396676
ENSMUSG00000019178.17	0.262777
ENSMUSG00000019179.10	453.050726
ENSMUSG00000019188.16	49.150685
ENSMUSG00000019189.13	32.661904
ENSMUSG00000019194.15	485.181547
ENSMUSG00000019210.10	531.254543
ENSMUSG00000019214.14	0.730233
ENSMUSG00000019230.14	1.775347
ENSMUSG00000019232.14	2.45881
ENSMUSG00000019235.9	15.410839
ENSMUSG00000019254.16	55.792008
ENSMUSG00000019256.17	0.944194
ENSMUSG00000019261.3	19.853761
ENSMUSG00000019278.5	0.122458
ENSMUSG00000019295.8	16.389798
ENSMUSG00000019297.9	4.8113
ENSMUSG00000019301.5	0.096429
ENSMUSG00000019302.16	135.841223
ENSMUSG00000019303.14	1.996927
ENSMUSG00000019312.10	1.539614
ENSMUSG00000019320.14	1.685219
ENSMUSG00000019326.14	0.073032
ENSMUSG00000019338.13	11.633516
ENSMUSG00000019359.14	3.208234
ENSMUSG00000019362.8	166.724044
ENSMUSG00000019368.13	0.060489
ENSMUSG00000019370.10	1641.394605
ENSMUSG00000019373.11	33.419451
ENSMUSG00000019428.16	427.885056
ENSMUSG00000019429.7	0.135427
ENSMUSG00000019432.15	99.417059
ENSMUSG00000019433.9	67.595908
ENSMUSG00000019437.17	21.153395
ENSMUSG00000019461.12	9.248342
ENSMUSG00000019464.6	0.25855
ENSMUSG00000019467.15	75.539308
ENSMUSG00000019470.12	14.463221
ENSMUSG00000019471.10	135.933008
ENSMUSG00000019478.16	67.163847
ENSMUSG00000019487.11	3.953573
ENSMUSG00000019489.7	0.168462
ENSMUSG00000019494.14	157.946408
ENSMUSG00000019505.7	1915.207711
ENSMUSG00000019518.11	6.40994
ENSMUSG00000019528.18	23.808522
ENSMUSG00000019539.11	6.494352
ENSMUSG00000019558.14	37.706791
ENSMUSG00000019564.12	0.891776
ENSMUSG00000019577.6	2.948278
ENSMUSG00000019578.11	60.606182
ENSMUSG00000019579.13	43.717503
ENSMUSG00000019590.16	37.037878
ENSMUSG00000019647.16	4.786557
ENSMUSG00000019659.8	60.64374
ENSMUSG00000019689.4	125.125903
ENSMUSG00000019699.16	14.689279
ENSMUSG00000019710.13	40.651118
ENSMUSG00000019715.14	16.761028
ENSMUSG00000019718.8	1.429165
ENSMUSG00000019726.12	0.685175
ENSMUSG00000019731.13	19.797528
ENSMUSG00000019732.14	1.56541
ENSMUSG00000019734.16	0.265276
ENSMUSG00000019737.14	0.685468
ENSMUSG00000019738.15	66.538341
ENSMUSG00000019756.10	0
ENSMUSG00000019761.10	4.975488
ENSMUSG00000019762.4	0.259757
ENSMUSG00000019763.11	7.578514
ENSMUSG00000019767.12	0.01766
ENSMUSG00000019768.16	0.486522
ENSMUSG00000019772.5	14.265623
ENSMUSG00000019773.7	0.397263
ENSMUSG00000019774.8	1.910068
ENSMUSG00000019775.17	4.434729
ENSMUSG00000019777.16	20.158664
ENSMUSG00000019779.15	0.0186
ENSMUSG00000019782.10	39.743191
ENSMUSG00000019785.14	14.842401
ENSMUSG00000019787.9	0
ENSMUSG00000019789.9	1.334103
ENSMUSG00000019790.17	5.164079
ENSMUSG00000019791.12	9.042392
ENSMUSG00000019792.8	1.18919
ENSMUSG00000019794.13	2.734651
ENSMUSG00000019795.17	81.301013
ENSMUSG00000019796.12	50.245293
ENSMUSG00000019797.11	20.074071
ENSMUSG00000019802.13	7.59121
ENSMUSG00000019803.11	3.241735
ENSMUSG00000019804.12	165.78562
ENSMUSG00000019806.13	48.004344
ENSMUSG00000019808.8	7.888937
ENSMUSG00000019809.16	10.675869
ENSMUSG00000019810.15	28.612789
ENSMUSG00000019813.16	1.607162
ENSMUSG00000019814.5	4.810254
ENSMUSG00000019815.7	0
ENSMUSG00000019817.18	2.074755
ENSMUSG00000019818.15	19.647357
ENSMUSG00000019820.11	3.55684
ENSMUSG00000019822.12	11.010198
ENSMUSG00000019823.17	2.440389
ENSMUSG00000019826.11	4.040912
ENSMUSG00000019828.13	6.567291
ENSMUSG00000019831.14	99.637712
ENSMUSG00000019832.5	0.81956
ENSMUSG00000019834.15	0
ENSMUSG00000019836.5	0
ENSMUSG00000019837.8	9.037532
ENSMUSG00000019838.11	0.362778
ENSMUSG00000019841.15	0.907249
ENSMUSG00000019842.6	0.89675
ENSMUSG00000019843.14	43.169673
ENSMUSG00000019845.8	0.619387
ENSMUSG00000019846.11	0.453523
ENSMUSG00000019848.14	1.237433
ENSMUSG00000019849.11	2.287142
ENSMUSG00000019850.11	1.006627
ENSMUSG00000019851.8	2.17807
ENSMUSG00000019852.7	2.464939
ENSMUSG00000019853.6	4.254249
ENSMUSG00000019854.17	17.9365
ENSMUSG00000019856.14	2.655149
ENSMUSG00000019857.7	5.765924
ENSMUSG00000019861.15	5.931342
ENSMUSG00000019863.7	8.774487
ENSMUSG00000019864.14	5.299686
ENSMUSG00000019865.9	1.639601
ENSMUSG00000019866.15	0.026141
ENSMUSG00000019867.4	0
ENSMUSG00000019868.16	37.432492
ENSMUSG00000019872.13	17.886292
ENSMUSG00000019873.8	6.256691
ENSMUSG00000019874.11	35.063043
ENSMUSG00000019876.15	5.943221
ENSMUSG00000019877.10	237.928409
ENSMUSG00000019878.8	5.749403
ENSMUSG00000019880.10	2.752367
ENSMUSG00000019883.11	6.836979
ENSMUSG00000019888.16	1.87728
ENSMUSG00000019889.10	8.664795
ENSMUSG00000019890.4	12.057483
ENSMUSG00000019891.15	4.008223
ENSMUSG00000019892.13	0.112823
ENSMUSG00000019893.13	0
ENSMUSG00000019894.14	11.000595
ENSMUSG00000019897.8	9.8157
ENSMUSG00000019899.17	1.832468
ENSMUSG00000019900.19	0
ENSMUSG00000019905.8	0
ENSMUSG00000019906.15	3.607868
ENSMUSG00000019907.10	10.920175
ENSMUSG00000019909.4	0
ENSMUSG00000019913.4	0.015613
ENSMUSG00000019916.14	8.226971
ENSMUSG00000019917.10	1.39236
ENSMUSG00000019920.18	3.515419
ENSMUSG00000019923.14	735.134557
ENSMUSG00000019927.6	35.892835
ENSMUSG00000019929.16	13.449075
ENSMUSG00000019932.8	0
ENSMUSG00000019933.7	0.730749
ENSMUSG00000019935.16	0.77263
ENSMUSG00000019936.10	0.163085
ENSMUSG00000019942.13	0.519573
ENSMUSG00000019943.10	47.704893
ENSMUSG00000019944.14	0.92347
ENSMUSG00000019945.10	2.375225
ENSMUSG00000019947.10	2.558141
ENSMUSG00000019948.4	7.538669
ENSMUSG00000019951.10	6.514798
ENSMUSG00000019952.15	1.882738
ENSMUSG00000019960.8	19.361359
ENSMUSG00000019961.17	10.446773
ENSMUSG00000019966.18	4.291564
ENSMUSG00000019969.14	25.030216
ENSMUSG00000019970.15	22.286772
ENSMUSG00000019971.10	0.962441
ENSMUSG00000019975.12	7.34109
ENSMUSG00000019977.16	9.628731
ENSMUSG00000019978.16	12.63095
ENSMUSG00000019979.12	2.715119
ENSMUSG00000019982.15	0.041925
ENSMUSG00000019984.16	3.830995
ENSMUSG00000019986.17	41.104855
ENSMUSG00000019987.9	0.064646
ENSMUSG00000019988.7	0.600904
ENSMUSG00000019989.8	0.171845
ENSMUSG00000019990.15	5.018163
ENSMUSG00000019992.8	0
ENSMUSG00000019996.17	11.959626
ENSMUSG00000019997.11	9.889397
ENSMUSG00000019998.6	83.810556
ENSMUSG00000020000.7	2.019748
ENSMUSG00000020003.16	12.798844
ENSMUSG00000020007.4	0.132229
ENSMUSG00000020009.13	10.931074
ENSMUSG00000020010.7	0.120014
ENSMUSG00000020014.17	0.401414
ENSMUSG00000020015.10	38.413141
ENSMUSG00000020017.14	0.117637
ENSMUSG00000020018.6	27.188297
ENSMUSG00000020019.4	2.818683
ENSMUSG00000020020.8	0
ENSMUSG00000020021.4	0.477244
ENSMUSG00000020022.17	438.818771
ENSMUSG00000020023.18	7.434352
ENSMUSG00000020024.7	7.235755
ENSMUSG00000020027.18	3.520033
ENSMUSG00000020029.6	27.425707
ENSMUSG00000020032.14	12.402711
ENSMUSG00000020033.2	0
ENSMUSG00000020034.7	13.051594
ENSMUSG00000020037.15	4.441277
ENSMUSG00000020038.10	6.175677
ENSMUSG00000020042.15	9.927349
ENSMUSG00000020044.13	23.536163
ENSMUSG00000020048.13	60.060928
ENSMUSG00000020051.17	0.175474
ENSMUSG00000020052.9	2.249554
ENSMUSG00000020053.18	1.132702
ENSMUSG00000020056.16	21.77554
ENSMUSG00000020057.2	0.205924
ENSMUSG00000020059.9	0.833803
ENSMUSG00000020061.18	0.454618
ENSMUSG00000020062.7	0.059798
ENSMUSG00000020063.16	2.294095
ENSMUSG00000020064.9	4.486977
ENSMUSG00000020067.8	1.672688
ENSMUSG00000020069.16	9.209546
ENSMUSG00000020070.18	8.821924
ENSMUSG00000020072.15	0.289105
ENSMUSG00000020074.7	1.872349
ENSMUSG00000020075.8	2.41033
ENSMUSG00000020076.7	7.210632
ENSMUSG00000020077.14	4.938902
ENSMUSG00000020078.16	15.545344
ENSMUSG00000020079.15	10.003095
ENSMUSG00000020080.8	2.359066
ENSMUSG00000020081.5	0.080776
ENSMUSG00000020083.13	45.396533
ENSMUSG00000020085.15	3.790656
ENSMUSG00000020086.6	11.329605
ENSMUSG00000020087.5	9.198151
ENSMUSG00000020088.10	55.761377
ENSMUSG00000020089.8	87.059153
ENSMUSG00000020090.7	0.873944
ENSMUSG00000020091.15	11.598007
ENSMUSG00000020092.9	3.132279
ENSMUSG00000020096.21	2.024464
ENSMUSG00000020097.14	7.696318
ENSMUSG00000020098.7	24.832143
ENSMUSG00000020099.8	9.549629
ENSMUSG00000020100.15	3.050853
ENSMUSG00000020101.14	9.314038
ENSMUSG00000020102.15	1.854984
ENSMUSG00000020105.9	1.075876
ENSMUSG00000020107.10	47.541555
ENSMUSG00000020108.4	35.577308
ENSMUSG00000020109.13	21.724143
ENSMUSG00000020111.15	68.250611
ENSMUSG00000020114.12	12.298022
ENSMUSG00000020115.3	5.310101
ENSMUSG00000020116.7	13.504769
ENSMUSG00000020120.15	1.154157
ENSMUSG00000020121.15	2.169576
ENSMUSG00000020122.16	0.859845
ENSMUSG00000020123.6	0.382092
ENSMUSG00000020124.10	4.483398
ENSMUSG00000020125.7	0
ENSMUSG00000020128.15	3.105318
ENSMUSG00000020130.9	6.092658
ENSMUSG00000020131.14	3.837583
ENSMUSG00000020132.10	24.657838
ENSMUSG00000020133.8	36.425946
ENSMUSG00000020134.13	9.243892
ENSMUSG00000020135.13	9.716148
ENSMUSG00000020137.5	2.93971
ENSMUSG00000020140.15	0.821328
ENSMUSG00000020142.12	22.361096
ENSMUSG00000020143.15	0.292231
ENSMUSG00000020149.17	88.592819
ENSMUSG00000020150.13	27.531195
ENSMUSG00000020151.16	5.610247
ENSMUSG00000020152.7	36.615438
ENSMUSG00000020153.14	294.732534
ENSMUSG00000020154.10	0.589795
ENSMUSG00000020155.2	0.167519
ENSMUSG00000020156.16	12.791459
ENSMUSG00000020159.8	0
ENSMUSG00000020160.18	3.400288
ENSMUSG00000020163.12	890.866032
ENSMUSG00000020164.7	0.822445
ENSMUSG00000020166.15	11.688847
ENSMUSG00000020167.14	8.136693
ENSMUSG00000020168.5	0
ENSMUSG00000020169.4	0.066128
ENSMUSG00000020170.4	5.215461
ENSMUSG00000020171.8	30.375383
ENSMUSG00000020173.17	15.887775
ENSMUSG00000020175.15	7.126604
ENSMUSG00000020176.17	7.98353
ENSMUSG00000020177.12	0
ENSMUSG00000020178.6	45.967393
ENSMUSG00000020180.10	49.417738
ENSMUSG00000020181.18	1.989792
ENSMUSG00000020182.16	11.055863
ENSMUSG00000020183.11	2.704316
ENSMUSG00000020184.15	7.699587
ENSMUSG00000020185.16	0.015871
ENSMUSG00000020186.7	8.518309
ENSMUSG00000020189.15	5.520807
ENSMUSG00000020190.13	10.893563
ENSMUSG00000020191.11	0.19447
ENSMUSG00000020193.3	0.344112
ENSMUSG00000020196.10	11.035894
ENSMUSG00000020198.8	36.278525
ENSMUSG00000020205.8	19.673895
ENSMUSG00000020211.15	27.903442
ENSMUSG00000020212.14	1.936229
ENSMUSG00000020213.6	0.077908
ENSMUSG00000020214.10	0
ENSMUSG00000020216.13	5.47218
ENSMUSG00000020218.11	0.902713
ENSMUSG00000020219.7	184.201218
ENSMUSG00000020220.16	10.081067
ENSMUSG00000020224.15	11.9171
ENSMUSG00000020225.10	67.969194
ENSMUSG00000020226.9	0
ENSMUSG00000020227.10	0.350232
ENSMUSG00000020228.11	0.364864
ENSMUSG00000020229.4	0
ENSMUSG00000020230.15	57.627178
ENSMUSG00000020231.15	13.918996
ENSMUSG00000020232.17	14.728449
ENSMUSG00000020234.10	0.118626
ENSMUSG00000020235.16	45.909691
ENSMUSG00000020238.14	35.51094
ENSMUSG00000020241.13	1.829363
ENSMUSG00000020246.13	4.909167
ENSMUSG00000020248.18	18.243604
ENSMUSG00000020250.10	14.459508
ENSMUSG00000020251.13	5.366645
ENSMUSG00000020253.15	9.23507
ENSMUSG00000020255.8	0.168797
ENSMUSG00000020256.14	0.229893
ENSMUSG00000020257.13	48.233493
ENSMUSG00000020258.16	0.724838
ENSMUSG00000020260.9	18.969122
ENSMUSG00000020261.15	13.284696
ENSMUSG00000020262.15	32.865162
ENSMUSG00000020263.14	9.664486
ENSMUSG00000020264.5	0.385655
ENSMUSG00000020265.16	149.545025
ENSMUSG00000020267.6	571.279285
ENSMUSG00000020268.14	2.350438
ENSMUSG00000020270.9	0
ENSMUSG00000020271.17	44.020034
ENSMUSG00000020272.8	0.820487
ENSMUSG00000020273.13	2.440722
ENSMUSG00000020275.9	0.153757
ENSMUSG00000020277.10	67.626293
ENSMUSG00000020279.10	0
ENSMUSG00000020280.12	0.932474
ENSMUSG00000020282.18	3.336955
ENSMUSG00000020283.5	4.76175
ENSMUSG00000020284.16	32.843111
ENSMUSG00000020286.13	0.067903
ENSMUSG00000020287.15	13.903234
ENSMUSG00000020288.13	3.564102
ENSMUSG00000020289.15	11.792882
ENSMUSG00000020290.14	5.099435
ENSMUSG00000020295.1	1.141612
ENSMUSG00000020297.10	412.229074
ENSMUSG00000020299.6	0.06147
ENSMUSG00000020300.14	12.745617
ENSMUSG00000020303.2	0.587051
ENSMUSG00000020305.13	2.729135
ENSMUSG00000020307.15	74.610213
ENSMUSG00000020308.7	89.597643
ENSMUSG00000020309.6	10.56499
ENSMUSG00000020310.9	0.146069
ENSMUSG00000020311.17	21.619434
ENSMUSG00000020312.12	8.35335
ENSMUSG00000020315.18	14.766826
ENSMUSG00000020317.14	0.946586
ENSMUSG00000020319.9	2.303458
ENSMUSG00000020321.16	783.436836
ENSMUSG00000020323.14	0.774563
ENSMUSG00000020325.10	1.027568
ENSMUSG00000020326.7	13.752339
ENSMUSG00000020327.4	4.136118
ENSMUSG00000020328.10	11.483541
ENSMUSG00000020329.12	9.656012
ENSMUSG00000020330.16	0.04525
ENSMUSG00000020331.9	79.538987
ENSMUSG00000020332.7	0
ENSMUSG00000020333.17	43.833317
ENSMUSG00000020334.6	4.860293
ENSMUSG00000020335.13	0.482921
ENSMUSG00000020340.16	128.594467
ENSMUSG00000020346.16	28.715627
ENSMUSG00000020349.4	61.879146
ENSMUSG00000020354.15	0.283783
ENSMUSG00000020357.3	0.359563
ENSMUSG00000020358.17	55.104684
ENSMUSG00000020359.13	1.057935
ENSMUSG00000020361.13	23.885157
ENSMUSG00000020362.13	3.536985
ENSMUSG00000020363.6	1.56803
ENSMUSG00000020364.14	0.687559
ENSMUSG00000020366.18	52.923603
ENSMUSG00000020368.15	92.590674
ENSMUSG00000020372.15	271.616385
ENSMUSG00000020374.16	17.946873
ENSMUSG00000020375.9	10.298324
ENSMUSG00000020376.17	38.686291
ENSMUSG00000020377.15	6.593986
ENSMUSG00000020380.16	0.698196
ENSMUSG00000020381.10	13.423974
ENSMUSG00000020383.1	0
ENSMUSG00000020385.16	4.645279
ENSMUSG00000020386.5	73.120455
ENSMUSG00000020387.15	9.64007
ENSMUSG00000020388.12	13.462281
ENSMUSG00000020389.19	5.981555
ENSMUSG00000020390.12	86.313678
ENSMUSG00000020392.8	46.970622
ENSMUSG00000020393.16	3.988004
ENSMUSG00000020395.13	0.239467
ENSMUSG00000020396.8	28.634013
ENSMUSG00000020397.15	9.535256
ENSMUSG00000020399.14	0.6057
ENSMUSG00000020400.17	22.804659
ENSMUSG00000020401.6	0
ENSMUSG00000020402.11	447.098428
ENSMUSG00000020405.4	0.184618
ENSMUSG00000020407.13	5.31725
ENSMUSG00000020409.10	8.658152
ENSMUSG00000020411.2	2.229704
ENSMUSG00000020412.16	2.798454
ENSMUSG00000020413.11	1.980639
ENSMUSG00000020415.16	1.552621
ENSMUSG00000020419.11	0
ENSMUSG00000020420.8	0.059203
ENSMUSG00000020422.14	8.302112
ENSMUSG00000020423.6	4.673042
ENSMUSG00000020424.3	2.646974
ENSMUSG00000020427.11	6.212007
ENSMUSG00000020428.13	0.359656
ENSMUSG00000020429.7	0
ENSMUSG00000020430.12	18.424968
ENSMUSG00000020431.5	18.100256
ENSMUSG00000020432.12	17.333733
ENSMUSG00000020434.4	0.127716
ENSMUSG00000020435.17	42.404851
ENSMUSG00000020436.17	30.698666
ENSMUSG00000020437.12	0.062658
ENSMUSG00000020439.17	1.403994
ENSMUSG00000020440.13	249.25344
ENSMUSG00000020441.6	12.615656
ENSMUSG00000020444.19	180.97873
ENSMUSG00000020447.5	0.150211
ENSMUSG00000020448.16	16.138921
ENSMUSG00000020451.17	29.464251
ENSMUSG00000020453.17	18.293491
ENSMUSG00000020454.17	14.253008
ENSMUSG00000020455.16	6.940174
ENSMUSG00000020456.17	77.026067
ENSMUSG00000020457.13	61.992191
ENSMUSG00000020458.16	209.275099
ENSMUSG00000020459.14	1.817465
ENSMUSG00000020460.15	941.025851
ENSMUSG00000020461.10	0
ENSMUSG00000020462.14	41.345952
ENSMUSG00000020463.15	2.3527
ENSMUSG00000020464.15	1.644214
ENSMUSG00000020467.15	5.11063
ENSMUSG00000020469.8	0.067752
ENSMUSG00000020471.11	28.264079
ENSMUSG00000020472.14	3.515223
ENSMUSG00000020473.13	9.629535
ENSMUSG00000020474.11	2.357327
ENSMUSG00000020475.3	18.375476
ENSMUSG00000020476.14	63.25289
ENSMUSG00000020477.10	62.458349
ENSMUSG00000020481.15	0
ENSMUSG00000020482.4	4.060058
ENSMUSG00000020483.14	645.15223
ENSMUSG00000020484.19	53.193595
ENSMUSG00000020485.14	84.854371
ENSMUSG00000020486.19	233.41466
ENSMUSG00000020490.16	0
ENSMUSG00000020491.15	1.525446
ENSMUSG00000020492.11	2.458812
ENSMUSG00000020493.8	0.153646
ENSMUSG00000020495.13	5.205377
ENSMUSG00000020496.10	285.240983
ENSMUSG00000020513.15	1.680252
ENSMUSG00000020514.8	35.947074
ENSMUSG00000020515.13	25.075287
ENSMUSG00000020516.15	5.046457
ENSMUSG00000020519.5	33.676862
ENSMUSG00000020520.14	5.391348
ENSMUSG00000020521.7	3.171865
ENSMUSG00000020522.13	1.988361
ENSMUSG00000020523.14	7.769191
ENSMUSG00000020524.16	48.130008
ENSMUSG00000020525.17	5.022814
ENSMUSG00000020526.12	43.89648
ENSMUSG00000020527.14	0.401931
ENSMUSG00000020528.14	24.039996
ENSMUSG00000020530.14	9.048994
ENSMUSG00000020532.18	4.015455
ENSMUSG00000020534.14	1.502622
ENSMUSG00000020536.12	12.581051
ENSMUSG00000020537.9	42.769072
ENSMUSG00000020538.15	23.984958
ENSMUSG00000020541.12	10.908214
ENSMUSG00000020542.18	0
ENSMUSG00000020544.14	10.96932
ENSMUSG00000020545.14	0
ENSMUSG00000020546.14	1.623013
ENSMUSG00000020547.5	17.459347
ENSMUSG00000020548.10	0
ENSMUSG00000020549.14	11.944853
ENSMUSG00000020553.8	0.649241
ENSMUSG00000020561.8	2.026346
ENSMUSG00000020562.7	4.911075
ENSMUSG00000020564.17	11.155029
ENSMUSG00000020566.19	3.16534
ENSMUSG00000020570.15	23.768649
ENSMUSG00000020571.13	47.089769
ENSMUSG00000020572.8	4.637666
ENSMUSG00000020573.17	0.324057
ENSMUSG00000020576.10	10.531571
ENSMUSG00000020577.17	115.664908
ENSMUSG00000020580.10	8.600283
ENSMUSG00000020581.11	0
ENSMUSG00000020583.4	0
ENSMUSG00000020585.4	228.486881
ENSMUSG00000020589.17	15.907877
ENSMUSG00000020590.16	4.173652
ENSMUSG00000020591.11	151.059411
ENSMUSG00000020592.14	1.118794
ENSMUSG00000020593.16	3.942904
ENSMUSG00000020594.14	13.415446
ENSMUSG00000020598.16	42.710771
ENSMUSG00000020599.13	21.758325
ENSMUSG00000020600.13	0
ENSMUSG00000020601.8	10.904615
ENSMUSG00000020604.13	18.658316
ENSMUSG00000020605.9	7.059753
ENSMUSG00000020607.7	15.55214
ENSMUSG00000020608.7	6.474364
ENSMUSG00000020609.14	0.002124
ENSMUSG00000020610.17	20.154047
ENSMUSG00000020611.14	11.859247
ENSMUSG00000020612.16	213.077522
ENSMUSG00000020614.13	5.18925
ENSMUSG00000020617.13	0
ENSMUSG00000020620.14	0.452409
ENSMUSG00000020621.6	17.650806
ENSMUSG00000020622.17	0
ENSMUSG00000020623.11	3.155611
ENSMUSG00000020624.3	0
ENSMUSG00000020627.10	4.056726
ENSMUSG00000020628.16	32.554805
ENSMUSG00000020629.12	73.239498
ENSMUSG00000020630.9	4.655195
ENSMUSG00000020633.14	0
ENSMUSG00000020634.12	9.327619
ENSMUSG00000020635.8	47.121983
ENSMUSG00000020636.14	0.301713
ENSMUSG00000020638.8	5.764639
ENSMUSG00000020639.14	9.656396
ENSMUSG00000020640.10	4.811586
ENSMUSG00000020641.16	0.108805
ENSMUSG00000020642.13	7.247649
ENSMUSG00000020644.9	131.431756
ENSMUSG00000020646.17	6.914733
ENSMUSG00000020647.10	14.338756
ENSMUSG00000020648.3	2.386963
ENSMUSG00000020649.11	0.569761
ENSMUSG00000020650.15	17.756965
ENSMUSG00000020651.8	0.696069
ENSMUSG00000020652.17	1.034861
ENSMUSG00000020653.12	1.849197
ENSMUSG00000020654.15	16.939214
ENSMUSG00000020656.16	2.104298
ENSMUSG00000020657.16	31.045325
ENSMUSG00000020658.10	22.208482
ENSMUSG00000020659.16	4.692484
ENSMUSG00000020660.6	7.855774
ENSMUSG00000020661.15	3.540926
ENSMUSG00000020664.10	26.962739
ENSMUSG00000020668.10	56.87828
ENSMUSG00000020669.15	3.811248
ENSMUSG00000020671.9	38.741922
ENSMUSG00000020672.14	1.750723
ENSMUSG00000020673.14	0.140268
ENSMUSG00000020674.17	2.636651
ENSMUSG00000020676.2	0.030951
ENSMUSG00000020677.7	3.473091
ENSMUSG00000020679.11	0.394949
ENSMUSG00000020680.15	12.493491
ENSMUSG00000020681.14	10.506828
ENSMUSG00000020682.17	0.616391
ENSMUSG00000020684.14	85.520243
ENSMUSG00000020686.12	0.080606
ENSMUSG00000020687.13	3.415446
ENSMUSG00000020689.4	0.764539
ENSMUSG00000020690.12	0
ENSMUSG00000020691.13	4.039736
ENSMUSG00000020692.14	9.225426
ENSMUSG00000020694.17	8.338027
ENSMUSG00000020695.14	1.226852
ENSMUSG00000020696.18	3.844467
ENSMUSG00000020697.16	2.771522
ENSMUSG00000020698.11	0.052201
ENSMUSG00000020700.11	4.135096
ENSMUSG00000020701.12	7.388113
ENSMUSG00000020702.13	0.082875
ENSMUSG00000020703.3	0.072521
ENSMUSG00000020704.13	32.934628
ENSMUSG00000020705.6	11.809128
ENSMUSG00000020706.13	4.919708
ENSMUSG00000020707.6	2.341052
ENSMUSG00000020708.12	228.816889
ENSMUSG00000020709.15	0.714302
ENSMUSG00000020712.11	0.029164
ENSMUSG00000020713.6	0
ENSMUSG00000020715.9	1.06175
ENSMUSG00000020716.16	5.916988
ENSMUSG00000020717.19	2.621034
ENSMUSG00000020718.12	0.956981
ENSMUSG00000020719.14	67.113027
ENSMUSG00000020720.13	41.769816
ENSMUSG00000020721.16	1.229203
ENSMUSG00000020722.5	0.470352
ENSMUSG00000020723.3	12.899851
ENSMUSG00000020728.17	0.698875
ENSMUSG00000020732.13	9.608262
ENSMUSG00000020733.3	41.589714
ENSMUSG00000020734.13	10.507412
ENSMUSG00000020736.12	68.22997
ENSMUSG00000020737.12	114.340876
ENSMUSG00000020738.16	235.549352
ENSMUSG00000020739.11	11.768632
ENSMUSG00000020740.13	20.338246
ENSMUSG00000020741.17	18.943487
ENSMUSG00000020743.15	11.398634
ENSMUSG00000020744.13	28.257293
ENSMUSG00000020745.15	40.643341
ENSMUSG00000020747.18	13.726534
ENSMUSG00000020752.11	3.489594
ENSMUSG00000020755.9	30.944269
ENSMUSG00000020758.15	9.215622
ENSMUSG00000020766.4	16.069313
ENSMUSG00000020770.13	5.184988
ENSMUSG00000020773.11	2.183991
ENSMUSG00000020774.9	15.977817
ENSMUSG00000020775.13	51.994532
ENSMUSG00000020776.18	15.034414
ENSMUSG00000020777.16	44.399709
ENSMUSG00000020778.12	66.445535
ENSMUSG00000020780.15	32.858424
ENSMUSG00000020781.14	5.036898
ENSMUSG00000020782.18	0.878799
ENSMUSG00000020783.14	1.15796
ENSMUSG00000020785.17	51.15995
ENSMUSG00000020787.14	0.17208
ENSMUSG00000020788.15	1.823376
ENSMUSG00000020790.14	3.309789
ENSMUSG00000020792.15	36.733592
ENSMUSG00000020793.5	0
ENSMUSG00000020794.13	14.230956
ENSMUSG00000020798.14	0.296948
ENSMUSG00000020799.16	2.686491
ENSMUSG00000020801.8	15.47647
ENSMUSG00000020802.8	31.074779
ENSMUSG00000020803.3	38.067166
ENSMUSG00000020804.12	0
ENSMUSG00000020805.14	6.754988
ENSMUSG00000020806.15	0.106623
ENSMUSG00000020807.15	0.85314
ENSMUSG00000020808.3	0.379231
ENSMUSG00000020810.5	81.901406
ENSMUSG00000020811.16	65.655777
ENSMUSG00000020812.18	2.075169
ENSMUSG00000020814.13	15.608946
ENSMUSG00000020817.16	12.257747
ENSMUSG00000020818.16	18.424875
ENSMUSG00000020821.17	29.166473
ENSMUSG00000020823.16	56.552295
ENSMUSG00000020826.9	0.119622
ENSMUSG00000020827.18	56.445439
ENSMUSG00000020828.13	7.783829
ENSMUSG00000020829.9	11.570993
ENSMUSG00000020830.3	0
ENSMUSG00000020831.18	51.38817
ENSMUSG00000020832.14	11.38741
ENSMUSG00000020834.17	8.41019
ENSMUSG00000020836.15	5.299557
ENSMUSG00000020838.12	3.881392
ENSMUSG00000020839.16	0.058205
ENSMUSG00000020840.10	28.077538
ENSMUSG00000020841.5	6.992905
ENSMUSG00000020843.15	42.531171
ENSMUSG00000020844.6	7.150819
ENSMUSG00000020846.6	3.872833
ENSMUSG00000020847.15	1.219273
ENSMUSG00000020848.7	10.921783
ENSMUSG00000020849.13	518.14451
ENSMUSG00000020850.14	15.39723
ENSMUSG00000020857.11	118.52984
ENSMUSG00000020859.16	17.361082
ENSMUSG00000020863.15	6.116166
ENSMUSG00000020864.13	52.436478
ENSMUSG00000020865.16	1.631473
ENSMUSG00000020866.17	15.79385
ENSMUSG00000020867.13	0.157742
ENSMUSG00000020868.15	10.492612
ENSMUSG00000020869.8	47.175198
ENSMUSG00000020870.7	0.133299
ENSMUSG00000020871.8	0.173019
ENSMUSG00000020872.4	0
ENSMUSG00000020873.15	35.811096
ENSMUSG00000020875.9	0
ENSMUSG00000020876.14	14.709564
ENSMUSG00000020877.11	6.179872
ENSMUSG00000020878.6	1.571028
ENSMUSG00000020882.17	55.738962
ENSMUSG00000020883.18	4.557047
ENSMUSG00000020884.15	2.375799
ENSMUSG00000020886.17	371.49106
ENSMUSG00000020887.3	0.47462
ENSMUSG00000020888.16	3.144665
ENSMUSG00000020889.11	67.001463
ENSMUSG00000020890.11	0.628318
ENSMUSG00000020891.11	0.505389
ENSMUSG00000020892.10	2.720038
ENSMUSG00000020893.17	14.94795
ENSMUSG00000020894.16	1148.137596
ENSMUSG00000020895.14	14.343528
ENSMUSG00000020897.12	0.101625
ENSMUSG00000020898.18	24.208818
ENSMUSG00000020899.16	3.101899
ENSMUSG00000020900.15	21.520009
ENSMUSG00000020901.13	0.82454
ENSMUSG00000020902.12	4.250998
ENSMUSG00000020903.13	28.826073
ENSMUSG00000020904.11	0.942166
ENSMUSG00000020905.11	0.804241
ENSMUSG00000020907.1	0.097371
ENSMUSG00000020908.14	0.31279
ENSMUSG00000020910.16	7.677498
ENSMUSG00000020911.14	0.140169
ENSMUSG00000020912.4	2.52551
ENSMUSG00000020913.3	0
ENSMUSG00000020914.17	0.188501
ENSMUSG00000020916.8	0
ENSMUSG00000020917.17	48.66307
ENSMUSG00000020918.14	26.174021
ENSMUSG00000020919.11	9.388692
ENSMUSG00000020921.6	28.004969
ENSMUSG00000020922.11	27.414302
ENSMUSG00000020923.17	46.621993
ENSMUSG00000020925.16	12.940788
ENSMUSG00000020926.16	40.576651
ENSMUSG00000020928.14	4.900874
ENSMUSG00000020929.14	40.025048
ENSMUSG00000020930.9	2.846295
ENSMUSG00000020932.14	102.151919
ENSMUSG00000020935.8	30.205461
ENSMUSG00000020936.8	35.954331
ENSMUSG00000020937.14	6.265286
ENSMUSG00000020940.13	4.331217
ENSMUSG00000020941.7	0.912304
ENSMUSG00000020945.13	0
ENSMUSG00000020946.13	45.969606
ENSMUSG00000020948.9	1.656251
ENSMUSG00000020949.9	90.826183
ENSMUSG00000020950.10	27.777643
ENSMUSG00000020952.10	4.71089
ENSMUSG00000020953.17	6.816033
ENSMUSG00000020954.16	5.369741
ENSMUSG00000020955.9	45.166681
ENSMUSG00000020956.14	4.002312
ENSMUSG00000020961.15	1.542341
ENSMUSG00000020962.14	5.511304
ENSMUSG00000020963.15	0.121992
ENSMUSG00000020964.14	17.911248
ENSMUSG00000020973.7	1.263439
ENSMUSG00000020974.6	0.114812
ENSMUSG00000020978.10	84.910609
ENSMUSG00000020982.9	1.167999
ENSMUSG00000020986.13	23.435798
ENSMUSG00000020988.9	3.489946
ENSMUSG00000020990.5	9.841759
ENSMUSG00000020992.5	0.185086
ENSMUSG00000020993.9	52.164168
ENSMUSG00000020994.5	3.925094
ENSMUSG00000021000.17	10.890097
ENSMUSG00000021003.10	5.239286
ENSMUSG00000021007.14	4.502189
ENSMUSG00000021009.15	1.288962
ENSMUSG00000021010.9	2.751822
ENSMUSG00000021012.16	21.809426
ENSMUSG00000021013.16	6.498754
ENSMUSG00000021018.8	35.386981
ENSMUSG00000021022.9	4.150584
ENSMUSG00000021023.14	2.716251
ENSMUSG00000021024.14	111.749734
ENSMUSG00000021025.8	17.166815
ENSMUSG00000021027.17	4.035818
ENSMUSG00000021028.8	3.591432
ENSMUSG00000021032.13	19.01401
ENSMUSG00000021033.11	42.479949
ENSMUSG00000021036.10	7.316304
ENSMUSG00000021037.7	101.520551
ENSMUSG00000021038.17	22.614766
ENSMUSG00000021039.9	36.819685
ENSMUSG00000021040.15	67.8172
ENSMUSG00000021044.15	22.041829
ENSMUSG00000021047.7	12.807356
ENSMUSG00000021048.7	13.09705
ENSMUSG00000021051.10	11.650068
ENSMUSG00000021054.6	11.924587
ENSMUSG00000021055.14	0.059526
ENSMUSG00000021056.8	0.046614
ENSMUSG00000021057.15	3.861773
ENSMUSG00000021061.15	5.216243
ENSMUSG00000021062.15	95.221501
ENSMUSG00000021065.16	10.686122
ENSMUSG00000021066.9	37.061894
ENSMUSG00000021067.8	6.384482
ENSMUSG00000021068.17	0.841815
ENSMUSG00000021069.17	1.386013
ENSMUSG00000021070.6	1.178045
ENSMUSG00000021071.17	42.492501
ENSMUSG00000021072.12	16.518317
ENSMUSG00000021076.6	80.801473
ENSMUSG00000021078.5	0
ENSMUSG00000021079.16	20.772736
ENSMUSG00000021081.12	0
ENSMUSG00000021086.5	0
ENSMUSG00000021087.18	919.684151
ENSMUSG00000021090.16	0.17554
ENSMUSG00000021091.8	91.453106
ENSMUSG00000021094.10	13.160902
ENSMUSG00000021095.5	0.025676
ENSMUSG00000021096.11	113.702753
ENSMUSG00000021097.15	3.142607
ENSMUSG00000021098.14	0.742017
ENSMUSG00000021099.6	0.10236
ENSMUSG00000021101.2	0
ENSMUSG00000021102.4	47.434553
ENSMUSG00000021103.12	11.253485
ENSMUSG00000021108.18	2.49559
ENSMUSG00000021109.13	10.44761
ENSMUSG00000021111.15	13.391728
ENSMUSG00000021112.9	3.090129
ENSMUSG00000021113.5	2.878536
ENSMUSG00000021114.9	165.871528
ENSMUSG00000021115.15	4.899969
ENSMUSG00000021116.10	8.50961
ENSMUSG00000021118.7	0.39849
ENSMUSG00000021120.11	2.131203
ENSMUSG00000021123.12	1.511759
ENSMUSG00000021124.13	140.146517
ENSMUSG00000021125.6	2.396008
ENSMUSG00000021127.7	8.654996
ENSMUSG00000021130.8	63.952999
ENSMUSG00000021131.14	79.080733
ENSMUSG00000021133.9	9.172259
ENSMUSG00000021134.17	72.326271
ENSMUSG00000021135.8	0
ENSMUSG00000021136.13	7.818694
ENSMUSG00000021139.17	17.845922
ENSMUSG00000021140.9	7.303062
ENSMUSG00000021143.10	36.194085
ENSMUSG00000021144.14	21.962105
ENSMUSG00000021147.17	16.024044
ENSMUSG00000021148.11	0
ENSMUSG00000021149.8	6.117858
ENSMUSG00000021156.17	24.750484
ENSMUSG00000021171.8	4.913556
ENSMUSG00000021175.15	0.161247
ENSMUSG00000021176.6	0.153789
ENSMUSG00000021177.16	6.65025
ENSMUSG00000021178.9	127.746424
ENSMUSG00000021179.8	5.261939
ENSMUSG00000021180.9	2.855202
ENSMUSG00000021182.16	1.626566
ENSMUSG00000021185.16	2.824695
ENSMUSG00000021186.9	4.369901
ENSMUSG00000021187.14	0.016439
ENSMUSG00000021188.14	0.981997
ENSMUSG00000021189.11	2.592284
ENSMUSG00000021190.14	121.909871
ENSMUSG00000021192.16	6.540471
ENSMUSG00000021193.10	7.701749
ENSMUSG00000021194.6	199.099221
ENSMUSG00000021196.14	68.67675
ENSMUSG00000021198.16	1.745744
ENSMUSG00000021200.14	1.984981
ENSMUSG00000021203.15	10.615404
ENSMUSG00000021207.9	0
ENSMUSG00000021208.9	0
ENSMUSG00000021209.12	3.270611
ENSMUSG00000021210.16	0.045961
ENSMUSG00000021211.4	0.051683
ENSMUSG00000021213.12	0.893129
ENSMUSG00000021214.14	1.478624
ENSMUSG00000021215.15	8.414496
ENSMUSG00000021216.7	0
ENSMUSG00000021217.7	4.32709
ENSMUSG00000021218.10	112.103866
ENSMUSG00000021219.16	10.841639
ENSMUSG00000021221.15	2.466928
ENSMUSG00000021222.9	14.878961
ENSMUSG00000021223.13	0.220301
ENSMUSG00000021224.15	8.250141
ENSMUSG00000021226.7	5.126073
ENSMUSG00000021228.15	1.282172
ENSMUSG00000021234.9	2.227783
ENSMUSG00000021235.13	14.848814
ENSMUSG00000021236.16	7.602643
ENSMUSG00000021238.11	15.793678
ENSMUSG00000021239.12	0.615956
ENSMUSG00000021240.6	5.647498
ENSMUSG00000021241.7	72.203984
ENSMUSG00000021242.9	44.242449
ENSMUSG00000021243.14	20.343128
ENSMUSG00000021244.15	8.294736
ENSMUSG00000021245.15	3.177711
ENSMUSG00000021248.9	72.366372
ENSMUSG00000021250.13	7.18245
ENSMUSG00000021252.11	52.080886
ENSMUSG00000021253.7	4.788939
ENSMUSG00000021254.9	7.662997
ENSMUSG00000021255.17	1.706436
ENSMUSG00000021256.5	4.626958
ENSMUSG00000021257.14	4.195357
ENSMUSG00000021258.10	8.702855
ENSMUSG00000021259.5	119.891915
ENSMUSG00000021260.8	2.992831
ENSMUSG00000021262.15	142.324722
ENSMUSG00000021263.11	1.785807
ENSMUSG00000021264.12	9.015688
ENSMUSG00000021265.3	11.490895
ENSMUSG00000021266.16	47.718366
ENSMUSG00000021268.17	12.391146
ENSMUSG00000021270.13	120.699839
ENSMUSG00000021271.5	2.03432
ENSMUSG00000021273.11	63.096802
ENSMUSG00000021275.16	5.728539
ENSMUSG00000021276.10	42.979742
ENSMUSG00000021277.16	3.630867
ENSMUSG00000021278.7	10.208862
ENSMUSG00000021279.5	28.099094
ENSMUSG00000021280.9	2.30661
ENSMUSG00000021281.15	0.461094
ENSMUSG00000021282.17	35.088354
ENSMUSG00000021285.15	22.789273
ENSMUSG00000021286.8	20.796796
ENSMUSG00000021287.12	7.103482
ENSMUSG00000021288.19	425.179111
ENSMUSG00000021290.6	664.441233
ENSMUSG00000021294.7	0.548646
ENSMUSG00000021298.8	0.060878
ENSMUSG00000021301.9	3.322342
ENSMUSG00000021302.10	12.389072
ENSMUSG00000021303.14	18.231623
ENSMUSG00000021306.11	10.220764
ENSMUSG00000021311.9	0.524679
ENSMUSG00000021313.16	2.179798
ENSMUSG00000021314.13	57.387866
ENSMUSG00000021318.15	0.386905
ENSMUSG00000021319.7	0.413133
ENSMUSG00000021322.8	0
ENSMUSG00000021326.13	23.010543
ENSMUSG00000021327.19	5.278839
ENSMUSG00000021335.13	0
ENSMUSG00000021336.17	0
ENSMUSG00000021337.8	1.111449
ENSMUSG00000021338.17	5.304141
ENSMUSG00000021339.4	8.26764
ENSMUSG00000021340.13	12.529525
ENSMUSG00000021342.14	0.039503
ENSMUSG00000021345.16	0
ENSMUSG00000021346.14	0
ENSMUSG00000021347.3	0
ENSMUSG00000021348.3	0
ENSMUSG00000021356.10	0.091681
ENSMUSG00000021357.14	6.241666
ENSMUSG00000021359.16	0.110062
ENSMUSG00000021360.16	5.685413
ENSMUSG00000021361.7	79.350179
ENSMUSG00000021362.7	0
ENSMUSG00000021363.14	0.440513
ENSMUSG00000021364.16	3.793777
ENSMUSG00000021365.15	1.25321
ENSMUSG00000021366.8	4.183169
ENSMUSG00000021367.8	0.399813
ENSMUSG00000021368.15	19.581835
ENSMUSG00000021371.5	4.00048
ENSMUSG00000021373.16	67.116198
ENSMUSG00000021374.10	3.332599
ENSMUSG00000021375.11	5.778954
ENSMUSG00000021376.11	3.580084
ENSMUSG00000021377.15	15.052332
ENSMUSG00000021379.2	17.495587
ENSMUSG00000021381.4	0
ENSMUSG00000021384.14	1.376953
ENSMUSG00000021385.10	4.090217
ENSMUSG00000021388.14	0.275823
ENSMUSG00000021390.6	1.372078
ENSMUSG00000021391.10	1.274556
ENSMUSG00000021392.8	0.912833
ENSMUSG00000021395.11	46.958508
ENSMUSG00000021396.5	0.282944
ENSMUSG00000021400.8	30.020044
ENSMUSG00000021403.3	0
ENSMUSG00000021404.12	0
ENSMUSG00000021408.15	0.375582
ENSMUSG00000021411.16	5.678294
ENSMUSG00000021413.9	3.206938
ENSMUSG00000021414.8	0.102869
ENSMUSG00000021415.13	0
ENSMUSG00000021416.11	0.143765
ENSMUSG00000021417.15	29.139219
ENSMUSG00000021418.15	3.100307
ENSMUSG00000021420.13	22.236208
ENSMUSG00000021423.6	7.317445
ENSMUSG00000021427.10	17.642552
ENSMUSG00000021428.9	2.70209
ENSMUSG00000021431.15	3.32506
ENSMUSG00000021432.15	3.122214
ENSMUSG00000021439.8	0
ENSMUSG00000021440.7	0
ENSMUSG00000021441.4	0
ENSMUSG00000021448.8	4.448141
ENSMUSG00000021451.16	34.889179
ENSMUSG00000021453.2	14.000165
ENSMUSG00000021456.8	0.309402
ENSMUSG00000021457.14	0.667062
ENSMUSG00000021458.17	10.369616
ENSMUSG00000021460.17	64.189646
ENSMUSG00000021461.17	3.705551
ENSMUSG00000021464.14	0.331192
ENSMUSG00000021466.12	8.195362
ENSMUSG00000021468.8	10.311453
ENSMUSG00000021469.9	0.147712
ENSMUSG00000021470.19	1.271856
ENSMUSG00000021474.9	20.43612
ENSMUSG00000021476.9	113.929025
ENSMUSG00000021477.9	62.911979
ENSMUSG00000021478.6	7.19564
ENSMUSG00000021481.11	11.591626
ENSMUSG00000021482.10	7.438826
ENSMUSG00000021483.8	5.804939
ENSMUSG00000021484.8	26.312839
ENSMUSG00000021485.14	0.38974
ENSMUSG00000021486.7	155.381433
ENSMUSG00000021488.8	4.430782
ENSMUSG00000021490.11	0.042213
ENSMUSG00000021492.15	0.929897
ENSMUSG00000021493.15	47.380076
ENSMUSG00000021494.9	17.29019
ENSMUSG00000021495.10	8.315477
ENSMUSG00000021496.12	26.141823
ENSMUSG00000021497.10	53.097416
ENSMUSG00000021499.12	0.074107
ENSMUSG00000021500.17	4.240358
ENSMUSG00000021501.4	21.383876
ENSMUSG00000021504.14	14.429055
ENSMUSG00000021506.7	0.160732
ENSMUSG00000021508.11	95.977833
ENSMUSG00000021509.5	0.096399
ENSMUSG00000021510.11	1.333992
ENSMUSG00000021514.18	5.688402
ENSMUSG00000021518.4	33.26496
ENSMUSG00000021519.11	6.587053
ENSMUSG00000021520.4	220.945901
ENSMUSG00000021532.11	4.730821
ENSMUSG00000021534.8	17.875253
ENSMUSG00000021536.7	29.538583
ENSMUSG00000021537.9	31.211445
ENSMUSG00000021538.3	0
ENSMUSG00000021539.9	0
ENSMUSG00000021540.16	3.384759
ENSMUSG00000021541.14	1.406788
ENSMUSG00000021545.5	0
ENSMUSG00000021546.18	162.743612
ENSMUSG00000021548.10	14.117183
ENSMUSG00000021549.14	6.324957
ENSMUSG00000021550.6	6.375419
ENSMUSG00000021552.7	9.502611
ENSMUSG00000021553.14	0.076586
ENSMUSG00000021555.15	22.111415
ENSMUSG00000021556.12	3.002236
ENSMUSG00000021557.15	37.125431
ENSMUSG00000021559.14	15.274548
ENSMUSG00000021565.16	0.172287
ENSMUSG00000021566.7	0
ENSMUSG00000021567.15	1.101201
ENSMUSG00000021569.10	0.168656
ENSMUSG00000021572.9	0.509635
ENSMUSG00000021573.15	46.874792
ENSMUSG00000021575.16	0.048971
ENSMUSG00000021576.6	51.075989
ENSMUSG00000021577.14	91.995841
ENSMUSG00000021578.17	13.308146
ENSMUSG00000021579.4	0.152145
ENSMUSG00000021583.7	1.325408
ENSMUSG00000021585.10	1.109356
ENSMUSG00000021587.5	3.99844
ENSMUSG00000021589.13	3.759649
ENSMUSG00000021590.7	0.12732
ENSMUSG00000021591.8	82.624321
ENSMUSG00000021592.18	0.945538
ENSMUSG00000021594.11	4.922937
ENSMUSG00000021595.18	18.587127
ENSMUSG00000021596.16	6.02909
ENSMUSG00000021597.16	1.162065
ENSMUSG00000021598.9	30.164516
ENSMUSG00000021600.5	0
ENSMUSG00000021604.15	0.088859
ENSMUSG00000021606.8	264.422927
ENSMUSG00000021607.9	45.666307
ENSMUSG00000021608.15	16.86213
ENSMUSG00000021609.6	7.655784
ENSMUSG00000021610.8	88.775512
ENSMUSG00000021611.9	0.110693
ENSMUSG00000021612.15	0
ENSMUSG00000021613.9	3.244838
ENSMUSG00000021614.16	0.783252
ENSMUSG00000021615.13	3.203656
ENSMUSG00000021619.6	5.946989
ENSMUSG00000021620.4	0.046289
ENSMUSG00000021621.15	3.549024
ENSMUSG00000021622.3	0
ENSMUSG00000021624.9	0.448056
ENSMUSG00000021629.10	12.198537
ENSMUSG00000021631.8	0.412337
ENSMUSG00000021635.14	3.070165
ENSMUSG00000021636.15	0.310866
ENSMUSG00000021638.12	1.514511
ENSMUSG00000021639.17	8.108214
ENSMUSG00000021640.6	0.006322
ENSMUSG00000021643.15	24.479776
ENSMUSG00000021645.16	17.127555
ENSMUSG00000021646.9	8.612184
ENSMUSG00000021647.7	34.187084
ENSMUSG00000021650.7	25.078943
ENSMUSG00000021660.14	186.645828
ENSMUSG00000021661.16	18.019737
ENSMUSG00000021662.11	3.82991
ENSMUSG00000021665.9	77.511151
ENSMUSG00000021666.16	3.863306
ENSMUSG00000021668.15	0.69819
ENSMUSG00000021669.15	7.4655
ENSMUSG00000021670.14	13.878922
ENSMUSG00000021671.9	4.723741
ENSMUSG00000021675.4	0.494047
ENSMUSG00000021676.10	1.162926
ENSMUSG00000021678.9	0.043707
ENSMUSG00000021679.4	0
ENSMUSG00000021680.8	10.554246
ENSMUSG00000021681.8	12.831973
ENSMUSG00000021684.17	20.592794
ENSMUSG00000021685.11	2.391967
ENSMUSG00000021686.6	9.620237
ENSMUSG00000021687.14	47.211403
ENSMUSG00000021690.10	3.769918
ENSMUSG00000021692.9	4.700566
ENSMUSG00000021693.20	7.891546
ENSMUSG00000021694.18	5.666568
ENSMUSG00000021696.9	3.109374
ENSMUSG00000021697.12	0.140903
ENSMUSG00000021699.17	4.281411
ENSMUSG00000021700.10	18.128461
ENSMUSG00000021701.8	47.180578
ENSMUSG00000021702.7	0.732649
ENSMUSG00000021703.9	10.647809
ENSMUSG00000021704.8	2.935672
ENSMUSG00000021706.14	0.859107
ENSMUSG00000021707.5	0.466063
ENSMUSG00000021708.17	9.290386
ENSMUSG00000021709.14	4.924681
ENSMUSG00000021710.11	6.475146
ENSMUSG00000021711.17	9.818571
ENSMUSG00000021712.15	8.099818
ENSMUSG00000021713.9	0.784379
ENSMUSG00000021714.15	0.074435
ENSMUSG00000021715.12	2.233533
ENSMUSG00000021716.14	5.892712
ENSMUSG00000021718.5	0
ENSMUSG00000021719.9	13.879247
ENSMUSG00000021720.11	4.736578
ENSMUSG00000021721.5	6.32951
ENSMUSG00000021725.9	2.565997
ENSMUSG00000021728.8	9.019929
ENSMUSG00000021730.8	2.540264
ENSMUSG00000021731.10	8.269977
ENSMUSG00000021732.14	1.615436
ENSMUSG00000021733.11	1.03479
ENSMUSG00000021737.4	47.89443
ENSMUSG00000021738.5	1.414833
ENSMUSG00000021741.4	0
ENSMUSG00000021743.6	10.21667
ENSMUSG00000021745.14	6.168646
ENSMUSG00000021747.12	1.297882
ENSMUSG00000021748.9	105.24443
ENSMUSG00000021749.6	0.026034
ENSMUSG00000021750.16	64.996569
ENSMUSG00000021751.13	0.074247
ENSMUSG00000021752.13	20.509475
ENSMUSG00000021754.17	0.63444
ENSMUSG00000021756.12	7.852769
ENSMUSG00000021758.14	0.108381
ENSMUSG00000021759.14	16.11938
ENSMUSG00000021760.5	4.873408
ENSMUSG00000021763.17	0.349836
ENSMUSG00000021764.8	133.520209
ENSMUSG00000021765.9	1.535562
ENSMUSG00000021767.19	2.381653
ENSMUSG00000021768.15	0.04652
ENSMUSG00000021770.11	7.900372
ENSMUSG00000021771.14	167.79612
ENSMUSG00000021772.15	31.360114
ENSMUSG00000021773.11	35.600094
ENSMUSG00000021774.13	89.484845
ENSMUSG00000021775.11	15.668397
ENSMUSG00000021779.17	5.799041
ENSMUSG00000021782.14	4.621662
ENSMUSG00000021785.8	6.035546
ENSMUSG00000021786.13	2.015211
ENSMUSG00000021789.14	0
ENSMUSG00000021790.12	0
ENSMUSG00000021791.7	1.092288
ENSMUSG00000021792.15	108.682
ENSMUSG00000021794.16	63.026699
ENSMUSG00000021795.10	0
ENSMUSG00000021796.15	3.573175
ENSMUSG00000021797.2	0
ENSMUSG00000021798.14	0.870904
ENSMUSG00000021799.9	1.37844
ENSMUSG00000021803.10	8.091728
ENSMUSG00000021804.6	0
ENSMUSG00000021806.4	0.417376
ENSMUSG00000021807.6	42.830909
ENSMUSG00000021809.10	4.144172
ENSMUSG00000021810.3	12.5596
ENSMUSG00000021811.7	24.857673
ENSMUSG00000021814.17	31.999222
ENSMUSG00000021815.4	0.050967
ENSMUSG00000021816.11	115.01633
ENSMUSG00000021819.11	26.196428
ENSMUSG00000021820.18	107.886716
ENSMUSG00000021822.3	1.423438
ENSMUSG00000021823.10	2.658679
ENSMUSG00000021824.13	5.101619
ENSMUSG00000021830.14	11.822693
ENSMUSG00000021831.9	5.166187
ENSMUSG00000021832.8	16.384612
ENSMUSG00000021835.15	1.321336
ENSMUSG00000021838.17	3.857186
ENSMUSG00000021840.17	11.455687
ENSMUSG00000021843.17	4.497637
ENSMUSG00000021846.9	6.541876
ENSMUSG00000021848.16	3.114125
ENSMUSG00000021850.14	0
ENSMUSG00000021852.14	7.597614
ENSMUSG00000021866.15	17.162442
ENSMUSG00000021867.16	18.947784
ENSMUSG00000021868.7	24.112901
ENSMUSG00000021870.17	10.433245
ENSMUSG00000021871.19	5.977715
ENSMUSG00000021872.8	0.187591
ENSMUSG00000021874.12	0
ENSMUSG00000021876.15	11.364193
ENSMUSG00000021877.12	84.493543
ENSMUSG00000021879.13	0.014208
ENSMUSG00000021880.7	0.061574
ENSMUSG00000021884.18	2.970476
ENSMUSG00000021886.7	0.029614
ENSMUSG00000021890.6	3.499889
ENSMUSG00000021891.8	5.039707
ENSMUSG00000021892.14	22.760327
ENSMUSG00000021893.14	3.74962
ENSMUSG00000021895.10	12.162377
ENSMUSG00000021898.16	0
ENSMUSG00000021900.10	8.773251
ENSMUSG00000021901.10	53.729273
ENSMUSG00000021902.7	3.306602
ENSMUSG00000021903.11	0.473881
ENSMUSG00000021904.6	0.526576
ENSMUSG00000021905.14	26.089853
ENSMUSG00000021906.14	8.947
ENSMUSG00000021907.13	0
ENSMUSG00000021908.10	4.300024
ENSMUSG00000021910.15	135.720828
ENSMUSG00000021911.16	4.080225
ENSMUSG00000021913.8	35.246779
ENSMUSG00000021916.16	4.936035
ENSMUSG00000021917.16	264.624401
ENSMUSG00000021918.10	3.513944
ENSMUSG00000021919.8	1.818307
ENSMUSG00000021922.17	0.061105
ENSMUSG00000021927.7	0
ENSMUSG00000021928.9	3.647557
ENSMUSG00000021929.9	7.774634
ENSMUSG00000021930.14	28.744581
ENSMUSG00000021932.13	7.764525
ENSMUSG00000021933.11	0.011816
ENSMUSG00000021936.14	8.935487
ENSMUSG00000021938.12	10.229973
ENSMUSG00000021939.8	320.58505
ENSMUSG00000021940.10	0.150628
ENSMUSG00000021943.7	1.569851
ENSMUSG00000021944.15	0
ENSMUSG00000021945.9	4.154456
ENSMUSG00000021947.11	16.973122
ENSMUSG00000021948.17	30.892012
ENSMUSG00000021950.15	0.01645
ENSMUSG00000021951.7	50.337338
ENSMUSG00000021952.16	0.655843
ENSMUSG00000021953.14	0.291774
ENSMUSG00000021957.7	140.832546
ENSMUSG00000021958.5	2.480524
ENSMUSG00000021959.16	3.486875
ENSMUSG00000021961.6	0
ENSMUSG00000021962.9	4.507948
ENSMUSG00000021963.17	170.353836
ENSMUSG00000021965.3	0.215195
ENSMUSG00000021966.7	0
ENSMUSG00000021967.4	50.542173
ENSMUSG00000021969.8	6.098261
ENSMUSG00000021972.14	6.421603
ENSMUSG00000021973.9	8.43599
ENSMUSG00000021974.15	9.677713
ENSMUSG00000021975.9	4.897941
ENSMUSG00000021977.11	0
ENSMUSG00000021978.9	29.522021
ENSMUSG00000021981.10	13.790175
ENSMUSG00000021982.14	15.164485
ENSMUSG00000021983.16	2.80652
ENSMUSG00000021986.9	2.862319
ENSMUSG00000021987.9	19.788504
ENSMUSG00000021990.16	2.942948
ENSMUSG00000021991.9	8.187931
ENSMUSG00000021993.10	11.260249
ENSMUSG00000021994.15	2.446743
ENSMUSG00000021996.16	61.057878
ENSMUSG00000021997.4	0
ENSMUSG00000021998.16	2.284169
ENSMUSG00000021999.9	0
ENSMUSG00000022000.11	3.791341
ENSMUSG00000022002.2	0
ENSMUSG00000022003.7	2.65305
ENSMUSG00000022008.4	6.219652
ENSMUSG00000022009.1	2.390742
ENSMUSG00000022010.19	265.860591
ENSMUSG00000022012.9	4.265633
ENSMUSG00000022013.4	33.002589
ENSMUSG00000022014.15	0.297854
ENSMUSG00000022015.8	0
ENSMUSG00000022016.17	7.381288
ENSMUSG00000022018.7	40.708336
ENSMUSG00000022019.16	2.820435
ENSMUSG00000022020.15	0.683995
ENSMUSG00000022021.14	1.046013
ENSMUSG00000022022.3	1.856771
ENSMUSG00000022023.6	11.073618
ENSMUSG00000022024.10	28.656598
ENSMUSG00000022025.13	1.035359
ENSMUSG00000022026.7	0.202863
ENSMUSG00000022031.6	37.783788
ENSMUSG00000022032.14	0.247872
ENSMUSG00000022033.9	0.501354
ENSMUSG00000022034.10	0
ENSMUSG00000022035.6	6.721569
ENSMUSG00000022037.15	768.035537
ENSMUSG00000022039.6	0.022215
ENSMUSG00000022040.8	7.976349
ENSMUSG00000022041.10	0.268951
ENSMUSG00000022043.19	56.634215
ENSMUSG00000022044.14	406.973229
ENSMUSG00000022048.8	83.317637
ENSMUSG00000022051.15	51.115894
ENSMUSG00000022052.9	31.127146
ENSMUSG00000022053.13	0.377569
ENSMUSG00000022054.11	49.463402
ENSMUSG00000022055.7	179.805874
ENSMUSG00000022056.9	0
ENSMUSG00000022057.8	0.024738
ENSMUSG00000022061.8	0.492013
ENSMUSG00000022064.10	1.407821
ENSMUSG00000022066.16	18.169931
ENSMUSG00000022070.7	0.274778
ENSMUSG00000022074.6	0.643959
ENSMUSG00000022075.7	22.39119
ENSMUSG00000022076.10	0.766734
ENSMUSG00000022085.4	0.248432
ENSMUSG00000022089.9	6.194587
ENSMUSG00000022090.10	29.161752
ENSMUSG00000022091.6	11.956107
ENSMUSG00000022092.11	9.089328
ENSMUSG00000022094.15	6.783172
ENSMUSG00000022095.9	7.876278
ENSMUSG00000022096.14	6.248274
ENSMUSG00000022097.4	1.183959
ENSMUSG00000022098.10	4.747344
ENSMUSG00000022099.17	189.380996
ENSMUSG00000022100.14	12.07227
ENSMUSG00000022101.6	0.259391
ENSMUSG00000022102.13	0.394096
ENSMUSG00000022103.10	28.395438
ENSMUSG00000022105.6	3.581516
ENSMUSG00000022106.14	5.393872
ENSMUSG00000022108.8	498.656306
ENSMUSG00000022109.6	14.020895
ENSMUSG00000022110.13	22.856232
ENSMUSG00000022111.9	28.325356
ENSMUSG00000022112.14	7.721055
ENSMUSG00000022113.6	0
ENSMUSG00000022114.5	28.719398
ENSMUSG00000022116.7	0
ENSMUSG00000022119.15	3.682988
ENSMUSG00000022120.4	2.2894
ENSMUSG00000022122.15	11.944546
ENSMUSG00000022123.9	0.162086
ENSMUSG00000022124.15	19.486516
ENSMUSG00000022125.7	7.827368
ENSMUSG00000022126.6	0.011454
ENSMUSG00000022129.4	0.539559
ENSMUSG00000022130.10	0.990955
ENSMUSG00000022131.3	16.762699
ENSMUSG00000022132.15	29.464581
ENSMUSG00000022136.8	5.367656
ENSMUSG00000022139.17	32.626787
ENSMUSG00000022141.7	0.551525
ENSMUSG00000022142.8	1.712298
ENSMUSG00000022144.4	0.200295
ENSMUSG00000022146.12	0.200355
ENSMUSG00000022148.16	0.326033
ENSMUSG00000022149.18	0
ENSMUSG00000022150.16	2.308156
ENSMUSG00000022151.16	32.872516
ENSMUSG00000022155.9	0
ENSMUSG00000022156.8	0
ENSMUSG00000022157.8	0
ENSMUSG00000022159.16	16.497065
ENSMUSG00000022160.18	9.428004
ENSMUSG00000022174.8	161.71146
ENSMUSG00000022175.9	14.740445
ENSMUSG00000022176.11	8.736657
ENSMUSG00000022177.9	4.529623
ENSMUSG00000022178.11	0.467249
ENSMUSG00000022179.5	4.522079
ENSMUSG00000022180.7	17.095455
ENSMUSG00000022181.16	0
ENSMUSG00000022184.8	3.148522
ENSMUSG00000022185.19	29.024509
ENSMUSG00000022186.14	37.497213
ENSMUSG00000022187.2	0
ENSMUSG00000022191.16	19.504457
ENSMUSG00000022193.7	186.941597
ENSMUSG00000022194.15	63.604067
ENSMUSG00000022195.7	8.377523
ENSMUSG00000022197.16	1.79948
ENSMUSG00000022199.12	539.456562
ENSMUSG00000022200.8	36.847737
ENSMUSG00000022201.16	34.66046
ENSMUSG00000022203.7	5.447091
ENSMUSG00000022204.9	23.904429
ENSMUSG00000022205.15	167.178626
ENSMUSG00000022206.7	0.685691
ENSMUSG00000022208.12	79.405111
ENSMUSG00000022209.12	0.051351
ENSMUSG00000022210.7	13.002988
ENSMUSG00000022211.9	3.962754
ENSMUSG00000022212.15	93.744109
ENSMUSG00000022214.15	45.297164
ENSMUSG00000022215.6	0.070552
ENSMUSG00000022216.17	65.516861
ENSMUSG00000022217.14	68.288801
ENSMUSG00000022218.16	0.032922
ENSMUSG00000022219.10	7.602065
ENSMUSG00000022220.14	0.416464
ENSMUSG00000022221.14	0.092609
ENSMUSG00000022223.9	142.961322
ENSMUSG00000022225.7	0.062454
ENSMUSG00000022226.6	0
ENSMUSG00000022227.5	0
ENSMUSG00000022228.14	5.163195
ENSMUSG00000022229.3	0.029703
ENSMUSG00000022231.10	2.643232
ENSMUSG00000022234.15	80.029501
ENSMUSG00000022235.15	16.971779
ENSMUSG00000022236.10	1.256812
ENSMUSG00000022237.17	5.308473
ENSMUSG00000022240.10	34.375767
ENSMUSG00000022241.6	4.62378
ENSMUSG00000022243.10	0.049923
ENSMUSG00000022244.7	9.614125
ENSMUSG00000022245.15	0.402121
ENSMUSG00000022246.14	1.236037
ENSMUSG00000022247.12	3.142965
ENSMUSG00000022248.14	9.16472
ENSMUSG00000022249.14	0
ENSMUSG00000022253.15	9.660526
ENSMUSG00000022255.16	8.804743
ENSMUSG00000022257.4	76.58126
ENSMUSG00000022261.6	16.166312
ENSMUSG00000022262.8	0.048934
ENSMUSG00000022263.10	17.405523
ENSMUSG00000022265.7	73.626477
ENSMUSG00000022269.13	5.424428
ENSMUSG00000022270.16	20.964219
ENSMUSG00000022272.17	4.664481
ENSMUSG00000022280.9	3.546616
ENSMUSG00000022283.15	43.597242
ENSMUSG00000022285.17	357.637924
ENSMUSG00000022286.16	0.016289
ENSMUSG00000022288.1	0
ENSMUSG00000022292.16	5.468116
ENSMUSG00000022295.8	116.245814
ENSMUSG00000022296.9	97.005729
ENSMUSG00000022297.15	0.905393
ENSMUSG00000022299.9	1.301122
ENSMUSG00000022300.10	7.666053
ENSMUSG00000022303.9	0.016999
ENSMUSG00000022304.13	0.057973
ENSMUSG00000022305.13	12.412394
ENSMUSG00000022306.9	2.162287
ENSMUSG00000022307.16	26.258624
ENSMUSG00000022309.9	0.844027
ENSMUSG00000022311.15	0.394067
ENSMUSG00000022312.11	172.531911
ENSMUSG00000022313.10	5.091214
ENSMUSG00000022314.10	25.229762
ENSMUSG00000022315.3	0.015616
ENSMUSG00000022321.15	7.351446
ENSMUSG00000022322.8	0.084938
ENSMUSG00000022323.11	55.54094
ENSMUSG00000022324.15	5.444815
ENSMUSG00000022325.14	1.263675
ENSMUSG00000022329.15	1.558119
ENSMUSG00000022330.5	0.054327
ENSMUSG00000022332.8	110.311622
ENSMUSG00000022335.17	1.145307
ENSMUSG00000022336.3	43.535726
ENSMUSG00000022337.7	18.310422
ENSMUSG00000022338.8	29.729616
ENSMUSG00000022339.9	15.857614
ENSMUSG00000022340.15	33.271547
ENSMUSG00000022342.6	8.894067
ENSMUSG00000022346.16	2.17974
ENSMUSG00000022347.8	0
ENSMUSG00000022350.7	9.331216
ENSMUSG00000022351.14	22.445441
ENSMUSG00000022353.10	8.683635
ENSMUSG00000022354.4	648.714908
ENSMUSG00000022357.2	0.275338
ENSMUSG00000022358.7	2.060476
ENSMUSG00000022359.10	16.623254
ENSMUSG00000022360.8	1.02109
ENSMUSG00000022361.14	4.602421
ENSMUSG00000022362.13	2.971992
ENSMUSG00000022364.14	1.283441
ENSMUSG00000022365.6	36.932174
ENSMUSG00000022366.12	0
ENSMUSG00000022367.7	0.034504
ENSMUSG00000022369.13	1.365526
ENSMUSG00000022370.13	60.477968
ENSMUSG00000022371.16	0.196009
ENSMUSG00000022372.14	1.817263
ENSMUSG00000022375.6	0.778612
ENSMUSG00000022376.8	4.028582
ENSMUSG00000022377.16	12.058024
ENSMUSG00000022378.14	37.7659
ENSMUSG00000022382.15	21.847329
ENSMUSG00000022383.13	0.415581
ENSMUSG00000022385.11	0.212222
ENSMUSG00000022386.12	10.086971
ENSMUSG00000022387.17	9.555016
ENSMUSG00000022388.14	0.047106
ENSMUSG00000022389.15	90.585178
ENSMUSG00000022390.11	32.47245
ENSMUSG00000022391.16	130.00498
ENSMUSG00000022394.14	15.514167
ENSMUSG00000022400.9	107.242364
ENSMUSG00000022401.12	1.782253
ENSMUSG00000022403.15	49.19113
ENSMUSG00000022404.8	19.28521
ENSMUSG00000022407.10	20.968742
ENSMUSG00000022408.7	0.258677
ENSMUSG00000022412.14	6.991887
ENSMUSG00000022414.8	13.209434
ENSMUSG00000022415.12	194.23145
ENSMUSG00000022416.15	8.641417
ENSMUSG00000022419.16	1.72731
ENSMUSG00000022420.16	51.172983
ENSMUSG00000022421.19	249.087245
ENSMUSG00000022422.13	0.04238
ENSMUSG00000022425.16	97.078781
ENSMUSG00000022426.6	32.085707
ENSMUSG00000022427.4	106.006696
ENSMUSG00000022428.8	53.614643
ENSMUSG00000022429.11	0
ENSMUSG00000022431.3	0.056141
ENSMUSG00000022432.7	0.028959
ENSMUSG00000022433.20	45.822491
ENSMUSG00000022434.8	10.956629
ENSMUSG00000022435.6	0.305795
ENSMUSG00000022436.16	6.817007
ENSMUSG00000022437.7	38.70867
ENSMUSG00000022438.6	8.435488
ENSMUSG00000022439.9	4.435651
ENSMUSG00000022440.9	1.307324
ENSMUSG00000022441.17	1.300503
ENSMUSG00000022442.16	30.188304
ENSMUSG00000022443.17	2.285958
ENSMUSG00000022445.7	0.043488
ENSMUSG00000022449.14	0.775881
ENSMUSG00000022450.6	335.427804
ENSMUSG00000022451.12	16.374767
ENSMUSG00000022452.16	396.140443
ENSMUSG00000022453.8	22.5906
ENSMUSG00000022454.17	190.890779
ENSMUSG00000022455.4	0
ENSMUSG00000022456.18	141.908065
ENSMUSG00000022462.7	18.35578
ENSMUSG00000022463.8	67.910838
ENSMUSG00000022464.14	0.389495
ENSMUSG00000022466.6	7.465506
ENSMUSG00000022468.12	2.874146
ENSMUSG00000022469.17	7.513986
ENSMUSG00000022471.14	7.089351
ENSMUSG00000022472.16	70.614176
ENSMUSG00000022474.15	212.314927
ENSMUSG00000022475.19	2.42952
ENSMUSG00000022476.8	42.732396
ENSMUSG00000022477.13	187.469168
ENSMUSG00000022479.15	0.260598
ENSMUSG00000022483.17	0.165363
ENSMUSG00000022484.7	0
ENSMUSG00000022485.3	0.765203
ENSMUSG00000022487.14	0.053744
ENSMUSG00000022488.9	2.242341
ENSMUSG00000022489.6	127.495383
ENSMUSG00000022490.7	114.734379
ENSMUSG00000022491.5	0.062066
ENSMUSG00000022494.15	15.416635
ENSMUSG00000022496.5	0.219484
ENSMUSG00000022498.16	9.5135
ENSMUSG00000022500.15	23.137711
ENSMUSG00000022501.6	0
ENSMUSG00000022503.10	8.000947
ENSMUSG00000022504.10	0.048059
ENSMUSG00000022505.9	4.825498
ENSMUSG00000022507.6	12.381427
ENSMUSG00000022508.5	7.154916
ENSMUSG00000022510.14	0.233031
ENSMUSG00000022512.3	0.666201
ENSMUSG00000022514.14	3.795879
ENSMUSG00000022515.6	9.996649
ENSMUSG00000022516.10	65.781538
ENSMUSG00000022517.17	95.795348
ENSMUSG00000022518.16	0
ENSMUSG00000022519.14	1.371997
ENSMUSG00000022521.10	4.939041
ENSMUSG00000022523.10	49.75459
ENSMUSG00000022525.13	6.493042
ENSMUSG00000022526.8	13.304207
ENSMUSG00000022528.8	6.648057
ENSMUSG00000022529.11	4.384992
ENSMUSG00000022533.14	3.450459
ENSMUSG00000022534.14	0
ENSMUSG00000022536.14	69.590831
ENSMUSG00000022537.18	15.056552
ENSMUSG00000022538.20	4.788237
ENSMUSG00000022540.16	149.101268
ENSMUSG00000022542.7	0
ENSMUSG00000022543.9	2.87157
ENSMUSG00000022544.14	3.596691
ENSMUSG00000022545.13	4.413694
ENSMUSG00000022546.5	12.356016
ENSMUSG00000022548.14	299.68753
ENSMUSG00000022550.18	6.560561
ENSMUSG00000022551.8	297.432599
ENSMUSG00000022552.16	44.454521
ENSMUSG00000022553.16	86.528887
ENSMUSG00000022554.7	5.590216
ENSMUSG00000022555.12	13.860418
ENSMUSG00000022556.11	18.169005
ENSMUSG00000022557.11	25.464436
ENSMUSG00000022558.16	30.450265
ENSMUSG00000022559.8	12.853737
ENSMUSG00000022560.9	5.976637
ENSMUSG00000022561.13	35.01123
ENSMUSG00000022562.15	6.685947
ENSMUSG00000022564.7	446.508611
ENSMUSG00000022565.15	1.871115
ENSMUSG00000022568.17	6.947978
ENSMUSG00000022570.7	24.000945
ENSMUSG00000022571.9	25.21621
ENSMUSG00000022574.7	4.423885
ENSMUSG00000022575.5	0.936711
ENSMUSG00000022577.17	325.732941
ENSMUSG00000022579.10	0.129659
ENSMUSG00000022580.13	3.477352
ENSMUSG00000022582.4	0
ENSMUSG00000022583.12	0
ENSMUSG00000022584.14	0.136843
ENSMUSG00000022586.11	0
ENSMUSG00000022587.14	296.573492
ENSMUSG00000022589.8	0
ENSMUSG00000022591.5	0
ENSMUSG00000022594.14	128.521888
ENSMUSG00000022595.7	1.246782
ENSMUSG00000022596.3	0
ENSMUSG00000022598.6	0.164025
ENSMUSG00000022601.11	5.205238
ENSMUSG00000022602.14	19.179988
ENSMUSG00000022603.9	0.047859
ENSMUSG00000022604.18	0.93729
ENSMUSG00000022607.18	12.373032
ENSMUSG00000022610.10	4.969808
ENSMUSG00000022613.8	0
ENSMUSG00000022614.8	7.643685
ENSMUSG00000022615.7	1.725798
ENSMUSG00000022617.15	18.582139
ENSMUSG00000022619.5	30.274627
ENSMUSG00000022620.14	17.406881
ENSMUSG00000022621.16	9.084333
ENSMUSG00000022622.5	0.163955
ENSMUSG00000022623.17	15.650335
ENSMUSG00000022629.17	13.632967
ENSMUSG00000022634.9	83.473184
ENSMUSG00000022635.9	65.924107
ENSMUSG00000022636.13	14.861623
ENSMUSG00000022637.11	1.993854
ENSMUSG00000022639.14	2.196793
ENSMUSG00000022641.15	1.072858
ENSMUSG00000022650.7	0
ENSMUSG00000022651.6	0
ENSMUSG00000022652.7	0
ENSMUSG00000022656.15	4.48234
ENSMUSG00000022657.9	0.013959
ENSMUSG00000022658.10	411.299628
ENSMUSG00000022659.13	0.034607
ENSMUSG00000022661.14	62.800831
ENSMUSG00000022663.3	13.635097
ENSMUSG00000022664.11	6.819795
ENSMUSG00000022665.15	2.106741
ENSMUSG00000022667.18	0.130682
ENSMUSG00000022668.10	5.590009
ENSMUSG00000022671.13	46.012862
ENSMUSG00000022672.8	0.213456
ENSMUSG00000022673.5	1.387721
ENSMUSG00000022674.15	20.225575
ENSMUSG00000022676.7	0.182311
ENSMUSG00000022677.15	50.884644
ENSMUSG00000022678.16	8.635902
ENSMUSG00000022679.13	24.874695
ENSMUSG00000022680.14	34.454287
ENSMUSG00000022681.15	74.881288
ENSMUSG00000022682.8	22.372607
ENSMUSG00000022683.13	0
ENSMUSG00000022684.15	8.285196
ENSMUSG00000022685.9	7.576495
ENSMUSG00000022686.14	0.383655
ENSMUSG00000022687.12	3.349795
ENSMUSG00000022696.17	10.665537
ENSMUSG00000022698.17	14.19408
ENSMUSG00000022701.18	0.642773
ENSMUSG00000022702.16	27.697926
ENSMUSG00000022704.16	2.737678
ENSMUSG00000022705.5	0.109598
ENSMUSG00000022706.16	32.982973
ENSMUSG00000022707.16	4.342497
ENSMUSG00000022708.16	0.660787
ENSMUSG00000022710.17	14.983284
ENSMUSG00000022711.16	9.147861
ENSMUSG00000022715.3	3.575647
ENSMUSG00000022718.12	6.100328
ENSMUSG00000022721.19	18.31674
ENSMUSG00000022722.18	17.171541
ENSMUSG00000022723.16	0.621032
ENSMUSG00000022724.15	3.467182
ENSMUSG00000022738.7	0.028152
ENSMUSG00000022742.6	15.135264
ENSMUSG00000022744.12	56.510103
ENSMUSG00000022747.17	6.002841
ENSMUSG00000022748.8	21.421551
ENSMUSG00000022749.8	4.105546
ENSMUSG00000022750.18	41.001178
ENSMUSG00000022751.9	8.597936
ENSMUSG00000022752.9	23.094277
ENSMUSG00000022753.15	0.02298
ENSMUSG00000022754.6	1.038672
ENSMUSG00000022755.4	0
ENSMUSG00000022756.17	50.94572
ENSMUSG00000022757.19	27.034488
ENSMUSG00000022758.14	1.219618
ENSMUSG00000022759.15	0.327349
ENSMUSG00000022760.17	34.797283
ENSMUSG00000022761.12	56.321979
ENSMUSG00000022762.18	4.364513
ENSMUSG00000022763.18	28.091171
ENSMUSG00000022765.10	5.928999
ENSMUSG00000022766.14	3.923312
ENSMUSG00000022768.17	0.68285
ENSMUSG00000022769.9	16.607995
ENSMUSG00000022770.17	17.013262
ENSMUSG00000022771.17	32.636943
ENSMUSG00000022772.12	5.799388
ENSMUSG00000022773.19	13.640328
ENSMUSG00000022774.13	11.675169
ENSMUSG00000022779.16	14.250476
ENSMUSG00000022780.5	0.177057
ENSMUSG00000022781.8	6.128329
ENSMUSG00000022783.11	1.363172
ENSMUSG00000022787.10	8.061878
ENSMUSG00000022788.16	1.455858
ENSMUSG00000022789.15	19.226293
ENSMUSG00000022790.14	9.296968
ENSMUSG00000022791.19	69.6023
ENSMUSG00000022792.16	9.083717
ENSMUSG00000022793.17	8.7748
ENSMUSG00000022797.16	12.716219
ENSMUSG00000022798.8	0
ENSMUSG00000022799.4	1.824243
ENSMUSG00000022800.14	9.387245
ENSMUSG00000022801.13	2.483784
ENSMUSG00000022802.2	1.490335
ENSMUSG00000022803.12	0.138918
ENSMUSG00000022805.17	0.520978
ENSMUSG00000022807.9	2.734692
ENSMUSG00000022808.5	10.096215
ENSMUSG00000022809.4	0
ENSMUSG00000022811.17	4.31571
ENSMUSG00000022812.14	16.394448
ENSMUSG00000022814.6	6.281799
ENSMUSG00000022816.11	11.825356
ENSMUSG00000022817.15	33.461493
ENSMUSG00000022818.13	0
ENSMUSG00000022820.4	130.819722
ENSMUSG00000022821.13	0
ENSMUSG00000022822.16	26.613179
ENSMUSG00000022824.12	0
ENSMUSG00000022827.14	4.110108
ENSMUSG00000022828.10	6.428343
ENSMUSG00000022829.14	1.141047
ENSMUSG00000022831.14	3.458101
ENSMUSG00000022832.11	0.144388
ENSMUSG00000022833.7	0.242391
ENSMUSG00000022836.11	2.166951
ENSMUSG00000022837.14	20.725362
ENSMUSG00000022838.14	0.963367
ENSMUSG00000022840.9	31.238157
ENSMUSG00000022841.15	686.137386
ENSMUSG00000022842.18	15.823111
ENSMUSG00000022843.17	11.826388
ENSMUSG00000022844.8	0.926955
ENSMUSG00000022847.15	0.51114
ENSMUSG00000022848.8	34.060526
ENSMUSG00000022849.5	1.608824
ENSMUSG00000022853.7	1.448794
ENSMUSG00000022855.9	16.867056
ENSMUSG00000022856.9	20.804469
ENSMUSG00000022857.13	0
ENSMUSG00000022858.16	19.546756
ENSMUSG00000022860.15	0.950505
ENSMUSG00000022861.17	11.042516
ENSMUSG00000022863.15	11.617385
ENSMUSG00000022864.14	1.174123
ENSMUSG00000022865.14	1.862466
ENSMUSG00000022867.11	2.601392
ENSMUSG00000022868.6	0
ENSMUSG00000022871.13	0.045097
ENSMUSG00000022875.18	0
ENSMUSG00000022876.18	0.327085
ENSMUSG00000022877.9	0
ENSMUSG00000022878.5	0.025123
ENSMUSG00000022881.15	3.70554
ENSMUSG00000022883.11	4.505602
ENSMUSG00000022884.16	225.382902
ENSMUSG00000022885.16	4.982522
ENSMUSG00000022886.5	0
ENSMUSG00000022887.9	7.101078
ENSMUSG00000022889.7	12.637805
ENSMUSG00000022890.13	316.097087
ENSMUSG00000022892.11	619.245218
ENSMUSG00000022893.14	1.363094
ENSMUSG00000022894.6	0.108232
ENSMUSG00000022895.16	16.257175
ENSMUSG00000022897.15	12.660965
ENSMUSG00000022898.13	17.703352
ENSMUSG00000022899.9	16.917184
ENSMUSG00000022900.14	0.545424
ENSMUSG00000022901.13	0.332114
ENSMUSG00000022902.8	0
ENSMUSG00000022905.12	17.298265
ENSMUSG00000022906.15	0.310628
ENSMUSG00000022911.11	0.992794
ENSMUSG00000022912.8	1.505711
ENSMUSG00000022913.16	18.027399
ENSMUSG00000022914.17	26.57722
ENSMUSG00000022931.7	0
ENSMUSG00000022935.16	3.305407
ENSMUSG00000022938.8	0
ENSMUSG00000022940.17	46.127422
ENSMUSG00000022941.8	0.02069
ENSMUSG00000022945.12	0.277375
ENSMUSG00000022946.10	22.261278
ENSMUSG00000022947.8	20.705366
ENSMUSG00000022948.16	3.771105
ENSMUSG00000022949.9	5.922674
ENSMUSG00000022951.16	40.144067
ENSMUSG00000022952.17	0.128162
ENSMUSG00000022956.11	597.391927
ENSMUSG00000022957.20	21.268277
ENSMUSG00000022960.13	2.127677
ENSMUSG00000022961.18	17.694326
ENSMUSG00000022962.15	14.965408
ENSMUSG00000022964.14	54.739344
ENSMUSG00000022965.8	26.956552
ENSMUSG00000022967.13	13.629301
ENSMUSG00000022969.13	6.274116
ENSMUSG00000022971.18	12.9903
ENSMUSG00000022972.10	33.552709
ENSMUSG00000022973.18	44.296852
ENSMUSG00000022974.12	1.44135
ENSMUSG00000022978.11	3.949876
ENSMUSG00000022982.10	786.865255
ENSMUSG00000022983.16	5.077758
ENSMUSG00000022986.5	0
ENSMUSG00000022987.12	1.080684
ENSMUSG00000022991.5	0.33002
ENSMUSG00000022992.17	32.817205
ENSMUSG00000022993.7	0
ENSMUSG00000022994.9	6.029737
ENSMUSG00000022995.16	13.609115
ENSMUSG00000022996.15	0.27823
ENSMUSG00000022997.9	0
ENSMUSG00000022999.15	2.678389
ENSMUSG00000023000.5	0.068924
ENSMUSG00000023004.8	819.31257
ENSMUSG00000023007.15	24.187475
ENSMUSG00000023008.18	3.094264
ENSMUSG00000023009.14	3.277534
ENSMUSG00000023010.15	295.621234
ENSMUSG00000023011.8	391.905318
ENSMUSG00000023013.5	0.180439
ENSMUSG00000023015.14	6.018968
ENSMUSG00000023017.10	34.381155
ENSMUSG00000023018.5	50.768764
ENSMUSG00000023019.12	51.050588
ENSMUSG00000023020.3	55.547433
ENSMUSG00000023021.15	20.33899
ENSMUSG00000023022.14	0.709742
ENSMUSG00000023025.16	2.558611
ENSMUSG00000023026.16	6.615819
ENSMUSG00000023027.13	3.29045
ENSMUSG00000023030.16	7.666142
ENSMUSG00000023031.8	3.038782
ENSMUSG00000023032.12	6.749711
ENSMUSG00000023033.14	11.784908
ENSMUSG00000023034.7	20.113316
ENSMUSG00000023036.14	172.905897
ENSMUSG00000023039.17	0.028611
ENSMUSG00000023041.7	0
ENSMUSG00000023043.7	1.978709
ENSMUSG00000023044.2	12.237452
ENSMUSG00000023045.13	0
ENSMUSG00000023046.6	67.705694
ENSMUSG00000023047.11	1.28634
ENSMUSG00000023048.13	88.99524
ENSMUSG00000023050.9	34.047758
ENSMUSG00000023051.11	12.277304
ENSMUSG00000023052.8	3.657987
ENSMUSG00000023055.10	32.492099
ENSMUSG00000023057.5	0
ENSMUSG00000023064.4	69.62334
ENSMUSG00000023066.10	0.467763
ENSMUSG00000023067.14	10.634699
ENSMUSG00000023068.16	15.008593
ENSMUSG00000023070.6	0.195902
ENSMUSG00000023072.14	2.396137
ENSMUSG00000023073.2	0
ENSMUSG00000023074.11	4.467294
ENSMUSG00000023075.9	21.984624
ENSMUSG00000023078.6	0.892447
ENSMUSG00000023079.14	7.229217
ENSMUSG00000023083.7	0
ENSMUSG00000023084.11	0.156955
ENSMUSG00000023087.15	15.789302
ENSMUSG00000023088.17	2.067669
ENSMUSG00000023089.12	342.458631
ENSMUSG00000023092.16	33.426286
ENSMUSG00000023093.7	0
ENSMUSG00000023094.14	24.3059
ENSMUSG00000023104.9	49.163177
ENSMUSG00000023106.15	29.339093
ENSMUSG00000023110.12	26.09586
ENSMUSG00000023118.15	34.293613
ENSMUSG00000023120.9	0.052439
ENSMUSG00000023122.6	0.067141
ENSMUSG00000023132.8	0
ENSMUSG00000023140.4	0
ENSMUSG00000023143.10	5.989279
ENSMUSG00000023147.17	44.028057
ENSMUSG00000023150.14	18.699679
ENSMUSG00000023151.9	0
ENSMUSG00000023153.9	1.458398
ENSMUSG00000023156.4	24.293477
ENSMUSG00000023159.8	0
ENSMUSG00000023165.13	0
ENSMUSG00000023169.15	20.06548
ENSMUSG00000023170.14	16.46556
ENSMUSG00000023175.15	780.934782
ENSMUSG00000023176.9	0
ENSMUSG00000023185.4	0
ENSMUSG00000023186.14	3.244233
ENSMUSG00000023191.9	4.365881
ENSMUSG00000023192.12	15.072999
ENSMUSG00000023206.16	1.916122
ENSMUSG00000023210.2	0
ENSMUSG00000023216.13	0
ENSMUSG00000023224.12	7.696621
ENSMUSG00000023232.17	1.976355
ENSMUSG00000023235.14	9.364069
ENSMUSG00000023236.7	324.120801
ENSMUSG00000023243.9	0.383437
ENSMUSG00000023247.2	0
ENSMUSG00000023249.15	2.679775
ENSMUSG00000023257.3	0
ENSMUSG00000023259.16	5.707348
ENSMUSG00000023262.13	16.192826
ENSMUSG00000023263.3	0
ENSMUSG00000023266.11	23.406421
ENSMUSG00000023267.10	0.70197
ENSMUSG00000023272.4	11.638628
ENSMUSG00000023274.14	6.440328
ENSMUSG00000023277.13	41.020441
ENSMUSG00000023279.7	0.019436
ENSMUSG00000023284.15	0.776103
ENSMUSG00000023286.16	34.518957
ENSMUSG00000023289.11	0
ENSMUSG00000023307.14	29.021937
ENSMUSG00000023328.14	92.156476
ENSMUSG00000023330.12	7.337217
ENSMUSG00000023333.8	0
ENSMUSG00000023336.6	3.84766
ENSMUSG00000023341.15	0.274666
ENSMUSG00000023345.17	6.280595
ENSMUSG00000023348.11	2.293586
ENSMUSG00000023349.14	0.146044
ENSMUSG00000023350.6	0
ENSMUSG00000023353.14	325.764099
ENSMUSG00000023367.14	41.893255
ENSMUSG00000023387.8	0
ENSMUSG00000023391.8	3.282368
ENSMUSG00000023393.15	0.066768
ENSMUSG00000023403.14	0.061239
ENSMUSG00000023411.12	0.398199
ENSMUSG00000023433.8	0
ENSMUSG00000023439.11	0.227334
ENSMUSG00000023443.13	0
ENSMUSG00000023452.19	32.311127
ENSMUSG00000023456.16	869.971183
ENSMUSG00000023460.13	55.342374
ENSMUSG00000023467.18	0.103908
ENSMUSG00000023473.13	1.561774
ENSMUSG00000023484.14	14.801751
ENSMUSG00000023495.13	101.764949
ENSMUSG00000023505.13	0.625482
ENSMUSG00000023571.4	5.784657
ENSMUSG00000023572.16	62.331075
ENSMUSG00000023707.13	29.180775
ENSMUSG00000023723.17	64.309974
ENSMUSG00000023737.14	0
ENSMUSG00000023755.10	4.790878
ENSMUSG00000023764.18	1.15516
ENSMUSG00000023781.2	0.308985
ENSMUSG00000023791.17	17.699404
ENSMUSG00000023795.16	1.042884
ENSMUSG00000023800.15	14.112766
ENSMUSG00000023802.4	0
ENSMUSG00000023805.17	10.867837
ENSMUSG00000023806.10	15.241555
ENSMUSG00000023809.10	13.089966
ENSMUSG00000023826.16	3.851169
ENSMUSG00000023827.8	58.766883
ENSMUSG00000023828.3	1.431594
ENSMUSG00000023829.9	0.5145
ENSMUSG00000023830.14	3.261869
ENSMUSG00000023832.14	33.43917
ENSMUSG00000023845.7	3.170222
ENSMUSG00000023852.14	1.013444
ENSMUSG00000023861.17	259.288507
ENSMUSG00000023868.17	10.768575
ENSMUSG00000023873.13	0.17586
ENSMUSG00000023882.15	0.277123
ENSMUSG00000023883.13	11.9042
ENSMUSG00000023885.9	1.229897
ENSMUSG00000023886.10	4.254735
ENSMUSG00000023892.8	0.409081
ENSMUSG00000023902.18	0.081203
ENSMUSG00000023903.8	0.019318
ENSMUSG00000023904.10	281.621179
ENSMUSG00000023905.15	11.367985
ENSMUSG00000023906.3	0
ENSMUSG00000023908.8	1.044503
ENSMUSG00000023909.4	56.137547
ENSMUSG00000023911.12	51.719716
ENSMUSG00000023912.10	10.204962
ENSMUSG00000023913.17	73.235477
ENSMUSG00000023914.16	0
ENSMUSG00000023915.5	38.724088
ENSMUSG00000023918.12	0.152382
ENSMUSG00000023919.8	2.180728
ENSMUSG00000023921.9	6.497566
ENSMUSG00000023923.10	6.583845
ENSMUSG00000023926.8	0
ENSMUSG00000023927.15	11.550521
ENSMUSG00000023930.14	0
ENSMUSG00000023931.5	0.02416
ENSMUSG00000023932.9	11.906607
ENSMUSG00000023935.10	2.167116
ENSMUSG00000023938.8	8.523461
ENSMUSG00000023939.7	81.271518
ENSMUSG00000023940.14	0
ENSMUSG00000023942.15	19.89629
ENSMUSG00000023943.7	0
ENSMUSG00000023944.14	711.892485
ENSMUSG00000023945.7	1.815862
ENSMUSG00000023947.8	1.717664
ENSMUSG00000023949.7	1.179428
ENSMUSG00000023951.18	10.605565
ENSMUSG00000023952.13	13.685085
ENSMUSG00000023953.9	0.679275
ENSMUSG00000023959.10	0.645624
ENSMUSG00000023960.13	104.779846
ENSMUSG00000023961.16	4.786761
ENSMUSG00000023963.10	0.268535
ENSMUSG00000023964.15	0.455026
ENSMUSG00000023965.13	17.196965
ENSMUSG00000023966.8	23.771097
ENSMUSG00000023967.9	123.676754
ENSMUSG00000023968.15	0
ENSMUSG00000023971.9	17.892283
ENSMUSG00000023972.10	3.702906
ENSMUSG00000023973.13	60.636224
ENSMUSG00000023977.15	3.481854
ENSMUSG00000023978.5	0
ENSMUSG00000023979.14	0
ENSMUSG00000023980.7	6.468643
ENSMUSG00000023982.8	0.402406
ENSMUSG00000023984.17	2.314219
ENSMUSG00000023987.14	0
ENSMUSG00000023988.8	13.364821
ENSMUSG00000023990.18	6.880806
ENSMUSG00000023991.16	31.348869
ENSMUSG00000023992.14	14.602636
ENSMUSG00000023993.7	0
ENSMUSG00000023994.13	4.522077
ENSMUSG00000023995.12	0
ENSMUSG00000023999.14	0.722375
ENSMUSG00000024002.18	19.258065
ENSMUSG00000024006.17	3.34511
ENSMUSG00000024007.15	12.874024
ENSMUSG00000024008.16	45.887013
ENSMUSG00000024011.17	1.025657
ENSMUSG00000024012.18	582.611121
ENSMUSG00000024013.15	3.292408
ENSMUSG00000024014.8	3.020075
ENSMUSG00000024018.18	8.618842
ENSMUSG00000024019.18	30.898703
ENSMUSG00000024026.13	73.429355
ENSMUSG00000024027.8	0.910067
ENSMUSG00000024028.7	0
ENSMUSG00000024029.4	0
ENSMUSG00000024030.7	14.277091
ENSMUSG00000024032.7	0
ENSMUSG00000024033.10	3.756987
ENSMUSG00000024034.13	0
ENSMUSG00000024036.16	1.735475
ENSMUSG00000024037.13	9.003789
ENSMUSG00000024038.17	326.926183
ENSMUSG00000024039.15	13.309839
ENSMUSG00000024041.10	0.420753
ENSMUSG00000024042.7	2.38844
ENSMUSG00000024043.13	0.098022
ENSMUSG00000024044.19	48.066906
ENSMUSG00000024045.6	3.836132
ENSMUSG00000024048.15	30.14095
ENSMUSG00000024049.15	0.284885
ENSMUSG00000024050.18	9.72023
ENSMUSG00000024052.17	9.972157
ENSMUSG00000024053.11	1.872206
ENSMUSG00000024054.14	3.040663
ENSMUSG00000024055.15	5.835497
ENSMUSG00000024056.10	0.069208
ENSMUSG00000024059.10	24.392427
ENSMUSG00000024063.13	36.105981
ENSMUSG00000024064.14	11.964927
ENSMUSG00000024065.8	38.310825
ENSMUSG00000024066.9	0.800603
ENSMUSG00000024067.14	60.196736
ENSMUSG00000024068.8	6.220786
ENSMUSG00000024069.14	6.501329
ENSMUSG00000024070.15	1.56859
ENSMUSG00000024072.9	24.238807
ENSMUSG00000024073.16	6.068756
ENSMUSG00000024074.8	10.612398
ENSMUSG00000024076.10	1.394731
ENSMUSG00000024077.15	3.79383
ENSMUSG00000024078.7	4.238273
ENSMUSG00000024079.4	1.022442
ENSMUSG00000024081.9	2.656147
ENSMUSG00000024082.5	9.167604
ENSMUSG00000024083.16	81.023291
ENSMUSG00000024084.8	9.410754
ENSMUSG00000024085.13	0.937509
ENSMUSG00000024087.4	0.594199
ENSMUSG00000024088.4	0
ENSMUSG00000024091.9	89.453952
ENSMUSG00000024095.15	12.554657
ENSMUSG00000024096.17	17.478679
ENSMUSG00000024097.11	25.271781
ENSMUSG00000024098.6	5.055286
ENSMUSG00000024099.15	215.375769
ENSMUSG00000024101.15	19.290444
ENSMUSG00000024104.11	15.333805
ENSMUSG00000024105.3	0.047345
ENSMUSG00000024107.7	0.119062
ENSMUSG00000024109.18	29.603749
ENSMUSG00000024112.16	7.520408
ENSMUSG00000024114.15	2.962621
ENSMUSG00000024116.6	0
ENSMUSG00000024118.14	4.030029
ENSMUSG00000024120.12	4.426612
ENSMUSG00000024121.13	1414.342866
ENSMUSG00000024122.16	12.211909
ENSMUSG00000024124.10	0.476368
ENSMUSG00000024125.2	0
ENSMUSG00000024127.15	70.777409
ENSMUSG00000024128.13	0
ENSMUSG00000024130.16	22.568188
ENSMUSG00000024131.8	0.13379
ENSMUSG00000024132.6	23.248778
ENSMUSG00000024134.11	0.47606
ENSMUSG00000024135.10	3.074123
ENSMUSG00000024136.14	0.132221
ENSMUSG00000024137.9	7.916659
ENSMUSG00000024140.10	15.087442
ENSMUSG00000024142.15	12.04298
ENSMUSG00000024143.15	7.83278
ENSMUSG00000024145.6	10.326509
ENSMUSG00000024146.9	58.946973
ENSMUSG00000024150.12	47.964486
ENSMUSG00000024151.13	8.446137
ENSMUSG00000024154.11	0.232803
ENSMUSG00000024155.8	0.037653
ENSMUSG00000024158.17	109.383365
ENSMUSG00000024160.16	40.605099
ENSMUSG00000024163.17	84.634748
ENSMUSG00000024164.15	0.502842
ENSMUSG00000024165.9	2.425462
ENSMUSG00000024168.8	4.196337
ENSMUSG00000024169.16	4.631449
ENSMUSG00000024170.15	9.372447
ENSMUSG00000024171.5	0
ENSMUSG00000024172.10	2.957714
ENSMUSG00000024173.11	0.085837
ENSMUSG00000024174.9	0.500388
ENSMUSG00000024175.2	1.385224
ENSMUSG00000024176.10	21.631467
ENSMUSG00000024177.9	2.1838
ENSMUSG00000024180.14	4.584295
ENSMUSG00000024181.9	102.196437
ENSMUSG00000024182.16	9.912257
ENSMUSG00000024184.15	0
ENSMUSG00000024186.15	2.587248
ENSMUSG00000024187.15	11.271775
ENSMUSG00000024188.16	9.994569
ENSMUSG00000024190.7	18.972111
ENSMUSG00000024191.15	30.894734
ENSMUSG00000024193.8	23.904208
ENSMUSG00000024194.16	141.271204
ENSMUSG00000024197.10	13.752728
ENSMUSG00000024201.12	13.55869
ENSMUSG00000024205.7	0.578903
ENSMUSG00000024206.15	0.855648
ENSMUSG00000024207.8	0.069119
ENSMUSG00000024208.16	623.234436
ENSMUSG00000024209.9	0.123272
ENSMUSG00000024210.3	1.229332
ENSMUSG00000024211.15	2.011271
ENSMUSG00000024212.9	18.331562
ENSMUSG00000024213.14	250.338633
ENSMUSG00000024215.14	0.603498
ENSMUSG00000024217.10	60.153791
ENSMUSG00000024218.13	30.77061
ENSMUSG00000024219.16	9.173256
ENSMUSG00000024220.14	28.91177
ENSMUSG00000024222.17	9.026721
ENSMUSG00000024223.3	0
ENSMUSG00000024224.5	0
ENSMUSG00000024225.5	0
ENSMUSG00000024227.14	6.201279
ENSMUSG00000024228.12	1.175798
ENSMUSG00000024231.15	9.519988
ENSMUSG00000024232.2	1.23011
ENSMUSG00000024233.10	0
ENSMUSG00000024234.7	5.761521
ENSMUSG00000024235.11	0.054426
ENSMUSG00000024236.18	0.624151
ENSMUSG00000024238.15	5.930986
ENSMUSG00000024240.13	6.404649
ENSMUSG00000024241.7	3.22446
ENSMUSG00000024242.15	7.698261
ENSMUSG00000024245.4	27.110584
ENSMUSG00000024246.9	1.285699
ENSMUSG00000024247.14	3.653238
ENSMUSG00000024248.14	282.768115
ENSMUSG00000024251.10	1.771088
ENSMUSG00000024253.9	14.399073
ENSMUSG00000024254.15	0.013297
ENSMUSG00000024256.7	15.343838
ENSMUSG00000024258.4	23.155196
ENSMUSG00000024259.9	9.272405
ENSMUSG00000024260.14	10.184249
ENSMUSG00000024261.6	39.292209
ENSMUSG00000024266.8	0.032035
ENSMUSG00000024268.16	88.386401
ENSMUSG00000024269.11	9.631245
ENSMUSG00000024270.11	9.87603
ENSMUSG00000024271.8	22.553899
ENSMUSG00000024273.8	11.415441
ENSMUSG00000024274.10	0.039596
ENSMUSG00000024276.7	1.640025
ENSMUSG00000024277.14	77.199895
ENSMUSG00000024283.15	17.022197
ENSMUSG00000024286.8	25.538655
ENSMUSG00000024287.8	3.279442
ENSMUSG00000024290.9	0.87088
ENSMUSG00000024292.15	4.707629
ENSMUSG00000024293.16	2.522322
ENSMUSG00000024294.14	14.308073
ENSMUSG00000024295.9	0.182878
ENSMUSG00000024298.15	1.924093
ENSMUSG00000024299.17	0.599358
ENSMUSG00000024300.17	0.781052
ENSMUSG00000024301.10	0.74481
ENSMUSG00000024302.16	21.924798
ENSMUSG00000024304.14	18.609472
ENSMUSG00000024306.13	0.019998
ENSMUSG00000024308.15	18.267289
ENSMUSG00000024309.15	150.246736
ENSMUSG00000024312.10	5.960286
ENSMUSG00000024313.8	0
ENSMUSG00000024317.15	4.386248
ENSMUSG00000024319.18	30.749726
ENSMUSG00000024325.8	17.988007
ENSMUSG00000024327.16	84.09278
ENSMUSG00000024330.17	1.700727
ENSMUSG00000024331.11	0.012938
ENSMUSG00000024334.9	0.92952
ENSMUSG00000024335.20	71.552827
ENSMUSG00000024338.15	4.931581
ENSMUSG00000024339.12	5.089758
ENSMUSG00000024340.15	0
ENSMUSG00000024346.6	90.48342
ENSMUSG00000024347.16	16.728131
ENSMUSG00000024349.10	3.238146
ENSMUSG00000024350.6	14.364417
ENSMUSG00000024352.12	9.215348
ENSMUSG00000024353.5	0
ENSMUSG00000024354.13	0
ENSMUSG00000024357.10	26.756265
ENSMUSG00000024359.10	30.787208
ENSMUSG00000024360.8	17.974839
ENSMUSG00000024365.9	0
ENSMUSG00000024366.8	0.046179
ENSMUSG00000024369.16	27.155721
ENSMUSG00000024370.17	11.191303
ENSMUSG00000024371.14	1.647338
ENSMUSG00000024376.7	2.255428
ENSMUSG00000024378.9	5.249788
ENSMUSG00000024379.4	0.088549
ENSMUSG00000024381.16	149.359178
ENSMUSG00000024382.13	9.154303
ENSMUSG00000024383.9	0.89067
ENSMUSG00000024384.4	1.941475
ENSMUSG00000024386.9	0
ENSMUSG00000024387.13	171.672793
ENSMUSG00000024388.11	0.086959
ENSMUSG00000024391.7	0.033505
ENSMUSG00000024392.17	74.356772
ENSMUSG00000024393.14	104.655441
ENSMUSG00000024395.9	15.824476
ENSMUSG00000024397.14	7.995501
ENSMUSG00000024399.5	0.569917
ENSMUSG00000024400.16	10.415733
ENSMUSG00000024401.14	0.065401
ENSMUSG00000024402.5	0.092912
ENSMUSG00000024403.16	548.302464
ENSMUSG00000024404.7	15.756989
ENSMUSG00000024406.16	0
ENSMUSG00000024409.8	0
ENSMUSG00000024410.15	11.545579
ENSMUSG00000024411.11	11.810314
ENSMUSG00000024413.14	22.945422
ENSMUSG00000024414.13	97.45368
ENSMUSG00000024420.9	1.997302
ENSMUSG00000024421.16	0.135554
ENSMUSG00000024422.14	7.854251
ENSMUSG00000024423.6	44.268532
ENSMUSG00000024424.15	10.996642
ENSMUSG00000024425.4	488.739272
ENSMUSG00000024426.17	36.836035
ENSMUSG00000024427.7	3.31097
ENSMUSG00000024429.9	126.678609
ENSMUSG00000024430.14	0.071908
ENSMUSG00000024431.15	8.417878
ENSMUSG00000024436.16	44.785146
ENSMUSG00000024437.6	0
ENSMUSG00000024440.13	0.050253
ENSMUSG00000024442.6	25.611994
ENSMUSG00000024446.13	41.630241
ENSMUSG00000024448.14	0
ENSMUSG00000024451.9	1.43063
ENSMUSG00000024454.16	35.943161
ENSMUSG00000024456.16	8.345222
ENSMUSG00000024457.16	8.884705
ENSMUSG00000024459.18	0.470844
ENSMUSG00000024462.17	398.749679
ENSMUSG00000024471.12	0.014668
ENSMUSG00000024472.9	3.948268
ENSMUSG00000024474.7	31.588262
ENSMUSG00000024477.4	0.759952
ENSMUSG00000024479.3	51.072545
ENSMUSG00000024480.9	49.720509
ENSMUSG00000024481.5	0.00579
ENSMUSG00000024483.19	2.954284
ENSMUSG00000024485.16	0.210214
ENSMUSG00000024486.6	6.334805
ENSMUSG00000024487.5	14.04851
ENSMUSG00000024491.16	2.707072
ENSMUSG00000024493.9	8.075439
ENSMUSG00000024497.4	0.168261
ENSMUSG00000024498.16	6.966999
ENSMUSG00000024500.20	47.24181
ENSMUSG00000024501.20	8.865514
ENSMUSG00000024502.10	9.150868
ENSMUSG00000024503.3	0
ENSMUSG00000024505.16	1.935979
ENSMUSG00000024507.6	17.947447
ENSMUSG00000024510.6	0
ENSMUSG00000024511.15	3.80437
ENSMUSG00000024512.4	0
ENSMUSG00000024513.16	21.075215
ENSMUSG00000024515.13	8.254972
ENSMUSG00000024516.13	73.468793
ENSMUSG00000024517.17	14.795134
ENSMUSG00000024518.4	0.093693
ENSMUSG00000024519.6	0
ENSMUSG00000024521.8	0.472433
ENSMUSG00000024524.17	32.08186
ENSMUSG00000024525.7	2.137685
ENSMUSG00000024526.9	7.794109
ENSMUSG00000024527.10	22.270891
ENSMUSG00000024528.8	3.57126
ENSMUSG00000024529.14	0.078353
ENSMUSG00000024530.8	14.230895
ENSMUSG00000024532.13	0
ENSMUSG00000024533.17	19.881125
ENSMUSG00000024534.15	0.742729
ENSMUSG00000024535.16	4.231501
ENSMUSG00000024537.5	19.117664
ENSMUSG00000024538.8	0.319888
ENSMUSG00000024539.17	3.197672
ENSMUSG00000024542.9	0.124799
ENSMUSG00000024544.9	7.121805
ENSMUSG00000024546.6	0
ENSMUSG00000024548.11	0.899946
ENSMUSG00000024552.16	0.656556
ENSMUSG00000024553.8	0.119644
ENSMUSG00000024556.4	7.569941
ENSMUSG00000024558.12	16.998877
ENSMUSG00000024560.7	14.545123
ENSMUSG00000024561.11	10.176169
ENSMUSG00000024563.16	6.052058
ENSMUSG00000024565.10	0.958028
ENSMUSG00000024566.10	11.016289
ENSMUSG00000024570.7	27.009077
ENSMUSG00000024571.15	100.83735
ENSMUSG00000024575.16	0.019055
ENSMUSG00000024576.14	48.313923
ENSMUSG00000024578.3	0.813962
ENSMUSG00000024579.7	16.206802
ENSMUSG00000024580.8	3.962362
ENSMUSG00000024581.13	47.667044
ENSMUSG00000024583.3	51.834806
ENSMUSG00000024587.10	60.283552
ENSMUSG00000024588.9	34.547341
ENSMUSG00000024589.18	14.266705
ENSMUSG00000024590.8	2.543136
ENSMUSG00000024592.15	4.731771
ENSMUSG00000024593.15	1.466414
ENSMUSG00000024594.9	3.195063
ENSMUSG00000024597.11	5.81303
ENSMUSG00000024598.9	0.074792
ENSMUSG00000024600.8	0.060693
ENSMUSG00000024601.9	10.051111
ENSMUSG00000024603.8	20.136739
ENSMUSG00000024604.7	15.429667
ENSMUSG00000024608.11	1345.470099
ENSMUSG00000024610.15	19.616527
ENSMUSG00000024613.16	7.142046
ENSMUSG00000024614.7	11.41509
ENSMUSG00000024617.16	479.7952
ENSMUSG00000024619.8	0
ENSMUSG00000024620.11	3.819663
ENSMUSG00000024621.16	29.500761
ENSMUSG00000024622.8	13.373606
ENSMUSG00000024639.5	23.608256
ENSMUSG00000024640.9	71.627453
ENSMUSG00000024642.17	11.423885
ENSMUSG00000024644.17	36.394221
ENSMUSG00000024645.5	3.455236
ENSMUSG00000024646.14	88.09559
ENSMUSG00000024647.14	17.16937
ENSMUSG00000024650.5	2.237861
ENSMUSG00000024653.2	0
ENSMUSG00000024654.8	54.640485
ENSMUSG00000024658.7	0.015226
ENSMUSG00000024659.15	0.748542
ENSMUSG00000024660.9	14.100444
ENSMUSG00000024661.7	3402.246435
ENSMUSG00000024663.20	7.930457
ENSMUSG00000024664.5	17.828684
ENSMUSG00000024665.8	114.29626
ENSMUSG00000024666.6	8.264075
ENSMUSG00000024667.12	7.28458
ENSMUSG00000024668.8	31.47746
ENSMUSG00000024669.8	0.133406
ENSMUSG00000024670.17	1.981233
ENSMUSG00000024672.11	0.217903
ENSMUSG00000024673.9	0.023415
ENSMUSG00000024675.19	0.036241
ENSMUSG00000024677.13	0.149259
ENSMUSG00000024678.6	0.041936
ENSMUSG00000024679.10	0.406314
ENSMUSG00000024680.12	0
ENSMUSG00000024681.11	0
ENSMUSG00000024682.3	0
ENSMUSG00000024683.6	44.603819
ENSMUSG00000024687.11	11.945371
ENSMUSG00000024691.13	0.244808
ENSMUSG00000024694.9	0
ENSMUSG00000024695.16	21.169214
ENSMUSG00000024696.9	0.408967
ENSMUSG00000024697.4	0.177415
ENSMUSG00000024712.9	52.884121
ENSMUSG00000024713.16	1.335387
ENSMUSG00000024725.13	16.434249
ENSMUSG00000024726.10	1.215579
ENSMUSG00000024727.9	0.141596
ENSMUSG00000024728.13	0
ENSMUSG00000024729.7	0
ENSMUSG00000024730.7	0.030985
ENSMUSG00000024731.15	0
ENSMUSG00000024732.7	4.852587
ENSMUSG00000024734.8	0.015686
ENSMUSG00000024735.13	166.241786
ENSMUSG00000024736.15	89.770202
ENSMUSG00000024737.2	1.06794
ENSMUSG00000024738.6	0
ENSMUSG00000024740.10	63.785976
ENSMUSG00000024742.15	9.681123
ENSMUSG00000024743.16	46.733275
ENSMUSG00000024747.3	0.697046
ENSMUSG00000024749.9	0
ENSMUSG00000024750.11	74.616178
ENSMUSG00000024754.13	0.928855
ENSMUSG00000024757.7	0
ENSMUSG00000024758.15	466.222669
ENSMUSG00000024759.14	3.202733
ENSMUSG00000024761.3	0.256634
ENSMUSG00000024764.10	3.699389
ENSMUSG00000024766.15	1.907504
ENSMUSG00000024767.11	271.607644
ENSMUSG00000024768.5	0
ENSMUSG00000024769.7	1.838549
ENSMUSG00000024770.14	0
ENSMUSG00000024771.7	0.014698
ENSMUSG00000024772.9	21.321514
ENSMUSG00000024773.15	9.183071
ENSMUSG00000024774.16	0.203708
ENSMUSG00000024776.18	9.191433
ENSMUSG00000024777.10	90.470176
ENSMUSG00000024778.13	0.987178
ENSMUSG00000024780.7	17.49433
ENSMUSG00000024781.16	6.181328
ENSMUSG00000024782.7	32.072711
ENSMUSG00000024784.13	0
ENSMUSG00000024785.7	9.703946
ENSMUSG00000024786.9	0
ENSMUSG00000024787.14	32.665643
ENSMUSG00000024789.13	2.410196
ENSMUSG00000024790.8	16.807928
ENSMUSG00000024791.10	0.017981
ENSMUSG00000024792.9	33.465153
ENSMUSG00000024793.14	0.157161
ENSMUSG00000024795.11	0.006711
ENSMUSG00000024797.14	37.161691
ENSMUSG00000024798.15	4.178688
ENSMUSG00000024799.16	23.536287
ENSMUSG00000024800.8	8.074167
ENSMUSG00000024803.9	0.017072
ENSMUSG00000024805.16	2.658633
ENSMUSG00000024806.4	0.149482
ENSMUSG00000024807.18	20.626642
ENSMUSG00000024810.16	17.865766
ENSMUSG00000024811.11	8.489097
ENSMUSG00000024812.11	5.730611
ENSMUSG00000024815.5	0
ENSMUSG00000024816.12	9.871383
ENSMUSG00000024817.13	9.517277
ENSMUSG00000024818.15	1.237491
ENSMUSG00000024824.7	7.711758
ENSMUSG00000024826.15	26.623083
ENSMUSG00000024827.10	4.815231
ENSMUSG00000024829.12	44.000221
ENSMUSG00000024830.17	4.077001
ENSMUSG00000024831.14	3.006752
ENSMUSG00000024833.15	2.261438
ENSMUSG00000024835.15	63.577559
ENSMUSG00000024837.15	0
ENSMUSG00000024841.8	23.065866
ENSMUSG00000024842.8	0.044607
ENSMUSG00000024843.15	11.783619
ENSMUSG00000024844.15	76.7632
ENSMUSG00000024845.17	28.261758
ENSMUSG00000024846.6	21.283156
ENSMUSG00000024847.15	143.217497
ENSMUSG00000024851.14	59.332122
ENSMUSG00000024853.10	85.486063
ENSMUSG00000024854.4	22.577215
ENSMUSG00000024855.10	19.395121
ENSMUSG00000024856.10	31.334158
ENSMUSG00000024857.16	0.521838
ENSMUSG00000024858.14	105.691296
ENSMUSG00000024862.16	143.125601
ENSMUSG00000024863.6	0.522131
ENSMUSG00000024866.10	3.484807
ENSMUSG00000024867.14	9.081974
ENSMUSG00000024868.8	0.012452
ENSMUSG00000024869.10	0.051779
ENSMUSG00000024870.6	155.695773
ENSMUSG00000024871.11	5.29333
ENSMUSG00000024873.7	177.88181
ENSMUSG00000024875.5	30.333249
ENSMUSG00000024878.9	5.951331
ENSMUSG00000024883.8	12.719319
ENSMUSG00000024885.9	4.538199
ENSMUSG00000024887.10	1.138048
ENSMUSG00000024889.5	17.308291
ENSMUSG00000024891.6	8.007569
ENSMUSG00000024892.17	22.452239
ENSMUSG00000024896.9	23.879955
ENSMUSG00000024897.9	32.519136
ENSMUSG00000024899.7	3.292646
ENSMUSG00000024900.5	4.53425
ENSMUSG00000024901.15	7.105776
ENSMUSG00000024902.5	89.704149
ENSMUSG00000024903.10	0
ENSMUSG00000024905.15	0
ENSMUSG00000024906.10	13.077975
ENSMUSG00000024907.7	12.467044
ENSMUSG00000024908.15	8.789342
ENSMUSG00000024909.15	9.853705
ENSMUSG00000024910.5	0.058054
ENSMUSG00000024911.7	55.409792
ENSMUSG00000024912.6	0.087481
ENSMUSG00000024913.16	2.502059
ENSMUSG00000024914.16	404.049734
ENSMUSG00000024921.17	47.25774
ENSMUSG00000024922.2	0
ENSMUSG00000024924.14	4.803019
ENSMUSG00000024925.11	38.555735
ENSMUSG00000024926.10	44.86125
ENSMUSG00000024927.8	9.609653
ENSMUSG00000024935.11	31.159463
ENSMUSG00000024936.8	0.098859
ENSMUSG00000024937.15	10.386595
ENSMUSG00000024939.6	23.597715
ENSMUSG00000024940.11	17.612497
ENSMUSG00000024941.9	37.660032
ENSMUSG00000024942.17	11.426503
ENSMUSG00000024943.9	0.796366
ENSMUSG00000024944.6	117.628072
ENSMUSG00000024947.17	28.203362
ENSMUSG00000024948.15	16.458924
ENSMUSG00000024949.17	59.161034
ENSMUSG00000024952.13	23.702829
ENSMUSG00000024953.17	427.710309
ENSMUSG00000024955.15	51.900978
ENSMUSG00000024957.9	11.021486
ENSMUSG00000024958.13	89.063017
ENSMUSG00000024959.14	52.071244
ENSMUSG00000024960.9	3.711423
ENSMUSG00000024962.13	101.545759
ENSMUSG00000024963.12	19.408892
ENSMUSG00000024965.9	1.534498
ENSMUSG00000024966.9	124.030173
ENSMUSG00000024968.14	6.029985
ENSMUSG00000024969.15	39.137822
ENSMUSG00000024970.5	11.200269
ENSMUSG00000024972.16	0.097745
ENSMUSG00000024973.17	0
ENSMUSG00000024974.10	2.104034
ENSMUSG00000024975.13	14.202357
ENSMUSG00000024976.14	15.416903
ENSMUSG00000024978.11	8.110791
ENSMUSG00000024979.13	0.093253
ENSMUSG00000024981.6	10.156885
ENSMUSG00000024982.10	9.047059
ENSMUSG00000024983.10	22.428139
ENSMUSG00000024985.20	15.805288
ENSMUSG00000024986.12	1.792357
ENSMUSG00000024987.6	0.121501
ENSMUSG00000024989.15	0.123199
ENSMUSG00000024990.13	20.775728
ENSMUSG00000024991.8	10.737551
ENSMUSG00000024992.13	0.01163
ENSMUSG00000024993.15	15.349206
ENSMUSG00000024997.7	83.544926
ENSMUSG00000024998.17	0.461662
ENSMUSG00000024999.7	2.410974
ENSMUSG00000025001.11	0.211699
ENSMUSG00000025002.5	0
ENSMUSG00000025003.6	0
ENSMUSG00000025004.16	0
ENSMUSG00000025006.18	9.739354
ENSMUSG00000025007.13	8.537059
ENSMUSG00000025008.15	4.782761
ENSMUSG00000025010.14	1.408679
ENSMUSG00000025013.15	0.24385
ENSMUSG00000025014.13	0
ENSMUSG00000025016.11	23.322509
ENSMUSG00000025017.10	0.514146
ENSMUSG00000025019.17	0.276222
ENSMUSG00000025020.11	15.859425
ENSMUSG00000025024.7	20.556553
ENSMUSG00000025025.14	31.987602
ENSMUSG00000025026.15	20.305507
ENSMUSG00000025027.18	34.569093
ENSMUSG00000025034.9	30.055561
ENSMUSG00000025035.9	170.060572
ENSMUSG00000025036.7	0.455799
ENSMUSG00000025037.6	8.510588
ENSMUSG00000025038.7	0.38895
ENSMUSG00000025040.13	28.0806
ENSMUSG00000025041.17	19.315833
ENSMUSG00000025043.3	0
ENSMUSG00000025044.16	0.040499
ENSMUSG00000025047.9	1.970321
ENSMUSG00000025049.6	1.22682
ENSMUSG00000025050.8	1.82661
ENSMUSG00000025051.1	0
ENSMUSG00000025056.4	0.137411
ENSMUSG00000025058.4	0.054828
ENSMUSG00000025059.16	3.130224
ENSMUSG00000025060.15	4.004884
ENSMUSG00000025064.15	0.026432
ENSMUSG00000025066.10	42.587619
ENSMUSG00000025068.8	39.470778
ENSMUSG00000025069.15	1.511522
ENSMUSG00000025075.14	0
ENSMUSG00000025076.11	2.833794
ENSMUSG00000025077.13	1.730505
ENSMUSG00000025078.9	1.312018
ENSMUSG00000025081.13	0.08328
ENSMUSG00000025082.8	0.050651
ENSMUSG00000025083.18	2.061385
ENSMUSG00000025085.16	10.906231
ENSMUSG00000025086.13	5.017261
ENSMUSG00000025089.15	8.833759
ENSMUSG00000025090.9	0.165233
ENSMUSG00000025091.4	0.020082
ENSMUSG00000025092.7	17.530868
ENSMUSG00000025094.8	3.90056
ENSMUSG00000025102.14	21.113394
ENSMUSG00000025103.8	33.748134
ENSMUSG00000025104.13	17.178432
ENSMUSG00000025105.10	0
ENSMUSG00000025127.15	0
ENSMUSG00000025128.7	12.013608
ENSMUSG00000025129.2	0
ENSMUSG00000025130.11	59.926617
ENSMUSG00000025132.13	273.296131
ENSMUSG00000025133.9	10.827968
ENSMUSG00000025134.2	41.342416
ENSMUSG00000025135.12	98.064679
ENSMUSG00000025137.15	48.322984
ENSMUSG00000025138.14	8.244518
ENSMUSG00000025139.14	55.348737
ENSMUSG00000025140.15	1.987328
ENSMUSG00000025141.3	8.013241
ENSMUSG00000025142.18	33.078065
ENSMUSG00000025144.17	24.526062
ENSMUSG00000025145.13	4.243225
ENSMUSG00000025147.7	33.515789
ENSMUSG00000025150.10	1.561169
ENSMUSG00000025151.16	264.79363
ENSMUSG00000025153.9	72.116537
ENSMUSG00000025154.15	0.546025
ENSMUSG00000025155.15	16.713337
ENSMUSG00000025156.17	109.566064
ENSMUSG00000025157.8	13.017673
ENSMUSG00000025158.7	29.35864
ENSMUSG00000025159.8	8.082658
ENSMUSG00000025161.16	2.743434
ENSMUSG00000025162.18	45.954489
ENSMUSG00000025163.6	1.043824
ENSMUSG00000025165.12	0
ENSMUSG00000025169.6	10.650186
ENSMUSG00000025170.13	23.772642
ENSMUSG00000025171.2	11.043831
ENSMUSG00000025172.3	0.789039
ENSMUSG00000025173.13	38.692243
ENSMUSG00000025175.12	48.385941
ENSMUSG00000025176.14	0.789132
ENSMUSG00000025178.9	33.717629
ENSMUSG00000025184.10	2.12153
ENSMUSG00000025185.14	0.055075
ENSMUSG00000025188.15	1.751408
ENSMUSG00000025189.9	24.908697
ENSMUSG00000025190.13	288.313145
ENSMUSG00000025192.13	1.35653
ENSMUSG00000025193.14	3.793262
ENSMUSG00000025194.5	0.003569
ENSMUSG00000025195.9	1.477386
ENSMUSG00000025196.4	0.390271
ENSMUSG00000025197.9	0.096659
ENSMUSG00000025198.16	5.914358
ENSMUSG00000025199.16	2.897596
ENSMUSG00000025200.7	6.804424
ENSMUSG00000025201.7	0.3554
ENSMUSG00000025202.8	5.30065
ENSMUSG00000025203.6	372.943462
ENSMUSG00000025204.10	603.936486
ENSMUSG00000025207.16	6.559948
ENSMUSG00000025208.9	52.821076
ENSMUSG00000025209.5	4.664799
ENSMUSG00000025212.17	50.312129
ENSMUSG00000025213.11	6.460478
ENSMUSG00000025215.10	0.118709
ENSMUSG00000025216.9	0.910795
ENSMUSG00000025217.15	24.062256
ENSMUSG00000025218.6	8.651366
ENSMUSG00000025219.13	0.123585
ENSMUSG00000025220.8	21.055838
ENSMUSG00000025221.16	77.650547
ENSMUSG00000025223.15	61.504067
ENSMUSG00000025224.16	19.6295
ENSMUSG00000025225.15	0.962383
ENSMUSG00000025226.11	29.628889
ENSMUSG00000025227.14	17.607294
ENSMUSG00000025228.5	116.261781
ENSMUSG00000025229.15	0.349288
ENSMUSG00000025231.17	4.242705
ENSMUSG00000025232.8	41.214134
ENSMUSG00000025234.11	6.717972
ENSMUSG00000025235.8	12.123164
ENSMUSG00000025236.11	7.67163
ENSMUSG00000025237.16	50.091188
ENSMUSG00000025239.3	2.483275
ENSMUSG00000025240.10	8.540464
ENSMUSG00000025241.16	2.294547
ENSMUSG00000025243.15	0.051355
ENSMUSG00000025245.14	4.081304
ENSMUSG00000025246.13	7.896402
ENSMUSG00000025255.18	0.396245
ENSMUSG00000025257.5	0.231517
ENSMUSG00000025260.10	59.407672
ENSMUSG00000025261.18	6.051453
ENSMUSG00000025262.8	1.303903
ENSMUSG00000025264.12	67.762298
ENSMUSG00000025265.14	6.304486
ENSMUSG00000025266.11	47.146433
ENSMUSG00000025268.15	45.772881
ENSMUSG00000025269.16	2.322112
ENSMUSG00000025270.13	1.856618
ENSMUSG00000025271.13	0.516638
ENSMUSG00000025272.16	11.106887
ENSMUSG00000025277.14	23.367942
ENSMUSG00000025278.9	0.631149
ENSMUSG00000025279.7	0.012262
ENSMUSG00000025280.8	3.911799
ENSMUSG00000025283.15	42.31553
ENSMUSG00000025287.15	7.559457
ENSMUSG00000025288.1	0
ENSMUSG00000025289.15	33.885777
ENSMUSG00000025290.17	974.369378
ENSMUSG00000025314.16	10.435537
ENSMUSG00000025316.16	9.023537
ENSMUSG00000025317.7	0
ENSMUSG00000025318.13	80.961243
ENSMUSG00000025321.14	5.235172
ENSMUSG00000025323.10	2.539242
ENSMUSG00000025324.8	0.427593
ENSMUSG00000025326.12	6.757546
ENSMUSG00000025328.9	0.029033
ENSMUSG00000025329.3	0.164485
ENSMUSG00000025330.6	0.039293
ENSMUSG00000025332.14	8.048949
ENSMUSG00000025333.10	0.119293
ENSMUSG00000025337.10	44.988188
ENSMUSG00000025340.14	21.498841
ENSMUSG00000025347.4	0
ENSMUSG00000025348.9	3.899116
ENSMUSG00000025350.15	11.844683
ENSMUSG00000025351.14	123.230207
ENSMUSG00000025352.6	8.358367
ENSMUSG00000025353.5	7.799278
ENSMUSG00000025354.5	22.730104
ENSMUSG00000025355.7	0.336114
ENSMUSG00000025357.8	2.024529
ENSMUSG00000025358.16	1.023265
ENSMUSG00000025359.10	0.502069
ENSMUSG00000025362.6	370.569517
ENSMUSG00000025364.13	29.543315
ENSMUSG00000025366.8	8.719836
ENSMUSG00000025369.15	65.721698
ENSMUSG00000025370.7	1.8917
ENSMUSG00000025371.12	35.470522
ENSMUSG00000025372.16	63.125447
ENSMUSG00000025373.14	42.861162
ENSMUSG00000025374.13	85.460242
ENSMUSG00000025375.15	63.497584
ENSMUSG00000025377.14	5.555444
ENSMUSG00000025380.2	0.200623
ENSMUSG00000025381.3	69.497695
ENSMUSG00000025383.2	0.047359
ENSMUSG00000025384.15	4.012401
ENSMUSG00000025386.2	0.193693
ENSMUSG00000025389.7	0
ENSMUSG00000025393.12	1260.699316
ENSMUSG00000025395.14	2.550345
ENSMUSG00000025396.7	0
ENSMUSG00000025400.11	28.556597
ENSMUSG00000025401.9	0
ENSMUSG00000025402.12	22.742471
ENSMUSG00000025403.5	10.881361
ENSMUSG00000025404.15	76.922984
ENSMUSG00000025405.9	0
ENSMUSG00000025407.7	0.838588
ENSMUSG00000025408.15	40.775844
ENSMUSG00000025409.14	3.506882
ENSMUSG00000025410.10	217.902629
ENSMUSG00000025413.13	15.397409
ENSMUSG00000025417.8	42.438881
ENSMUSG00000025418.7	0
ENSMUSG00000025420.13	2.784543
ENSMUSG00000025421.15	44.522621
ENSMUSG00000025422.10	145.821506
ENSMUSG00000025423.16	9.150332
ENSMUSG00000025425.18	28.446936
ENSMUSG00000025427.15	4.266573
ENSMUSG00000025428.15	535.864025
ENSMUSG00000025429.9	5.311213
ENSMUSG00000025431.4	0.067828
ENSMUSG00000025432.11	0.235435
ENSMUSG00000025433.7	0
ENSMUSG00000025436.12	6.662927
ENSMUSG00000025437.15	22.003749
ENSMUSG00000025439.5	55.809564
ENSMUSG00000025450.4	0
ENSMUSG00000025451.15	34.47155
ENSMUSG00000025453.18	1.309895
ENSMUSG00000025461.11	0.019066
ENSMUSG00000025464.15	6.055754
ENSMUSG00000025465.13	58.321721
ENSMUSG00000025466.19	82.147038
ENSMUSG00000025467.8	0
ENSMUSG00000025468.15	329.003708
ENSMUSG00000025469.10	0.073997
ENSMUSG00000025470.11	16.285348
ENSMUSG00000025473.16	0.095849
ENSMUSG00000025474.9	11.756225
ENSMUSG00000025475.17	19.865106
ENSMUSG00000025477.14	28.580683
ENSMUSG00000025478.15	14.93982
ENSMUSG00000025479.9	0.23061
ENSMUSG00000025480.5	0.283845
ENSMUSG00000025481.12	2.680727
ENSMUSG00000025482.11	0
ENSMUSG00000025484.9	22.749121
ENSMUSG00000025485.13	25.96356
ENSMUSG00000025486.17	92.281117
ENSMUSG00000025487.15	94.940507
ENSMUSG00000025488.9	16.547526
ENSMUSG00000025489.5	0
ENSMUSG00000025491.14	9.091511
ENSMUSG00000025492.6	23.807705
ENSMUSG00000025494.8	0.468526
ENSMUSG00000025495.15	30.25063
ENSMUSG00000025496.5	0.096166
ENSMUSG00000025497.15	0.042968
ENSMUSG00000025498.15	0.54066
ENSMUSG00000025499.18	197.953178
ENSMUSG00000025500.12	0.029213
ENSMUSG00000025503.5	143.127626
ENSMUSG00000025504.14	4.657423
ENSMUSG00000025505.16	25.175279
ENSMUSG00000025507.13	0.366172
ENSMUSG00000025508.13	717.800736
ENSMUSG00000025509.15	15.238512
ENSMUSG00000025510.14	28.906244
ENSMUSG00000025511.15	24.314981
ENSMUSG00000025512.15	42.207008
ENSMUSG00000025515.15	0
ENSMUSG00000025519.5	0
ENSMUSG00000025521.15	32.153295
ENSMUSG00000025525.12	2.685839
ENSMUSG00000025527.9	0
ENSMUSG00000025528.10	0
ENSMUSG00000025529.14	0.800495
ENSMUSG00000025531.14	2.719598
ENSMUSG00000025532.13	23.876614
ENSMUSG00000025533.15	16.800632
ENSMUSG00000025534.17	10.56274
ENSMUSG00000025537.12	8.305177
ENSMUSG00000025538.15	13.256235
ENSMUSG00000025544.13	35.790751
ENSMUSG00000025545.10	28.729523
ENSMUSG00000025551.13	8.609539
ENSMUSG00000025555.14	8.942916
ENSMUSG00000025557.10	0.02855
ENSMUSG00000025558.19	7.535182
ENSMUSG00000025571.13	4.143419
ENSMUSG00000025572.17	3.890327
ENSMUSG00000025573.4	0
ENSMUSG00000025574.13	0.155259
ENSMUSG00000025575.14	23.810407
ENSMUSG00000025576.17	116.500555
ENSMUSG00000025577.7	0.794982
ENSMUSG00000025578.9	6.524442
ENSMUSG00000025579.14	229.694155
ENSMUSG00000025580.15	54.788472
ENSMUSG00000025582.4	61.267022
ENSMUSG00000025583.15	13.11241
ENSMUSG00000025584.17	5.209291
ENSMUSG00000025586.17	16.980758
ENSMUSG00000025588.4	2.173562
ENSMUSG00000025591.6	2.596796
ENSMUSG00000025592.17	0.294043
ENSMUSG00000025597.13	3.253791
ENSMUSG00000025602.13	0.577824
ENSMUSG00000025607.15	17.09849
ENSMUSG00000025608.9	3.463201
ENSMUSG00000025609.15	5.979438
ENSMUSG00000025610.7	0.208919
ENSMUSG00000025612.5	1.363976
ENSMUSG00000025613.13	38.000166
ENSMUSG00000025616.14	4.706609
ENSMUSG00000025626.16	3.513633
ENSMUSG00000025630.8	134.771622
ENSMUSG00000025644.10	0.259824
ENSMUSG00000025645.8	6.437523
ENSMUSG00000025646.9	11.64748
ENSMUSG00000025647.16	71.429762
ENSMUSG00000025648.18	4.330228
ENSMUSG00000025650.13	0.054023
ENSMUSG00000025651.14	323.713461
ENSMUSG00000025652.6	0.077438
ENSMUSG00000025656.17	42.021686
ENSMUSG00000025658.16	16.907727
ENSMUSG00000025665.16	1.410966
ENSMUSG00000025666.16	23.991699
ENSMUSG00000025701.12	0.524975
ENSMUSG00000025702.15	11.232622
ENSMUSG00000025716.14	0.100414
ENSMUSG00000025722.16	19.676268
ENSMUSG00000025723.12	7.344111
ENSMUSG00000025724.12	15.62942
ENSMUSG00000025726.11	0.041988
ENSMUSG00000025727.8	0.925173
ENSMUSG00000025728.16	34.26186
ENSMUSG00000025730.14	20.276891
ENSMUSG00000025731.16	44.643138
ENSMUSG00000025732.6	17.855065
ENSMUSG00000025733.17	31.508592
ENSMUSG00000025735.13	36.661141
ENSMUSG00000025736.15	25.70599
ENSMUSG00000025737.5	11.576644
ENSMUSG00000025738.8	251.240368
ENSMUSG00000025739.13	240.644771
ENSMUSG00000025742.5	6.976474
ENSMUSG00000025743.14	80.606855
ENSMUSG00000025745.12	22.456398
ENSMUSG00000025746.11	0
ENSMUSG00000025747.12	0.879187
ENSMUSG00000025754.11	0
ENSMUSG00000025757.13	5.014237
ENSMUSG00000025758.10	0.986497
ENSMUSG00000025759.11	2.71947
ENSMUSG00000025762.16	6.254721
ENSMUSG00000025764.14	11.474769
ENSMUSG00000025766.14	2.295716
ENSMUSG00000025774.14	0
ENSMUSG00000025776.13	0.241363
ENSMUSG00000025777.8	17.8756
ENSMUSG00000025779.10	0.430655
ENSMUSG00000025780.7	1.512847
ENSMUSG00000025781.14	351.240686
ENSMUSG00000025782.12	3.254072
ENSMUSG00000025783.2	0
ENSMUSG00000025784.5	12.990867
ENSMUSG00000025785.5	17.465422
ENSMUSG00000025786.17	37.943869
ENSMUSG00000025787.6	0.021485
ENSMUSG00000025789.9	0.50196
ENSMUSG00000025790.14	18.330458
ENSMUSG00000025791.18	36.481949
ENSMUSG00000025792.9	12.352995
ENSMUSG00000025793.17	34.998215
ENSMUSG00000025794.9	487.719641
ENSMUSG00000025795.8	15.810191
ENSMUSG00000025804.5	0.052742
ENSMUSG00000025808.17	0
ENSMUSG00000025809.15	9.156848
ENSMUSG00000025810.9	1.990444
ENSMUSG00000025812.18	3.46102
ENSMUSG00000025813.14	4.494297
ENSMUSG00000025815.13	0.586461
ENSMUSG00000025816.15	19.588072
ENSMUSG00000025817.12	10.282572
ENSMUSG00000025821.9	2.79869
ENSMUSG00000025823.9	19.353943
ENSMUSG00000025825.12	180.204855
ENSMUSG00000025838.12	0
ENSMUSG00000025839.3	0
ENSMUSG00000025854.15	37.675705
ENSMUSG00000025855.13	531.451081
ENSMUSG00000025856.15	24.488441
ENSMUSG00000025857.10	2.60409
ENSMUSG00000025858.12	57.119255
ENSMUSG00000025860.15	13.976173
ENSMUSG00000025862.14	4.075134
ENSMUSG00000025867.8	276.056324
ENSMUSG00000025868.6	255.822557
ENSMUSG00000025869.11	24.402594
ENSMUSG00000025870.10	18.094747
ENSMUSG00000025871.18	80.370053
ENSMUSG00000025872.5	20.796274
ENSMUSG00000025873.16	13.692789
ENSMUSG00000025875.14	46.425809
ENSMUSG00000025876.15	32.967224
ENSMUSG00000025877.14	0.526508
ENSMUSG00000025878.16	5.806559
ENSMUSG00000025880.11	7.919302
ENSMUSG00000025885.18	14.607749
ENSMUSG00000025887.10	0.180721
ENSMUSG00000025888.6	0.848271
ENSMUSG00000025889.13	210.487686
ENSMUSG00000025892.16	11.092034
ENSMUSG00000025893.8	2.234921
ENSMUSG00000025894.11	8.597744
ENSMUSG00000025898.6	0.718111
ENSMUSG00000025899.14	1.65562
ENSMUSG00000025900.13	0.02105
ENSMUSG00000025902.13	1.699743
ENSMUSG00000025903.14	18.038822
ENSMUSG00000025905.14	0.778617
ENSMUSG00000025907.14	11.323598
ENSMUSG00000025909.16	3.706433
ENSMUSG00000025911.14	4.852998
ENSMUSG00000025912.16	0.746676
ENSMUSG00000025915.14	1.502709
ENSMUSG00000025916.10	0.457476
ENSMUSG00000025917.9	52.35179
ENSMUSG00000025920.19	56.422025
ENSMUSG00000025921.7	2.04583
ENSMUSG00000025922.9	0.04438
ENSMUSG00000025925.14	2.974435
ENSMUSG00000025927.13	0.570048
ENSMUSG00000025929.4	0
ENSMUSG00000025930.6	1.305656
ENSMUSG00000025931.15	21.351953
ENSMUSG00000025932.14	1.124963
ENSMUSG00000025933.15	40.081622
ENSMUSG00000025934.15	0.711106
ENSMUSG00000025935.10	14.051488
ENSMUSG00000025936.15	0
ENSMUSG00000025937.6	4.218553
ENSMUSG00000025938.16	0.087917
ENSMUSG00000025939.19	27.380727
ENSMUSG00000025940.6	26.555468
ENSMUSG00000025945.11	0
ENSMUSG00000025946.13	0.776482
ENSMUSG00000025949.16	1.000386
ENSMUSG00000025950.16	24.919622
ENSMUSG00000025952.15	0
ENSMUSG00000025955.13	0
ENSMUSG00000025956.10	6.138251
ENSMUSG00000025958.14	1.872993
ENSMUSG00000025959.13	3.039545
ENSMUSG00000025961.1	0.230353
ENSMUSG00000025962.15	1.078882
ENSMUSG00000025963.5	0.436021
ENSMUSG00000025964.15	31.727217
ENSMUSG00000025967.16	364.924867
ENSMUSG00000025968.16	30.480357
ENSMUSG00000025969.15	4.727028
ENSMUSG00000025971.6	5.154327
ENSMUSG00000025977.15	0
ENSMUSG00000025978.14	12.788634
ENSMUSG00000025979.13	17.236889
ENSMUSG00000025980.14	38.024887
ENSMUSG00000025981.13	10.756521
ENSMUSG00000025982.13	11.627053
ENSMUSG00000025983.11	0.054551
ENSMUSG00000025986.6	20.414566
ENSMUSG00000025991.8	0.026049
ENSMUSG00000025993.10	1.439021
ENSMUSG00000025995.16	5.067844
ENSMUSG00000025997.13	0.101595
ENSMUSG00000026000.16	112.656265
ENSMUSG00000026003.5	17.285812
ENSMUSG00000026004.15	0.884816
ENSMUSG00000026005.15	5.610773
ENSMUSG00000026009.14	0.009144
ENSMUSG00000026011.13	0
ENSMUSG00000026012.2	0.033594
ENSMUSG00000026014.15	2.016077
ENSMUSG00000026017.13	1.759739
ENSMUSG00000026018.12	8.651703
ENSMUSG00000026019.15	11.413798
ENSMUSG00000026020.9	7.791813
ENSMUSG00000026021.15	91.212676
ENSMUSG00000026023.16	0.394345
ENSMUSG00000026024.14	3.586522
ENSMUSG00000026027.13	15.943181
ENSMUSG00000026028.12	15.325024
ENSMUSG00000026029.14	0.603962
ENSMUSG00000026031.15	4.796476
ENSMUSG00000026032.8	132.278634
ENSMUSG00000026034.17	2.957348
ENSMUSG00000026035.15	25.448699
ENSMUSG00000026036.17	9.763188
ENSMUSG00000026037.14	3.253767
ENSMUSG00000026039.9	0.088254
ENSMUSG00000026042.16	0.104286
ENSMUSG00000026043.18	0.882118
ENSMUSG00000026047.13	1.112609
ENSMUSG00000026048.16	2.244997
ENSMUSG00000026049.11	4.812828
ENSMUSG00000026051.8	22.174598
ENSMUSG00000026058.11	5.126386
ENSMUSG00000026062.12	0.846073
ENSMUSG00000026063.4	0
ENSMUSG00000026064.16	0.016543
ENSMUSG00000026065.8	0.569971
ENSMUSG00000026068.11	0.023784
ENSMUSG00000026069.15	0.022557
ENSMUSG00000026070.15	0.007038
ENSMUSG00000026072.12	0.544146
ENSMUSG00000026073.13	0.665187
ENSMUSG00000026074.15	9.616972
ENSMUSG00000026077.15	7.257591
ENSMUSG00000026078.10	35.928555
ENSMUSG00000026080.13	32.40923
ENSMUSG00000026082.11	2.436919
ENSMUSG00000026083.12	2.883517
ENSMUSG00000026085.11	0
ENSMUSG00000026087.11	136.290731
ENSMUSG00000026088.15	1.916349
ENSMUSG00000026090.16	74.052797
ENSMUSG00000026094.14	1.506971
ENSMUSG00000026095.15	6.968732
ENSMUSG00000026096.14	5.975534
ENSMUSG00000026097.9	4.041391
ENSMUSG00000026098.13	0.32136
ENSMUSG00000026100.6	0.024532
ENSMUSG00000026102.9	15.712929
ENSMUSG00000026103.14	44.056931
ENSMUSG00000026104.14	5.074531
ENSMUSG00000026107.11	1.987325
ENSMUSG00000026109.14	25.839226
ENSMUSG00000026110.15	2.671437
ENSMUSG00000026111.15	34.498998
ENSMUSG00000026112.7	27.036832
ENSMUSG00000026113.17	19.674312
ENSMUSG00000026114.14	0.174226
ENSMUSG00000026116.11	5.42417
ENSMUSG00000026117.10	1.554301
ENSMUSG00000026121.13	4.040763
ENSMUSG00000026123.11	140.946933
ENSMUSG00000026124.4	0
ENSMUSG00000026125.9	0
ENSMUSG00000026126.15	5.930885
ENSMUSG00000026127.13	14.064969
ENSMUSG00000026131.20	4.44583
ENSMUSG00000026134.11	3.36555
ENSMUSG00000026135.17	3.379074
ENSMUSG00000026141.13	0.213073
ENSMUSG00000026142.15	3.622134
ENSMUSG00000026147.16	0.126377
ENSMUSG00000026149.2	0
ENSMUSG00000026150.14	139.652102
ENSMUSG00000026153.15	2.566537
ENSMUSG00000026154.4	53.896508
ENSMUSG00000026155.13	46.704273
ENSMUSG00000026156.8	2.604349
ENSMUSG00000026158.11	19.765609
ENSMUSG00000026159.13	8.697021
ENSMUSG00000026162.7	2.366176
ENSMUSG00000026163.17	10.08004
ENSMUSG00000026166.14	0
ENSMUSG00000026167.14	3.228387
ENSMUSG00000026170.6	3.910867
ENSMUSG00000026171.12	28.72338
ENSMUSG00000026172.12	16.874999
ENSMUSG00000026173.15	4.898503
ENSMUSG00000026174.9	10.37286
ENSMUSG00000026175.12	0.133097
ENSMUSG00000026176.13	19.419904
ENSMUSG00000026177.11	1.569436
ENSMUSG00000026179.14	161.050808
ENSMUSG00000026180.8	0
ENSMUSG00000026181.13	17.773177
ENSMUSG00000026182.6	0
ENSMUSG00000026185.8	28.383714
ENSMUSG00000026187.9	7.724524
ENSMUSG00000026188.11	4.581897
ENSMUSG00000026189.13	4.550461
ENSMUSG00000026192.13	15.152872
ENSMUSG00000026193.15	2.987459
ENSMUSG00000026196.7	0.148217
ENSMUSG00000026197.12	22.936512
ENSMUSG00000026198.15	7.294576
ENSMUSG00000026199.17	3.806651
ENSMUSG00000026200.13	1.880378
ENSMUSG00000026201.12	64.315183
ENSMUSG00000026202.13	541.25531
ENSMUSG00000026203.16	77.915634
ENSMUSG00000026204.15	205.730556
ENSMUSG00000026205.8	0.708312
ENSMUSG00000026207.16	34.054047
ENSMUSG00000026208.9	0.511003
ENSMUSG00000026209.15	36.120943
ENSMUSG00000026211.17	6.889288
ENSMUSG00000026213.15	6.619991
ENSMUSG00000026219.14	12.943434
ENSMUSG00000026220.6	0.876766
ENSMUSG00000026222.16	0.239048
ENSMUSG00000026223.15	790.160661
ENSMUSG00000026224.11	2.947793
ENSMUSG00000026226.16	0.675043
ENSMUSG00000026227.11	5.249292
ENSMUSG00000026228.6	0.044095
ENSMUSG00000026229.17	26.49106
ENSMUSG00000026234.12	34.681181
ENSMUSG00000026235.14	14.305124
ENSMUSG00000026237.6	0.080726
ENSMUSG00000026238.14	439.444944
ENSMUSG00000026239.14	54.512241
ENSMUSG00000026240.12	11.289177
ENSMUSG00000026241.5	12.369863
ENSMUSG00000026245.16	25.247447
ENSMUSG00000026246.12	0
ENSMUSG00000026247.13	17.971639
ENSMUSG00000026248.9	29.038214
ENSMUSG00000026249.10	149.197643
ENSMUSG00000026251.13	0
ENSMUSG00000026253.14	0
ENSMUSG00000026254.17	19.396195
ENSMUSG00000026255.15	25.408469
ENSMUSG00000026258.5	1.574345
ENSMUSG00000026259.14	184.057923
ENSMUSG00000026260.12	165.601559
ENSMUSG00000026269.14	11.565827
ENSMUSG00000026270.11	19.022413
ENSMUSG00000026271.15	0.145744
ENSMUSG00000026272.6	0
ENSMUSG00000026273.13	7.738345
ENSMUSG00000026274.11	0.375679
ENSMUSG00000026275.13	12.433514
ENSMUSG00000026276.20	2.068173
ENSMUSG00000026277.14	138.942248
ENSMUSG00000026278.14	52.651985
ENSMUSG00000026279.14	36.747903
ENSMUSG00000026280.17	20.780407
ENSMUSG00000026281.15	29.476195
ENSMUSG00000026283.13	2.688402
ENSMUSG00000026285.7	0.239717
ENSMUSG00000026288.14	3.31576
ENSMUSG00000026289.15	17.862046
ENSMUSG00000026295.12	0.447538
ENSMUSG00000026301.16	0.388954
ENSMUSG00000026303.6	0.505641
ENSMUSG00000026304.13	0.178857
ENSMUSG00000026305.15	8.334791
ENSMUSG00000026307.12	18.602868
ENSMUSG00000026308.8	0.259771
ENSMUSG00000026309.14	31.395732
ENSMUSG00000026311.16	8.837159
ENSMUSG00000026312.17	1.092947
ENSMUSG00000026313.16	6.866295
ENSMUSG00000026315.13	0.139315
ENSMUSG00000026317.7	10.058926
ENSMUSG00000026319.13	7.810073
ENSMUSG00000026321.7	0.789105
ENSMUSG00000026322.9	0.684151
ENSMUSG00000026327.8	0.029382
ENSMUSG00000026331.13	0
ENSMUSG00000026333.14	3.062177
ENSMUSG00000026335.16	44.014276
ENSMUSG00000026336.13	0
ENSMUSG00000026339.18	1.089627
ENSMUSG00000026341.16	77.908907
ENSMUSG00000026342.10	5.718987
ENSMUSG00000026343.6	0.293554
ENSMUSG00000026344.9	100.606532
ENSMUSG00000026347.13	15.851265
ENSMUSG00000026348.7	0.014706
ENSMUSG00000026349.14	2.86214
ENSMUSG00000026353.9	6.961666
ENSMUSG00000026354.8	0.800412
ENSMUSG00000026355.11	0.512561
ENSMUSG00000026356.15	19.239786
ENSMUSG00000026357.3	0.060443
ENSMUSG00000026358.13	0.024338
ENSMUSG00000026360.9	16.261254
ENSMUSG00000026361.9	4.344226
ENSMUSG00000026365.15	2.145709
ENSMUSG00000026368.6	0
ENSMUSG00000026374.14	33.814663
ENSMUSG00000026377.12	8.26373
ENSMUSG00000026380.10	0.280433
ENSMUSG00000026383.14	0.527573
ENSMUSG00000026384.13	4.829627
ENSMUSG00000026385.16	247.490903
ENSMUSG00000026387.15	0.32061
ENSMUSG00000026388.15	5.580314
ENSMUSG00000026389.16	3.910907
ENSMUSG00000026390.7	0.048081
ENSMUSG00000026393.10	9.907168
ENSMUSG00000026394.5	0
ENSMUSG00000026395.16	0.237077
ENSMUSG00000026398.14	0.012299
ENSMUSG00000026399.12	1.16007
ENSMUSG00000026401.15	0
ENSMUSG00000026404.12	4.1622
ENSMUSG00000026405.14	0.071089
ENSMUSG00000026407.17	0.820327
ENSMUSG00000026409.14	2.333932
ENSMUSG00000026411.17	92.808077
ENSMUSG00000026413.12	0.093559
ENSMUSG00000026414.13	5.171614
ENSMUSG00000026415.11	0
ENSMUSG00000026416.12	0
ENSMUSG00000026417.13	0.03052
ENSMUSG00000026418.16	0.372033
ENSMUSG00000026420.16	0
ENSMUSG00000026421.14	383.882762
ENSMUSG00000026424.8	175.165157
ENSMUSG00000026425.15	11.173101
ENSMUSG00000026426.10	218.761313
ENSMUSG00000026427.16	16.384882
ENSMUSG00000026429.9	2.684762
ENSMUSG00000026430.16	8.652608
ENSMUSG00000026432.7	0.050994
ENSMUSG00000026433.13	5.368714
ENSMUSG00000026434.12	24.378693
ENSMUSG00000026435.15	1.181602
ENSMUSG00000026436.15	3.947903
ENSMUSG00000026437.11	17.69903
ENSMUSG00000026439.14	17.832957
ENSMUSG00000026442.14	23.622274
ENSMUSG00000026443.3	54.207627
ENSMUSG00000026447.17	2.540948
ENSMUSG00000026450.14	0.092701
ENSMUSG00000026452.15	34.283476
ENSMUSG00000026455.14	8.156388
ENSMUSG00000026456.18	17.703488
ENSMUSG00000026457.14	34.151233
ENSMUSG00000026458.13	23.338664
ENSMUSG00000026459.5	0
ENSMUSG00000026463.17	18.690545
ENSMUSG00000026466.16	11.486301
ENSMUSG00000026468.14	0.199491
ENSMUSG00000026469.14	9.410649
ENSMUSG00000026470.14	27.775918
ENSMUSG00000026471.14	1.338938
ENSMUSG00000026473.16	727.784296
ENSMUSG00000026475.7	11.753174
ENSMUSG00000026478.14	3.825276
ENSMUSG00000026479.13	1.188349
ENSMUSG00000026480.12	1.819519
ENSMUSG00000026482.13	15.518794
ENSMUSG00000026483.13	0.221828
ENSMUSG00000026484.13	6.020926
ENSMUSG00000026489.13	22.900121
ENSMUSG00000026490.18	13.211522
ENSMUSG00000026491.13	1.782514
ENSMUSG00000026492.11	5.36831
ENSMUSG00000026494.12	0.58352
ENSMUSG00000026495.8	2.217844
ENSMUSG00000026496.11	17.016433
ENSMUSG00000026497.7	0
ENSMUSG00000026499.5	6.489694
ENSMUSG00000026500.6	40.176066
ENSMUSG00000026502.13	2.252864
ENSMUSG00000026504.17	1.54325
ENSMUSG00000026509.15	14.798958
ENSMUSG00000026510.10	5.022279
ENSMUSG00000026511.7	99.405446
ENSMUSG00000026514.14	32.557379
ENSMUSG00000026516.8	2.528251
ENSMUSG00000026519.16	21.080722
ENSMUSG00000026520.8	26.279204
ENSMUSG00000026523.14	0
ENSMUSG00000026525.9	2.990195
ENSMUSG00000026526.14	57.429611
ENSMUSG00000026527.13	21.325266
ENSMUSG00000026531.4	0
ENSMUSG00000026532.7	0
ENSMUSG00000026535.9	0.092152
ENSMUSG00000026536.9	0
ENSMUSG00000026542.6	0
ENSMUSG00000026544.6	4.407568
ENSMUSG00000026546.16	1.585823
ENSMUSG00000026547.15	9.554208
ENSMUSG00000026548.4	1.77544
ENSMUSG00000026553.17	33.566194
ENSMUSG00000026554.15	39.693927
ENSMUSG00000026556.15	4.436031
ENSMUSG00000026558.13	9.539526
ENSMUSG00000026560.13	0
ENSMUSG00000026563.13	14.944656
ENSMUSG00000026564.9	0.196946
ENSMUSG00000026565.18	0.422801
ENSMUSG00000026566.15	7.32234
ENSMUSG00000026567.16	0.01715
ENSMUSG00000026568.6	135.379705
ENSMUSG00000026571.12	14.963266
ENSMUSG00000026572.11	0
ENSMUSG00000026573.7	0.080749
ENSMUSG00000026574.5	0.090544
ENSMUSG00000026575.15	9.287624
ENSMUSG00000026576.12	806.360746
ENSMUSG00000026577.13	2.469722
ENSMUSG00000026578.6	10.174009
ENSMUSG00000026579.8	0.328356
ENSMUSG00000026580.16	0
ENSMUSG00000026581.14	0.013855
ENSMUSG00000026582.6	0
ENSMUSG00000026584.14	2.784761
ENSMUSG00000026585.13	38.461042
ENSMUSG00000026586.16	1.288729
ENSMUSG00000026587.15	24.435337
ENSMUSG00000026589.14	0.086887
ENSMUSG00000026592.13	0
ENSMUSG00000026594.14	3.881422
ENSMUSG00000026596.13	3.349048
ENSMUSG00000026600.12	5.214982
ENSMUSG00000026601.14	0
ENSMUSG00000026602.9	0.200188
ENSMUSG00000026603.13	62.789694
ENSMUSG00000026604.17	0.384606
ENSMUSG00000026605.14	0.048604
ENSMUSG00000026608.13	20.033739
ENSMUSG00000026609.15	0.003611
ENSMUSG00000026610.13	4.775541
ENSMUSG00000026611.17	0.212034
ENSMUSG00000026614.7	2.569369
ENSMUSG00000026615.14	6.593826
ENSMUSG00000026616.16	0
ENSMUSG00000026617.16	31.497011
ENSMUSG00000026618.11	4.60969
ENSMUSG00000026620.11	16.260436
ENSMUSG00000026621.13	0.060183
ENSMUSG00000026622.15	0.26639
ENSMUSG00000026623.16	15.085301
ENSMUSG00000026626.11	27.607401
ENSMUSG00000026627.7	3.791391
ENSMUSG00000026628.13	0.403095
ENSMUSG00000026630.9	1.817347
ENSMUSG00000026632.17	7.075255
ENSMUSG00000026634.16	11.145649
ENSMUSG00000026637.13	2.305742
ENSMUSG00000026638.15	0.156602
ENSMUSG00000026639.18	0.762059
ENSMUSG00000026640.12	4.160324
ENSMUSG00000026641.13	101.91631
ENSMUSG00000026643.16	13.756893
ENSMUSG00000026644.7	1.337947
ENSMUSG00000026645.11	0
ENSMUSG00000026646.16	0.520749
ENSMUSG00000026648.18	0.71801
ENSMUSG00000026649.14	3.756609
ENSMUSG00000026650.15	2.972609
ENSMUSG00000026655.15	1.970254
ENSMUSG00000026656.15	3.864419
ENSMUSG00000026657.17	3.647389
ENSMUSG00000026659.13	15.052173
ENSMUSG00000026662.13	5.178282
ENSMUSG00000026663.6	5.037684
ENSMUSG00000026664.7	68.733404
ENSMUSG00000026667.14	18.427843
ENSMUSG00000026668.10	3.519988
ENSMUSG00000026669.14	0.284722
ENSMUSG00000026670.15	18.165913
ENSMUSG00000026672.11	8.886402
ENSMUSG00000026674.9	0.196493
ENSMUSG00000026675.12	3.00445
ENSMUSG00000026676.7	6.798988
ENSMUSG00000026678.10	7.309813
ENSMUSG00000026679.3	1.014123
ENSMUSG00000026683.14	0.577788
ENSMUSG00000026686.14	0.282822
ENSMUSG00000026687.14	17.018148
ENSMUSG00000026688.5	216.992708
ENSMUSG00000026691.10	0
ENSMUSG00000026692.12	0
ENSMUSG00000026694.19	4.567158
ENSMUSG00000026696.15	42.468518
ENSMUSG00000026697.10	0.443047
ENSMUSG00000026698.8	2.706365
ENSMUSG00000026700.4	0
ENSMUSG00000026701.15	295.439708
ENSMUSG00000026705.16	4.434858
ENSMUSG00000026707.15	1.49439
ENSMUSG00000026708.16	0.67685
ENSMUSG00000026709.10	12.112965
ENSMUSG00000026712.3	0.440923
ENSMUSG00000026715.12	0
ENSMUSG00000026718.17	15.408298
ENSMUSG00000026721.16	9.815875
ENSMUSG00000026723.10	0.732982
ENSMUSG00000026725.17	0.051476
ENSMUSG00000026726.10	0.017693
ENSMUSG00000026727.10	15.469887
ENSMUSG00000026728.9	16.698083
ENSMUSG00000026729.9	0
ENSMUSG00000026730.12	1.331094
ENSMUSG00000026734.9	0
ENSMUSG00000026735.2	0.042094
ENSMUSG00000026736.2	0.502579
ENSMUSG00000026737.12	29.329103
ENSMUSG00000026739.13	11.065516
ENSMUSG00000026740.12	1.663492
ENSMUSG00000026743.16	7.534727
ENSMUSG00000026748.13	7.157743
ENSMUSG00000026749.11	17.414093
ENSMUSG00000026750.6	198.203023
ENSMUSG00000026751.14	0.171943
ENSMUSG00000026753.5	15.155847
ENSMUSG00000026754.16	3.74612
ENSMUSG00000026755.14	70.642032
ENSMUSG00000026761.12	16.274537
ENSMUSG00000026764.15	32.716725
ENSMUSG00000026765.12	4.22428
ENSMUSG00000026766.16	22.667037
ENSMUSG00000026767.12	18.805478
ENSMUSG00000026768.10	0.565187
ENSMUSG00000026770.5	0.006616
ENSMUSG00000026771.14	1.579566
ENSMUSG00000026773.19	7.225479
ENSMUSG00000026774.11	0
ENSMUSG00000026775.9	6.147954
ENSMUSG00000026778.13	2.977751
ENSMUSG00000026779.6	0.010352
ENSMUSG00000026781.17	8.44362
ENSMUSG00000026782.15	19.023134
ENSMUSG00000026784.14	1.152799
ENSMUSG00000026785.14	0.209935
ENSMUSG00000026786.14	1.478526
ENSMUSG00000026787.3	17.654763
ENSMUSG00000026788.13	3.766078
ENSMUSG00000026790.19	10.037334
ENSMUSG00000026791.14	11.861551
ENSMUSG00000026792.16	12.957792
ENSMUSG00000026796.16	11.747135
ENSMUSG00000026797.16	274.256212
ENSMUSG00000026798.10	18.010527
ENSMUSG00000026799.15	30.818839
ENSMUSG00000026803.17	0.797887
ENSMUSG00000026805.14	1.524568
ENSMUSG00000026806.15	1.856327
ENSMUSG00000026807.8	1.571996
ENSMUSG00000026809.15	1.246896
ENSMUSG00000026810.12	66.049007
ENSMUSG00000026811.18	85.528143
ENSMUSG00000026812.16	4.983965
ENSMUSG00000026814.16	4.853788
ENSMUSG00000026815.14	0
ENSMUSG00000026816.14	11.490361
ENSMUSG00000026817.14	134.64688
ENSMUSG00000026818.5	0
ENSMUSG00000026819.15	29.395131
ENSMUSG00000026820.5	45.388126
ENSMUSG00000026821.16	30.475995
ENSMUSG00000026822.14	0.26566
ENSMUSG00000026824.11	16.798308
ENSMUSG00000026825.17	491.74561
ENSMUSG00000026826.13	7.31047
ENSMUSG00000026827.12	14.491077
ENSMUSG00000026828.11	0.061661
ENSMUSG00000026829.9	0.277044
ENSMUSG00000026830.9	8.863748
ENSMUSG00000026831.16	5.292484
ENSMUSG00000026832.12	0.258183
ENSMUSG00000026833.18	478.201163
ENSMUSG00000026834.13	0.773358
ENSMUSG00000026835.15	0
ENSMUSG00000026836.15	9.124154
ENSMUSG00000026837.16	0.68605
ENSMUSG00000026839.17	26.326891
ENSMUSG00000026840.14	1.140176
ENSMUSG00000026841.7	9.672078
ENSMUSG00000026842.16	7.874876
ENSMUSG00000026843.15	7.984841
ENSMUSG00000026848.14	10.354342
ENSMUSG00000026849.18	40.46559
ENSMUSG00000026851.9	49.325485
ENSMUSG00000026853.15	12.161172
ENSMUSG00000026854.16	23.177508
ENSMUSG00000026856.14	10.278979
ENSMUSG00000026857.9	33.292118
ENSMUSG00000026858.18	37.015497
ENSMUSG00000026860.16	150.340788
ENSMUSG00000026864.13	79.386931
ENSMUSG00000026866.16	0.019868
ENSMUSG00000026867.18	9.351478
ENSMUSG00000026869.12	25.186052
ENSMUSG00000026870.19	0.503776
ENSMUSG00000026872.18	10.049043
ENSMUSG00000026873.9	0.420707
ENSMUSG00000026874.10	0.074459
ENSMUSG00000026875.14	1.399862
ENSMUSG00000026878.17	58.875555
ENSMUSG00000026879.14	34.286585
ENSMUSG00000026880.11	5.313468
ENSMUSG00000026882.1	0
ENSMUSG00000026883.17	21.426468
ENSMUSG00000026885.13	12.592048
ENSMUSG00000026887.9	10.775521
ENSMUSG00000026888.14	21.365221
ENSMUSG00000026889.12	9.779622
ENSMUSG00000026890.19	6.611768
ENSMUSG00000026893.4	2.043739
ENSMUSG00000026894.4	2.03363
ENSMUSG00000026895.7	280.440732
ENSMUSG00000026896.14	0.176973
ENSMUSG00000026904.17	17.364826
ENSMUSG00000026914.15	39.601234
ENSMUSG00000026915.16	10.908801
ENSMUSG00000026917.15	11.514373
ENSMUSG00000026918.16	9.559132
ENSMUSG00000026919.1	0
ENSMUSG00000026921.20	43.221683
ENSMUSG00000026922.13	1.885356
ENSMUSG00000026923.15	1.709226
ENSMUSG00000026924.17	8.921949
ENSMUSG00000026925.16	6.312016
ENSMUSG00000026926.14	32.905183
ENSMUSG00000026927.17	21.216577
ENSMUSG00000026928.14	2.358257
ENSMUSG00000026930.15	29.121002
ENSMUSG00000026931.10	0
ENSMUSG00000026932.14	28.237491
ENSMUSG00000026933.17	12.307301
ENSMUSG00000026934.15	0.269316
ENSMUSG00000026936.4	0
ENSMUSG00000026937.12	0
ENSMUSG00000026938.10	0.819089
ENSMUSG00000026939.12	45.949314
ENSMUSG00000026940.3	0
ENSMUSG00000026941.16	0
ENSMUSG00000026942.13	7.062637
ENSMUSG00000026943.12	0
ENSMUSG00000026944.18	68.968079
ENSMUSG00000026946.9	2.116267
ENSMUSG00000026950.18	0.063155
ENSMUSG00000026955.13	1.062746
ENSMUSG00000026956.15	25.934226
ENSMUSG00000026958.13	11.035828
ENSMUSG00000026959.13	146.604484
ENSMUSG00000026960.6	4.989856
ENSMUSG00000026961.6	0
ENSMUSG00000026963.4	0
ENSMUSG00000026965.12	50.418932
ENSMUSG00000026966.6	54.862699
ENSMUSG00000026969.3	0.029548
ENSMUSG00000026970.16	1.730135
ENSMUSG00000026971.15	0.036316
ENSMUSG00000026972.15	4.823929
ENSMUSG00000026974.11	15.99659
ENSMUSG00000026975.10	17.682394
ENSMUSG00000026976.15	0.728914
ENSMUSG00000026977.17	7.341342
ENSMUSG00000026979.16	0.325975
ENSMUSG00000026980.15	0.083338
ENSMUSG00000026981.15	0.092919
ENSMUSG00000026983.10	0
ENSMUSG00000026984.4	0
ENSMUSG00000026985.1	0
ENSMUSG00000026986.14	9.944163
ENSMUSG00000026987.16	3.92485
ENSMUSG00000026988.15	10.092929
ENSMUSG00000026989.5	1.201008
ENSMUSG00000026991.20	64.307636
ENSMUSG00000026994.9	0.223683
ENSMUSG00000026999.14	11.171699
ENSMUSG00000027001.10	4.888496
ENSMUSG00000027002.13	46.429521
ENSMUSG00000027004.3	7.497589
ENSMUSG00000027006.13	13.800071
ENSMUSG00000027007.16	4.655933
ENSMUSG00000027009.18	0.40611
ENSMUSG00000027010.16	63.37594
ENSMUSG00000027011.14	54.641141
ENSMUSG00000027012.15	28.80731
ENSMUSG00000027014.14	1.463285
ENSMUSG00000027015.4	1.161536
ENSMUSG00000027016.17	13.023937
ENSMUSG00000027018.11	7.445869
ENSMUSG00000027022.14	0.011087
ENSMUSG00000027030.15	24.679274
ENSMUSG00000027035.10	3.415445
ENSMUSG00000027048.15	0
ENSMUSG00000027067.16	24.818502
ENSMUSG00000027068.6	0
ENSMUSG00000027070.14	0.012833
ENSMUSG00000027071.14	0.531164
ENSMUSG00000027072.13	0
ENSMUSG00000027073.5	0.169481
ENSMUSG00000027074.14	0.475111
ENSMUSG00000027075.16	0.035584
ENSMUSG00000027076.10	53.216702
ENSMUSG00000027077.7	0
ENSMUSG00000027078.14	5.550086
ENSMUSG00000027079.15	3.14894
ENSMUSG00000027080.6	22.507498
ENSMUSG00000027082.15	0.845364
ENSMUSG00000027086.16	2.779777
ENSMUSG00000027087.11	22.068905
ENSMUSG00000027088.10	10.649803
ENSMUSG00000027091.14	32.567394
ENSMUSG00000027099.9	19.395588
ENSMUSG00000027102.4	0
ENSMUSG00000027104.18	16.322143
ENSMUSG00000027107.3	0.186385
ENSMUSG00000027108.15	24.491211
ENSMUSG00000027109.16	6.193186
ENSMUSG00000027111.16	2.758428
ENSMUSG00000027115.14	0.052664
ENSMUSG00000027120.6	0
ENSMUSG00000027122.15	6.355373
ENSMUSG00000027130.15	10.271445
ENSMUSG00000027131.3	178.847922
ENSMUSG00000027132.3	3.848796
ENSMUSG00000027133.3	60.830661
ENSMUSG00000027134.4	85.673453
ENSMUSG00000027157.10	0
ENSMUSG00000027160.16	4.461155
ENSMUSG00000027162.7	10.879196
ENSMUSG00000027163.13	64.400588
ENSMUSG00000027164.8	1.617873
ENSMUSG00000027165.16	16.260636
ENSMUSG00000027166.14	11.151039
ENSMUSG00000027167.11	4.212501
ENSMUSG00000027168.21	3.45703
ENSMUSG00000027170.12	58.295195
ENSMUSG00000027171.10	0.07277
ENSMUSG00000027173.7	1.259277
ENSMUSG00000027175.10	5.666173
ENSMUSG00000027176.8	7.784933
ENSMUSG00000027177.14	6.926365
ENSMUSG00000027180.12	13.282582
ENSMUSG00000027184.14	43.521489
ENSMUSG00000027185.15	5.802965
ENSMUSG00000027186.15	0.506884
ENSMUSG00000027187.10	18.735006
ENSMUSG00000027188.8	10.942015
ENSMUSG00000027189.16	21.9719
ENSMUSG00000027193.12	12.367282
ENSMUSG00000027194.16	9.074014
ENSMUSG00000027195.10	59.004322
ENSMUSG00000027196.11	0
ENSMUSG00000027198.16	19.360578
ENSMUSG00000027199.14	49.590063
ENSMUSG00000027200.17	7.144944
ENSMUSG00000027201.16	8.679015
ENSMUSG00000027202.12	0
ENSMUSG00000027203.15	25.900373
ENSMUSG00000027204.13	0.286851
ENSMUSG00000027206.13	15.187699
ENSMUSG00000027207.15	12.507379
ENSMUSG00000027208.14	0.212442
ENSMUSG00000027209.17	0.816612
ENSMUSG00000027210.20	27.247781
ENSMUSG00000027215.13	29.626704
ENSMUSG00000027217.13	1.81104
ENSMUSG00000027219.13	0
ENSMUSG00000027220.2	89.805461
ENSMUSG00000027221.5	123.515902
ENSMUSG00000027222.14	28.04659
ENSMUSG00000027223.15	208.954228
ENSMUSG00000027224.14	0.098976
ENSMUSG00000027225.7	0
ENSMUSG00000027227.7	16.911564
ENSMUSG00000027229.5	0.028912
ENSMUSG00000027230.9	1.801539
ENSMUSG00000027233.4	0.074478
ENSMUSG00000027236.8	3.030137
ENSMUSG00000027238.17	7.9963
ENSMUSG00000027239.14	47.670003
ENSMUSG00000027242.14	0.840997
ENSMUSG00000027243.8	2.464226
ENSMUSG00000027244.14	41.815934
ENSMUSG00000027245.11	12.760043
ENSMUSG00000027246.12	0.074854
ENSMUSG00000027247.16	27.067163
ENSMUSG00000027248.13	55.438644
ENSMUSG00000027249.15	0.05905
ENSMUSG00000027253.15	3.042248
ENSMUSG00000027254.13	68.417838
ENSMUSG00000027255.14	35.814617
ENSMUSG00000027257.13	38.146911
ENSMUSG00000027259.15	4.895999
ENSMUSG00000027261.2	0.05999
ENSMUSG00000027263.12	4.471493
ENSMUSG00000027270.14	123.486421
ENSMUSG00000027272.5	2.856844
ENSMUSG00000027273.13	1092.775401
ENSMUSG00000027274.16	5.269818
ENSMUSG00000027276.7	0.871215
ENSMUSG00000027281.16	0.511627
ENSMUSG00000027282.17	44.32398
ENSMUSG00000027284.16	1.949029
ENSMUSG00000027285.13	5.345505
ENSMUSG00000027286.16	14.519536
ENSMUSG00000027287.14	1.635196
ENSMUSG00000027288.16	16.921833
ENSMUSG00000027291.15	15.027301
ENSMUSG00000027293.13	6.307772
ENSMUSG00000027296.7	70.335409
ENSMUSG00000027297.14	4.285224
ENSMUSG00000027298.17	69.703793
ENSMUSG00000027300.10	4.52502
ENSMUSG00000027301.7	59.012664
ENSMUSG00000027303.18	54.323044
ENSMUSG00000027304.9	11.52056
ENSMUSG00000027305.9	11.825271
ENSMUSG00000027306.15	0.016732
ENSMUSG00000027309.18	7.90671
ENSMUSG00000027312.14	13.178563
ENSMUSG00000027313.3	7.252955
ENSMUSG00000027314.6	0.361007
ENSMUSG00000027315.13	1.237238
ENSMUSG00000027316.15	68.685827
ENSMUSG00000027317.8	0
ENSMUSG00000027318.17	0.332671
ENSMUSG00000027322.11	0.027071
ENSMUSG00000027323.10	0.412661
ENSMUSG00000027324.1	2.736277
ENSMUSG00000027326.13	0.004414
ENSMUSG00000027327.16	102.111364
ENSMUSG00000027329.9	3.734727
ENSMUSG00000027330.16	2.370037
ENSMUSG00000027331.15	0.403763
ENSMUSG00000027332.11	26.644983
ENSMUSG00000027333.18	32.868681
ENSMUSG00000027335.9	10.330694
ENSMUSG00000027338.16	0
ENSMUSG00000027339.15	12.036481
ENSMUSG00000027340.15	22.548667
ENSMUSG00000027341.10	29.023115
ENSMUSG00000027342.14	28.360083
ENSMUSG00000027344.14	0.074904
ENSMUSG00000027345.6	0
ENSMUSG00000027346.15	8.180282
ENSMUSG00000027347.18	42.399885
ENSMUSG00000027349.5	32.65509
ENSMUSG00000027350.8	91.821255
ENSMUSG00000027351.14	19.892146
ENSMUSG00000027353.14	0.55411
ENSMUSG00000027355.15	0.829631
ENSMUSG00000027356.8	0.065048
ENSMUSG00000027357.16	17.774647
ENSMUSG00000027358.6	0.920635
ENSMUSG00000027359.16	3.773436
ENSMUSG00000027360.5	3.034446
ENSMUSG00000027361.15	4.2707
ENSMUSG00000027363.15	10.005802
ENSMUSG00000027364.14	0.734584
ENSMUSG00000027365.14	1.472989
ENSMUSG00000027366.12	4.583742
ENSMUSG00000027367.16	29.287464
ENSMUSG00000027368.6	0.914345
ENSMUSG00000027371.10	31.85454
ENSMUSG00000027374.12	39.542089
ENSMUSG00000027375.14	82.573694
ENSMUSG00000027376.15	0.090987
ENSMUSG00000027377.2	0.045952
ENSMUSG00000027378.16	5.804055
ENSMUSG00000027379.13	0.017273
ENSMUSG00000027380.10	0
ENSMUSG00000027381.16	1.239698
ENSMUSG00000027384.6	36.987691
ENSMUSG00000027386.9	1.057812
ENSMUSG00000027387.11	2.361927
ENSMUSG00000027394.13	17.076915
ENSMUSG00000027395.15	2.886117
ENSMUSG00000027397.14	29.693145
ENSMUSG00000027398.13	0.166318
ENSMUSG00000027399.1	0.09354
ENSMUSG00000027400.11	31.704361
ENSMUSG00000027401.9	0.849445
ENSMUSG00000027403.12	0.020098
ENSMUSG00000027404.15	118.636939
ENSMUSG00000027405.16	41.780478
ENSMUSG00000027406.13	169.718686
ENSMUSG00000027408.7	4.47688
ENSMUSG00000027409.5	0
ENSMUSG00000027411.17	20.554382
ENSMUSG00000027412.12	0.170784
ENSMUSG00000027416.2	0
ENSMUSG00000027419.9	98.934999
ENSMUSG00000027420.13	0.689229
ENSMUSG00000027422.15	20.146384
ENSMUSG00000027423.15	17.721517
ENSMUSG00000027424.11	2.444205
ENSMUSG00000027425.18	13.694999
ENSMUSG00000027427.13	3.122648
ENSMUSG00000027428.9	8.110866
ENSMUSG00000027429.16	14.175498
ENSMUSG00000027430.12	41.720562
ENSMUSG00000027431.5	0
ENSMUSG00000027433.5	5.546573
ENSMUSG00000027434.11	5.701087
ENSMUSG00000027435.8	0.452603
ENSMUSG00000027438.14	84.558462
ENSMUSG00000027439.9	5.838431
ENSMUSG00000027442.10	0
ENSMUSG00000027443.10	0
ENSMUSG00000027444.2	0
ENSMUSG00000027445.3	0
ENSMUSG00000027446.2	0
ENSMUSG00000027447.6	3002.099647
ENSMUSG00000027452.11	5.313092
ENSMUSG00000027454.10	1.043961
ENSMUSG00000027455.16	103.030093
ENSMUSG00000027456.8	0.962803
ENSMUSG00000027457.15	69.012135
ENSMUSG00000027459.16	6.909075
ENSMUSG00000027460.7	0.025965
ENSMUSG00000027463.14	0.53964
ENSMUSG00000027465.13	24.079494
ENSMUSG00000027466.15	50.902766
ENSMUSG00000027468.2	0
ENSMUSG00000027469.16	0.464146
ENSMUSG00000027470.9	0
ENSMUSG00000027472.14	41.235077
ENSMUSG00000027474.13	0.267837
ENSMUSG00000027475.9	8.151831
ENSMUSG00000027478.15	0.046745
ENSMUSG00000027479.14	14.963902
ENSMUSG00000027480.12	0
ENSMUSG00000027481.2	0
ENSMUSG00000027482.12	0
ENSMUSG00000027483.7	0
ENSMUSG00000027484.2	0
ENSMUSG00000027485.15	0.211065
ENSMUSG00000027487.11	3.943512
ENSMUSG00000027488.12	29.944901
ENSMUSG00000027489.15	53.634434
ENSMUSG00000027490.17	8.60223
ENSMUSG00000027495.4	10.555321
ENSMUSG00000027496.15	0.914429
ENSMUSG00000027498.14	12.835394
ENSMUSG00000027499.12	47.629256
ENSMUSG00000027500.10	216.907334
ENSMUSG00000027502.11	63.610407
ENSMUSG00000027505.2	0
ENSMUSG00000027506.15	34.430316
ENSMUSG00000027508.15	1.721581
ENSMUSG00000027509.11	26.411798
ENSMUSG00000027510.17	1.982445
ENSMUSG00000027513.11	0
ENSMUSG00000027514.14	0.046383
ENSMUSG00000027517.14	0
ENSMUSG00000027518.3	0
ENSMUSG00000027519.10	8.596197
ENSMUSG00000027520.16	1.011825
ENSMUSG00000027522.15	13.086659
ENSMUSG00000027523.20	1869.163227
ENSMUSG00000027524.9	2.086573
ENSMUSG00000027525.18	50.621633
ENSMUSG00000027528.12	0
ENSMUSG00000027530.15	0
ENSMUSG00000027531.16	16.969497
ENSMUSG00000027533.10	181.492865
ENSMUSG00000027534.16	8.941802
ENSMUSG00000027536.6	0.055934
ENSMUSG00000027540.13	8.093551
ENSMUSG00000027544.16	10.60428
ENSMUSG00000027546.15	213.547021
ENSMUSG00000027547.17	0.189609
ENSMUSG00000027550.14	0.709324
ENSMUSG00000027551.15	9.577797
ENSMUSG00000027552.14	4.249397
ENSMUSG00000027555.8	0.660126
ENSMUSG00000027556.15	0.083783
ENSMUSG00000027559.5	0.489408
ENSMUSG00000027560.4	24.580926
ENSMUSG00000027562.12	205.394807
ENSMUSG00000027564.4	0
ENSMUSG00000027566.15	206.400206
ENSMUSG00000027568.9	3.775606
ENSMUSG00000027569.15	8.861723
ENSMUSG00000027570.15	6.624045
ENSMUSG00000027573.11	39.343237
ENSMUSG00000027574.15	69.910002
ENSMUSG00000027575.19	57.894557
ENSMUSG00000027577.14	15.639301
ENSMUSG00000027579.6	0.03524
ENSMUSG00000027580.17	0.047958
ENSMUSG00000027581.12	1142.997085
ENSMUSG00000027582.16	11.326031
ENSMUSG00000027583.13	1.479971
ENSMUSG00000027584.17	31.864502
ENSMUSG00000027589.14	11.844498
ENSMUSG00000027593.15	96.96658
ENSMUSG00000027596.10	0.371225
ENSMUSG00000027597.15	15.787506
ENSMUSG00000027598.16	7.192088
ENSMUSG00000027599.9	19.658554
ENSMUSG00000027601.13	4.445989
ENSMUSG00000027602.9	453.112771
ENSMUSG00000027603.15	60.314779
ENSMUSG00000027605.18	18.026991
ENSMUSG00000027606.12	0
ENSMUSG00000027610.17	13.995948
ENSMUSG00000027611.12	1.587572
ENSMUSG00000027612.7	10.429413
ENSMUSG00000027613.15	70.046726
ENSMUSG00000027615.14	2.909942
ENSMUSG00000027618.17	29.969429
ENSMUSG00000027620.16	13.833155
ENSMUSG00000027624.20	71.795322
ENSMUSG00000027628.10	24.767498
ENSMUSG00000027630.13	5.685605
ENSMUSG00000027634.14	231.056126
ENSMUSG00000027635.15	1.001073
ENSMUSG00000027636.11	0.140284
ENSMUSG00000027637.3	67.825688
ENSMUSG00000027639.16	2.74916
ENSMUSG00000027641.13	0.174688
ENSMUSG00000027642.15	76.034346
ENSMUSG00000027643.9	2.05516
ENSMUSG00000027646.15	41.848631
ENSMUSG00000027649.15	16.958031
ENSMUSG00000027650.12	5.396527
ENSMUSG00000027651.16	8.286238
ENSMUSG00000027652.15	8.302854
ENSMUSG00000027654.2	0.523031
ENSMUSG00000027655.14	4.27267
ENSMUSG00000027656.7	0.054503
ENSMUSG00000027660.16	4.96263
ENSMUSG00000027661.4	0.44934
ENSMUSG00000027663.12	13.995363
ENSMUSG00000027665.13	4.152792
ENSMUSG00000027667.13	9.057144
ENSMUSG00000027668.13	7.801125
ENSMUSG00000027669.14	9.671736
ENSMUSG00000027670.4	0
ENSMUSG00000027671.14	3.071591
ENSMUSG00000027673.12	334.599116
ENSMUSG00000027674.16	45.031822
ENSMUSG00000027676.11	1.20967
ENSMUSG00000027677.17	0.847549
ENSMUSG00000027678.17	2.8989
ENSMUSG00000027679.13	58.479474
ENSMUSG00000027680.15	7.582313
ENSMUSG00000027684.16	0.156945
ENSMUSG00000027690.13	0
ENSMUSG00000027692.16	3.762239
ENSMUSG00000027694.9	198.568047
ENSMUSG00000027695.16	0.767612
ENSMUSG00000027698.14	29.151458
ENSMUSG00000027699.19	0.044732
ENSMUSG00000027702.7	0.016345
ENSMUSG00000027703.16	0.017293
ENSMUSG00000027706.8	31.857553
ENSMUSG00000027708.14	8.707347
ENSMUSG00000027709.9	2.348109
ENSMUSG00000027710.14	9.799439
ENSMUSG00000027712.13	96.706749
ENSMUSG00000027713.6	0.038158
ENSMUSG00000027714.11	4.931897
ENSMUSG00000027715.9	0.020098
ENSMUSG00000027716.13	3.225532
ENSMUSG00000027718.8	0.067743
ENSMUSG00000027719.15	0
ENSMUSG00000027720.7	0.120723
ENSMUSG00000027722.14	4.917559
ENSMUSG00000027737.10	2.25797
ENSMUSG00000027739.9	10.498762
ENSMUSG00000027742.13	11.495775
ENSMUSG00000027744.4	0.233579
ENSMUSG00000027746.13	23.907702
ENSMUSG00000027748.11	1.706137
ENSMUSG00000027750.16	0.250955
ENSMUSG00000027751.13	1.926951
ENSMUSG00000027752.15	10.699412
ENSMUSG00000027761.4	0
ENSMUSG00000027762.6	0
ENSMUSG00000027763.13	15.828836
ENSMUSG00000027765.6	0.820182
ENSMUSG00000027770.5	5.193869
ENSMUSG00000027774.16	10.067103
ENSMUSG00000027775.9	9.549804
ENSMUSG00000027776.12	3.106538
ENSMUSG00000027777.15	61.313465
ENSMUSG00000027778.15	2.090435
ENSMUSG00000027782.10	11.045535
ENSMUSG00000027784.10	7.668746
ENSMUSG00000027787.14	9.740773
ENSMUSG00000027788.6	0
ENSMUSG00000027790.14	0.019403
ENSMUSG00000027792.11	0.82666
ENSMUSG00000027793.6	0.470989
ENSMUSG00000027794.4	0
ENSMUSG00000027796.2	3.697231
ENSMUSG00000027797.15	64.359116
ENSMUSG00000027799.12	11.389142
ENSMUSG00000027800.14	9.612048
ENSMUSG00000027801.7	0.084954
ENSMUSG00000027803.14	2.330681
ENSMUSG00000027804.13	19.878677
ENSMUSG00000027805.16	286.494727
ENSMUSG00000027806.9	3.061902
ENSMUSG00000027808.8	15.411647
ENSMUSG00000027809.14	5.911068
ENSMUSG00000027810.14	9.577148
ENSMUSG00000027811.9	1.015605
ENSMUSG00000027820.12	0.712758
ENSMUSG00000027822.16	8.311758
ENSMUSG00000027823.9	5.046727
ENSMUSG00000027824.5	0.046117
ENSMUSG00000027827.17	20.645188
ENSMUSG00000027828.12	34.192479
ENSMUSG00000027829.15	2.844942
ENSMUSG00000027831.9	0
ENSMUSG00000027832.5	0.048835
ENSMUSG00000027833.16	8.839086
ENSMUSG00000027834.15	23.541324
ENSMUSG00000027835.11	32.023924
ENSMUSG00000027840.5	0.303272
ENSMUSG00000027843.13	0.262246
ENSMUSG00000027845.15	2.369476
ENSMUSG00000027848.12	3.183557
ENSMUSG00000027849.19	5.184227
ENSMUSG00000027852.14	6.219623
ENSMUSG00000027854.12	8.458774
ENSMUSG00000027855.13	0
ENSMUSG00000027857.10	0.149146
ENSMUSG00000027858.13	20.328591
ENSMUSG00000027859.10	4.76395
ENSMUSG00000027860.15	1.329988
ENSMUSG00000027861.13	1.056289
ENSMUSG00000027863.8	0.229601
ENSMUSG00000027864.9	7.370361
ENSMUSG00000027865.10	11.624935
ENSMUSG00000027867.10	0.118127
ENSMUSG00000027868.11	0.090938
ENSMUSG00000027869.14	0
ENSMUSG00000027870.8	0
ENSMUSG00000027871.16	0
ENSMUSG00000027875.12	1.574998
ENSMUSG00000027876.4	0.033187
ENSMUSG00000027878.11	1.259392
ENSMUSG00000027879.9	25.027349
ENSMUSG00000027880.6	0
ENSMUSG00000027881.14	3.74758
ENSMUSG00000027882.18	4.0507
ENSMUSG00000027883.15	2.370615
ENSMUSG00000027884.16	13.383697
ENSMUSG00000027886.7	1.406902
ENSMUSG00000027887.11	1.023895
ENSMUSG00000027889.17	23.496273
ENSMUSG00000027890.17	12.693205
ENSMUSG00000027893.14	89.443013
ENSMUSG00000027894.14	154.653532
ENSMUSG00000027895.10	27.607446
ENSMUSG00000027896.15	0.921079
ENSMUSG00000027900.15	8.01592
ENSMUSG00000027901.12	0.52082
ENSMUSG00000027902.8	0
ENSMUSG00000027905.15	2.077953
ENSMUSG00000027907.4	10.284049
ENSMUSG00000027908.2	0
ENSMUSG00000027912.8	0
ENSMUSG00000027913.5	0
ENSMUSG00000027919.5	0
ENSMUSG00000027923.3	0.059564
ENSMUSG00000027925.2	0
ENSMUSG00000027927.5	0.041187
ENSMUSG00000027931.12	2.394951
ENSMUSG00000027932.14	3.183748
ENSMUSG00000027933.11	16.287129
ENSMUSG00000027935.14	6.128392
ENSMUSG00000027936.18	7.449425
ENSMUSG00000027937.15	30.766057
ENSMUSG00000027938.11	0.136983
ENSMUSG00000027939.11	0.00509
ENSMUSG00000027940.18	85.26429
ENSMUSG00000027942.17	70.612255
ENSMUSG00000027944.13	67.047116
ENSMUSG00000027947.11	0.617698
ENSMUSG00000027950.7	14.580446
ENSMUSG00000027951.16	28.234523
ENSMUSG00000027952.16	65.371984
ENSMUSG00000027953.13	24.548695
ENSMUSG00000027954.9	4.466185
ENSMUSG00000027955.16	0.674034
ENSMUSG00000027956.11	3.66553
ENSMUSG00000027957.13	2.792775
ENSMUSG00000027959.14	0.7837
ENSMUSG00000027961.7	0.019256
ENSMUSG00000027962.14	5.44392
ENSMUSG00000027963.14	36.273257
ENSMUSG00000027965.15	7.349766
ENSMUSG00000027966.20	0.176888
ENSMUSG00000027967.8	0.163994
ENSMUSG00000027968.11	3.742838
ENSMUSG00000027971.16	2.307498
ENSMUSG00000027973.11	0
ENSMUSG00000027977.15	1.212568
ENSMUSG00000027978.9	10.108951
ENSMUSG00000027981.14	1.122905
ENSMUSG00000027983.13	3.854009
ENSMUSG00000027984.8	25.824849
ENSMUSG00000027985.14	3.461079
ENSMUSG00000027993.16	18.00279
ENSMUSG00000027994.14	2.126075
ENSMUSG00000027995.10	1.115928
ENSMUSG00000027996.13	2.255327
ENSMUSG00000027997.9	1.007514
ENSMUSG00000027998.11	15.915194
ENSMUSG00000027999.15	18.614933
ENSMUSG00000028001.16	0
ENSMUSG00000028003.6	0.075812
ENSMUSG00000028004.12	3.93856
ENSMUSG00000028005.13	33.723838
ENSMUSG00000028007.13	6.390252
ENSMUSG00000028008.10	0
ENSMUSG00000028009.7	0
ENSMUSG00000028010.16	47.508695
ENSMUSG00000028011.16	0.232471
ENSMUSG00000028012.15	0.029721
ENSMUSG00000028013.16	42.011961
ENSMUSG00000028015.3	8.326737
ENSMUSG00000028016.9	2.194202
ENSMUSG00000028017.7	0.37562
ENSMUSG00000028018.15	1.962715
ENSMUSG00000028019.9	2.221811
ENSMUSG00000028020.16	78.909819
ENSMUSG00000028023.16	1.582606
ENSMUSG00000028024.14	0.440835
ENSMUSG00000028028.11	0.188916
ENSMUSG00000028029.11	61.321029
ENSMUSG00000028030.12	1.943632
ENSMUSG00000028031.6	0.079414
ENSMUSG00000028032.13	38.622517
ENSMUSG00000028033.16	8.05448
ENSMUSG00000028034.15	22.471024
ENSMUSG00000028035.13	14.892131
ENSMUSG00000028036.6	0.126032
ENSMUSG00000028037.13	0.358527
ENSMUSG00000028039.11	40.222796
ENSMUSG00000028040.7	0.354606
ENSMUSG00000028041.17	53.640999
ENSMUSG00000028042.15	11.869452
ENSMUSG00000028044.6	3.917639
ENSMUSG00000028047.11	7.446471
ENSMUSG00000028048.11	19.252405
ENSMUSG00000028049.15	57.32753
ENSMUSG00000028051.10	3.951413
ENSMUSG00000028053.13	1.978066
ENSMUSG00000028057.14	31.257328
ENSMUSG00000028059.16	39.495795
ENSMUSG00000028060.14	6.111508
ENSMUSG00000028062.15	119.023605
ENSMUSG00000028063.15	32.144725
ENSMUSG00000028064.17	15.407138
ENSMUSG00000028066.15	8.401445
ENSMUSG00000028068.14	0.081709
ENSMUSG00000028069.16	11.337575
ENSMUSG00000028070.7	114.216272
ENSMUSG00000028071.12	0
ENSMUSG00000028072.6	2.556436
ENSMUSG00000028073.15	1.03032
ENSMUSG00000028076.12	0.657672
ENSMUSG00000028078.14	18.817393
ENSMUSG00000028080.16	3.340392
ENSMUSG00000028081.6	176.405028
ENSMUSG00000028082.14	1.910236
ENSMUSG00000028085.12	11.663078
ENSMUSG00000028086.15	26.591159
ENSMUSG00000028088.14	0.685784
ENSMUSG00000028089.5	2.177208
ENSMUSG00000028093.15	5.529123
ENSMUSG00000028096.13	8.743829
ENSMUSG00000028098.13	24.135529
ENSMUSG00000028099.8	10.612156
ENSMUSG00000028100.11	7.793113
ENSMUSG00000028101.18	10.336933
ENSMUSG00000028102.15	39.632198
ENSMUSG00000028104.14	18.778104
ENSMUSG00000028106.13	5.147852
ENSMUSG00000028107.14	14.398525
ENSMUSG00000028108.15	6.624769
ENSMUSG00000028109.14	0
ENSMUSG00000028111.4	2.014457
ENSMUSG00000028114.16	3.54113
ENSMUSG00000028115.16	0
ENSMUSG00000028116.13	0.3069
ENSMUSG00000028121.8	4.932261
ENSMUSG00000028124.15	33.337037
ENSMUSG00000028125.14	1.521004
ENSMUSG00000028126.16	19.481338
ENSMUSG00000028127.10	11.305461
ENSMUSG00000028128.13	14.265052
ENSMUSG00000028132.15	5.217357
ENSMUSG00000028133.17	2.245564
ENSMUSG00000028134.11	21.859408
ENSMUSG00000028136.15	18.427088
ENSMUSG00000028137.9	39.657234
ENSMUSG00000028138.8	46.564638
ENSMUSG00000028139.5	3.027838
ENSMUSG00000028140.13	21.120229
ENSMUSG00000028141.12	0.04591
ENSMUSG00000028145.9	10.58405
ENSMUSG00000028148.11	0
ENSMUSG00000028149.12	103.049054
ENSMUSG00000028150.14	1.709337
ENSMUSG00000028152.10	97.044973
ENSMUSG00000028156.12	56.930115
ENSMUSG00000028158.14	3.767048
ENSMUSG00000028159.14	0.55428
ENSMUSG00000028161.17	167.785151
ENSMUSG00000028163.17	4.056617
ENSMUSG00000028164.15	1.850196
ENSMUSG00000028165.9	9.261569
ENSMUSG00000028167.15	2.590008
ENSMUSG00000028172.5	1.703702
ENSMUSG00000028173.10	9.90768
ENSMUSG00000028174.12	0.472063
ENSMUSG00000028175.15	0
ENSMUSG00000028176.13	1.439733
ENSMUSG00000028177.13	0
ENSMUSG00000028179.12	1.436649
ENSMUSG00000028180.18	15.693733
ENSMUSG00000028182.14	0.147956
ENSMUSG00000028184.12	13.762505
ENSMUSG00000028185.12	0.035181
ENSMUSG00000028186.14	0.065663
ENSMUSG00000028187.10	3.179626
ENSMUSG00000028188.13	0.205346
ENSMUSG00000028189.12	1.910884
ENSMUSG00000028191.11	9.909698
ENSMUSG00000028194.15	26.379612
ENSMUSG00000028195.4	2.357413
ENSMUSG00000028197.4	0
ENSMUSG00000028199.18	9.049787
ENSMUSG00000028207.18	27.884182
ENSMUSG00000028211.11	0.543832
ENSMUSG00000028212.16	1.108677
ENSMUSG00000028214.13	0.980301
ENSMUSG00000028217.11	0
ENSMUSG00000028218.19	26.735993
ENSMUSG00000028221.3	22.249394
ENSMUSG00000028222.2	24.990691
ENSMUSG00000028223.8	5.367678
ENSMUSG00000028224.14	2.437737
ENSMUSG00000028226.15	1.577181
ENSMUSG00000028228.5	1.987025
ENSMUSG00000028229.11	3.014777
ENSMUSG00000028232.13	9.675751
ENSMUSG00000028233.6	2.567193
ENSMUSG00000028234.6	368.028729
ENSMUSG00000028236.3	0
ENSMUSG00000028238.6	0.011861
ENSMUSG00000028240.2	0
ENSMUSG00000028243.5	2.851669
ENSMUSG00000028244.6	0
ENSMUSG00000028245.15	3.695541
ENSMUSG00000028246.13	2.617202
ENSMUSG00000028247.2	6.194388
ENSMUSG00000028248.15	4.575229
ENSMUSG00000028249.15	95.893928
ENSMUSG00000028251.5	8.894552
ENSMUSG00000028252.20	10.218651
ENSMUSG00000028255.6	0
ENSMUSG00000028256.16	1.121636
ENSMUSG00000028259.13	0
ENSMUSG00000028261.13	7.250653
ENSMUSG00000028262.13	0
ENSMUSG00000028264.16	0.054925
ENSMUSG00000028266.17	191.333486
ENSMUSG00000028268.14	0.358036
ENSMUSG00000028270.12	0.515046
ENSMUSG00000028271.9	26.851538
ENSMUSG00000028273.15	3.101772
ENSMUSG00000028274.17	2.449773
ENSMUSG00000028277.13	45.599883
ENSMUSG00000028278.14	17.465247
ENSMUSG00000028280.9	0.066419
ENSMUSG00000028282.12	0.778789
ENSMUSG00000028284.13	5.222996
ENSMUSG00000028287.4	0
ENSMUSG00000028289.12	11.607837
ENSMUSG00000028291.7	57.410858
ENSMUSG00000028292.14	3.998282
ENSMUSG00000028293.14	3.918774
ENSMUSG00000028294.15	0.705122
ENSMUSG00000028295.14	22.430765
ENSMUSG00000028298.10	3.239217
ENSMUSG00000028300.14	6.522157
ENSMUSG00000028307.9	0.20391
ENSMUSG00000028309.14	5.805184
ENSMUSG00000028310.2	0
ENSMUSG00000028312.19	0.413389
ENSMUSG00000028314.6	0
ENSMUSG00000028318.14	4.589976
ENSMUSG00000028322.11	8.389297
ENSMUSG00000028327.14	0.024512
ENSMUSG00000028328.13	10.507494
ENSMUSG00000028329.13	7.857055
ENSMUSG00000028330.8	14.156324
ENSMUSG00000028331.12	3.221453
ENSMUSG00000028332.13	0
ENSMUSG00000028333.10	37.916685
ENSMUSG00000028334.10	15.15526
ENSMUSG00000028337.14	10.210714
ENSMUSG00000028339.17	1.571286
ENSMUSG00000028341.9	3.479136
ENSMUSG00000028343.10	12.436332
ENSMUSG00000028344.12	1.186249
ENSMUSG00000028345.15	3.820442
ENSMUSG00000028347.14	34.370805
ENSMUSG00000028348.7	0.149256
ENSMUSG00000028351.5	53.072433
ENSMUSG00000028354.13	2.33001
ENSMUSG00000028356.4	0
ENSMUSG00000028357.13	0
ENSMUSG00000028358.15	0.511844
ENSMUSG00000028359.4	0.046988
ENSMUSG00000028360.10	1.379427
ENSMUSG00000028362.2	0.030873
ENSMUSG00000028364.15	0.493841
ENSMUSG00000028367.5	48.136845
ENSMUSG00000028369.15	0.112545
ENSMUSG00000028370.7	0.046483
ENSMUSG00000028373.16	13.095824
ENSMUSG00000028378.6	0.793273
ENSMUSG00000028381.8	18.110888
ENSMUSG00000028382.15	1.370161
ENSMUSG00000028383.17	13.699441
ENSMUSG00000028385.14	3.526867
ENSMUSG00000028386.1	0
ENSMUSG00000028389.12	2.297455
ENSMUSG00000028391.16	4.108028
ENSMUSG00000028392.15	0.183016
ENSMUSG00000028393.10	68.702645
ENSMUSG00000028394.9	20.204439
ENSMUSG00000028396.5	0
ENSMUSG00000028397.13	1.592223
ENSMUSG00000028398.8	54.715288
ENSMUSG00000028399.18	8.395783
ENSMUSG00000028402.18	1.436036
ENSMUSG00000028403.15	1.530483
ENSMUSG00000028405.9	5.580473
ENSMUSG00000028407.4	3.844553
ENSMUSG00000028409.11	24.152988
ENSMUSG00000028410.13	60.566272
ENSMUSG00000028411.15	13.403596
ENSMUSG00000028412.17	31.503129
ENSMUSG00000028413.13	1.715203
ENSMUSG00000028414.17	3.73009
ENSMUSG00000028415.4	0
ENSMUSG00000028416.13	140.423544
ENSMUSG00000028417.3	0.050137
ENSMUSG00000028419.5	59.2627
ENSMUSG00000028420.13	5.170911
ENSMUSG00000028423.15	16.989754
ENSMUSG00000028426.10	52.363153
ENSMUSG00000028427.13	0.014171
ENSMUSG00000028430.14	32.180467
ENSMUSG00000028431.11	19.171148
ENSMUSG00000028433.14	7.628736
ENSMUSG00000028434.12	2.961264
ENSMUSG00000028435.8	0.035283
ENSMUSG00000028436.8	15.797688
ENSMUSG00000028437.14	23.483431
ENSMUSG00000028438.16	0.129729
ENSMUSG00000028439.14	95.449426
ENSMUSG00000028441.12	8.27874
ENSMUSG00000028443.6	30.312815
ENSMUSG00000028444.17	63.77444
ENSMUSG00000028445.7	105.892322
ENSMUSG00000028447.11	170.706738
ENSMUSG00000028451.12	0
ENSMUSG00000028452.7	95.198948
ENSMUSG00000028453.10	3.429689
ENSMUSG00000028454.16	7.997526
ENSMUSG00000028455.15	107.593105
ENSMUSG00000028456.18	1.275815
ENSMUSG00000028457.18	0.113583
ENSMUSG00000028458.12	34.515461
ENSMUSG00000028459.11	0.476295
ENSMUSG00000028460.6	0.079958
ENSMUSG00000028461.12	51.54661
ENSMUSG00000028463.14	0.303523
ENSMUSG00000028464.16	11.567076
ENSMUSG00000028465.16	25.900764
ENSMUSG00000028466.15	31.39118
ENSMUSG00000028467.15	22.405547
ENSMUSG00000028468.15	5.836852
ENSMUSG00000028469.15	11.942946
ENSMUSG00000028470.10	72.171118
ENSMUSG00000028475.9	0.057339
ENSMUSG00000028476.13	0.895301
ENSMUSG00000028478.18	334.987034
ENSMUSG00000028479.18	14.550577
ENSMUSG00000028480.14	2.518471
ENSMUSG00000028483.13	11.994911
ENSMUSG00000028484.16	49.048492
ENSMUSG00000028487.18	0.235883
ENSMUSG00000028488.15	107.197148
ENSMUSG00000028492.13	0.091015
ENSMUSG00000028494.12	7.458491
ENSMUSG00000028495.14	605.366028
ENSMUSG00000028496.17	2.697644
ENSMUSG00000028497.12	0.273769
ENSMUSG00000028514.15	1.859295
ENSMUSG00000028517.8	92.797602
ENSMUSG00000028518.8	2.499084
ENSMUSG00000028519.16	10.894732
ENSMUSG00000028520.12	0
ENSMUSG00000028521.17	3.147484
ENSMUSG00000028522.16	4.920755
ENSMUSG00000028523.14	0.507868
ENSMUSG00000028524.21	21.816307
ENSMUSG00000028525.16	17.502131
ENSMUSG00000028527.18	11.663011
ENSMUSG00000028528.17	48.756175
ENSMUSG00000028530.14	16.076313
ENSMUSG00000028532.14	6.571019
ENSMUSG00000028533.10	0
ENSMUSG00000028536.12	0.071726
ENSMUSG00000028538.12	40.037025
ENSMUSG00000028539.14	0.100697
ENSMUSG00000028540.6	5.198483
ENSMUSG00000028541.14	39.11316
ENSMUSG00000028542.17	56.815728
ENSMUSG00000028544.14	0.169879
ENSMUSG00000028545.13	7.536317
ENSMUSG00000028546.17	21.819614
ENSMUSG00000028549.17	2.998883
ENSMUSG00000028550.15	10.571633
ENSMUSG00000028551.14	2.590384
ENSMUSG00000028552.13	33.566008
ENSMUSG00000028553.12	0.034074
ENSMUSG00000028555.15	3.550351
ENSMUSG00000028556.15	3.103886
ENSMUSG00000028557.10	133.651254
ENSMUSG00000028558.14	0.155799
ENSMUSG00000028559.17	7.595905
ENSMUSG00000028560.11	3.253503
ENSMUSG00000028563.16	53.389145
ENSMUSG00000028565.18	3.653727
ENSMUSG00000028567.8	23.320276
ENSMUSG00000028568.16	29.360277
ENSMUSG00000028571.15	0.133518
ENSMUSG00000028572.13	2.059394
ENSMUSG00000028573.18	9.29612
ENSMUSG00000028575.11	0
ENSMUSG00000028576.12	2.940165
ENSMUSG00000028577.13	4.935925
ENSMUSG00000028578.8	2.845353
ENSMUSG00000028580.15	14.724971
ENSMUSG00000028581.17	26.443717
ENSMUSG00000028582.14	5.424698
ENSMUSG00000028583.14	10.061362
ENSMUSG00000028584.3	1.865981
ENSMUSG00000028587.18	0.305839
ENSMUSG00000028589.2	0.21086
ENSMUSG00000028590.6	0
ENSMUSG00000028591.11	0.132004
ENSMUSG00000028593.5	0
ENSMUSG00000028597.11	5.199008
ENSMUSG00000028599.10	0.792581
ENSMUSG00000028600.15	0.583343
ENSMUSG00000028601.18	1.965544
ENSMUSG00000028602.12	0.009138
ENSMUSG00000028603.15	125.219812
ENSMUSG00000028607.16	4.492753
ENSMUSG00000028608.15	43.754855
ENSMUSG00000028609.6	41.320764
ENSMUSG00000028610.16	1.78192
ENSMUSG00000028612.10	0
ENSMUSG00000028613.15	3.39227
ENSMUSG00000028614.14	4.672799
ENSMUSG00000028617.10	10.926962
ENSMUSG00000028618.11	190.828637
ENSMUSG00000028619.15	4.370654
ENSMUSG00000028621.17	3.337853
ENSMUSG00000028622.11	35.482108
ENSMUSG00000028626.5	19.532548
ENSMUSG00000028629.9	4.570408
ENSMUSG00000028630.9	3.168051
ENSMUSG00000028631.7	2.605573
ENSMUSG00000028633.7	12.212833
ENSMUSG00000028634.17	9.029358
ENSMUSG00000028635.7	0.087201
ENSMUSG00000028636.14	8.495796
ENSMUSG00000028637.16	5.979365
ENSMUSG00000028639.14	105.798528
ENSMUSG00000028640.11	0.063171
ENSMUSG00000028641.16	1.504506
ENSMUSG00000028642.7	0.381451
ENSMUSG00000028643.11	30.390366
ENSMUSG00000028644.17	0.09337
ENSMUSG00000028645.11	32.934479
ENSMUSG00000028646.16	33.469861
ENSMUSG00000028647.13	9.722994
ENSMUSG00000028648.13	298.581352
ENSMUSG00000028649.21	4.153453
ENSMUSG00000028651.12	17.287466
ENSMUSG00000028653.16	2.351596
ENSMUSG00000028654.13	4.674719
ENSMUSG00000028655.11	12.36611
ENSMUSG00000028656.14	88.998736
ENSMUSG00000028657.14	65.379589
ENSMUSG00000028661.8	2.291577
ENSMUSG00000028664.14	4.875941
ENSMUSG00000028668.5	7.030722
ENSMUSG00000028669.15	88.345846
ENSMUSG00000028670.14	81.465545
ENSMUSG00000028671.16	15.111735
ENSMUSG00000028672.13	30.087123
ENSMUSG00000028673.10	40.343338
ENSMUSG00000028675.12	15.355587
ENSMUSG00000028676.17	6.873514
ENSMUSG00000028677.19	154.901574
ENSMUSG00000028678.13	0.042051
ENSMUSG00000028680.14	5.079707
ENSMUSG00000028681.11	0.207836
ENSMUSG00000028683.14	9.163406
ENSMUSG00000028684.14	57.008089
ENSMUSG00000028687.17	0.976213
ENSMUSG00000028688.13	6.739522
ENSMUSG00000028689.14	2.220189
ENSMUSG00000028690.4	12.002211
ENSMUSG00000028691.12	163.889701
ENSMUSG00000028692.14	456.83269
ENSMUSG00000028693.15	3.776251
ENSMUSG00000028696.12	2.309359
ENSMUSG00000028698.13	4.318516
ENSMUSG00000028699.9	0.208689
ENSMUSG00000028700.14	40.643174
ENSMUSG00000028701.4	7.26507
ENSMUSG00000028702.15	0.038258
ENSMUSG00000028703.14	21.313308
ENSMUSG00000028706.14	5.839884
ENSMUSG00000028707.15	0.50161
ENSMUSG00000028708.16	10.123789
ENSMUSG00000028709.3	1.107416
ENSMUSG00000028710.18	26.243004
ENSMUSG00000028712.12	0
ENSMUSG00000028713.17	0.518317
ENSMUSG00000028715.2	0
ENSMUSG00000028716.15	1.393946
ENSMUSG00000028717.12	1.557547
ENSMUSG00000028718.16	0.049366
ENSMUSG00000028719.8	36.965783
ENSMUSG00000028729.15	19.197603
ENSMUSG00000028730.14	0.160391
ENSMUSG00000028736.13	0.414309
ENSMUSG00000028737.15	9.49636
ENSMUSG00000028738.14	0
ENSMUSG00000028741.13	41.767242
ENSMUSG00000028743.7	32.289553
ENSMUSG00000028744.15	6.179626
ENSMUSG00000028745.18	210.590184
ENSMUSG00000028747.10	1.540612
ENSMUSG00000028749.7	0.25714
ENSMUSG00000028750.12	0.213847
ENSMUSG00000028751.13	0
ENSMUSG00000028753.12	1.628423
ENSMUSG00000028755.3	8.576207
ENSMUSG00000028756.12	324.336908
ENSMUSG00000028757.4	82.561136
ENSMUSG00000028758.12	8.009051
ENSMUSG00000028759.13	84.043637
ENSMUSG00000028760.16	15.48313
ENSMUSG00000028763.18	1.789325
ENSMUSG00000028766.10	7.06078
ENSMUSG00000028771.13	6.349155
ENSMUSG00000028772.19	37.927879
ENSMUSG00000028773.8	141.724963
ENSMUSG00000028776.14	2.825178
ENSMUSG00000028777.8	0
ENSMUSG00000028778.15	2.414036
ENSMUSG00000028779.16	96.804308
ENSMUSG00000028780.13	2.905502
ENSMUSG00000028782.14	80.126328
ENSMUSG00000028784.14	0.211158
ENSMUSG00000028785.13	1067.934545
ENSMUSG00000028786.15	0.063158
ENSMUSG00000028788.14	40.334031
ENSMUSG00000028789.16	31.344143
ENSMUSG00000028790.13	30.780413
ENSMUSG00000028792.14	15.48842
ENSMUSG00000028793.15	27.923703
ENSMUSG00000028794.13	0.063475
ENSMUSG00000028795.15	24.36636
ENSMUSG00000028796.17	46.192686
ENSMUSG00000028797.20	74.626304
ENSMUSG00000028798.16	177.911774
ENSMUSG00000028799.15	10.841698
ENSMUSG00000028800.15	9.444949
ENSMUSG00000028801.14	0.737595
ENSMUSG00000028803.18	38.581863
ENSMUSG00000028804.20	3.539053
ENSMUSG00000028807.2	2.143
ENSMUSG00000028809.16	18.999899
ENSMUSG00000028811.12	60.219176
ENSMUSG00000028813.2	0.562409
ENSMUSG00000028820.13	27.475059
ENSMUSG00000028821.8	64.099428
ENSMUSG00000028822.11	103.302941
ENSMUSG00000028825.7	0.492206
ENSMUSG00000028826.14	17.874583
ENSMUSG00000028830.14	21.841039
ENSMUSG00000028832.11	780.470567
ENSMUSG00000028833.13	663.825515
ENSMUSG00000028834.13	0.183162
ENSMUSG00000028836.14	0.348328
ENSMUSG00000028837.8	139.787802
ENSMUSG00000028838.11	20.241568
ENSMUSG00000028840.10	7.339132
ENSMUSG00000028841.14	0.050525
ENSMUSG00000028842.15	0.734763
ENSMUSG00000028843.8	293.318221
ENSMUSG00000028845.15	1.652015
ENSMUSG00000028847.8	93.102034
ENSMUSG00000028848.13	9.041325
ENSMUSG00000028849.17	150.48999
ENSMUSG00000028850.2	4.051691
ENSMUSG00000028851.6	189.263947
ENSMUSG00000028854.9	17.718249
ENSMUSG00000028857.16	101.24356
ENSMUSG00000028859.14	1.311741
ENSMUSG00000028860.13	3.474292
ENSMUSG00000028861.13	59.849847
ENSMUSG00000028862.6	1.37379
ENSMUSG00000028863.13	59.510788
ENSMUSG00000028864.7	0.348165
ENSMUSG00000028865.14	4.046492
ENSMUSG00000028868.13	3.927144
ENSMUSG00000028869.13	9.477384
ENSMUSG00000028871.7	7.016357
ENSMUSG00000028873.16	0.928001
ENSMUSG00000028874.14	0.342988
ENSMUSG00000028876.7	7.077055
ENSMUSG00000028878.11	18.31597
ENSMUSG00000028879.4	44.890611
ENSMUSG00000028882.13	28.017276
ENSMUSG00000028883.17	0.994711
ENSMUSG00000028884.14	13.801837
ENSMUSG00000028885.8	1.975919
ENSMUSG00000028886.15	5.220496
ENSMUSG00000028889.17	28.294177
ENSMUSG00000028890.13	5.577926
ENSMUSG00000028893.8	5.411431
ENSMUSG00000028894.18	5.725148
ENSMUSG00000028896.13	7.948642
ENSMUSG00000028898.15	25.041995
ENSMUSG00000028899.11	11.613167
ENSMUSG00000028901.13	3.43464
ENSMUSG00000028902.4	15.632325
ENSMUSG00000028906.17	4.180092
ENSMUSG00000028907.7	5.338283
ENSMUSG00000028909.17	9.825469
ENSMUSG00000028910.12	21.488075
ENSMUSG00000028911.16	34.341567
ENSMUSG00000028914.13	9.550012
ENSMUSG00000028917.14	45.425073
ENSMUSG00000028919.11	3.635398
ENSMUSG00000028920.9	5.003066
ENSMUSG00000028923.14	26.098736
ENSMUSG00000028926.15	35.653629
ENSMUSG00000028927.6	23.958657
ENSMUSG00000028931.12	179.505662
ENSMUSG00000028932.8	71.943503
ENSMUSG00000028933.11	1.726553
ENSMUSG00000028936.15	242.762115
ENSMUSG00000028937.14	406.159975
ENSMUSG00000028938.9	0
ENSMUSG00000028940.2	0
ENSMUSG00000028943.18	1.265315
ENSMUSG00000028944.14	27.830345
ENSMUSG00000028945.9	68.853035
ENSMUSG00000028946.7	0.08479
ENSMUSG00000028948.16	4.883269
ENSMUSG00000028949.13	68.6619
ENSMUSG00000028950.3	0.093875
ENSMUSG00000028952.12	5.396598
ENSMUSG00000028953.10	54.474625
ENSMUSG00000028954.11	29.239575
ENSMUSG00000028955.3	11.679099
ENSMUSG00000028957.12	2.988508
ENSMUSG00000028958.15	29.19105
ENSMUSG00000028959.14	54.800708
ENSMUSG00000028960.20	28.970041
ENSMUSG00000028961.15	26.946492
ENSMUSG00000028962.14	15.207547
ENSMUSG00000028963.1	0.696938
ENSMUSG00000028964.14	276.238986
ENSMUSG00000028965.13	0.184512
ENSMUSG00000028967.10	12.356701
ENSMUSG00000028969.10	94.089646
ENSMUSG00000028970.9	0.820376
ENSMUSG00000028971.4	6.999777
ENSMUSG00000028972.11	0.050913
ENSMUSG00000028973.18	33.297383
ENSMUSG00000028974.13	27.62328
ENSMUSG00000028975.16	42.803445
ENSMUSG00000028976.10	0.695487
ENSMUSG00000028977.17	0.454909
ENSMUSG00000028978.12	1.704635
ENSMUSG00000028979.17	0
ENSMUSG00000028980.14	1.609235
ENSMUSG00000028982.9	36.878038
ENSMUSG00000028986.12	13.41806
ENSMUSG00000028988.13	25.514272
ENSMUSG00000028989.3	0.806507
ENSMUSG00000028990.13	5.116565
ENSMUSG00000028991.15	10.395216
ENSMUSG00000028992.13	3.75414
ENSMUSG00000028995.14	1.558831
ENSMUSG00000028996.9	0.316628
ENSMUSG00000028998.6	110.005623
ENSMUSG00000028999.15	2.176634
ENSMUSG00000029001.15	87.352957
ENSMUSG00000029003.11	13.656433
ENSMUSG00000029004.15	4.92394
ENSMUSG00000029005.4	0.223117
ENSMUSG00000029007.8	7.101566
ENSMUSG00000029009.17	3.366927
ENSMUSG00000029012.11	9.102794
ENSMUSG00000029014.14	5.16057
ENSMUSG00000029015.9	0.043252
ENSMUSG00000029016.13	31.85265
ENSMUSG00000029017.13	33.016891
ENSMUSG00000029019.8	0.092731
ENSMUSG00000029020.13	51.000496
ENSMUSG00000029022.18	2.050644
ENSMUSG00000029026.17	0.422563
ENSMUSG00000029027.9	1.521246
ENSMUSG00000029028.14	17.767708
ENSMUSG00000029029.14	23.776719
ENSMUSG00000029030.14	179.08547
ENSMUSG00000029032.12	0.344594
ENSMUSG00000029033.16	29.229934
ENSMUSG00000029034.9	11.750177
ENSMUSG00000029036.18	14.805354
ENSMUSG00000029038.9	79.906571
ENSMUSG00000029044.9	0
ENSMUSG00000029047.13	17.920825
ENSMUSG00000029048.3	51.205087
ENSMUSG00000029049.14	2.30855
ENSMUSG00000029050.15	26.922544
ENSMUSG00000029053.16	99.585956
ENSMUSG00000029054.8	53.325133
ENSMUSG00000029055.17	10.685016
ENSMUSG00000029056.13	12.012305
ENSMUSG00000029059.9	200.220953
ENSMUSG00000029060.17	42.469102
ENSMUSG00000029061.2	1.047554
ENSMUSG00000029062.14	17.305101
ENSMUSG00000029063.16	23.451022
ENSMUSG00000029064.15	224.923784
ENSMUSG00000029066.12	171.43404
ENSMUSG00000029068.16	6.284267
ENSMUSG00000029070.9	7.804885
ENSMUSG00000029071.16	25.545232
ENSMUSG00000029072.3	0.05024
ENSMUSG00000029073.9	16.370097
ENSMUSG00000029074.14	0.193353
ENSMUSG00000029075.6	0.032837
ENSMUSG00000029076.14	156.621685
ENSMUSG00000029082.17	0.062747
ENSMUSG00000029084.5	3.759144
ENSMUSG00000029086.15	1.629997
ENSMUSG00000029088.16	17.568263
ENSMUSG00000029089.8	3.249369
ENSMUSG00000029090.12	4.238788
ENSMUSG00000029092.9	0.007503
ENSMUSG00000029093.14	11.345038
ENSMUSG00000029094.12	3.567183
ENSMUSG00000029095.17	52.269781
ENSMUSG00000029096.15	3.591318
ENSMUSG00000029097.11	1.039115
ENSMUSG00000029098.17	10.539029
ENSMUSG00000029101.16	15.842753
ENSMUSG00000029102.9	0
ENSMUSG00000029103.16	131.443873
ENSMUSG00000029104.15	6.249095
ENSMUSG00000029106.14	133.954926
ENSMUSG00000029108.14	7.604325
ENSMUSG00000029110.13	28.317739
ENSMUSG00000029111.7	8.614184
ENSMUSG00000029112.5	0.027143
ENSMUSG00000029119.9	12.335235
ENSMUSG00000029120.10	122.228176
ENSMUSG00000029121.16	69.782865
ENSMUSG00000029122.11	2.20971
ENSMUSG00000029123.8	2.262886
ENSMUSG00000029125.14	17.652404
ENSMUSG00000029126.7	349.048391
ENSMUSG00000029127.15	1.972887
ENSMUSG00000029128.12	57.505921
ENSMUSG00000029130.12	2.330184
ENSMUSG00000029131.14	111.143519
ENSMUSG00000029134.14	1.282288
ENSMUSG00000029135.10	4.02212
ENSMUSG00000029136.9	2.660598
ENSMUSG00000029138.4	0
ENSMUSG00000029141.16	12.328137
ENSMUSG00000029145.12	29.760024
ENSMUSG00000029146.14	73.951803
ENSMUSG00000029147.11	33.560839
ENSMUSG00000029148.15	50.302782
ENSMUSG00000029149.14	0.410689
ENSMUSG00000029151.14	67.471223
ENSMUSG00000029152.13	259.264719
ENSMUSG00000029153.11	34.794952
ENSMUSG00000029154.13	0.286649
ENSMUSG00000029155.16	0.044465
ENSMUSG00000029156.11	7.382785
ENSMUSG00000029158.9	0
ENSMUSG00000029161.7	31.24636
ENSMUSG00000029162.15	21.256558
ENSMUSG00000029163.9	1.567933
ENSMUSG00000029165.17	2.44603
ENSMUSG00000029166.14	189.25939
ENSMUSG00000029167.13	4.171727
ENSMUSG00000029168.14	7.693346
ENSMUSG00000029169.11	8.769439
ENSMUSG00000029171.12	2.159984
ENSMUSG00000029173.12	0.861242
ENSMUSG00000029174.18	4.100027
ENSMUSG00000029175.17	18.66354
ENSMUSG00000029176.13	7.900442
ENSMUSG00000029177.9	1.989568
ENSMUSG00000029178.14	4.74745
ENSMUSG00000029179.14	2.052756
ENSMUSG00000029182.10	0.708588
ENSMUSG00000029184.5	0
ENSMUSG00000029185.14	1.917836
ENSMUSG00000029186.12	0.539562
ENSMUSG00000029188.14	0.014012
ENSMUSG00000029189.10	8.270339
ENSMUSG00000029190.19	9.536073
ENSMUSG00000029191.16	5.030337
ENSMUSG00000029192.17	19.172986
ENSMUSG00000029193.7	0.396894
ENSMUSG00000029195.10	0.050568
ENSMUSG00000029196.9	9.271919
ENSMUSG00000029198.3	18.184809
ENSMUSG00000029199.11	20.51937
ENSMUSG00000029201.14	7.511327
ENSMUSG00000029202.12	4.39197
ENSMUSG00000029203.16	58.068067
ENSMUSG00000029204.7	0.365652
ENSMUSG00000029205.12	0.149936
ENSMUSG00000029206.13	0.219463
ENSMUSG00000029207.16	8.344123
ENSMUSG00000029208.16	0.88531
ENSMUSG00000029209.15	8.735662
ENSMUSG00000029211.11	21.123892
ENSMUSG00000029212.11	1.952771
ENSMUSG00000029213.11	25.387435
ENSMUSG00000029217.16	0.658228
ENSMUSG00000029219.10	8.683996
ENSMUSG00000029221.15	54.997297
ENSMUSG00000029223.12	1133.21596
ENSMUSG00000029227.15	10.061397
ENSMUSG00000029228.15	7.674328
ENSMUSG00000029229.8	8.115529
ENSMUSG00000029231.15	4.381981
ENSMUSG00000029233.15	15.075546
ENSMUSG00000029234.13	20.108307
ENSMUSG00000029235.14	0
ENSMUSG00000029236.4	0.344166
ENSMUSG00000029238.11	2.853319
ENSMUSG00000029245.16	6.901755
ENSMUSG00000029246.14	2.658857
ENSMUSG00000029247.17	47.414091
ENSMUSG00000029248.14	0.451056
ENSMUSG00000029249.15	0.531547
ENSMUSG00000029250.5	6.503058
ENSMUSG00000029253.12	1.793452
ENSMUSG00000029254.16	0.01766
ENSMUSG00000029255.8	0
ENSMUSG00000029260.15	0
ENSMUSG00000029263.15	1.542376
ENSMUSG00000029265.4	18.719605
ENSMUSG00000029267.17	3.1267
ENSMUSG00000029268.14	0
ENSMUSG00000029269.11	0
ENSMUSG00000029270.10	7.730938
ENSMUSG00000029272.8	0
ENSMUSG00000029273.10	0
ENSMUSG00000029275.18	0
ENSMUSG00000029276.13	3.724373
ENSMUSG00000029279.15	6.217024
ENSMUSG00000029280.13	0.096023
ENSMUSG00000029281.13	0
ENSMUSG00000029282.3	0
ENSMUSG00000029283.17	0.611605
ENSMUSG00000029286.12	0
ENSMUSG00000029287.14	2.222117
ENSMUSG00000029288.11	0
ENSMUSG00000029290.12	4.093268
ENSMUSG00000029291.11	37.518166
ENSMUSG00000029298.15	0.079974
ENSMUSG00000029299.14	0
ENSMUSG00000029304.14	18.684518
ENSMUSG00000029306.8	0
ENSMUSG00000029307.7	3.118955
ENSMUSG00000029309.7	566.945596
ENSMUSG00000029310.13	51.354286
ENSMUSG00000029311.16	33.89158
ENSMUSG00000029312.12	10.93324
ENSMUSG00000029313.18	1.028425
ENSMUSG00000029314.14	2.833383
ENSMUSG00000029319.8	50.748928
ENSMUSG00000029320.11	0
ENSMUSG00000029321.1	0
ENSMUSG00000029322.12	0.691437
ENSMUSG00000029326.13	35.30954
ENSMUSG00000029328.15	33.249867
ENSMUSG00000029330.8	28.854856
ENSMUSG00000029331.3	0
ENSMUSG00000029334.14	0.771939
ENSMUSG00000029335.5	1.442473
ENSMUSG00000029337.2	0.720285
ENSMUSG00000029338.13	0.209663
ENSMUSG00000029343.17	7.945419
ENSMUSG00000029344.15	23.948459
ENSMUSG00000029345.13	15.407149
ENSMUSG00000029346.12	22.915283
ENSMUSG00000029348.11	73.525856
ENSMUSG00000029352.14	1.130373
ENSMUSG00000029359.13	66.216485
ENSMUSG00000029360.3	0.039642
ENSMUSG00000029361.18	5.205884
ENSMUSG00000029363.14	8.455862
ENSMUSG00000029364.15	137.637299
ENSMUSG00000029366.10	12.303817
ENSMUSG00000029368.10	0
ENSMUSG00000029369.17	0
ENSMUSG00000029370.10	0.321641
ENSMUSG00000029371.7	0.218465
ENSMUSG00000029372.7	0
ENSMUSG00000029373.7	1.565851
ENSMUSG00000029375.6	0
ENSMUSG00000029376.8	17.608421
ENSMUSG00000029377.5	0
ENSMUSG00000029378.5	0
ENSMUSG00000029379.10	0.06677
ENSMUSG00000029380.11	0.072188
ENSMUSG00000029381.16	0.256594
ENSMUSG00000029384.5	0.075698
ENSMUSG00000029385.14	15.713067
ENSMUSG00000029386.15	12.389498
ENSMUSG00000029387.10	8.906591
ENSMUSG00000029388.14	17.372893
ENSMUSG00000029389.17	4.859879
ENSMUSG00000029390.13	91.301073
ENSMUSG00000029392.12	30.300509
ENSMUSG00000029394.11	112.722979
ENSMUSG00000029397.15	21.606156
ENSMUSG00000029401.8	13.314227
ENSMUSG00000029402.8	17.688841
ENSMUSG00000029403.14	4.293389
ENSMUSG00000029404.15	66.6805
ENSMUSG00000029405.16	50.666767
ENSMUSG00000029406.15	25.43095
ENSMUSG00000029407.10	16.820397
ENSMUSG00000029408.13	24.040019
ENSMUSG00000029409.7	0
ENSMUSG00000029410.11	0.186708
ENSMUSG00000029413.14	13.675527
ENSMUSG00000029414.11	0.079204
ENSMUSG00000029415.4	1.938053
ENSMUSG00000029416.17	12.804956
ENSMUSG00000029417.9	0
ENSMUSG00000029419.8	16.628955
ENSMUSG00000029420.14	15.417206
ENSMUSG00000029422.15	13.359282
ENSMUSG00000029423.10	0.021894
ENSMUSG00000029426.8	27.298604
ENSMUSG00000029427.11	7.508004
ENSMUSG00000029428.13	3.394232
ENSMUSG00000029430.13	132.034045
ENSMUSG00000029431.5	0.539579
ENSMUSG00000029432.12	49.400449
ENSMUSG00000029433.16	13.564701
ENSMUSG00000029434.12	23.041189
ENSMUSG00000029436.9	32.756007
ENSMUSG00000029437.12	0
ENSMUSG00000029438.9	23.208594
ENSMUSG00000029439.14	13.989543
ENSMUSG00000029440.15	19.863923
ENSMUSG00000029442.18	1.286041
ENSMUSG00000029445.13	0.02283
ENSMUSG00000029446.14	16.705345
ENSMUSG00000029447.11	81.325061
ENSMUSG00000029449.11	31.452861
ENSMUSG00000029451.14	0
ENSMUSG00000029452.18	3.636524
ENSMUSG00000029454.15	23.588491
ENSMUSG00000029455.14	98.048194
ENSMUSG00000029456.12	0.763084
ENSMUSG00000029458.14	27.445336
ENSMUSG00000029461.17	36.779139
ENSMUSG00000029462.18	121.322232
ENSMUSG00000029463.5	44.228511
ENSMUSG00000029464.10	12.777715
ENSMUSG00000029465.14	217.433904
ENSMUSG00000029466.11	20.560022
ENSMUSG00000029467.15	98.804073
ENSMUSG00000029468.17	1.911378
ENSMUSG00000029469.14	5.305653
ENSMUSG00000029470.15	8.724939
ENSMUSG00000029471.13	56.632323
ENSMUSG00000029472.13	82.236503
ENSMUSG00000029474.7	26.146324
ENSMUSG00000029475.17	4.139525
ENSMUSG00000029477.14	0
ENSMUSG00000029478.16	34.210931
ENSMUSG00000029480.13	5.568682
ENSMUSG00000029482.4	16.021434
ENSMUSG00000029484.12	2.03486
ENSMUSG00000029486.13	3.981486
ENSMUSG00000029490.4	0.295606
ENSMUSG00000029491.7	0.032055
ENSMUSG00000029499.11	6.870187
ENSMUSG00000029500.16	38.812813
ENSMUSG00000029501.14	7.665124
ENSMUSG00000029502.14	4.667457
ENSMUSG00000029503.16	0.14676
ENSMUSG00000029504.5	5.653097
ENSMUSG00000029505.17	2.710309
ENSMUSG00000029507.16	17.092388
ENSMUSG00000029510.15	0.523341
ENSMUSG00000029512.11	23.094097
ENSMUSG00000029513.14	12.360251
ENSMUSG00000029516.19	10.067663
ENSMUSG00000029517.13	0
ENSMUSG00000029518.15	37.763948
ENSMUSG00000029521.7	0.480498
ENSMUSG00000029522.12	0
ENSMUSG00000029524.16	3.890985
ENSMUSG00000029526.5	0.045219
ENSMUSG00000029528.19	5.269427
ENSMUSG00000029530.16	0.068808
ENSMUSG00000029534.17	7.874997
ENSMUSG00000029535.4	20.108712
ENSMUSG00000029536.8	18.088438
ENSMUSG00000029538.14	36.088288
ENSMUSG00000029541.12	0
ENSMUSG00000029544.16	162.245696
ENSMUSG00000029545.13	7.678011
ENSMUSG00000029546.12	0.627676
ENSMUSG00000029547.10	13.783206
ENSMUSG00000029550.11	36.901062
ENSMUSG00000029551.13	30.581673
ENSMUSG00000029552.19	0.810962
ENSMUSG00000029553.10	0
ENSMUSG00000029554.15	8.752155
ENSMUSG00000029556.12	0
ENSMUSG00000029557.7	11.793875
ENSMUSG00000029559.15	95.872725
ENSMUSG00000029560.12	12.571571
ENSMUSG00000029561.17	0.622682
ENSMUSG00000029563.16	1.557756
ENSMUSG00000029564.12	0
ENSMUSG00000029569.9	3.288254
ENSMUSG00000029570.5	11.915854
ENSMUSG00000029571.14	17.555509
ENSMUSG00000029575.17	10.84124
ENSMUSG00000029576.17	2.51442
ENSMUSG00000029577.13	27.086293
ENSMUSG00000029578.15	32.280791
ENSMUSG00000029580.14	850.578981
ENSMUSG00000029581.14	130.715614
ENSMUSG00000029586.9	0
ENSMUSG00000029587.16	4.132096
ENSMUSG00000029591.14	1.478513
ENSMUSG00000029592.11	14.705156
ENSMUSG00000029594.12	6.675368
ENSMUSG00000029595.9	1.14876
ENSMUSG00000029596.13	9.334736
ENSMUSG00000029597.14	0.271959
ENSMUSG00000029598.12	29.558363
ENSMUSG00000029599.13	16.573985
ENSMUSG00000029600.10	23.499304
ENSMUSG00000029601.13	0.793474
ENSMUSG00000029602.11	31.361618
ENSMUSG00000029603.15	34.682297
ENSMUSG00000029605.16	0.355474
ENSMUSG00000029607.14	0
ENSMUSG00000029608.10	134.762915
ENSMUSG00000029610.13	43.724009
ENSMUSG00000029613.15	15.285401
ENSMUSG00000029614.13	497.718788
ENSMUSG00000029616.9	153.83345
ENSMUSG00000029617.10	16.404604
ENSMUSG00000029618.13	0.058205
ENSMUSG00000029620.4	0.029641
ENSMUSG00000029621.14	167.173479
ENSMUSG00000029622.16	14.509708
ENSMUSG00000029623.14	98.932235
ENSMUSG00000029624.10	6.479483
ENSMUSG00000029625.16	8.529793
ENSMUSG00000029627.12	7.190236
ENSMUSG00000029629.17	6.187969
ENSMUSG00000029630.15	0
ENSMUSG00000029632.7	1033.43029
ENSMUSG00000029633.9	0.027247
ENSMUSG00000029634.15	6.685941
ENSMUSG00000029635.15	3.570281
ENSMUSG00000029636.11	29.712823
ENSMUSG00000029638.17	0.557696
ENSMUSG00000029640.17	12.20598
ENSMUSG00000029641.8	3.837138
ENSMUSG00000029642.11	66.193837
ENSMUSG00000029644.7	0
ENSMUSG00000029646.3	0
ENSMUSG00000029647.15	4.760693
ENSMUSG00000029648.13	2.376985
ENSMUSG00000029649.10	300.496897
ENSMUSG00000029650.10	4.031502
ENSMUSG00000029651.16	6.436935
ENSMUSG00000029655.17	2.999378
ENSMUSG00000029656.13	0.059646
ENSMUSG00000029657.15	49.045962
ENSMUSG00000029658.17	0.060772
ENSMUSG00000029659.16	6.14895
ENSMUSG00000029660.10	0.08761
ENSMUSG00000029661.16	3.01492
ENSMUSG00000029663.10	0
ENSMUSG00000029664.10	0.082819
ENSMUSG00000029669.14	6.372251
ENSMUSG00000029670.12	4.469686
ENSMUSG00000029671.15	0.113063
ENSMUSG00000029672.16	17.218153
ENSMUSG00000029673.17	7.110219
ENSMUSG00000029674.13	37.494854
ENSMUSG00000029675.12	1.194248
ENSMUSG00000029676.15	4.114179
ENSMUSG00000029678.8	0
ENSMUSG00000029679.7	0
ENSMUSG00000029680.2	0
ENSMUSG00000029681.12	48.359681
ENSMUSG00000029682.5	0
ENSMUSG00000029683.7	0.077863
ENSMUSG00000029684.14	20.170244
ENSMUSG00000029685.15	0.00668
ENSMUSG00000029686.15	18.720277
ENSMUSG00000029687.16	0.51935
ENSMUSG00000029695.13	0.969951
ENSMUSG00000029697.6	0.38911
ENSMUSG00000029699.13	0.774783
ENSMUSG00000029700.11	0.186496
ENSMUSG00000029701.15	4.911849
ENSMUSG00000029703.10	5.229815
ENSMUSG00000029705.17	33.504355
ENSMUSG00000029706.15	0
ENSMUSG00000029707.6	0
ENSMUSG00000029708.9	4.27317
ENSMUSG00000029710.15	1.444147
ENSMUSG00000029711.13	0.158796
ENSMUSG00000029712.14	58.268018
ENSMUSG00000029713.15	531.360552
ENSMUSG00000029714.11	6.809695
ENSMUSG00000029715.5	40.858495
ENSMUSG00000029716.13	2.552522
ENSMUSG00000029718.14	7.931058
ENSMUSG00000029720.9	0.19484
ENSMUSG00000029722.15	18.527583
ENSMUSG00000029723.16	187.986963
ENSMUSG00000029725.10	27.344101
ENSMUSG00000029726.16	30.876763
ENSMUSG00000029727.7	0
ENSMUSG00000029729.12	3.175187
ENSMUSG00000029730.16	4.249784
ENSMUSG00000029735.17	0.625516
ENSMUSG00000029736.15	0
ENSMUSG00000029752.12	73.484762
ENSMUSG00000029754.13	8.189637
ENSMUSG00000029755.10	7.266488
ENSMUSG00000029757.16	60.074928
ENSMUSG00000029759.9	1.01258
ENSMUSG00000029761.16	2.759223
ENSMUSG00000029762.6	1.043659
ENSMUSG00000029763.17	8.403274
ENSMUSG00000029765.12	3.746149
ENSMUSG00000029766.7	0
ENSMUSG00000029767.16	23.268599
ENSMUSG00000029769.16	82.019739
ENSMUSG00000029771.12	2.283574
ENSMUSG00000029772.17	19.213303
ENSMUSG00000029775.14	14.62331
ENSMUSG00000029776.11	48.538253
ENSMUSG00000029777.10	54.95085
ENSMUSG00000029778.12	37.662521
ENSMUSG00000029780.14	20.736648
ENSMUSG00000029781.7	11.891273
ENSMUSG00000029782.20	5.601573
ENSMUSG00000029784.13	0.028641
ENSMUSG00000029787.10	2.968827
ENSMUSG00000029788.13	0
ENSMUSG00000029790.16	2.004724
ENSMUSG00000029797.13	0.227506
ENSMUSG00000029798.11	0.203696
ENSMUSG00000029802.13	2.257269
ENSMUSG00000029804.17	20.042945
ENSMUSG00000029810.15	57.668325
ENSMUSG00000029811.14	0.118664
ENSMUSG00000029813.8	0
ENSMUSG00000029814.10	0
ENSMUSG00000029815.12	10.38388
ENSMUSG00000029816.10	0.810942
ENSMUSG00000029817.11	12.828957
ENSMUSG00000029819.6	153.385238
ENSMUSG00000029821.15	4.299977
ENSMUSG00000029822.15	2.909758
ENSMUSG00000029823.16	10.243938
ENSMUSG00000029826.14	0.825929
ENSMUSG00000029828.4	0.318218
ENSMUSG00000029829.4	0
ENSMUSG00000029830.15	0.051194
ENSMUSG00000029831.7	0.22052
ENSMUSG00000029832.16	1.54121
ENSMUSG00000029833.17	2.919026
ENSMUSG00000029836.15	65.529869
ENSMUSG00000029837.2	0
ENSMUSG00000029838.11	179.09836
ENSMUSG00000029840.8	71.869163
ENSMUSG00000029843.4	6.646512
ENSMUSG00000029844.9	0.176298
ENSMUSG00000029847.13	0.107397
ENSMUSG00000029848.11	0
ENSMUSG00000029851.5	0.103769
ENSMUSG00000029859.6	0.081445
ENSMUSG00000029860.16	32.39913
ENSMUSG00000029861.17	48.101799
ENSMUSG00000029862.16	0.092633
ENSMUSG00000029863.13	2.71605
ENSMUSG00000029864.7	19.155826
ENSMUSG00000029865.4	0
ENSMUSG00000029866.13	0
ENSMUSG00000029867.5	0
ENSMUSG00000029868.14	0.285676
ENSMUSG00000029869.7	37.549026
ENSMUSG00000029875.5	22.54342
ENSMUSG00000029878.6	8.377182
ENSMUSG00000029882.5	0
ENSMUSG00000029883.12	0
ENSMUSG00000029885.3	0
ENSMUSG00000029909.6	0
ENSMUSG00000029910.14	2.847487
ENSMUSG00000029911.14	7.952021
ENSMUSG00000029913.14	0.660051
ENSMUSG00000029915.14	0.214396
ENSMUSG00000029916.11	15.689453
ENSMUSG00000029917.15	0.403698
ENSMUSG00000029918.9	160.739821
ENSMUSG00000029919.5	0.186837
ENSMUSG00000029920.9	2.692791
ENSMUSG00000029922.15	60.658538
ENSMUSG00000029923.4	0.080154
ENSMUSG00000029924.12	14.676055
ENSMUSG00000029925.13	1.11257
ENSMUSG00000029992.14	6.086783
ENSMUSG00000029993.16	65.625335
ENSMUSG00000029994.17	4.734723
ENSMUSG00000029998.14	29.166812
ENSMUSG00000029999.14	11.213519
ENSMUSG00000030000.10	26.364403
ENSMUSG00000030001.4	0
ENSMUSG00000030002.15	2.331756
ENSMUSG00000030004.6	2.013482
ENSMUSG00000030007.8	155.799809
ENSMUSG00000030008.9	24.332932
ENSMUSG00000030016.14	11.244906
ENSMUSG00000030017.2	0
ENSMUSG00000030019.6	14.641874
ENSMUSG00000030020.13	10.609694
ENSMUSG00000030022.14	0.328708
ENSMUSG00000030029.14	15.859169
ENSMUSG00000030030.5	14.024432
ENSMUSG00000030031.14	0.685564
ENSMUSG00000030032.12	21.685905
ENSMUSG00000030034.12	16.616793
ENSMUSG00000030035.14	33.980793
ENSMUSG00000030036.8	10.085065
ENSMUSG00000030037.9	75.514295
ENSMUSG00000030041.9	0.079228
ENSMUSG00000030042.15	33.005518
ENSMUSG00000030043.11	2.839488
ENSMUSG00000030045.10	11.143916
ENSMUSG00000030046.6	0
ENSMUSG00000030047.14	2.428441
ENSMUSG00000030048.5	3.01107
ENSMUSG00000030049.5	0
ENSMUSG00000030050.4	0.208851
ENSMUSG00000030051.10	2.258729
ENSMUSG00000030054.4	0.159134
ENSMUSG00000030055.16	5.663131
ENSMUSG00000030056.8	8.631239
ENSMUSG00000030057.15	188.940711
ENSMUSG00000030058.17	83.57221
ENSMUSG00000030059.15	4.261242
ENSMUSG00000030060.14	14.919273
ENSMUSG00000030061.16	9.699412
ENSMUSG00000030062.7	67.588315
ENSMUSG00000030064.16	2.240364
ENSMUSG00000030067.17	14.306815
ENSMUSG00000030068.4	0.050278
ENSMUSG00000030069.15	0.506131
ENSMUSG00000030074.9	0.328783
ENSMUSG00000030075.10	2.172979
ENSMUSG00000030077.11	7.109182
ENSMUSG00000030079.15	30.41103
ENSMUSG00000030082.14	21.944296
ENSMUSG00000030083.11	30.450922
ENSMUSG00000030084.11	13.664749
ENSMUSG00000030086.16	118.914485
ENSMUSG00000030087.11	10.427326
ENSMUSG00000030088.15	32.297962
ENSMUSG00000030089.15	5.878964
ENSMUSG00000030091.17	3.508784
ENSMUSG00000030092.14	1.957836
ENSMUSG00000030093.7	8.467913
ENSMUSG00000030094.8	3.669328
ENSMUSG00000030095.10	16.999067
ENSMUSG00000030096.8	16.471516
ENSMUSG00000030098.15	4.804762
ENSMUSG00000030101.15	9.705952
ENSMUSG00000030102.11	16.148756
ENSMUSG00000030103.11	39.050796
ENSMUSG00000030104.9	2.23052
ENSMUSG00000030105.8	39.050392
ENSMUSG00000030107.10	0.158175
ENSMUSG00000030108.14	8.128913
ENSMUSG00000030109.15	0.910794
ENSMUSG00000030110.13	7.484385
ENSMUSG00000030111.9	1.626142
ENSMUSG00000030114.8	0.271752
ENSMUSG00000030116.14	0.168629
ENSMUSG00000030117.5	0.014382
ENSMUSG00000030120.14	561.526577
ENSMUSG00000030122.12	978.210755
ENSMUSG00000030123.15	22.161967
ENSMUSG00000030124.2	4.315931
ENSMUSG00000030125.11	1.299923
ENSMUSG00000030126.17	12.912793
ENSMUSG00000030127.15	148.074016
ENSMUSG00000030131.8	0
ENSMUSG00000030134.11	86.701258
ENSMUSG00000030137.8	7.897043
ENSMUSG00000030138.8	1.606576
ENSMUSG00000030142.10	0
ENSMUSG00000030143.7	0
ENSMUSG00000030144.4	0.067266
ENSMUSG00000030145.14	1.014886
ENSMUSG00000030147.12	0.049043
ENSMUSG00000030148.15	1.452199
ENSMUSG00000030149.15	0
ENSMUSG00000030154.10	0
ENSMUSG00000030155.7	0
ENSMUSG00000030156.5	0
ENSMUSG00000030157.5	3.190535
ENSMUSG00000030158.12	0
ENSMUSG00000030159.15	0.09204
ENSMUSG00000030160.7	0
ENSMUSG00000030161.8	735.099691
ENSMUSG00000030162.14	0
ENSMUSG00000030165.16	0
ENSMUSG00000030166.14	5.717882
ENSMUSG00000030167.15	0
ENSMUSG00000030168.13	16.445793
ENSMUSG00000030170.14	1.835668
ENSMUSG00000030172.15	3.626017
ENSMUSG00000030173.15	0
ENSMUSG00000030177.14	0.478359
ENSMUSG00000030178.15	0
ENSMUSG00000030180.15	1.343873
ENSMUSG00000030187.15	0.051815
ENSMUSG00000030188.12	10.158695
ENSMUSG00000030189.15	17.327824
ENSMUSG00000030194.2	0
ENSMUSG00000030196.3	0
ENSMUSG00000030199.16	2.646601
ENSMUSG00000030200.13	0
ENSMUSG00000030201.15	6.788442
ENSMUSG00000030203.17	1.734415
ENSMUSG00000030204.10	25.988471
ENSMUSG00000030205.15	0.09829
ENSMUSG00000030206.13	0.153905
ENSMUSG00000030207.15	69.945555
ENSMUSG00000030208.15	0.858993
ENSMUSG00000030209.14	2.338303
ENSMUSG00000030213.12	4.88061
ENSMUSG00000030214.7	0.44323
ENSMUSG00000030216.12	50.590324
ENSMUSG00000030217.2	0.083809
ENSMUSG00000030218.2	37.432422
ENSMUSG00000030219.13	0.032876
ENSMUSG00000030220.13	15.421848
ENSMUSG00000030222.13	8.378788
ENSMUSG00000030223.14	10.409154
ENSMUSG00000030224.10	43.480211
ENSMUSG00000030225.11	2.183415
ENSMUSG00000030226.12	52.280991
ENSMUSG00000030228.18	0.186231
ENSMUSG00000030230.15	0.056003
ENSMUSG00000030231.11	6.340971
ENSMUSG00000030232.18	8.125689
ENSMUSG00000030235.17	8.701168
ENSMUSG00000030236.10	0
ENSMUSG00000030237.14	2.866426
ENSMUSG00000030243.16	3.781423
ENSMUSG00000030244.7	0
ENSMUSG00000030245.10	13.069419
ENSMUSG00000030246.12	690.029085
ENSMUSG00000030247.9	1.767214
ENSMUSG00000030249.15	0.243673
ENSMUSG00000030254.16	1.02351
ENSMUSG00000030255.13	3.174544
ENSMUSG00000030256.11	11.542352
ENSMUSG00000030257.16	19.316383
ENSMUSG00000030259.12	5.682871
ENSMUSG00000030263.13	0.803905
ENSMUSG00000030264.14	6.256905
ENSMUSG00000030265.14	12.169464
ENSMUSG00000030268.17	64.44558
ENSMUSG00000030269.14	8.969968
ENSMUSG00000030270.11	32.891473
ENSMUSG00000030271.14	6.130972
ENSMUSG00000030272.15	59.745859
ENSMUSG00000030275.6	24.11251
ENSMUSG00000030276.19	1.472829
ENSMUSG00000030278.11	0.036716
ENSMUSG00000030279.15	4.60932
ENSMUSG00000030281.16	3.447689
ENSMUSG00000030282.14	58.417583
ENSMUSG00000030283.7	5.661581
ENSMUSG00000030284.11	59.041432
ENSMUSG00000030286.6	42.124577
ENSMUSG00000030287.15	0.723491
ENSMUSG00000030291.12	39.955863
ENSMUSG00000030292.10	0
ENSMUSG00000030298.10	51.58941
ENSMUSG00000030301.17	23.167139
ENSMUSG00000030302.16	66.532942
ENSMUSG00000030303.15	2.997015
ENSMUSG00000030304.11	18.568282
ENSMUSG00000030306.14	5.397687
ENSMUSG00000030307.8	139.737289
ENSMUSG00000030309.16	0.740185
ENSMUSG00000030310.10	118.155769
ENSMUSG00000030313.15	3.371976
ENSMUSG00000030314.16	11.499312
ENSMUSG00000030315.15	22.446155
ENSMUSG00000030316.13	10.677292
ENSMUSG00000030317.8	17.560847
ENSMUSG00000030319.8	0.862174
ENSMUSG00000030321.15	1.113791
ENSMUSG00000030322.12	1.514382
ENSMUSG00000030323.13	7.301296
ENSMUSG00000030324.8	0.037828
ENSMUSG00000030325.16	0
ENSMUSG00000030327.8	104.728135
ENSMUSG00000030329.11	116.903035
ENSMUSG00000030330.15	19.758362
ENSMUSG00000030335.6	54.40142
ENSMUSG00000030336.14	0.040541
ENSMUSG00000030337.16	208.057893
ENSMUSG00000030339.7	6.567332
ENSMUSG00000030340.16	2.16749
ENSMUSG00000030341.17	8.97682
ENSMUSG00000030342.8	64.286174
ENSMUSG00000030344.11	0.145164
ENSMUSG00000030345.16	0
ENSMUSG00000030346.16	0.459307
ENSMUSG00000030347.6	14.212443
ENSMUSG00000030350.8	20.525556
ENSMUSG00000030351.5	1.101483
ENSMUSG00000030352.15	23.820931
ENSMUSG00000030353.15	0.03235
ENSMUSG00000030357.10	96.179212
ENSMUSG00000030359.14	0
ENSMUSG00000030361.16	0
ENSMUSG00000030363.8	0
ENSMUSG00000030364.6	0
ENSMUSG00000030365.11	0.013012
ENSMUSG00000030366.10	0
ENSMUSG00000030368.10	0
ENSMUSG00000030373.6	0.01581
ENSMUSG00000030374.15	72.893162
ENSMUSG00000030376.8	90.563456
ENSMUSG00000030378.15	0
ENSMUSG00000030380.17	2.558001
ENSMUSG00000030382.15	0.026543
ENSMUSG00000030385.4	0
ENSMUSG00000030386.19	0.785039
ENSMUSG00000030393.8	2.870022
ENSMUSG00000030397.11	26.120584
ENSMUSG00000030399.2	0
ENSMUSG00000030400.17	4.301985
ENSMUSG00000030401.16	86.273363
ENSMUSG00000030402.5	0.043556
ENSMUSG00000030403.9	8.385438
ENSMUSG00000030406.7	0.23667
ENSMUSG00000030407.2	8.660134
ENSMUSG00000030409.16	2.616353
ENSMUSG00000030410.16	79.085305
ENSMUSG00000030411.16	14.886248
ENSMUSG00000030413.7	5.817733
ENSMUSG00000030417.15	70.126401
ENSMUSG00000030421.9	11.638419
ENSMUSG00000030423.7	6.03251
ENSMUSG00000030424.15	0.593331
ENSMUSG00000030427.17	0
ENSMUSG00000030428.16	294.527781
ENSMUSG00000030431.8	1.63384
ENSMUSG00000030432.12	494.036995
ENSMUSG00000030433.15	0.162957
ENSMUSG00000030435.16	114.493601
ENSMUSG00000030443.16	1.7297
ENSMUSG00000030446.17	0.519714
ENSMUSG00000030447.15	9.444695
ENSMUSG00000030450.11	0.24651
ENSMUSG00000030451.16	6.014269
ENSMUSG00000030452.16	11.111108
ENSMUSG00000030463.5	0
ENSMUSG00000030465.19	12.856211
ENSMUSG00000030468.12	0.070275
ENSMUSG00000030469.10	1.031923
ENSMUSG00000030470.15	0
ENSMUSG00000030471.17	3.412602
ENSMUSG00000030472.9	0.031249
ENSMUSG00000030474.9	0.301594
ENSMUSG00000030483.14	0
ENSMUSG00000030484.5	0.04076
ENSMUSG00000030486.9	0.58803
ENSMUSG00000030491.16	0.181461
ENSMUSG00000030492.16	0.017641
ENSMUSG00000030493.13	4.243236
ENSMUSG00000030494.13	2.119579
ENSMUSG00000030495.12	31.511858
ENSMUSG00000030498.15	5.004558
ENSMUSG00000030499.9	4.910707
ENSMUSG00000030500.6	12.331951
ENSMUSG00000030505.17	6.244294
ENSMUSG00000030507.6	0
ENSMUSG00000030509.17	4.013035
ENSMUSG00000030510.11	0.06382
ENSMUSG00000030512.13	17.581152
ENSMUSG00000030513.14	6.668127
ENSMUSG00000030515.9	7.266733
ENSMUSG00000030516.14	6.029295
ENSMUSG00000030518.17	19.360854
ENSMUSG00000030519.14	61.044196
ENSMUSG00000030521.11	2.191472
ENSMUSG00000030522.14	2.936646
ENSMUSG00000030523.18	0.119852
ENSMUSG00000030525.8	3.015711
ENSMUSG00000030527.15	3.114993
ENSMUSG00000030528.12	0.145761
ENSMUSG00000030530.15	10.100035
ENSMUSG00000030532.6	116.713448
ENSMUSG00000030533.16	16.479581
ENSMUSG00000030534.13	4.304698
ENSMUSG00000030536.10	0.738452
ENSMUSG00000030538.15	27.105377
ENSMUSG00000030539.13	4.515456
ENSMUSG00000030541.16	29.236168
ENSMUSG00000030543.10	0.618328
ENSMUSG00000030544.5	0
ENSMUSG00000030545.9	6.098352
ENSMUSG00000030546.14	0.095511
ENSMUSG00000030549.6	1.556761
ENSMUSG00000030551.14	14.627512
ENSMUSG00000030553.3	0.721878
ENSMUSG00000030554.16	3.346359
ENSMUSG00000030555.16	1.67599
ENSMUSG00000030556.13	14.011038
ENSMUSG00000030557.17	15.499819
ENSMUSG00000030559.8	0.240118
ENSMUSG00000030560.17	2.249072
ENSMUSG00000030562.17	0
ENSMUSG00000030577.14	0.091979
ENSMUSG00000030579.10	44.679952
ENSMUSG00000030583.16	9.617645
ENSMUSG00000030584.14	38.47724
ENSMUSG00000030587.5	0.065198
ENSMUSG00000030588.12	64.100748
ENSMUSG00000030589.15	0.231036
ENSMUSG00000030590.15	25.110802
ENSMUSG00000030591.17	144.295629
ENSMUSG00000030592.18	0.116479
ENSMUSG00000030595.15	30.542649
ENSMUSG00000030598.15	1.154477
ENSMUSG00000030600.15	27.598831
ENSMUSG00000030602.13	3.679791
ENSMUSG00000030603.16	101.516518
ENSMUSG00000030604.9	1.218173
ENSMUSG00000030605.15	169.992483
ENSMUSG00000030606.8	0.890229
ENSMUSG00000030607.7	0.741641
ENSMUSG00000030609.18	15.486765
ENSMUSG00000030610.13	2.363279
ENSMUSG00000030611.10	49.57965
ENSMUSG00000030612.6	28.763169
ENSMUSG00000030613.13	8.054736
ENSMUSG00000030614.8	11.680094
ENSMUSG00000030615.12	27.91041
ENSMUSG00000030616.16	12.236292
ENSMUSG00000030617.13	0
ENSMUSG00000030619.10	6.463862
ENSMUSG00000030621.17	57.096604
ENSMUSG00000030623.4	0
ENSMUSG00000030629.15	30.841021
ENSMUSG00000030630.16	23.616803
ENSMUSG00000030636.15	0
ENSMUSG00000030638.13	32.576605
ENSMUSG00000030641.10	0.026184
ENSMUSG00000030643.14	3.00155
ENSMUSG00000030647.8	361.326656
ENSMUSG00000030649.18	20.749645
ENSMUSG00000030650.18	0.050958
ENSMUSG00000030651.5	0
ENSMUSG00000030652.11	34.404271
ENSMUSG00000030653.17	0
ENSMUSG00000030654.9	168.692125
ENSMUSG00000030655.15	0.537426
ENSMUSG00000030657.11	4.676637
ENSMUSG00000030659.14	4.716676
ENSMUSG00000030660.9	1.112327
ENSMUSG00000030662.10	24.19035
ENSMUSG00000030663.12	91.447602
ENSMUSG00000030664.3	0.227634
ENSMUSG00000030666.11	1.070409
ENSMUSG00000030669.13	8.088891
ENSMUSG00000030670.16	0.032766
ENSMUSG00000030671.9	0.525671
ENSMUSG00000030672.12	1.547293
ENSMUSG00000030674.5	0.643169
ENSMUSG00000030677.8	4.51467
ENSMUSG00000030678.7	83.049123
ENSMUSG00000030680.6	10.194913
ENSMUSG00000030681.18	3.62034
ENSMUSG00000030682.4	148.273473
ENSMUSG00000030683.11	245.964813
ENSMUSG00000030685.5	150.614932
ENSMUSG00000030688.15	98.488423
ENSMUSG00000030689.15	53.65833
ENSMUSG00000030691.15	6.308028
ENSMUSG00000030693.10	0.398176
ENSMUSG00000030695.16	2420.591558
ENSMUSG00000030697.7	38.378381
ENSMUSG00000030699.16	0.162664
ENSMUSG00000030701.17	444.841194
ENSMUSG00000030703.8	23.967851
ENSMUSG00000030704.14	183.649399
ENSMUSG00000030706.17	57.72351
ENSMUSG00000030707.15	114.690473
ENSMUSG00000030708.14	0.544384
ENSMUSG00000030711.16	4.131317
ENSMUSG00000030713.6	0
ENSMUSG00000030714.14	16.214268
ENSMUSG00000030717.9	10.024349
ENSMUSG00000030718.9	100.937216
ENSMUSG00000030720.16	13.258955
ENSMUSG00000030722.7	2.137707
ENSMUSG00000030724.7	0.024848
ENSMUSG00000030725.4	2.865512
ENSMUSG00000030726.16	5.28234
ENSMUSG00000030727.12	4.758783
ENSMUSG00000030729.17	16.549247
ENSMUSG00000030730.12	1.021398
ENSMUSG00000030731.13	47.706988
ENSMUSG00000030732.13	0.041718
ENSMUSG00000030733.10	39.926395
ENSMUSG00000030735.6	0.306974
ENSMUSG00000030737.17	3.846205
ENSMUSG00000030738.11	45.589954
ENSMUSG00000030739.18	14.4838
ENSMUSG00000030741.15	34.189039
ENSMUSG00000030742.7	0.185334
ENSMUSG00000030744.13	875.554912
ENSMUSG00000030745.9	0.458852
ENSMUSG00000030747.5	39.166255
ENSMUSG00000030748.9	2.413213
ENSMUSG00000030750.13	20.585008
ENSMUSG00000030751.18	45.573767
ENSMUSG00000030752.8	1.165219
ENSMUSG00000030753.15	17.819392
ENSMUSG00000030754.9	11.570993
ENSMUSG00000030757.13	0.413652
ENSMUSG00000030759.16	4.015852
ENSMUSG00000030760.14	4.234638
ENSMUSG00000030761.16	0.294186
ENSMUSG00000030762.11	0
ENSMUSG00000030763.7	61.682728
ENSMUSG00000030766.15	1.833407
ENSMUSG00000030768.12	1.235621
ENSMUSG00000030769.15	1.603561
ENSMUSG00000030770.15	18.168654
ENSMUSG00000030772.6	63.315649
ENSMUSG00000030774.13	143.581571
ENSMUSG00000030775.11	0.006243
ENSMUSG00000030779.16	13.316158
ENSMUSG00000030780.15	11.145595
ENSMUSG00000030781.13	0
ENSMUSG00000030782.17	7.469526
ENSMUSG00000030785.8	13.582197
ENSMUSG00000030786.18	2.712726
ENSMUSG00000030787.4	0.247569
ENSMUSG00000030788.16	17.499133
ENSMUSG00000030789.9	0.217246
ENSMUSG00000030790.15	1.362542
ENSMUSG00000030792.8	29.029707
ENSMUSG00000030793.4	2.282531
ENSMUSG00000030795.18	181.866101
ENSMUSG00000030796.17	1.161598
ENSMUSG00000030798.15	4.810853
ENSMUSG00000030800.10	0.182861
ENSMUSG00000030801.10	15.303146
ENSMUSG00000030802.14	31.751766
ENSMUSG00000030804.8	0
ENSMUSG00000030805.14	44.112803
ENSMUSG00000030806.6	148.341472
ENSMUSG00000030811.14	18.193824
ENSMUSG00000030814.17	25.469924
ENSMUSG00000030815.11	47.702503
ENSMUSG00000030816.8	17.186223
ENSMUSG00000030822.15	11.34556
ENSMUSG00000030823.6	1.317867
ENSMUSG00000030824.17	77.917761
ENSMUSG00000030825.19	0.492311
ENSMUSG00000030826.19	7.681781
ENSMUSG00000030827.5	0.036187
ENSMUSG00000030830.18	0.362843
ENSMUSG00000030834.7	0.011681
ENSMUSG00000030835.6	44.45113
ENSMUSG00000030838.20	0.285243
ENSMUSG00000030839.12	24.79831
ENSMUSG00000030842.12	138.966678
ENSMUSG00000030844.11	66.038671
ENSMUSG00000030846.15	9.483984
ENSMUSG00000030847.8	6.777919
ENSMUSG00000030849.18	21.045506
ENSMUSG00000030850.17	8.727675
ENSMUSG00000030851.15	0
ENSMUSG00000030852.18	24.639682
ENSMUSG00000030854.17	82.956035
ENSMUSG00000030858.10	0
ENSMUSG00000030859.8	0
ENSMUSG00000030861.15	14.34873
ENSMUSG00000030862.13	1.075612
ENSMUSG00000030865.4	0.459952
ENSMUSG00000030866.8	0.061417
ENSMUSG00000030867.7	0.18012
ENSMUSG00000030868.6	73.585624
ENSMUSG00000030869.11	403.731558
ENSMUSG00000030870.12	14.07782
ENSMUSG00000030871.11	2.838657
ENSMUSG00000030872.14	11.267092
ENSMUSG00000030873.9	0.048702
ENSMUSG00000030876.7	32.420883
ENSMUSG00000030877.11	0.122507
ENSMUSG00000030878.11	6.467096
ENSMUSG00000030879.10	107.896027
ENSMUSG00000030880.14	5.57604
ENSMUSG00000030881.15	59.048235
ENSMUSG00000030882.19	0.023927
ENSMUSG00000030884.12	110.705957
ENSMUSG00000030887.4	0.069934
ENSMUSG00000030888.14	4.589022
ENSMUSG00000030889.14	1.133208
ENSMUSG00000030890.16	60.074051
ENSMUSG00000030894.5	20.074415
ENSMUSG00000030895.9	0.317853
ENSMUSG00000030897.5	0.267167
ENSMUSG00000030898.15	19.398527
ENSMUSG00000030905.5	101.622271
ENSMUSG00000030909.6	0
ENSMUSG00000030911.7	0.013706
ENSMUSG00000030917.13	13.460157
ENSMUSG00000030921.17	0.067396
ENSMUSG00000030922.12	9.116144
ENSMUSG00000030924.16	0.089622
ENSMUSG00000030929.17	1.277661
ENSMUSG00000030930.14	9.259009
ENSMUSG00000030934.9	48.924258
ENSMUSG00000030935.15	0.070629
ENSMUSG00000030942.8	12.50252
ENSMUSG00000030945.17	0
ENSMUSG00000030946.13	20.110963
ENSMUSG00000030954.11	0.124442
ENSMUSG00000030956.15	7.421916
ENSMUSG00000030960.16	12.253161
ENSMUSG00000030963.6	0
ENSMUSG00000030965.19	7.326188
ENSMUSG00000030966.13	0.471225
ENSMUSG00000030967.15	8.331341
ENSMUSG00000030968.3	0.056913
ENSMUSG00000030970.16	6.927488
ENSMUSG00000030972.6	0.276235
ENSMUSG00000030976.3	0.071726
ENSMUSG00000030978.10	3.554973
ENSMUSG00000030979.13	17.867536
ENSMUSG00000030980.17	8.19485
ENSMUSG00000030981.9	0
ENSMUSG00000030982.19	19.7607
ENSMUSG00000030983.4	38.513276
ENSMUSG00000030986.13	12.086935
ENSMUSG00000030987.5	32.896234
ENSMUSG00000030990.18	11.37743
ENSMUSG00000030994.16	2.748622
ENSMUSG00000030996.8	0
ENSMUSG00000031004.8	0.017009
ENSMUSG00000031007.2	93.416026
ENSMUSG00000031010.17	8.435463
ENSMUSG00000031012.17	4.733441
ENSMUSG00000031015.8	1.768375
ENSMUSG00000031016.9	5.911065
ENSMUSG00000031021.13	84.004759
ENSMUSG00000031022.15	0.077333
ENSMUSG00000031023.5	3.653497
ENSMUSG00000031024.13	4.207116
ENSMUSG00000031026.15	2.678801
ENSMUSG00000031027.15	0.664103
ENSMUSG00000031028.14	15.885313
ENSMUSG00000031029.6	87.153757
ENSMUSG00000031059.9	254.71644
ENSMUSG00000031060.16	15.031799
ENSMUSG00000031065.14	102.398608
ENSMUSG00000031066.10	44.179595
ENSMUSG00000031068.8	82.003926
ENSMUSG00000031070.15	1.697065
ENSMUSG00000031072.14	14.274511
ENSMUSG00000031073.6	0.634747
ENSMUSG00000031074.14	0.897772
ENSMUSG00000031075.19	0.500375
ENSMUSG00000031077.7	1.691871
ENSMUSG00000031078.15	32.944434
ENSMUSG00000031079.12	0.207446
ENSMUSG00000031085.16	0
ENSMUSG00000031089.7	0
ENSMUSG00000031090.14	1.477566
ENSMUSG00000031093.14	0.319533
ENSMUSG00000031095.15	2.557101
ENSMUSG00000031097.15	0.195041
ENSMUSG00000031098.18	0
ENSMUSG00000031099.16	1.414585
ENSMUSG00000031101.6	0.784457
ENSMUSG00000031103.12	0.123537
ENSMUSG00000031104.2	30.75256
ENSMUSG00000031105.16	30.993813
ENSMUSG00000031107.6	3.211847
ENSMUSG00000031109.16	2.169111
ENSMUSG00000031111.16	11.76099
ENSMUSG00000031112.10	0.990448
ENSMUSG00000031118.8	0
ENSMUSG00000031119.4	7.111656
ENSMUSG00000031125.2	0.099444
ENSMUSG00000031129.9	4.358784
ENSMUSG00000031130.3	0.032389
ENSMUSG00000031131.11	0
ENSMUSG00000031132.1	0.026106
ENSMUSG00000031133.12	2.584326
ENSMUSG00000031134.16	14.355259
ENSMUSG00000031137.17	67.192635
ENSMUSG00000031138.4	0.021913
ENSMUSG00000031139.16	0.777811
ENSMUSG00000031142.17	0.01723
ENSMUSG00000031143.4	9.522809
ENSMUSG00000031144.15	1189.324133
ENSMUSG00000031145.15	0.498691
ENSMUSG00000031146.6	5.799518
ENSMUSG00000031147.8	0.14046
ENSMUSG00000031148.14	12.377962
ENSMUSG00000031149.7	118.511365
ENSMUSG00000031150.13	7.581289
ENSMUSG00000031153.16	26.947185
ENSMUSG00000031154.15	27.857204
ENSMUSG00000031155.17	33.656018
ENSMUSG00000031156.18	25.341636
ENSMUSG00000031157.10	118.986532
ENSMUSG00000031158.11	30.554449
ENSMUSG00000031160.4	0
ENSMUSG00000031161.15	8.369888
ENSMUSG00000031162.14	0
ENSMUSG00000031163.2	0.282246
ENSMUSG00000031165.6	0.911188
ENSMUSG00000031166.13	28.917412
ENSMUSG00000031167.16	115.776875
ENSMUSG00000031168.14	18.642883
ENSMUSG00000031169.13	39.010054
ENSMUSG00000031170.14	1.764229
ENSMUSG00000031171.11	15.274484
ENSMUSG00000031173.13	0
ENSMUSG00000031174.17	1.95866
ENSMUSG00000031176.8	29.949573
ENSMUSG00000031179.14	0
ENSMUSG00000031181.2	0
ENSMUSG00000031182.2	0
ENSMUSG00000031189.12	0.328786
ENSMUSG00000031194.1	0
ENSMUSG00000031196.13	0.027554
ENSMUSG00000031197.11	29.071246
ENSMUSG00000031198.4	29.181655
ENSMUSG00000031200.16	0.905308
ENSMUSG00000031201.17	5.94777
ENSMUSG00000031202.5	11.731707
ENSMUSG00000031204.3	0.025913
ENSMUSG00000031207.16	5.901609
ENSMUSG00000031209.14	0.752923
ENSMUSG00000031210.10	2.412967
ENSMUSG00000031212.3	0.247756
ENSMUSG00000031214.13	2.356184
ENSMUSG00000031216.13	3.667635
ENSMUSG00000031217.8	5.437887
ENSMUSG00000031220.14	0.217684
ENSMUSG00000031221.7	19.287944
ENSMUSG00000031224.6	4.086455
ENSMUSG00000031226.13	8.061709
ENSMUSG00000031227.8	46.050149
ENSMUSG00000031229.16	1.811758
ENSMUSG00000031230.3	0.515245
ENSMUSG00000031231.4	224.882556
ENSMUSG00000031232.17	3.100917
ENSMUSG00000031233.6	0
ENSMUSG00000031239.5	23.062295
ENSMUSG00000031241.17	0
ENSMUSG00000031242.7	7.606685
ENSMUSG00000031245.8	1.195859
ENSMUSG00000031246.14	24.174008
ENSMUSG00000031250.8	0.857533
ENSMUSG00000031253.15	0.969175
ENSMUSG00000031255.14	0.546192
ENSMUSG00000031256.11	10.569897
ENSMUSG00000031257.14	0.035226
ENSMUSG00000031258.4	0.321791
ENSMUSG00000031262.12	0.077075
ENSMUSG00000031264.13	0.213411
ENSMUSG00000031266.7	7.216427
ENSMUSG00000031270.1	0
ENSMUSG00000031271.14	0
ENSMUSG00000031273.16	0.23814
ENSMUSG00000031274.16	0.386392
ENSMUSG00000031278.12	8.310819
ENSMUSG00000031283.16	2.292105
ENSMUSG00000031284.16	4.036586
ENSMUSG00000031285.14	0.579457
ENSMUSG00000031286.6	0.162925
ENSMUSG00000031289.10	0.185521
ENSMUSG00000031290.14	3.347472
ENSMUSG00000031292.14	4.763931
ENSMUSG00000031293.13	0.054423
ENSMUSG00000031294.9	0
ENSMUSG00000031295.13	2.270408
ENSMUSG00000031297.14	4.964514
ENSMUSG00000031298.15	0.124385
ENSMUSG00000031299.10	66.147917
ENSMUSG00000031302.16	16.244887
ENSMUSG00000031303.8	0.080607
ENSMUSG00000031304.18	0.206401
ENSMUSG00000031309.15	1.837325
ENSMUSG00000031310.16	22.245765
ENSMUSG00000031311.17	58.303502
ENSMUSG00000031312.5	0
ENSMUSG00000031314.18	2.923158
ENSMUSG00000031320.9	422.970869
ENSMUSG00000031323.8	7.021002
ENSMUSG00000031325.15	0.119456
ENSMUSG00000031326.2	0
ENSMUSG00000031327.10	3.6473
ENSMUSG00000031328.16	3.357076
ENSMUSG00000031329.4	0
ENSMUSG00000031330.8	0
ENSMUSG00000031333.7	3.429535
ENSMUSG00000031337.16	0.646133
ENSMUSG00000031340.8	0.916051
ENSMUSG00000031342.17	104.595812
ENSMUSG00000031343.13	20.599764
ENSMUSG00000031344.11	1.132232
ENSMUSG00000031347.12	16.941298
ENSMUSG00000031349.4	12.720255
ENSMUSG00000031351.15	0.149204
ENSMUSG00000031352.10	9.909807
ENSMUSG00000031353.13	32.69266
ENSMUSG00000031354.16	0
ENSMUSG00000031355.16	1.665222
ENSMUSG00000031357.3	8.741962
ENSMUSG00000031358.17	7.148033
ENSMUSG00000031360.14	15.726457
ENSMUSG00000031362.17	0.060433
ENSMUSG00000031364.2	0.107479
ENSMUSG00000031365.13	4.334113
ENSMUSG00000031367.15	26.236782
ENSMUSG00000031370.12	15.758141
ENSMUSG00000031371.14	8.152007
ENSMUSG00000031372.7	0
ENSMUSG00000031373.4	2.587647
ENSMUSG00000031374.13	0.679761
ENSMUSG00000031375.17	9.894682
ENSMUSG00000031376.15	10.740162
ENSMUSG00000031377.11	0.118883
ENSMUSG00000031378.14	3.395244
ENSMUSG00000031379.13	4.077974
ENSMUSG00000031380.10	0.643513
ENSMUSG00000031381.16	1.796875
ENSMUSG00000031382.14	1.696489
ENSMUSG00000031383.8	0.286219
ENSMUSG00000031384.2	0
ENSMUSG00000031385.14	3.924091
ENSMUSG00000031386.14	14.410418
ENSMUSG00000031387.14	5.19179
ENSMUSG00000031388.14	54.873538
ENSMUSG00000031389.17	0.890713
ENSMUSG00000031390.8	0
ENSMUSG00000031391.18	45.00058
ENSMUSG00000031392.18	12.518868
ENSMUSG00000031393.16	7.439293
ENSMUSG00000031394.11	0.40017
ENSMUSG00000031397.11	0
ENSMUSG00000031398.13	2.821139
ENSMUSG00000031399.15	16.717176
ENSMUSG00000031400.10	22.076529
ENSMUSG00000031402.12	17.765779
ENSMUSG00000031403.14	6.961858
ENSMUSG00000031409.1	102.593095
ENSMUSG00000031410.14	0.166161
ENSMUSG00000031411.11	0
ENSMUSG00000031422.16	166.311964
ENSMUSG00000031424.16	0
ENSMUSG00000031425.15	219.799568
ENSMUSG00000031428.11	148.459413
ENSMUSG00000031429.14	12.487108
ENSMUSG00000031430.8	0.026278
ENSMUSG00000031431.13	69.350517
ENSMUSG00000031432.3	40.169321
ENSMUSG00000031433.15	0.159461
ENSMUSG00000031434.15	1.143074
ENSMUSG00000031438.11	5.672972
ENSMUSG00000031441.15	7.013495
ENSMUSG00000031442.21	18.845176
ENSMUSG00000031443.7	0.033311
ENSMUSG00000031444.16	0.048693
ENSMUSG00000031445.5	0
ENSMUSG00000031446.14	14.352036
ENSMUSG00000031447.7	279.905373
ENSMUSG00000031448.12	0.495008
ENSMUSG00000031449.10	0
ENSMUSG00000031450.8	0
ENSMUSG00000031451.6	70.117209
ENSMUSG00000031452.15	0
ENSMUSG00000031453.16	19.262785
ENSMUSG00000031458.8	84.257057
ENSMUSG00000031461.4	0.062923
ENSMUSG00000031465.6	0.231889
ENSMUSG00000031467.10	18.468073
ENSMUSG00000031471.3	0
ENSMUSG00000031478.16	1.149468
ENSMUSG00000031479.9	4.709393
ENSMUSG00000031480.15	0.84243
ENSMUSG00000031481.8	0
ENSMUSG00000031482.9	3.149631
ENSMUSG00000031483.8	14.766898
ENSMUSG00000031485.15	22.20924
ENSMUSG00000031486.15	1.934906
ENSMUSG00000031487.5	14.924094
ENSMUSG00000031488.14	0.338004
ENSMUSG00000031489.15	0.671068
ENSMUSG00000031490.6	3.428029
ENSMUSG00000031491.10	1.077957
ENSMUSG00000031492.13	0.55883
ENSMUSG00000031493.10	0.226303
ENSMUSG00000031494.7	0.021466
ENSMUSG00000031495.8	0.056563
ENSMUSG00000031497.9	0.580706
ENSMUSG00000031502.11	1.720714
ENSMUSG00000031503.13	2.260041
ENSMUSG00000031504.6	0.62251
ENSMUSG00000031505.11	49.866083
ENSMUSG00000031506.11	0.308877
ENSMUSG00000031508.14	5.277881
ENSMUSG00000031509.10	0
ENSMUSG00000031510.5	0
ENSMUSG00000031511.16	25.0437
ENSMUSG00000031512.15	0
ENSMUSG00000031513.8	25.963546
ENSMUSG00000031516.11	90.152177
ENSMUSG00000031517.8	345.434195
ENSMUSG00000031518.6	0
ENSMUSG00000031519.4	1.033119
ENSMUSG00000031520.6	0.628881
ENSMUSG00000031521.5	5.688895
ENSMUSG00000031523.16	6.710919
ENSMUSG00000031527.7	2.212952
ENSMUSG00000031529.5	3.545203
ENSMUSG00000031530.6	2.415773
ENSMUSG00000031532.7	171.770905
ENSMUSG00000031533.4	15.35039
ENSMUSG00000031534.15	30.913003
ENSMUSG00000031535.7	0
ENSMUSG00000031536.6	41.41346
ENSMUSG00000031537.15	7.841296
ENSMUSG00000031538.6	13.41916
ENSMUSG00000031539.6	43.328351
ENSMUSG00000031540.14	2.18943
ENSMUSG00000031543.18	15.461217
ENSMUSG00000031545.6	27.789541
ENSMUSG00000031546.6	15.655569
ENSMUSG00000031548.7	6.157867
ENSMUSG00000031549.16	0.821145
ENSMUSG00000031551.12	2.716422
ENSMUSG00000031552.13	0.041939
ENSMUSG00000031553.16	0
ENSMUSG00000031554.18	0.209809
ENSMUSG00000031555.15	5.200963
ENSMUSG00000031556.6	77.729116
ENSMUSG00000031557.16	3.754839
ENSMUSG00000031558.15	1.495291
ENSMUSG00000031559.15	0
ENSMUSG00000031561.16	2.491169
ENSMUSG00000031562.15	1.720168
ENSMUSG00000031563.8	3.707907
ENSMUSG00000031565.18	24.09976
ENSMUSG00000031568.16	7.833287
ENSMUSG00000031570.17	7.737908
ENSMUSG00000031574.8	0.229033
ENSMUSG00000031575.18	15.720473
ENSMUSG00000031576.16	2.417408
ENSMUSG00000031577.10	4.436588
ENSMUSG00000031578.5	8.834956
ENSMUSG00000031583.13	0.262455
ENSMUSG00000031584.16	20.709186
ENSMUSG00000031585.13	7.235566
ENSMUSG00000031586.17	1.779774
ENSMUSG00000031590.8	15.971521
ENSMUSG00000031591.14	15.955727
ENSMUSG00000031592.10	1.273361
ENSMUSG00000031594.9	0
ENSMUSG00000031595.9	1.123817
ENSMUSG00000031596.15	1.565953
ENSMUSG00000031600.11	4.233297
ENSMUSG00000031601.16	22.224798
ENSMUSG00000031603.14	0.068246
ENSMUSG00000031604.10	49.158715
ENSMUSG00000031605.8	41.857897
ENSMUSG00000031608.13	0.997223
ENSMUSG00000031609.3	3.358028
ENSMUSG00000031610.3	40.635849
ENSMUSG00000031613.9	1.060299
ENSMUSG00000031616.7	1.587723
ENSMUSG00000031617.16	11.459701
ENSMUSG00000031618.13	6.253612
ENSMUSG00000031620.16	0.016316
ENSMUSG00000031621.9	0.052007
ENSMUSG00000031622.16	55.942246
ENSMUSG00000031626.18	6.983399
ENSMUSG00000031627.9	8.6718
ENSMUSG00000031628.9	2.85479
ENSMUSG00000031629.14	0.960874
ENSMUSG00000031631.15	2.650034
ENSMUSG00000031633.4	352.39825
ENSMUSG00000031634.13	12.798134
ENSMUSG00000031635.14	0.026729
ENSMUSG00000031636.7	1.060093
ENSMUSG00000031637.13	0.098226
ENSMUSG00000031639.12	2.5187
ENSMUSG00000031640.11	0
ENSMUSG00000031641.14	8.660021
ENSMUSG00000031642.9	5.763174
ENSMUSG00000031644.19	0.909552
ENSMUSG00000031645.4	0
ENSMUSG00000031647.10	3.494317
ENSMUSG00000031651.5	0
ENSMUSG00000031652.11	5.157449
ENSMUSG00000031654.16	27.827534
ENSMUSG00000031657.16	9.001364
ENSMUSG00000031659.13	1.71938
ENSMUSG00000031660.13	16.014142
ENSMUSG00000031661.12	8.246269
ENSMUSG00000031662.8	1.969467
ENSMUSG00000031665.7	3.562819
ENSMUSG00000031666.15	6.225533
ENSMUSG00000031667.16	75.235897
ENSMUSG00000031668.14	4.904258
ENSMUSG00000031669.10	0.897186
ENSMUSG00000031671.11	7.95613
ENSMUSG00000031672.8	199.503398
ENSMUSG00000031673.6	5.282357
ENSMUSG00000031681.16	10.141347
ENSMUSG00000031682.5	0
ENSMUSG00000031683.16	35.472103
ENSMUSG00000031684.11	1.146654
ENSMUSG00000031688.4	0.21288
ENSMUSG00000031691.14	49.199045
ENSMUSG00000031696.9	21.159418
ENSMUSG00000031697.12	10.016481
ENSMUSG00000031698.14	0.117594
ENSMUSG00000031700.11	13.409746
ENSMUSG00000031701.6	55.951494
ENSMUSG00000031703.8	61.489316
ENSMUSG00000031706.7	3.45047
ENSMUSG00000031708.17	850.135024
ENSMUSG00000031709.15	14.051598
ENSMUSG00000031710.4	0
ENSMUSG00000031711.7	10.935407
ENSMUSG00000031712.10	0.636235
ENSMUSG00000031714.9	5.799426
ENSMUSG00000031715.14	4.519952
ENSMUSG00000031722.10	0.238493
ENSMUSG00000031723.8	17.658492
ENSMUSG00000031725.8	0
ENSMUSG00000031727.8	0.313331
ENSMUSG00000031728.10	19.355802
ENSMUSG00000031729.6	35.786327
ENSMUSG00000031730.18	15.288463
ENSMUSG00000031731.16	16.3074
ENSMUSG00000031732.12	4.629769
ENSMUSG00000031734.13	1.318548
ENSMUSG00000031736.11	0.305841
ENSMUSG00000031737.11	0.960632
ENSMUSG00000031738.14	0.345026
ENSMUSG00000031740.8	1.963258
ENSMUSG00000031748.16	204.906984
ENSMUSG00000031749.12	28.697136
ENSMUSG00000031750.15	64.078919
ENSMUSG00000031751.14	84.741376
ENSMUSG00000031753.16	18.269728
ENSMUSG00000031754.10	17.191897
ENSMUSG00000031755.6	5.813648
ENSMUSG00000031756.5	0.616284
ENSMUSG00000031757.7	0
ENSMUSG00000031758.10	1.329316
ENSMUSG00000031760.9	1596.862809
ENSMUSG00000031762.7	476.161726
ENSMUSG00000031765.8	700.85278
ENSMUSG00000031766.4	0.150936
ENSMUSG00000031767.13	4.101683
ENSMUSG00000031770.16	44.315583
ENSMUSG00000031772.17	4.570504
ENSMUSG00000031774.8	25.394301
ENSMUSG00000031775.5	114.077437
ENSMUSG00000031776.17	91.314598
ENSMUSG00000031778.13	273.296767
ENSMUSG00000031779.3	0.370977
ENSMUSG00000031780.2	8.619035
ENSMUSG00000031781.14	40.572149
ENSMUSG00000031782.15	51.399387
ENSMUSG00000031783.10	58.40741
ENSMUSG00000031785.16	33.401511
ENSMUSG00000031786.7	0.991922
ENSMUSG00000031787.8	22.686311
ENSMUSG00000031788.14	21.633801
ENSMUSG00000031789.17	0.486702
ENSMUSG00000031790.8	9.290331
ENSMUSG00000031791.8	91.840438
ENSMUSG00000031792.15	7.104408
ENSMUSG00000031796.7	30.099421
ENSMUSG00000031799.10	9.50349
ENSMUSG00000031802.9	0
ENSMUSG00000031803.8	0.038939
ENSMUSG00000031805.17	1.169033
ENSMUSG00000031807.10	45.876316
ENSMUSG00000031808.7	35.715605
ENSMUSG00000031809.10	0
ENSMUSG00000031812.16	169.883327
ENSMUSG00000031813.8	34.115475
ENSMUSG00000031816.15	30.712245
ENSMUSG00000031818.12	2313.155089
ENSMUSG00000031819.13	17.925937
ENSMUSG00000031820.9	110.095402
ENSMUSG00000031821.11	1.660048
ENSMUSG00000031822.20	7.698041
ENSMUSG00000031823.14	17.276855
ENSMUSG00000031824.15	65.544922
ENSMUSG00000031825.16	1.077329
ENSMUSG00000031826.20	34.635122
ENSMUSG00000031827.13	91.227787
ENSMUSG00000031828.9	3.900368
ENSMUSG00000031831.6	0.190733
ENSMUSG00000031832.15	3.123503
ENSMUSG00000031833.10	60.876554
ENSMUSG00000031834.15	60.417324
ENSMUSG00000031835.16	18.242024
ENSMUSG00000031837.14	73.406987
ENSMUSG00000031838.8	5.650685
ENSMUSG00000031839.7	214.703184
ENSMUSG00000031840.12	935.065114
ENSMUSG00000031841.19	32.096656
ENSMUSG00000031842.15	0.096941
ENSMUSG00000031843.2	7.995695
ENSMUSG00000031844.8	0.58819
ENSMUSG00000031845.15	0.107869
ENSMUSG00000031847.8	2.72484
ENSMUSG00000031848.15	70.042744
ENSMUSG00000031849.9	0.187691
ENSMUSG00000031851.14	31.568571
ENSMUSG00000031853.5	0.411433
ENSMUSG00000031858.16	22.198543
ENSMUSG00000031860.17	16.143266
ENSMUSG00000031861.16	0.194328
ENSMUSG00000031862.11	10.887465
ENSMUSG00000031864.16	8.095189
ENSMUSG00000031865.16	113.581137
ENSMUSG00000031870.16	1.284947
ENSMUSG00000031871.9	1.357576
ENSMUSG00000031872.14	5.00964
ENSMUSG00000031875.7	8.015253
ENSMUSG00000031876.18	0
ENSMUSG00000031877.9	0.094015
ENSMUSG00000031878.18	11.077786
ENSMUSG00000031879.14	45.236204
ENSMUSG00000031880.7	0.920454
ENSMUSG00000031881.6	0
ENSMUSG00000031883.13	8.168064
ENSMUSG00000031884.10	0
ENSMUSG00000031885.14	8.388599
ENSMUSG00000031886.14	0
ENSMUSG00000031887.13	8.415935
ENSMUSG00000031889.9	16.476397
ENSMUSG00000031891.6	0.067384
ENSMUSG00000031893.7	0.088448
ENSMUSG00000031896.7	0.239381
ENSMUSG00000031897.9	101.888977
ENSMUSG00000031898.9	0
ENSMUSG00000031901.12	8.847604
ENSMUSG00000031902.10	1.281671
ENSMUSG00000031903.7	15.405326
ENSMUSG00000031904.5	2.614543
ENSMUSG00000031906.9	16.181747
ENSMUSG00000031907.9	3.835673
ENSMUSG00000031910.14	0.127022
ENSMUSG00000031913.9	67.386419
ENSMUSG00000031916.17	12.970279
ENSMUSG00000031917.12	27.195046
ENSMUSG00000031918.16	14.734921
ENSMUSG00000031919.6	0
ENSMUSG00000031921.17	17.324916
ENSMUSG00000031922.12	2.851917
ENSMUSG00000031924.4	26.047773
ENSMUSG00000031925.17	0.68842
ENSMUSG00000031927.9	0.438357
ENSMUSG00000031928.15	0.998764
ENSMUSG00000031930.11	13.801578
ENSMUSG00000031931.4	2.975978
ENSMUSG00000031932.14	8.108837
ENSMUSG00000031933.17	0
ENSMUSG00000031934.14	14.299598
ENSMUSG00000031935.9	14.016225
ENSMUSG00000031936.9	0
ENSMUSG00000031937.7	6.903397
ENSMUSG00000031938.15	6.649183
ENSMUSG00000031939.16	4.451756
ENSMUSG00000031948.14	56.474529
ENSMUSG00000031949.17	1.59719
ENSMUSG00000031950.7	251.995066
ENSMUSG00000031951.8	5.522187
ENSMUSG00000031952.5	1.201664
ENSMUSG00000031953.2	1.597316
ENSMUSG00000031954.6	38.813204
ENSMUSG00000031955.10	23.613435
ENSMUSG00000031957.6	0
ENSMUSG00000031958.16	5.651735
ENSMUSG00000031959.15	4.562916
ENSMUSG00000031960.14	38.486384
ENSMUSG00000031962.6	1.0299
ENSMUSG00000031963.8	2.093159
ENSMUSG00000031965.15	0.015716
ENSMUSG00000031966.7	0
ENSMUSG00000031967.15	8.79117
ENSMUSG00000031969.16	9.945476
ENSMUSG00000031970.16	25.463357
ENSMUSG00000031971.15	16.02361
ENSMUSG00000031972.5	8.035317
ENSMUSG00000031974.8	8.10875
ENSMUSG00000031976.14	1.729149
ENSMUSG00000031979.17	10.979288
ENSMUSG00000031980.10	78.520088
ENSMUSG00000031981.7	0
ENSMUSG00000031982.5	1.799608
ENSMUSG00000031983.7	59.229505
ENSMUSG00000031984.8	8.653036
ENSMUSG00000031985.9	23.193707
ENSMUSG00000031986.6	2.071752
ENSMUSG00000031987.6	23.61414
ENSMUSG00000031988.10	36.243743
ENSMUSG00000031990.15	18.397736
ENSMUSG00000031991.10	0.248812
ENSMUSG00000031993.7	17.010861
ENSMUSG00000031994.13	1.031382
ENSMUSG00000031995.9	0.490887
ENSMUSG00000031996.17	240.425405
ENSMUSG00000031997.9	0.54543
ENSMUSG00000031998.5	0
ENSMUSG00000032000.17	0.552973
ENSMUSG00000032002.10	22.641153
ENSMUSG00000032006.15	0.784426
ENSMUSG00000032009.8	5.755282
ENSMUSG00000032010.15	29.397906
ENSMUSG00000032011.5	956.1359
ENSMUSG00000032012.9	16.62943
ENSMUSG00000032013.6	0.251907
ENSMUSG00000032014.6	4.126684
ENSMUSG00000032015.16	0.143366
ENSMUSG00000032017.14	7.437902
ENSMUSG00000032018.14	10.013863
ENSMUSG00000032020.15	4.191657
ENSMUSG00000032021.14	0.180743
ENSMUSG00000032023.7	0.2998
ENSMUSG00000032024.10	2.205203
ENSMUSG00000032026.7	63.522425
ENSMUSG00000032028.15	0.017571
ENSMUSG00000032030.16	4.181271
ENSMUSG00000032033.11	3.894892
ENSMUSG00000032034.6	0.523251
ENSMUSG00000032035.16	0.713834
ENSMUSG00000032036.15	23.126825
ENSMUSG00000032038.7	20.297306
ENSMUSG00000032040.15	25.586391
ENSMUSG00000032041.15	0.653615
ENSMUSG00000032042.11	21.744167
ENSMUSG00000032044.4	4.724686
ENSMUSG00000032046.15	243.141651
ENSMUSG00000032047.5	31.530732
ENSMUSG00000032048.3	0
ENSMUSG00000032050.18	13.426972
ENSMUSG00000032051.9	17.583717
ENSMUSG00000032053.8	0.023632
ENSMUSG00000032056.10	0
ENSMUSG00000032057.9	0.281499
ENSMUSG00000032058.14	2.590178
ENSMUSG00000032059.13	9.97857
ENSMUSG00000032060.10	120.529865
ENSMUSG00000032062.3	2.619653
ENSMUSG00000032064.17	10.13568
ENSMUSG00000032065.6	0.585123
ENSMUSG00000032066.9	0.476305
ENSMUSG00000032067.6	23.891876
ENSMUSG00000032068.14	0.203807
ENSMUSG00000032076.20	40.849972
ENSMUSG00000032077.5	8.482646
ENSMUSG00000032078.17	21.793957
ENSMUSG00000032079.12	0
ENSMUSG00000032080.6	0.051309
ENSMUSG00000032081.10	0.880697
ENSMUSG00000032083.8	0.457043
ENSMUSG00000032085.5	2.864609
ENSMUSG00000032086.12	23.63433
ENSMUSG00000032087.11	7.192673
ENSMUSG00000032089.16	1.974106
ENSMUSG00000032091.15	0.176065
ENSMUSG00000032092.5	1.004015
ENSMUSG00000032093.7	0.152602
ENSMUSG00000032094.8	0.077817
ENSMUSG00000032096.16	18.673525
ENSMUSG00000032097.10	34.496148
ENSMUSG00000032098.13	0.192103
ENSMUSG00000032099.3	0
ENSMUSG00000032101.6	8.794868
ENSMUSG00000032103.10	2.148511
ENSMUSG00000032105.5	0.569761
ENSMUSG00000032108.3	0
ENSMUSG00000032109.15	2.162159
ENSMUSG00000032110.4	0
ENSMUSG00000032112.10	86.757487
ENSMUSG00000032113.16	0.060907
ENSMUSG00000032114.9	20.892918
ENSMUSG00000032115.14	29.924101
ENSMUSG00000032116.18	4.862292
ENSMUSG00000032118.16	164.640286
ENSMUSG00000032119.5	1.325909
ENSMUSG00000032120.11	104.027383
ENSMUSG00000032121.9	7.457235
ENSMUSG00000032122.15	0.850358
ENSMUSG00000032123.5	7.313779
ENSMUSG00000032125.21	0.634305
ENSMUSG00000032126.16	15.33315
ENSMUSG00000032127.9	22.286511
ENSMUSG00000032128.15	1.067568
ENSMUSG00000032131.16	17.301074
ENSMUSG00000032135.15	11.191182
ENSMUSG00000032171.7	36.393517
ENSMUSG00000032172.8	96.623955
ENSMUSG00000032174.5	77.111522
ENSMUSG00000032175.11	1.499678
ENSMUSG00000032177.17	29.446794
ENSMUSG00000032178.14	20.835325
ENSMUSG00000032179.7	0.376639
ENSMUSG00000032180.11	17.845288
ENSMUSG00000032181.7	79.038118
ENSMUSG00000032182.15	15.376338
ENSMUSG00000032184.5	56.524555
ENSMUSG00000032185.15	25.421908
ENSMUSG00000032186.15	24.027695
ENSMUSG00000032187.16	22.023486
ENSMUSG00000032191.6	0
ENSMUSG00000032192.9	99.647145
ENSMUSG00000032193.9	7.90339
ENSMUSG00000032194.9	1.912799
ENSMUSG00000032198.9	1.966377
ENSMUSG00000032199.13	127.55983
ENSMUSG00000032202.11	2.178931
ENSMUSG00000032204.13	1.14607
ENSMUSG00000032207.10	0.19894
ENSMUSG00000032212.10	3.225961
ENSMUSG00000032215.15	40.079958
ENSMUSG00000032216.15	29.916674
ENSMUSG00000032217.13	8.272454
ENSMUSG00000032218.7	0.062069
ENSMUSG00000032220.10	2.122747
ENSMUSG00000032221.14	0.436314
ENSMUSG00000032224.15	39.44528
ENSMUSG00000032226.5	0
ENSMUSG00000032228.16	4.884555
ENSMUSG00000032231.14	14.495077
ENSMUSG00000032232.14	1.269493
ENSMUSG00000032235.15	0.355564
ENSMUSG00000032238.17	3.915003
ENSMUSG00000032239.10	36.034756
ENSMUSG00000032243.8	0.304034
ENSMUSG00000032244.9	13.076348
ENSMUSG00000032245.12	11.796229
ENSMUSG00000032246.14	3.771805
ENSMUSG00000032249.14	136.173447
ENSMUSG00000032251.12	8.621347
ENSMUSG00000032252.14	5.524665
ENSMUSG00000032253.13	0.993452
ENSMUSG00000032254.10	0.202758
ENSMUSG00000032257.6	0
ENSMUSG00000032258.15	0.547891
ENSMUSG00000032259.8	22.200147
ENSMUSG00000032261.16	8.189115
ENSMUSG00000032262.13	29.469579
ENSMUSG00000032263.14	21.101979
ENSMUSG00000032264.9	2.732814
ENSMUSG00000032265.14	0.547968
ENSMUSG00000032267.8	2.192773
ENSMUSG00000032268.13	1.592567
ENSMUSG00000032269.8	3.689886
ENSMUSG00000032271.13	0.194067
ENSMUSG00000032274.9	0.012758
ENSMUSG00000032278.11	1.398313
ENSMUSG00000032279.11	96.688498
ENSMUSG00000032280.16	13.349374
ENSMUSG00000032281.11	85.517231
ENSMUSG00000032285.15	16.423697
ENSMUSG00000032288.9	47.505432
ENSMUSG00000032289.15	0.767444
ENSMUSG00000032290.7	6.970267
ENSMUSG00000032291.8	7.348701
ENSMUSG00000032292.8	0
ENSMUSG00000032293.8	4.994466
ENSMUSG00000032294.17	984.692106
ENSMUSG00000032295.15	15.967122
ENSMUSG00000032297.11	16.690602
ENSMUSG00000032298.13	3.81493
ENSMUSG00000032299.10	62.249519
ENSMUSG00000032300.7	4.919652
ENSMUSG00000032301.13	58.345774
ENSMUSG00000032303.8	0.855911
ENSMUSG00000032305.15	10.502496
ENSMUSG00000032306.14	38.895873
ENSMUSG00000032307.16	8.460052
ENSMUSG00000032308.9	5.82752
ENSMUSG00000032309.15	16.829948
ENSMUSG00000032310.4	0
ENSMUSG00000032311.17	0.032939
ENSMUSG00000032312.7	27.601037
ENSMUSG00000032313.11	4.372043
ENSMUSG00000032314.14	23.193056
ENSMUSG00000032315.6	0.057316
ENSMUSG00000032316.8	19.977955
ENSMUSG00000032318.12	0.14472
ENSMUSG00000032320.7	88.267043
ENSMUSG00000032322.14	1.343949
ENSMUSG00000032323.13	0.749769
ENSMUSG00000032324.11	304.22262
ENSMUSG00000032327.14	2.7633
ENSMUSG00000032328.12	68.238277
ENSMUSG00000032329.4	19.054032
ENSMUSG00000032330.7	615.536654
ENSMUSG00000032332.17	3.066079
ENSMUSG00000032333.6	55.222216
ENSMUSG00000032334.10	1.634323
ENSMUSG00000032336.17	535.066768
ENSMUSG00000032338.9	2.466506
ENSMUSG00000032340.8	14.660055
ENSMUSG00000032342.13	9.222953
ENSMUSG00000032343.15	0.020098
ENSMUSG00000032344.17	0.057887
ENSMUSG00000032346.7	0.128577
ENSMUSG00000032348.6	78.511624
ENSMUSG00000032349.13	43.901423
ENSMUSG00000032350.9	12.161445
ENSMUSG00000032352.16	3.304851
ENSMUSG00000032353.9	37.33834
ENSMUSG00000032355.16	12.17894
ENSMUSG00000032356.12	81.75421
ENSMUSG00000032357.12	0
ENSMUSG00000032358.12	0
ENSMUSG00000032359.14	10.257636
ENSMUSG00000032360.16	0.769345
ENSMUSG00000032363.15	0.048141
ENSMUSG00000032366.15	104.431647
ENSMUSG00000032368.14	12.267054
ENSMUSG00000032369.13	1.585331
ENSMUSG00000032370.8	4.331623
ENSMUSG00000032372.14	1.172099
ENSMUSG00000032373.15	6.313453
ENSMUSG00000032374.14	0.532586
ENSMUSG00000032375.15	4.580903
ENSMUSG00000032376.12	3.73426
ENSMUSG00000032377.8	0.360971
ENSMUSG00000032380.9	2.25209
ENSMUSG00000032381.5	22.978811
ENSMUSG00000032382.14	43.918677
ENSMUSG00000032383.7	127.57918
ENSMUSG00000032384.16	2.071862
ENSMUSG00000032386.15	3.957756
ENSMUSG00000032387.15	2.225385
ENSMUSG00000032388.7	24.31684
ENSMUSG00000032392.11	1.639559
ENSMUSG00000032393.15	12.877836
ENSMUSG00000032394.6	0.375389
ENSMUSG00000032396.17	8.476299
ENSMUSG00000032397.7	14.758114
ENSMUSG00000032398.7	18.523587
ENSMUSG00000032399.8	381.377334
ENSMUSG00000032400.18	0.329219
ENSMUSG00000032401.15	0.046103
ENSMUSG00000032402.12	12.597507
ENSMUSG00000032403.8	13.352955
ENSMUSG00000032405.10	7.94881
ENSMUSG00000032407.14	2.464049
ENSMUSG00000032409.15	0.305482
ENSMUSG00000032410.13	1.286707
ENSMUSG00000032411.15	3.087508
ENSMUSG00000032412.8	48.752758
ENSMUSG00000032413.12	1.16706
ENSMUSG00000032415.14	2.188367
ENSMUSG00000032417.10	31.53426
ENSMUSG00000032418.15	26.686035
ENSMUSG00000032419.8	0.379628
ENSMUSG00000032420.8	0.840147
ENSMUSG00000032422.18	12.68915
ENSMUSG00000032423.12	8.282199
ENSMUSG00000032425.15	2.783184
ENSMUSG00000032431.6	4.846811
ENSMUSG00000032434.9	9.516705
ENSMUSG00000032435.9	39.657918
ENSMUSG00000032436.17	3.490331
ENSMUSG00000032437.10	14.597673
ENSMUSG00000032440.13	2.874256
ENSMUSG00000032443.17	0.534008
ENSMUSG00000032446.14	0.314707
ENSMUSG00000032449.13	4.95201
ENSMUSG00000032451.6	0
ENSMUSG00000032452.12	13.737563
ENSMUSG00000032454.9	0.113126
ENSMUSG00000032456.13	1.140903
ENSMUSG00000032458.6	22.214465
ENSMUSG00000032459.9	19.460101
ENSMUSG00000032462.14	3.446733
ENSMUSG00000032463.10	24.213536
ENSMUSG00000032468.11	19.227771
ENSMUSG00000032469.12	4.427379
ENSMUSG00000032470.17	55.129373
ENSMUSG00000032473.13	0
ENSMUSG00000032475.15	7.354995
ENSMUSG00000032477.14	2.797667
ENSMUSG00000032478.14	7.383687
ENSMUSG00000032479.15	176.003153
ENSMUSG00000032480.17	41.521761
ENSMUSG00000032481.17	9.690208
ENSMUSG00000032482.9	230.649149
ENSMUSG00000032484.8	0
ENSMUSG00000032485.14	34.681452
ENSMUSG00000032487.8	1.041817
ENSMUSG00000032489.17	0.686082
ENSMUSG00000032491.14	2.339797
ENSMUSG00000032492.14	5.930937
ENSMUSG00000032493.8	0.033732
ENSMUSG00000032494.12	0.031926
ENSMUSG00000032495.8	0.209324
ENSMUSG00000032496.7	0
ENSMUSG00000032497.19	10.000329
ENSMUSG00000032498.9	1.946844
ENSMUSG00000032500.10	11.482094
ENSMUSG00000032501.9	3.231504
ENSMUSG00000032502.8	1.38961
ENSMUSG00000032503.18	170.144233
ENSMUSG00000032504.15	9.050487
ENSMUSG00000032507.15	17.70287
ENSMUSG00000032508.8	3.371634
ENSMUSG00000032511.17	0.92589
ENSMUSG00000032512.7	12.874434
ENSMUSG00000032513.8	11.262555
ENSMUSG00000032514.11	0.1609
ENSMUSG00000032515.8	4.792873
ENSMUSG00000032517.16	139.969273
ENSMUSG00000032518.6	836.816732
ENSMUSG00000032519.11	19.101733
ENSMUSG00000032523.11	12.386177
ENSMUSG00000032525.15	1.403607
ENSMUSG00000032526.11	81.436409
ENSMUSG00000032527.13	38.657731
ENSMUSG00000032528.5	2.683108
ENSMUSG00000032530.14	0.410395
ENSMUSG00000032531.15	5.260044
ENSMUSG00000032532.7	623.237727
ENSMUSG00000032534.18	7.473943
ENSMUSG00000032536.12	46.623612
ENSMUSG00000032537.15	14.144522
ENSMUSG00000032540.16	5.983512
ENSMUSG00000032547.12	8.739147
ENSMUSG00000032548.14	0.221888
ENSMUSG00000032549.7	187.888005
ENSMUSG00000032551.7	13.607634
ENSMUSG00000032553.14	24.89412
ENSMUSG00000032554.15	338.991381
ENSMUSG00000032555.10	1.415609
ENSMUSG00000032556.11	0.236423
ENSMUSG00000032557.13	11.997025
ENSMUSG00000032558.19	0.548415
ENSMUSG00000032560.14	5.114695
ENSMUSG00000032561.15	0.045547
ENSMUSG00000032562.13	158.651361
ENSMUSG00000032563.16	53.285797
ENSMUSG00000032564.16	16.866064
ENSMUSG00000032565.9	15.897329
ENSMUSG00000032566.4	0
ENSMUSG00000032567.16	0.990597
ENSMUSG00000032570.17	16.553621
ENSMUSG00000032571.14	8.776598
ENSMUSG00000032572.9	0.0457
ENSMUSG00000032575.16	87.923675
ENSMUSG00000032577.16	1.206501
ENSMUSG00000032578.7	4.311492
ENSMUSG00000032579.14	15.931176
ENSMUSG00000032580.12	15.189764
ENSMUSG00000032582.14	5.29406
ENSMUSG00000032583.7	13.825618
ENSMUSG00000032584.12	0.228087
ENSMUSG00000032586.9	3.970378
ENSMUSG00000032589.14	15.728087
ENSMUSG00000032590.14	12.367115
ENSMUSG00000032591.15	0.041362
ENSMUSG00000032593.5	0.378917
ENSMUSG00000032594.11	80.528264
ENSMUSG00000032595.10	0.743029
ENSMUSG00000032596.14	0.494433
ENSMUSG00000032598.8	36.143014
ENSMUSG00000032599.12	85.084329
ENSMUSG00000032601.13	9.298326
ENSMUSG00000032602.6	12.343474
ENSMUSG00000032604.16	31.330797
ENSMUSG00000032606.7	58.67784
ENSMUSG00000032607.12	13.026589
ENSMUSG00000032609.12	27.096827
ENSMUSG00000032611.9	0.090944
ENSMUSG00000032612.14	31.626298
ENSMUSG00000032615.14	47.34778
ENSMUSG00000032621.8	1.26154
ENSMUSG00000032623.9	0
ENSMUSG00000032624.16	1.95531
ENSMUSG00000032625.14	2.372826
ENSMUSG00000032633.12	17.781685
ENSMUSG00000032637.15	15.262895
ENSMUSG00000032640.10	2.865509
ENSMUSG00000032641.18	16.075157
ENSMUSG00000032643.12	0.753575
ENSMUSG00000032648.14	27.063097
ENSMUSG00000032649.14	1.659872
ENSMUSG00000032652.13	13.869604
ENSMUSG00000032656.14	4.019487
ENSMUSG00000032657.15	22.493163
ENSMUSG00000032661.9	0.012334
ENSMUSG00000032666.16	12.897837
ENSMUSG00000032667.17	7.96848
ENSMUSG00000032671.5	0.043421
ENSMUSG00000032673.5	4.426584
ENSMUSG00000032679.12	4.218791
ENSMUSG00000032680.11	1.431384
ENSMUSG00000032688.9	0.183632
ENSMUSG00000032690.16	0
ENSMUSG00000032691.14	0.208862
ENSMUSG00000032698.15	15.74161
ENSMUSG00000032702.16	2.631507
ENSMUSG00000032705.9	12.766933
ENSMUSG00000032712.16	0.309125
ENSMUSG00000032714.6	5.430482
ENSMUSG00000032715.9	0.348486
ENSMUSG00000032717.14	0.422304
ENSMUSG00000032718.4	6.790575
ENSMUSG00000032719.4	0.392295
ENSMUSG00000032724.5	4.438283
ENSMUSG00000032725.10	1.101539
ENSMUSG00000032726.12	0
ENSMUSG00000032727.14	1.795742
ENSMUSG00000032733.6	3.181802
ENSMUSG00000032735.15	5.780268
ENSMUSG00000032737.13	9.129162
ENSMUSG00000032739.16	0
ENSMUSG00000032740.17	2.365763
ENSMUSG00000032741.9	10.861133
ENSMUSG00000032743.15	2.657779
ENSMUSG00000032744.4	2.930292
ENSMUSG00000032745.18	11.720082
ENSMUSG00000032750.13	0.314532
ENSMUSG00000032754.14	3.644579
ENSMUSG00000032757.6	13.057195
ENSMUSG00000032758.4	0
ENSMUSG00000032763.11	21.847836
ENSMUSG00000032766.9	43.937482
ENSMUSG00000032769.5	0.006857
ENSMUSG00000032773.9	55.379948
ENSMUSG00000032776.9	0.14943
ENSMUSG00000032777.9	13.045033
ENSMUSG00000032782.19	4.191415
ENSMUSG00000032783.9	0.094374
ENSMUSG00000032786.16	58.278868
ENSMUSG00000032788.15	56.81175
ENSMUSG00000032796.8	0.290706
ENSMUSG00000032802.8	50.389054
ENSMUSG00000032803.15	12.226004
ENSMUSG00000032806.13	1.467941
ENSMUSG00000032807.5	1.118651
ENSMUSG00000032808.2	0
ENSMUSG00000032812.18	7.442949
ENSMUSG00000032815.16	0.517788
ENSMUSG00000032816.15	8.057699
ENSMUSG00000032818.16	0.090011
ENSMUSG00000032826.19	29.523554
ENSMUSG00000032827.15	3.495679
ENSMUSG00000032834.11	7.453606
ENSMUSG00000032839.13	3.847781
ENSMUSG00000032840.7	7.537025
ENSMUSG00000032841.15	5.694191
ENSMUSG00000032842.13	1.752018
ENSMUSG00000032845.16	0.306837
ENSMUSG00000032846.10	3.767893
ENSMUSG00000032849.14	0.743709
ENSMUSG00000032850.16	30.992788
ENSMUSG00000032852.3	0.19154
ENSMUSG00000032854.12	13.815991
ENSMUSG00000032855.6	6.718308
ENSMUSG00000032860.5	0.355687
ENSMUSG00000032864.4	0
ENSMUSG00000032867.8	14.789664
ENSMUSG00000032869.15	26.956576
ENSMUSG00000032870.8	91.033418
ENSMUSG00000032872.16	10.984127
ENSMUSG00000032875.8	38.474657
ENSMUSG00000032878.16	10.905159
ENSMUSG00000032883.15	28.514273
ENSMUSG00000032889.7	1.129499
ENSMUSG00000032890.17	49.168951
ENSMUSG00000032892.14	26.917066
ENSMUSG00000032894.13	0
ENSMUSG00000032897.17	25.966825
ENSMUSG00000032898.9	41.818825
ENSMUSG00000032899.14	0.034988
ENSMUSG00000032900.15	0.109541
ENSMUSG00000032902.1	11.710838
ENSMUSG00000032905.5	15.23795
ENSMUSG00000032908.9	8.562717
ENSMUSG00000032911.6	4.883071
ENSMUSG00000032913.13	3.310544
ENSMUSG00000032915.6	0
ENSMUSG00000032921.13	0.031088
ENSMUSG00000032925.16	0.172947
ENSMUSG00000032932.15	6.254898
ENSMUSG00000032936.13	187.574567
ENSMUSG00000032937.5	0
ENSMUSG00000032939.14	6.081859
ENSMUSG00000032940.16	3.964514
ENSMUSG00000032942.14	1.850463
ENSMUSG00000032946.16	65.021078
ENSMUSG00000032948.10	0
ENSMUSG00000032952.11	2.992151
ENSMUSG00000032959.12	806.212088
ENSMUSG00000032965.11	14.427193
ENSMUSG00000032966.14	595.049191
ENSMUSG00000032968.4	5.697635
ENSMUSG00000032977.9	22.667852
ENSMUSG00000032978.14	0.196164
ENSMUSG00000032985.15	1.211001
ENSMUSG00000032987.9	0
ENSMUSG00000032988.4	1.754139
ENSMUSG00000032997.16	45.771739
ENSMUSG00000032998.16	8.268386
ENSMUSG00000032999.10	0.069598
ENSMUSG00000033004.16	7.419848
ENSMUSG00000033006.10	27.226081
ENSMUSG00000033007.15	19.225191
ENSMUSG00000033009.15	17.307579
ENSMUSG00000033014.12	3.422767
ENSMUSG00000033015.16	0
ENSMUSG00000033016.16	1.222895
ENSMUSG00000033020.7	158.508177
ENSMUSG00000033021.16	32.017969
ENSMUSG00000033022.8	26.38077
ENSMUSG00000033024.16	0
ENSMUSG00000033027.15	0
ENSMUSG00000033029.12	11.013065
ENSMUSG00000033031.13	0.630736
ENSMUSG00000033032.15	2.818264
ENSMUSG00000033033.10	2.862194
ENSMUSG00000033036.9	0.097574
ENSMUSG00000033039.10	7.997972
ENSMUSG00000033044.12	0.150435
ENSMUSG00000033047.5	39.914002
ENSMUSG00000033053.4	0.240752
ENSMUSG00000033054.7	1.323543
ENSMUSG00000033055.12	14.262524
ENSMUSG00000033059.7	57.155175
ENSMUSG00000033060.16	2.559302
ENSMUSG00000033061.15	274.377637
ENSMUSG00000033063.8	0.599709
ENSMUSG00000033065.14	164.34123
ENSMUSG00000033066.16	65.489943
ENSMUSG00000033068.16	34.826324
ENSMUSG00000033075.17	3.25557
ENSMUSG00000033080.9	0
ENSMUSG00000033082.10	0.339581
ENSMUSG00000033083.16	0.71801
ENSMUSG00000033088.19	4.612503
ENSMUSG00000033096.7	32.013231
ENSMUSG00000033099.10	25.376795
ENSMUSG00000033102.15	1.363645
ENSMUSG00000033105.12	3.747227
ENSMUSG00000033106.6	17.204781
ENSMUSG00000033107.6	0.227934
ENSMUSG00000033111.16	9.028796
ENSMUSG00000033114.11	0.303087
ENSMUSG00000033122.14	0.088085
ENSMUSG00000033124.16	60.392563
ENSMUSG00000033126.5	2.063443
ENSMUSG00000033128.9	35.124517
ENSMUSG00000033147.16	1.831977
ENSMUSG00000033149.17	0.100328
ENSMUSG00000033152.13	246.483408
ENSMUSG00000033156.9	0
ENSMUSG00000033157.17	7.147565
ENSMUSG00000033159.14	13.667709
ENSMUSG00000033161.10	260.996589
ENSMUSG00000033166.11	0.985024
ENSMUSG00000033170.14	4.47767
ENSMUSG00000033174.17	70.399148
ENSMUSG00000033177.13	0.441348
ENSMUSG00000033182.12	0.527403
ENSMUSG00000033184.14	26.923854
ENSMUSG00000033186.9	45.014126
ENSMUSG00000033187.8	0.213859
ENSMUSG00000033191.14	1.467446
ENSMUSG00000033192.5	4.276045
ENSMUSG00000033196.17	0.10553
ENSMUSG00000033200.16	0.186698
ENSMUSG00000033207.7	0.995354
ENSMUSG00000033208.7	188.206438
ENSMUSG00000033209.17	0.908991
ENSMUSG00000033210.16	0
ENSMUSG00000033213.16	0.343646
ENSMUSG00000033214.10	11.650919
ENSMUSG00000033216.9	11.221651
ENSMUSG00000033219.8	0
ENSMUSG00000033220.7	1.22408
ENSMUSG00000033222.16	0.808944
ENSMUSG00000033227.7	1.493953
ENSMUSG00000033228.8	4.406888
ENSMUSG00000033233.17	4.989942
ENSMUSG00000033237.19	2.112343
ENSMUSG00000033249.10	18.854942
ENSMUSG00000033253.18	2.080022
ENSMUSG00000033255.8	0.021057
ENSMUSG00000033256.14	51.504299
ENSMUSG00000033257.14	0.685837
ENSMUSG00000033268.8	0.011009
ENSMUSG00000033272.12	35.80763
ENSMUSG00000033276.18	0.732737
ENSMUSG00000033278.10	6.769036
ENSMUSG00000033282.14	1.753826
ENSMUSG00000033285.15	1.831796
ENSMUSG00000033287.16	177.106856
ENSMUSG00000033294.11	14.113041
ENSMUSG00000033295.14	16.635114
ENSMUSG00000033306.15	0.103544
ENSMUSG00000033307.7	813.787963
ENSMUSG00000033308.16	0.743049
ENSMUSG00000033313.11	0.666248
ENSMUSG00000033316.14	45.757918
ENSMUSG00000033318.7	5.274836
ENSMUSG00000033319.5	2.923495
ENSMUSG00000033323.14	7.331506
ENSMUSG00000033326.15	7.57089
ENSMUSG00000033327.18	0.114694
ENSMUSG00000033335.17	12.596571
ENSMUSG00000033342.15	8.748027
ENSMUSG00000033343.1	0
ENSMUSG00000033350.7	19.371143
ENSMUSG00000033352.11	49.870074
ENSMUSG00000033355.6	1.672677
ENSMUSG00000033356.3	0.799571
ENSMUSG00000033361.13	4.302537
ENSMUSG00000033364.13	1.543255
ENSMUSG00000033365.14	43.961534
ENSMUSG00000033368.8	0
ENSMUSG00000033373.16	18.053413
ENSMUSG00000033377.14	2.558198
ENSMUSG00000033379.13	494.661834
ENSMUSG00000033382.15	2.538465
ENSMUSG00000033383.6	0.190396
ENSMUSG00000033386.10	0.075885
ENSMUSG00000033389.16	56.699771
ENSMUSG00000033392.16	18.110329
ENSMUSG00000033396.13	0.672425
ENSMUSG00000033400.14	3.469458
ENSMUSG00000033405.4	1.846921
ENSMUSG00000033409.14	0
ENSMUSG00000033411.16	2.400816
ENSMUSG00000033416.15	4.215223
ENSMUSG00000033417.16	6.149531
ENSMUSG00000033419.16	74.092103
ENSMUSG00000033420.12	2.669923
ENSMUSG00000033423.16	163.884544
ENSMUSG00000033427.14	0.894658
ENSMUSG00000033429.10	62.948624
ENSMUSG00000033430.10	17.431416
ENSMUSG00000033434.15	33.338182
ENSMUSG00000033436.13	27.649148
ENSMUSG00000033439.12	0.724283
ENSMUSG00000033444.14	4.991305
ENSMUSG00000033446.7	0.337954
ENSMUSG00000033450.8	5.314079
ENSMUSG00000033453.8	1.023217
ENSMUSG00000033454.6	0.368516
ENSMUSG00000033458.17	0.980579
ENSMUSG00000033460.14	18.777471
ENSMUSG00000033467.12	5.020322
ENSMUSG00000033470.12	0
ENSMUSG00000033475.15	269.30516
ENSMUSG00000033478.5	4.288465
ENSMUSG00000033486.14	1.054365
ENSMUSG00000033487.14	4.005954
ENSMUSG00000033488.11	10.103459
ENSMUSG00000033491.13	0.994791
ENSMUSG00000033498.14	0.005022
ENSMUSG00000033499.14	6.006149
ENSMUSG00000033501.5	0.040125
ENSMUSG00000033502.15	0.325182
ENSMUSG00000033508.7	0.552095
ENSMUSG00000033510.14	15.742346
ENSMUSG00000033520.2	0
ENSMUSG00000033526.16	18.086212
ENSMUSG00000033530.8	59.30185
ENSMUSG00000033533.14	0
ENSMUSG00000033538.13	0
ENSMUSG00000033540.18	2.072543
ENSMUSG00000033542.13	0.405384
ENSMUSG00000033543.17	36.412671
ENSMUSG00000033544.6	0.147216
ENSMUSG00000033545.14	37.336481
ENSMUSG00000033554.17	4.502229
ENSMUSG00000033557.17	25.362326
ENSMUSG00000033565.18	28.821192
ENSMUSG00000033569.17	17.28025
ENSMUSG00000033576.12	0.249088
ENSMUSG00000033577.18	8.5387
ENSMUSG00000033578.7	68.597183
ENSMUSG00000033579.16	26.274049
ENSMUSG00000033581.17	0.765351
ENSMUSG00000033585.5	164.813504
ENSMUSG00000033589.4	0.773509
ENSMUSG00000033590.8	0.043585
ENSMUSG00000033594.11	18.184284
ENSMUSG00000033595.7	78.434881
ENSMUSG00000033596.5	4.525196
ENSMUSG00000033597.9	26.387727
ENSMUSG00000033610.16	4.012937
ENSMUSG00000033615.9	721.094331
ENSMUSG00000033618.7	1.719303
ENSMUSG00000033623.13	4.431018
ENSMUSG00000033624.10	1.176973
ENSMUSG00000033628.15	10.069724
ENSMUSG00000033629.6	67.584527
ENSMUSG00000033632.16	1.906279
ENSMUSG00000033633.15	1.391372
ENSMUSG00000033634.7	0.248166
ENSMUSG00000033644.5	0.047297
ENSMUSG00000033653.18	14.540058
ENSMUSG00000033658.16	1.721964
ENSMUSG00000033669.8	1.871451
ENSMUSG00000033671.18	0.53348
ENSMUSG00000033676.13	21.477516
ENSMUSG00000033684.14	18.50494
ENSMUSG00000033685.13	34.757014
ENSMUSG00000033688.10	0.099051
ENSMUSG00000033697.16	13.649853
ENSMUSG00000033701.13	75.437317
ENSMUSG00000033703.9	3.324945
ENSMUSG00000033705.17	0.221572
ENSMUSG00000033706.13	28.399944
ENSMUSG00000033707.9	29.49108
ENSMUSG00000033712.6	26.958149
ENSMUSG00000033713.12	5.386382
ENSMUSG00000033715.15	0.392848
ENSMUSG00000033717.6	8.761757
ENSMUSG00000033720.12	74.271728
ENSMUSG00000033721.16	1.780871
ENSMUSG00000033722.9	2.971543
ENSMUSG00000033726.8	14.653763
ENSMUSG00000033728.14	19.623055
ENSMUSG00000033730.4	28.940258
ENSMUSG00000033731.9	0
ENSMUSG00000033732.10	13.50623
ENSMUSG00000033735.9	58.119458
ENSMUSG00000033737.14	0.011968
ENSMUSG00000033739.8	12.86226
ENSMUSG00000033740.17	0.712455
ENSMUSG00000033751.5	22.86509
ENSMUSG00000033752.7	1.083384
ENSMUSG00000033760.17	10.165804
ENSMUSG00000033762.8	0.308877
ENSMUSG00000033763.14	70.086218
ENSMUSG00000033765.5	0
ENSMUSG00000033767.14	2.730445
ENSMUSG00000033768.17	212.709045
ENSMUSG00000033769.16	7.671943
ENSMUSG00000033770.13	0.456132
ENSMUSG00000033773.14	4.019774
ENSMUSG00000033774.4	0.549983
ENSMUSG00000033777.4	0.339125
ENSMUSG00000033781.7	17.521992
ENSMUSG00000033788.15	1.203364
ENSMUSG00000033790.11	2.751477
ENSMUSG00000033792.12	0.154238
ENSMUSG00000033793.12	117.998326
ENSMUSG00000033794.6	0.02151
ENSMUSG00000033799.10	0.726661
ENSMUSG00000033805.12	42.447776
ENSMUSG00000033808.16	8.256795
ENSMUSG00000033809.15	10.307119
ENSMUSG00000033813.15	38.983185
ENSMUSG00000033819.16	34.034351
ENSMUSG00000033825.10	0.123941
ENSMUSG00000033826.10	0.395968
ENSMUSG00000033831.5	0
ENSMUSG00000033834.7	0
ENSMUSG00000033837.5	0.02358
ENSMUSG00000033845.13	58.569797
ENSMUSG00000033847.15	0.028341
ENSMUSG00000033849.3	2.361796
ENSMUSG00000033850.5	0
ENSMUSG00000033852.16	0
ENSMUSG00000033854.10	1.310853
ENSMUSG00000033855.15	1.344555
ENSMUSG00000033857.12	4.636716
ENSMUSG00000033860.13	0
ENSMUSG00000033862.7	54.417425
ENSMUSG00000033863.2	29.038512
ENSMUSG00000033871.14	0.426822
ENSMUSG00000033872.6	0
ENSMUSG00000033880.11	11.953859
ENSMUSG00000033882.15	0.39752
ENSMUSG00000033883.11	1.436677
ENSMUSG00000033885.15	9.836292
ENSMUSG00000033898.17	0
ENSMUSG00000033900.13	4.856002
ENSMUSG00000033902.12	5.082784
ENSMUSG00000033904.16	7.117621
ENSMUSG00000033906.5	0.704129
ENSMUSG00000033909.17	4.24647
ENSMUSG00000033910.13	13.19271
ENSMUSG00000033916.5	140.658073
ENSMUSG00000033917.15	203.764404
ENSMUSG00000033918.16	25.207348
ENSMUSG00000033931.9	4.293351
ENSMUSG00000033933.13	25.021974
ENSMUSG00000033938.5	363.742818
ENSMUSG00000033940.8	221.218397
ENSMUSG00000033943.15	0.669005
ENSMUSG00000033948.3	3.276117
ENSMUSG00000033949.12	1.539499
ENSMUSG00000033952.14	0
ENSMUSG00000033953.10	299.383378
ENSMUSG00000033955.13	10.211629
ENSMUSG00000033960.6	6.922922
ENSMUSG00000033961.16	2.162586
ENSMUSG00000033963.16	0
ENSMUSG00000033964.12	1.256453
ENSMUSG00000033965.10	11.545613
ENSMUSG00000033966.8	3.144485
ENSMUSG00000033967.4	0.228747
ENSMUSG00000033970.15	6.772372
ENSMUSG00000033972.9	1.121692
ENSMUSG00000033981.14	14.611727
ENSMUSG00000033983.14	8.155701
ENSMUSG00000033985.17	1.971626
ENSMUSG00000033987.16	0.029197
ENSMUSG00000033991.9	1.568587
ENSMUSG00000033998.9	64.793951
ENSMUSG00000034000.15	2.716129
ENSMUSG00000034006.17	12.209204
ENSMUSG00000034007.10	3.093395
ENSMUSG00000034009.14	0.323484
ENSMUSG00000034021.15	8.580536
ENSMUSG00000034022.8	13.519196
ENSMUSG00000034023.16	0.438247
ENSMUSG00000034024.8	88.814369
ENSMUSG00000034028.16	0.036879
ENSMUSG00000034031.5	0.027275
ENSMUSG00000034032.15	4.603007
ENSMUSG00000034035.18	1.264875
ENSMUSG00000034037.14	1.16662
ENSMUSG00000034039.8	0
ENSMUSG00000034040.16	12.439608
ENSMUSG00000034041.5	2.074506
ENSMUSG00000034042.16	12.468523
ENSMUSG00000034055.16	2.184645
ENSMUSG00000034057.8	0
ENSMUSG00000034059.14	35.965971
ENSMUSG00000034063.8	0.210882
ENSMUSG00000034064.14	14.967011
ENSMUSG00000034066.13	1.895154
ENSMUSG00000034071.15	0.220509
ENSMUSG00000034075.10	10.405362
ENSMUSG00000034083.16	5.917214
ENSMUSG00000034087.14	0
ENSMUSG00000034088.15	23.730231
ENSMUSG00000034098.14	2.705178
ENSMUSG00000034101.14	6.457844
ENSMUSG00000034105.9	3.762202
ENSMUSG00000034107.10	0.576575
ENSMUSG00000034108.6	29.399964
ENSMUSG00000034109.15	1.677687
ENSMUSG00000034110.8	4.733161
ENSMUSG00000034111.6	3.967211
ENSMUSG00000034112.9	0.294431
ENSMUSG00000034115.10	0.069303
ENSMUSG00000034116.17	1.338587
ENSMUSG00000034117.3	0.011356
ENSMUSG00000034118.15	19.564157
ENSMUSG00000034120.18	54.551079
ENSMUSG00000034121.12	1.225121
ENSMUSG00000034122.17	0
ENSMUSG00000034126.5	4.657434
ENSMUSG00000034127.15	0.314734
ENSMUSG00000034135.15	51.63126
ENSMUSG00000034139.4	0
ENSMUSG00000034145.14	8.992832
ENSMUSG00000034151.13	0
ENSMUSG00000034152.6	19.91839
ENSMUSG00000034154.15	1.814359
ENSMUSG00000034156.16	17.707373
ENSMUSG00000034157.12	20.377154
ENSMUSG00000034158.9	9.805817
ENSMUSG00000034159.12	0.014768
ENSMUSG00000034160.13	9.197355
ENSMUSG00000034161.8	4.687942
ENSMUSG00000034163.10	1.830821
ENSMUSG00000034164.17	2.447617
ENSMUSG00000034165.16	22.889104
ENSMUSG00000034168.7	22.13675
ENSMUSG00000034171.13	26.079984
ENSMUSG00000034173.13	6.448554
ENSMUSG00000034175.13	17.435574
ENSMUSG00000034177.15	0.842847
ENSMUSG00000034185.9	0.35386
ENSMUSG00000034187.18	224.012854
ENSMUSG00000034189.5	26.337974
ENSMUSG00000034190.9	47.355851
ENSMUSG00000034192.5	46.649766
ENSMUSG00000034194.18	25.834573
ENSMUSG00000034201.13	23.113568
ENSMUSG00000034203.8	17.652053
ENSMUSG00000034205.16	0.098137
ENSMUSG00000034206.15	0.007878
ENSMUSG00000034209.4	22.025326
ENSMUSG00000034210.14	12.550476
ENSMUSG00000034211.14	62.417578
ENSMUSG00000034212.14	0.149795
ENSMUSG00000034216.12	15.804417
ENSMUSG00000034218.16	0.237506
ENSMUSG00000034219.15	0
ENSMUSG00000034220.7	37.82232
ENSMUSG00000034224.14	0.103085
ENSMUSG00000034226.7	15.420713
ENSMUSG00000034227.7	5.429154
ENSMUSG00000034235.17	6.031813
ENSMUSG00000034239.14	0
ENSMUSG00000034243.17	6.25756
ENSMUSG00000034245.10	161.989005
ENSMUSG00000034247.9	4.296343
ENSMUSG00000034248.7	2.22639
ENSMUSG00000034252.14	12.305465
ENSMUSG00000034254.17	110.071489
ENSMUSG00000034255.17	6.722259
ENSMUSG00000034258.4	0.464371
ENSMUSG00000034259.8	25.626693
ENSMUSG00000034263.13	6.610266
ENSMUSG00000034265.8	15.201106
ENSMUSG00000034266.6	0.108004
ENSMUSG00000034269.12	10.563794
ENSMUSG00000034271.16	31.028113
ENSMUSG00000034274.11	16.236148
ENSMUSG00000034275.18	0.781057
ENSMUSG00000034278.3	9.033255
ENSMUSG00000034282.3	1.494126
ENSMUSG00000034285.15	61.853916
ENSMUSG00000034290.9	6.061871
ENSMUSG00000034292.13	2.974215
ENSMUSG00000034295.10	8.498397
ENSMUSG00000034297.14	1.21057
ENSMUSG00000034300.17	17.29718
ENSMUSG00000034303.8	0.286554
ENSMUSG00000034308.13	3.810069
ENSMUSG00000034310.8	5.390283
ENSMUSG00000034311.3	0.052468
ENSMUSG00000034312.15	63.555333
ENSMUSG00000034317.14	7.222247
ENSMUSG00000034320.14	0.427978
ENSMUSG00000034321.14	14.411357
ENSMUSG00000034324.16	1.757832
ENSMUSG00000034327.17	6.145022
ENSMUSG00000034329.16	0.008297
ENSMUSG00000034330.10	1.155785
ENSMUSG00000034333.15	0.998355
ENSMUSG00000034334.8	7.690147
ENSMUSG00000034336.3	73.220852
ENSMUSG00000034339.8	0
ENSMUSG00000034341.17	460.371724
ENSMUSG00000034342.9	1.809523
ENSMUSG00000034343.14	20.225613
ENSMUSG00000034345.14	71.116305
ENSMUSG00000034349.14	0.272371
ENSMUSG00000034353.14	59.811802
ENSMUSG00000034354.17	16.455876
ENSMUSG00000034359.16	0
ENSMUSG00000034361.10	15.238296
ENSMUSG00000034362.7	0
ENSMUSG00000034371.9	7.725149
ENSMUSG00000034377.10	11.948929
ENSMUSG00000034379.9	1.62937
ENSMUSG00000034382.14	0.358431
ENSMUSG00000034384.11	0.839032
ENSMUSG00000034387.13	0.097678
ENSMUSG00000034390.16	45.263428
ENSMUSG00000034391.12	0.044465
ENSMUSG00000034394.14	0.054162
ENSMUSG00000034401.16	1.717649
ENSMUSG00000034402.3	1.017898
ENSMUSG00000034403.16	103.004495
ENSMUSG00000034412.13	17.207387
ENSMUSG00000034413.14	4.956084
ENSMUSG00000034416.18	0.027206
ENSMUSG00000034422.14	0.089009
ENSMUSG00000034424.5	68.92668
ENSMUSG00000034427.17	0.156749
ENSMUSG00000034429.15	8.034335
ENSMUSG00000034430.16	8.20573
ENSMUSG00000034432.11	79.207822
ENSMUSG00000034435.6	0.089606
ENSMUSG00000034437.8	0.996358
ENSMUSG00000034438.16	0.05906
ENSMUSG00000034442.11	4.085192
ENSMUSG00000034445.8	7.31973
ENSMUSG00000034449.7	5.346488
ENSMUSG00000034450.8	0.094012
ENSMUSG00000034452.7	0
ENSMUSG00000034453.8	2.160611
ENSMUSG00000034456.15	0
ENSMUSG00000034457.10	0.061241
ENSMUSG00000034459.8	0.372948
ENSMUSG00000034460.9	0.247551
ENSMUSG00000034462.9	2.26813
ENSMUSG00000034463.4	7.76617
ENSMUSG00000034467.7	4.253846
ENSMUSG00000034471.12	5.159011
ENSMUSG00000034472.13	71.663922
ENSMUSG00000034473.14	5.333359
ENSMUSG00000034480.18	1.008198
ENSMUSG00000034482.2	0
ENSMUSG00000034484.8	14.934212
ENSMUSG00000034485.10	0.713657
ENSMUSG00000034486.8	3.01031
ENSMUSG00000034487.4	1.940587
ENSMUSG00000034488.14	31.715065
ENSMUSG00000034493.1	0.026857
ENSMUSG00000034501.7	7.237142
ENSMUSG00000034509.9	12.535155
ENSMUSG00000034518.14	4.668659
ENSMUSG00000034520.14	1.110795
ENSMUSG00000034522.10	4.771006
ENSMUSG00000034525.7	4.215112
ENSMUSG00000034528.15	0.173069
ENSMUSG00000034532.9	3.887268
ENSMUSG00000034533.10	0.040417
ENSMUSG00000034538.8	0.516786
ENSMUSG00000034543.15	3.419107
ENSMUSG00000034544.17	10.988404
ENSMUSG00000034551.12	0.103457
ENSMUSG00000034552.8	0
ENSMUSG00000034555.14	0
ENSMUSG00000034557.14	18.276182
ENSMUSG00000034560.6	1.198452
ENSMUSG00000034563.16	21.653481
ENSMUSG00000034566.10	1013.260581
ENSMUSG00000034570.12	24.908044
ENSMUSG00000034573.14	0.771374
ENSMUSG00000034574.10	3.714786
ENSMUSG00000034575.13	9.373555
ENSMUSG00000034579.17	0.829061
ENSMUSG00000034583.9	0
ENSMUSG00000034584.3	0.072711
ENSMUSG00000034586.14	38.364892
ENSMUSG00000034587.8	6.975363
ENSMUSG00000034591.5	3.874833
ENSMUSG00000034593.16	11.072697
ENSMUSG00000034595.17	6.035187
ENSMUSG00000034601.17	0.543625
ENSMUSG00000034602.15	13.859653
ENSMUSG00000034607.6	0
ENSMUSG00000034610.14	1.905258
ENSMUSG00000034612.7	10.070783
ENSMUSG00000034613.12	12.459372
ENSMUSG00000034614.14	19.821515
ENSMUSG00000034616.17	2.510452
ENSMUSG00000034617.7	4.082925
ENSMUSG00000034620.17	20.814106
ENSMUSG00000034621.14	4.430792
ENSMUSG00000034623.14	0.03276
ENSMUSG00000034634.7	1.629817
ENSMUSG00000034636.9	9.767346
ENSMUSG00000034639.7	4.939047
ENSMUSG00000034640.9	1.55653
ENSMUSG00000034641.2	0.068111
ENSMUSG00000034645.14	0
ENSMUSG00000034647.15	1.62067
ENSMUSG00000034648.9	19.022792
ENSMUSG00000034652.12	0.497358
ENSMUSG00000034653.11	1.533841
ENSMUSG00000034656.18	21.416005
ENSMUSG00000034659.14	32.717149
ENSMUSG00000034660.8	0
ENSMUSG00000034663.13	3.017227
ENSMUSG00000034664.13	3.85014
ENSMUSG00000034667.8	12.70608
ENSMUSG00000034673.14	35.783673
ENSMUSG00000034674.18	5.569697
ENSMUSG00000034675.17	43.604962
ENSMUSG00000034677.9	0
ENSMUSG00000034681.17	58.074425
ENSMUSG00000034683.12	0.082324
ENSMUSG00000034684.12	5.165043
ENSMUSG00000034685.4	31.951021
ENSMUSG00000034686.8	30.998903
ENSMUSG00000034687.8	0.62936
ENSMUSG00000034689.2	0.029862
ENSMUSG00000034690.13	0
ENSMUSG00000034701.9	4.950987
ENSMUSG00000034706.16	0.781535
ENSMUSG00000034707.7	43.447936
ENSMUSG00000034708.12	39.086088
ENSMUSG00000034709.8	30.494559
ENSMUSG00000034714.9	26.035852
ENSMUSG00000034723.11	41.833115
ENSMUSG00000034724.18	2.447357
ENSMUSG00000034729.16	41.903657
ENSMUSG00000034730.17	120.172599
ENSMUSG00000034731.11	1.25974
ENSMUSG00000034732.4	0.074478
ENSMUSG00000034738.8	0.412232
ENSMUSG00000034739.17	2.498101
ENSMUSG00000034744.13	63.367525
ENSMUSG00000034748.16	8.66591
ENSMUSG00000034751.17	2.903608
ENSMUSG00000034755.18	1.615648
ENSMUSG00000034757.15	48.877898
ENSMUSG00000034758.12	6.156423
ENSMUSG00000034761.15	3.065255
ENSMUSG00000034762.9	0.398519
ENSMUSG00000034764.15	0
ENSMUSG00000034765.6	4.856441
ENSMUSG00000034768.4	8.060271
ENSMUSG00000034771.15	2.716659
ENSMUSG00000034773.16	2.012114
ENSMUSG00000034774.6	0.148082
ENSMUSG00000034777.2	0
ENSMUSG00000034780.6	4.881473
ENSMUSG00000034781.5	53.701078
ENSMUSG00000034783.7	0
ENSMUSG00000034785.14	0.018516
ENSMUSG00000034786.17	4.830103
ENSMUSG00000034789.8	60.618492
ENSMUSG00000034792.8	1.437401
ENSMUSG00000034793.15	69.370807
ENSMUSG00000034795.14	1.882098
ENSMUSG00000034796.14	21.267256
ENSMUSG00000034799.16	14.713753
ENSMUSG00000034800.15	1.065381
ENSMUSG00000034801.13	5.662833
ENSMUSG00000034807.9	9.456298
ENSMUSG00000034810.7	0.273885
ENSMUSG00000034813.18	2.027645
ENSMUSG00000034818.17	47.040153
ENSMUSG00000034820.4	17.864894
ENSMUSG00000034825.14	29.097974
ENSMUSG00000034826.14	3.137075
ENSMUSG00000034829.8	0.02658
ENSMUSG00000034832.15	1.580514
ENSMUSG00000034833.10	0.05154
ENSMUSG00000034837.12	0.078147
ENSMUSG00000034839.5	25.341915
ENSMUSG00000034842.16	2.753661
ENSMUSG00000034845.6	16.298297
ENSMUSG00000034848.17	0.809269
ENSMUSG00000034850.15	34.136501
ENSMUSG00000034853.16	8.925935
ENSMUSG00000034854.8	15.721956
ENSMUSG00000034855.13	0.030546
ENSMUSG00000034858.16	3.764691
ENSMUSG00000034863.9	13.021292
ENSMUSG00000034867.16	6.588839
ENSMUSG00000034868.9	630.204686
ENSMUSG00000034871.2	0
ENSMUSG00000034872.6	0.326755
ENSMUSG00000034875.5	67.755833
ENSMUSG00000034880.7	71.594149
ENSMUSG00000034881.8	0.586686
ENSMUSG00000034883.9	0
ENSMUSG00000034889.8	17.065474
ENSMUSG00000034891.13	972.473629
ENSMUSG00000034892.8	2749.617183
ENSMUSG00000034893.9	3.745052
ENSMUSG00000034898.17	3.100293
ENSMUSG00000034902.17	92.297683
ENSMUSG00000034903.18	0.964788
ENSMUSG00000034906.15	0.236858
ENSMUSG00000034908.16	22.453504
ENSMUSG00000034910.5	4.004194
ENSMUSG00000034911.8	0.247241
ENSMUSG00000034912.18	1.79233
ENSMUSG00000034913.10	0
ENSMUSG00000034917.8	0.662019
ENSMUSG00000034918.8	0.269399
ENSMUSG00000034919.2	0.589318
ENSMUSG00000034923.9	1.540037
ENSMUSG00000034926.3	50.27282
ENSMUSG00000034928.16	45.582835
ENSMUSG00000034930.16	56.264315
ENSMUSG00000034931.15	6.247899
ENSMUSG00000034932.4	102.720097
ENSMUSG00000034936.2	18.597775
ENSMUSG00000034940.15	10.399188
ENSMUSG00000034947.13	0.658055
ENSMUSG00000034949.18	13.992967
ENSMUSG00000034951.10	15.483669
ENSMUSG00000034957.10	7.501822
ENSMUSG00000034958.11	86.241498
ENSMUSG00000034959.8	0.792701
ENSMUSG00000034968.3	0.315799
ENSMUSG00000034973.16	3.951037
ENSMUSG00000034974.13	59.54686
ENSMUSG00000034981.9	13.673834
ENSMUSG00000034987.4	1.924568
ENSMUSG00000034990.15	0.045891
ENSMUSG00000034993.7	51.671891
ENSMUSG00000034994.10	562.805656
ENSMUSG00000034997.5	1.852732
ENSMUSG00000034998.18	2.939939
ENSMUSG00000035000.8	0.165103
ENSMUSG00000035004.3	0.112174
ENSMUSG00000035007.5	15.774458
ENSMUSG00000035011.15	19.952023
ENSMUSG00000035020.11	0
ENSMUSG00000035021.13	0.079895
ENSMUSG00000035024.16	1.929086
ENSMUSG00000035027.18	76.21457
ENSMUSG00000035031.15	0
ENSMUSG00000035032.12	0.492097
ENSMUSG00000035033.15	25.367232
ENSMUSG00000035041.8	0.317609
ENSMUSG00000035042.2	0.472385
ENSMUSG00000035045.17	2.39922
ENSMUSG00000035047.9	11.28063
ENSMUSG00000035048.13	119.411041
ENSMUSG00000035049.4	7.369514
ENSMUSG00000035051.15	3.60433
ENSMUSG00000035057.7	0.037031
ENSMUSG00000035062.13	8.985544
ENSMUSG00000035064.17	11.348292
ENSMUSG00000035067.9	0.490231
ENSMUSG00000035069.3	3.223813
ENSMUSG00000035078.6	20.458147
ENSMUSG00000035085.5	0.864271
ENSMUSG00000035086.13	67.589906
ENSMUSG00000035093.16	11.780273
ENSMUSG00000035095.11	0.50451
ENSMUSG00000035104.14	6.081837
ENSMUSG00000035105.5	7.655162
ENSMUSG00000035107.13	3.225789
ENSMUSG00000035109.14	1.280131
ENSMUSG00000035112.17	0.696882
ENSMUSG00000035121.6	1.375404
ENSMUSG00000035125.10	0.573556
ENSMUSG00000035126.19	0.36217
ENSMUSG00000035129.6	0
ENSMUSG00000035131.14	8.920769
ENSMUSG00000035133.9	12.973333
ENSMUSG00000035139.14	3.308883
ENSMUSG00000035142.18	1.801494
ENSMUSG00000035148.4	0
ENSMUSG00000035150.15	25.88157
ENSMUSG00000035151.12	1.760485
ENSMUSG00000035152.14	59.977295
ENSMUSG00000035158.15	1.382779
ENSMUSG00000035161.7	0.626116
ENSMUSG00000035164.8	0.676319
ENSMUSG00000035165.14	0.037245
ENSMUSG00000035168.16	5.910348
ENSMUSG00000035171.9	12.127009
ENSMUSG00000035172.15	4.679367
ENSMUSG00000035173.14	2.67016
ENSMUSG00000035177.8	0
ENSMUSG00000035179.4	1.099107
ENSMUSG00000035181.6	0.888878
ENSMUSG00000035183.14	0.23648
ENSMUSG00000035184.15	9.148439
ENSMUSG00000035186.6	0
ENSMUSG00000035187.10	0.492021
ENSMUSG00000035189.17	2.733284
ENSMUSG00000035191.15	0
ENSMUSG00000035198.9	41.6087
ENSMUSG00000035199.6	161.945165
ENSMUSG00000035200.7	0.924428
ENSMUSG00000035201.15	0
ENSMUSG00000035202.8	908.32853
ENSMUSG00000035203.16	234.302796
ENSMUSG00000035206.10	11.860564
ENSMUSG00000035208.16	0.026058
ENSMUSG00000035211.9	0.463017
ENSMUSG00000035212.14	19.205355
ENSMUSG00000035215.9	124.276652
ENSMUSG00000035226.5	22.66607
ENSMUSG00000035227.7	96.152393
ENSMUSG00000035228.15	50.366814
ENSMUSG00000035232.8	10.596127
ENSMUSG00000035234.18	1.541617
ENSMUSG00000035235.13	5.610903
ENSMUSG00000035236.17	2.535918
ENSMUSG00000035237.7	29.936289
ENSMUSG00000035238.4	0.417654
ENSMUSG00000035239.6	0.504731
ENSMUSG00000035242.15	757.869089
ENSMUSG00000035245.12	1.345797
ENSMUSG00000035246.16	7.269324
ENSMUSG00000035247.16	2.745492
ENSMUSG00000035248.9	5.252209
ENSMUSG00000035258.15	1.060682
ENSMUSG00000035262.5	0.731784
ENSMUSG00000035266.16	1.216576
ENSMUSG00000035268.14	83.881222
ENSMUSG00000035270.15	0
ENSMUSG00000035273.14	0.428829
ENSMUSG00000035274.13	11.27421
ENSMUSG00000035275.14	4.167865
ENSMUSG00000035277.15	7.112555
ENSMUSG00000035278.9	58.119442
ENSMUSG00000035279.8	0.161214
ENSMUSG00000035283.5	8.65235
ENSMUSG00000035284.10	2.357687
ENSMUSG00000035285.6	104.547825
ENSMUSG00000035293.13	0.283312
ENSMUSG00000035295.10	0.111088
ENSMUSG00000035296.14	0.302326
ENSMUSG00000035297.14	52.525839
ENSMUSG00000035298.8	0.74153
ENSMUSG00000035299.16	1.53095
ENSMUSG00000035305.5	0.145483
ENSMUSG00000035310.15	1.831945
ENSMUSG00000035311.16	7.889821
ENSMUSG00000035314.10	15.531527
ENSMUSG00000035325.16	41.362756
ENSMUSG00000035329.7	15.422445
ENSMUSG00000035337.3	0
ENSMUSG00000035342.14	21.771259
ENSMUSG00000035351.16	1.953144
ENSMUSG00000035352.3	0.621203
ENSMUSG00000035354.9	7.403213
ENSMUSG00000035355.15	2.029167
ENSMUSG00000035356.17	0.446651
ENSMUSG00000035357.17	3.846582
ENSMUSG00000035365.15	0.360806
ENSMUSG00000035367.9	2.405821
ENSMUSG00000035370.9	0.227636
ENSMUSG00000035371.8	0
ENSMUSG00000035372.2	12.253257
ENSMUSG00000035373.2	0.134643
ENSMUSG00000035376.10	15.310512
ENSMUSG00000035378.17	1.126178
ENSMUSG00000035382.9	4.430436
ENSMUSG00000035383.7	44.795669
ENSMUSG00000035385.5	0.044035
ENSMUSG00000035387.5	0
ENSMUSG00000035390.16	133.876918
ENSMUSG00000035392.17	14.69585
ENSMUSG00000035394.11	0.016373
ENSMUSG00000035395.11	0
ENSMUSG00000035397.8	38.708988
ENSMUSG00000035399.12	13.764325
ENSMUSG00000035401.9	4.602996
ENSMUSG00000035403.10	0.936203
ENSMUSG00000035407.8	2.445036
ENSMUSG00000035413.8	17.797383
ENSMUSG00000035420.7	0
ENSMUSG00000035427.18	0
ENSMUSG00000035429.13	0.059108
ENSMUSG00000035431.4	5.581493
ENSMUSG00000035435.17	0.005577
ENSMUSG00000035437.15	9.68335
ENSMUSG00000035439.13	8.917903
ENSMUSG00000035441.14	3.018443
ENSMUSG00000035443.10	48.243642
ENSMUSG00000035448.9	0
ENSMUSG00000035451.7	0.381119
ENSMUSG00000035454.1	0
ENSMUSG00000035455.12	0.191206
ENSMUSG00000035456.9	8.080538
ENSMUSG00000035458.15	3.476343
ENSMUSG00000035459.18	0.097592
ENSMUSG00000035469.17	5.497463
ENSMUSG00000035472.14	0.378468
ENSMUSG00000035473.10	1.297877
ENSMUSG00000035476.9	1.014399
ENSMUSG00000035478.14	145.190389
ENSMUSG00000035486.14	9.830101
ENSMUSG00000035491.5	0
ENSMUSG00000035493.10	2.363227
ENSMUSG00000035495.15	2.422361
ENSMUSG00000035498.10	0
ENSMUSG00000035504.16	6.198111
ENSMUSG00000035505.14	17.718412
ENSMUSG00000035506.16	0.911144
ENSMUSG00000035509.17	1.648963
ENSMUSG00000035513.19	18.205549
ENSMUSG00000035517.17	13.755253
ENSMUSG00000035521.13	54.279465
ENSMUSG00000035522.3	0
ENSMUSG00000035523.8	0
ENSMUSG00000035528.4	0.019109
ENSMUSG00000035529.10	6.770259
ENSMUSG00000035530.13	630.556875
ENSMUSG00000035539.14	0.052029
ENSMUSG00000035540.12	0.069002
ENSMUSG00000035545.13	5.029103
ENSMUSG00000035547.14	11.321193
ENSMUSG00000035551.6	0.89986
ENSMUSG00000035557.9	0.183496
ENSMUSG00000035559.9	33.712615
ENSMUSG00000035560.5	0
ENSMUSG00000035561.5	5.336336
ENSMUSG00000035566.7	2.549877
ENSMUSG00000035569.17	25.063955
ENSMUSG00000035572.16	2.903078
ENSMUSG00000035575.11	4.793242
ENSMUSG00000035576.13	0.324931
ENSMUSG00000035578.16	1.064299
ENSMUSG00000035580.10	0.149972
ENSMUSG00000035582.13	0.009742
ENSMUSG00000035585.16	108.344365
ENSMUSG00000035592.2	0
ENSMUSG00000035594.10	0.622271
ENSMUSG00000035595.6	6.818169
ENSMUSG00000035596.14	105.364685
ENSMUSG00000035597.19	0.711926
ENSMUSG00000035601.9	4.765718
ENSMUSG00000035606.8	0.598974
ENSMUSG00000035614.11	7.463482
ENSMUSG00000035615.12	3.352496
ENSMUSG00000035620.15	10.838599
ENSMUSG00000035621.13	18.294425
ENSMUSG00000035623.14	1.835581
ENSMUSG00000035626.4	0
ENSMUSG00000035629.19	20.211675
ENSMUSG00000035632.16	24.322221
ENSMUSG00000035637.14	57.116619
ENSMUSG00000035638.14	0
ENSMUSG00000035640.18	147.087101
ENSMUSG00000035642.16	51.949236
ENSMUSG00000035649.17	1.570784
ENSMUSG00000035651.7	0
ENSMUSG00000035653.16	13.889936
ENSMUSG00000035666.14	3.692098
ENSMUSG00000035671.6	4.629729
ENSMUSG00000035673.10	2.022368
ENSMUSG00000035674.13	579.350793
ENSMUSG00000035678.8	0.478198
ENSMUSG00000035681.7	13.259169
ENSMUSG00000035683.13	0.131107
ENSMUSG00000035686.8	33.105406
ENSMUSG00000035692.7	2.821382
ENSMUSG00000035694.15	0.094757
ENSMUSG00000035696.15	5.041498
ENSMUSG00000035697.14	1.182058
ENSMUSG00000035699.8	0.023902
ENSMUSG00000035704.17	3.189705
ENSMUSG00000035711.5	0.765182
ENSMUSG00000035713.15	5.879507
ENSMUSG00000035722.15	2.728463
ENSMUSG00000035725.13	1.863599
ENSMUSG00000035726.8	6.250402
ENSMUSG00000035735.10	16.111544
ENSMUSG00000035745.9	0.64958
ENSMUSG00000035754.8	35.528783
ENSMUSG00000035757.16	11.248305
ENSMUSG00000035759.4	0.774899
ENSMUSG00000035762.11	2.615192
ENSMUSG00000035764.5	10.235292
ENSMUSG00000035765.10	26.483913
ENSMUSG00000035769.9	2.133829
ENSMUSG00000035770.8	28.502528
ENSMUSG00000035772.11	22.451967
ENSMUSG00000035773.6	2.140211
ENSMUSG00000035775.2	0
ENSMUSG00000035776.14	58.573777
ENSMUSG00000035778.17	0.610054
ENSMUSG00000035780.2	0.028882
ENSMUSG00000035781.14	270.766282
ENSMUSG00000035783.9	4.226333
ENSMUSG00000035785.6	0
ENSMUSG00000035790.15	34.93538
ENSMUSG00000035798.14	14.167754
ENSMUSG00000035799.6	0.772268
ENSMUSG00000035804.5	0
ENSMUSG00000035805.13	111.8016
ENSMUSG00000035811.10	0
ENSMUSG00000035818.14	0.038186
ENSMUSG00000035824.7	21.883474
ENSMUSG00000035828.11	29.267821
ENSMUSG00000035829.13	6.367593
ENSMUSG00000035831.2	0.3556
ENSMUSG00000035834.11	0.603543
ENSMUSG00000035835.14	33.31547
ENSMUSG00000035836.2	0
ENSMUSG00000035840.7	1.644046
ENSMUSG00000035842.10	0.11732
ENSMUSG00000035845.17	6.569087
ENSMUSG00000035847.15	95.210917
ENSMUSG00000035849.14	12.907911
ENSMUSG00000035851.14	13.451541
ENSMUSG00000035852.11	0
ENSMUSG00000035860.9	0.111017
ENSMUSG00000035861.6	0
ENSMUSG00000035863.14	88.992405
ENSMUSG00000035864.14	216.300263
ENSMUSG00000035868.9	2.879444
ENSMUSG00000035873.8	0.643189
ENSMUSG00000035875.15	0.064055
ENSMUSG00000035877.17	5.07352
ENSMUSG00000035878.13	0.289664
ENSMUSG00000035885.5	1483.183244
ENSMUSG00000035890.9	48.642821
ENSMUSG00000035891.16	27.951464
ENSMUSG00000035896.5	1.718369
ENSMUSG00000035898.13	0.843214
ENSMUSG00000035900.18	8.413421
ENSMUSG00000035901.14	76.879533
ENSMUSG00000035910.15	2.139139
ENSMUSG00000035914.11	3.094629
ENSMUSG00000035916.8	0.007766
ENSMUSG00000035919.16	4.87407
ENSMUSG00000035923.4	0.025794
ENSMUSG00000035929.11	1.651677
ENSMUSG00000035930.9	0.079363
ENSMUSG00000035932.6	0
ENSMUSG00000035933.5	6.892561
ENSMUSG00000035934.16	20.887522
ENSMUSG00000035936.6	14.003914
ENSMUSG00000035941.15	1.284433
ENSMUSG00000035944.17	1.870576
ENSMUSG00000035946.7	0.387518
ENSMUSG00000035948.13	0.204759
ENSMUSG00000035949.15	48.047619
ENSMUSG00000035951.2	0.428309
ENSMUSG00000035953.14	79.203505
ENSMUSG00000035954.10	4.09431
ENSMUSG00000035958.3	5.12044
ENSMUSG00000035960.14	56.501461
ENSMUSG00000035963.8	0.496946
ENSMUSG00000035964.8	281.200456
ENSMUSG00000035967.15	0.639858
ENSMUSG00000035969.15	36.636945
ENSMUSG00000035983.4	0.989519
ENSMUSG00000035984.14	10.473822
ENSMUSG00000035992.15	2.641017
ENSMUSG00000036002.12	12.282086
ENSMUSG00000036006.20	9.121382
ENSMUSG00000036009.16	1.506068
ENSMUSG00000036013.12	0
ENSMUSG00000036019.8	1.558614
ENSMUSG00000036022.15	1.389784
ENSMUSG00000036023.6	3.166358
ENSMUSG00000036026.15	58.156986
ENSMUSG00000036027.13	0
ENSMUSG00000036030.9	0.193641
ENSMUSG00000036036.15	0.83128
ENSMUSG00000036040.14	10.630172
ENSMUSG00000036045.6	0
ENSMUSG00000036046.14	25.124458
ENSMUSG00000036052.14	49.592691
ENSMUSG00000036053.17	4.585792
ENSMUSG00000036054.15	16.382738
ENSMUSG00000036057.11	8.813519
ENSMUSG00000036061.10	4.708403
ENSMUSG00000036062.13	53.719251
ENSMUSG00000036067.12	13.184573
ENSMUSG00000036073.17	50.295435
ENSMUSG00000036078.16	36.119962
ENSMUSG00000036083.15	0
ENSMUSG00000036086.16	1.541769
ENSMUSG00000036087.18	2.799609
ENSMUSG00000036091.8	0.576143
ENSMUSG00000036093.7	11.191684
ENSMUSG00000036095.11	6.777793
ENSMUSG00000036097.8	1.431625
ENSMUSG00000036098.15	14.229223
ENSMUSG00000036099.16	7.771069
ENSMUSG00000036103.9	2.323515
ENSMUSG00000036104.12	14.471437
ENSMUSG00000036106.15	6.140629
ENSMUSG00000036109.17	0.01253
ENSMUSG00000036110.14	0
ENSMUSG00000036111.8	21.304128
ENSMUSG00000036112.15	28.435782
ENSMUSG00000036114.3	32.090585
ENSMUSG00000036117.2	0.041197
ENSMUSG00000036120.10	10.464522
ENSMUSG00000036123.8	0.154828
ENSMUSG00000036131.12	0.159261
ENSMUSG00000036136.9	0.240611
ENSMUSG00000036138.16	47.922656
ENSMUSG00000036139.6	0
ENSMUSG00000036144.6	0.012834
ENSMUSG00000036151.15	0.857616
ENSMUSG00000036155.13	12.284023
ENSMUSG00000036158.12	13.212346
ENSMUSG00000036160.13	7.227967
ENSMUSG00000036162.3	0.421864
ENSMUSG00000036167.16	8.680523
ENSMUSG00000036168.15	0.032213
ENSMUSG00000036169.6	6.462209
ENSMUSG00000036172.17	0
ENSMUSG00000036180.15	13.49558
ENSMUSG00000036181.2	16.407135
ENSMUSG00000036185.9	0.118127
ENSMUSG00000036186.5	79.196049
ENSMUSG00000036188.4	17.312468
ENSMUSG00000036192.15	2.273469
ENSMUSG00000036196.16	0.839891
ENSMUSG00000036197.16	0.901176
ENSMUSG00000036198.12	4.198586
ENSMUSG00000036199.9	263.089344
ENSMUSG00000036202.16	2.084364
ENSMUSG00000036206.12	5.774543
ENSMUSG00000036208.13	0.79184
ENSMUSG00000036211.4	0
ENSMUSG00000036214.14	2.259336
ENSMUSG00000036216.5	0
ENSMUSG00000036218.16	1.1256
ENSMUSG00000036223.16	0.011539
ENSMUSG00000036225.15	41.78365
ENSMUSG00000036231.5	0
ENSMUSG00000036241.3	49.978918
ENSMUSG00000036242.15	9.855776
ENSMUSG00000036244.5	0
ENSMUSG00000036246.14	1.863537
ENSMUSG00000036249.16	8.217323
ENSMUSG00000036251.16	0.021177
ENSMUSG00000036256.13	14.855685
ENSMUSG00000036257.15	20.817986
ENSMUSG00000036264.9	2.71977
ENSMUSG00000036270.16	8.858279
ENSMUSG00000036273.15	1.702634
ENSMUSG00000036275.13	54.503564
ENSMUSG00000036278.7	17.537439
ENSMUSG00000036281.13	4.726494
ENSMUSG00000036282.15	7.553411
ENSMUSG00000036285.10	10.567393
ENSMUSG00000036291.6	3.479773
ENSMUSG00000036292.14	0.180073
ENSMUSG00000036295.5	8.409768
ENSMUSG00000036298.10	7.472715
ENSMUSG00000036299.5	163.820897
ENSMUSG00000036304.14	2.175338
ENSMUSG00000036305.7	2.843424
ENSMUSG00000036306.13	21.312635
ENSMUSG00000036309.14	245.200127
ENSMUSG00000036315.13	36.437801
ENSMUSG00000036322.11	0
ENSMUSG00000036323.14	16.682862
ENSMUSG00000036327.18	9.494137
ENSMUSG00000036330.12	0.09536
ENSMUSG00000036333.11	27.562756
ENSMUSG00000036334.12	0.144237
ENSMUSG00000036339.18	1.311418
ENSMUSG00000036352.16	36.922611
ENSMUSG00000036353.13	12.948361
ENSMUSG00000036356.15	2.120277
ENSMUSG00000036357.5	1.193964
ENSMUSG00000036362.2	3.551173
ENSMUSG00000036368.8	1.436451
ENSMUSG00000036371.6	86.464103
ENSMUSG00000036372.14	96.050388
ENSMUSG00000036376.3	4.917333
ENSMUSG00000036377.19	6.298583
ENSMUSG00000036381.13	0.989145
ENSMUSG00000036390.8	4.954302
ENSMUSG00000036391.16	1.556619
ENSMUSG00000036395.15	0.167577
ENSMUSG00000036398.13	183.250866
ENSMUSG00000036401.5	0
ENSMUSG00000036402.13	16.290898
ENSMUSG00000036403.15	0.323552
ENSMUSG00000036411.10	3.146891
ENSMUSG00000036412.5	0.460603
ENSMUSG00000036422.10	13.556588
ENSMUSG00000036427.5	609.674102
ENSMUSG00000036430.8	25.797765
ENSMUSG00000036432.8	8.642501
ENSMUSG00000036435.13	7.72851
ENSMUSG00000036437.6	6.49332
ENSMUSG00000036438.14	1769.967179
ENSMUSG00000036442.8	26.103798
ENSMUSG00000036446.5	1.196633
ENSMUSG00000036449.6	0
ENSMUSG00000036450.4	4.396463
ENSMUSG00000036452.18	8.078542
ENSMUSG00000036459.15	1.804139
ENSMUSG00000036461.16	0.694583
ENSMUSG00000036463.8	0
ENSMUSG00000036466.17	4.249503
ENSMUSG00000036469.16	4.554317
ENSMUSG00000036473.16	9.758124
ENSMUSG00000036478.8	10.208034
ENSMUSG00000036480.9	1.468613
ENSMUSG00000036492.12	2.424838
ENSMUSG00000036499.9	1.520813
ENSMUSG00000036500.4	0
ENSMUSG00000036501.7	7.504268
ENSMUSG00000036502.14	13.311742
ENSMUSG00000036503.13	33.090121
ENSMUSG00000036504.6	107.478812
ENSMUSG00000036510.17	5.321977
ENSMUSG00000036513.15	15.433688
ENSMUSG00000036521.5	0
ENSMUSG00000036523.16	0.144369
ENSMUSG00000036526.8	0.099866
ENSMUSG00000036528.16	1.911704
ENSMUSG00000036529.17	80.758649
ENSMUSG00000036533.9	7.151518
ENSMUSG00000036534.6	12.083649
ENSMUSG00000036537.6	4.365142
ENSMUSG00000036545.9	4.593603
ENSMUSG00000036550.16	8.667397
ENSMUSG00000036551.6	0.017346
ENSMUSG00000036552.19	5.687351
ENSMUSG00000036553.16	0.307605
ENSMUSG00000036555.14	7.533698
ENSMUSG00000036557.8	0.06759
ENSMUSG00000036560.14	14.132376
ENSMUSG00000036561.9	36.610524
ENSMUSG00000036564.17	868.001836
ENSMUSG00000036565.7	61.392668
ENSMUSG00000036568.7	5.268295
ENSMUSG00000036570.14	179.638365
ENSMUSG00000036572.16	2.376369
ENSMUSG00000036574.5	0
ENSMUSG00000036578.7	196.395457
ENSMUSG00000036580.15	11.06344
ENSMUSG00000036585.16	27.678595
ENSMUSG00000036586.6	0.770327
ENSMUSG00000036587.13	0.015625
ENSMUSG00000036591.16	6.345972
ENSMUSG00000036594.15	8.7185
ENSMUSG00000036596.6	0.081283
ENSMUSG00000036598.4	1.941449
ENSMUSG00000036599.10	17.33384
ENSMUSG00000036602.14	0
ENSMUSG00000036606.17	17.432389
ENSMUSG00000036611.5	7.218678
ENSMUSG00000036613.8	34.196861
ENSMUSG00000036615.7	24.698976
ENSMUSG00000036617.17	17.106771
ENSMUSG00000036620.14	29.514884
ENSMUSG00000036622.15	59.266564
ENSMUSG00000036632.9	12.439912
ENSMUSG00000036634.15	242.711178
ENSMUSG00000036636.10	13.347339
ENSMUSG00000036639.12	11.06583
ENSMUSG00000036641.9	2.032571
ENSMUSG00000036644.15	69.922054
ENSMUSG00000036646.13	26.498194
ENSMUSG00000036647.5	0
ENSMUSG00000036655.8	0.472131
ENSMUSG00000036658.4	0.027219
ENSMUSG00000036661.14	0.441299
ENSMUSG00000036667.14	23.336264
ENSMUSG00000036672.5	9.494385
ENSMUSG00000036676.14	0.621448
ENSMUSG00000036678.8	10.134571
ENSMUSG00000036686.16	21.116661
ENSMUSG00000036687.13	0.290977
ENSMUSG00000036693.12	5.926368
ENSMUSG00000036698.11	3.862555
ENSMUSG00000036699.12	67.459422
ENSMUSG00000036707.16	32.74659
ENSMUSG00000036712.15	8.34856
ENSMUSG00000036718.17	1.19353
ENSMUSG00000036721.14	1.213704
ENSMUSG00000036731.7	0.080481
ENSMUSG00000036733.16	54.647373
ENSMUSG00000036737.12	6.317015
ENSMUSG00000036743.4	0.36017
ENSMUSG00000036744.13	0
ENSMUSG00000036745.15	12.688604
ENSMUSG00000036748.16	230.61216
ENSMUSG00000036749.15	0
ENSMUSG00000036751.7	1276.290327
ENSMUSG00000036752.4	283.51027
ENSMUSG00000036760.7	4.000715
ENSMUSG00000036764.12	26.187045
ENSMUSG00000036766.12	74.758537
ENSMUSG00000036768.6	0
ENSMUSG00000036769.14	2.379529
ENSMUSG00000036770.11	0
ENSMUSG00000036775.13	12.718488
ENSMUSG00000036777.8	3.633181
ENSMUSG00000036779.12	5.35369
ENSMUSG00000036781.13	72.555388
ENSMUSG00000036782.13	17.356025
ENSMUSG00000036790.5	2.208263
ENSMUSG00000036792.12	6.605241
ENSMUSG00000036800.8	0.435836
ENSMUSG00000036805.13	0
ENSMUSG00000036810.16	12.500633
ENSMUSG00000036813.11	0
ENSMUSG00000036814.13	8.318547
ENSMUSG00000036815.17	16.238223
ENSMUSG00000036816.4	2.136324
ENSMUSG00000036817.14	19.592827
ENSMUSG00000036819.14	8.48035
ENSMUSG00000036820.12	12.97007
ENSMUSG00000036822.6	2.68065
ENSMUSG00000036825.12	20.897232
ENSMUSG00000036826.14	0.281289
ENSMUSG00000036832.5	0.110251
ENSMUSG00000036833.16	3.942968
ENSMUSG00000036834.16	1.517381
ENSMUSG00000036835.7	158.600067
ENSMUSG00000036840.5	12.706186
ENSMUSG00000036845.12	48.560912
ENSMUSG00000036850.4	93.878761
ENSMUSG00000036853.5	0.039825
ENSMUSG00000036854.14	10.06747
ENSMUSG00000036855.3	0
ENSMUSG00000036856.4	6.591132
ENSMUSG00000036858.8	0.278603
ENSMUSG00000036860.14	32.488949
ENSMUSG00000036862.15	1.109943
ENSMUSG00000036863.12	0.328707
ENSMUSG00000036864.16	0.691634
ENSMUSG00000036867.7	1.121572
ENSMUSG00000036872.16	0.171425
ENSMUSG00000036873.13	31.236397
ENSMUSG00000036875.15	0.116909
ENSMUSG00000036879.15	5.853069
ENSMUSG00000036880.10	24.017603
ENSMUSG00000036882.7	29.002856
ENSMUSG00000036885.14	4.036888
ENSMUSG00000036887.5	60.953985
ENSMUSG00000036890.13	16.51978
ENSMUSG00000036892.12	0
ENSMUSG00000036893.17	4.218569
ENSMUSG00000036894.3	9.075464
ENSMUSG00000036896.5	41.081725
ENSMUSG00000036898.16	1.026032
ENSMUSG00000036899.10	0
ENSMUSG00000036902.11	5.998215
ENSMUSG00000036904.6	1.121306
ENSMUSG00000036905.8	59.618948
ENSMUSG00000036907.9	11.11078
ENSMUSG00000036908.17	8.287013
ENSMUSG00000036912.18	0.057943
ENSMUSG00000036913.15	0.491095
ENSMUSG00000036915.17	6.372272
ENSMUSG00000036916.13	1.149011
ENSMUSG00000036918.16	5.161948
ENSMUSG00000036921.2	0
ENSMUSG00000036923.12	0.823786
ENSMUSG00000036924.3	0
ENSMUSG00000036925.8	0
ENSMUSG00000036928.14	0.0071
ENSMUSG00000036931.15	0.747275
ENSMUSG00000036932.14	7.556866
ENSMUSG00000036934.9	4.072938
ENSMUSG00000036938.17	0
ENSMUSG00000036940.15	20.801261
ENSMUSG00000036941.2	4.70471
ENSMUSG00000036943.9	5.276395
ENSMUSG00000036944.6	0.079734
ENSMUSG00000036948.17	38.921763
ENSMUSG00000036949.16	28.981655
ENSMUSG00000036951.2	0
ENSMUSG00000036955.16	79.811592
ENSMUSG00000036957.8	12.999942
ENSMUSG00000036958.5	0
ENSMUSG00000036959.15	4.320792
ENSMUSG00000036960.10	0
ENSMUSG00000036961.5	0.105097
ENSMUSG00000036962.12	0.114396
ENSMUSG00000036964.14	0.526055
ENSMUSG00000036966.15	136.177199
ENSMUSG00000036968.15	5.175553
ENSMUSG00000036972.14	2.75256
ENSMUSG00000036975.5	4.002429
ENSMUSG00000036977.8	8.039375
ENSMUSG00000036980.13	20.314415
ENSMUSG00000036983.7	4.863723
ENSMUSG00000036985.12	24.058683
ENSMUSG00000036986.16	3.618687
ENSMUSG00000036989.16	60.395524
ENSMUSG00000036990.13	1.721628
ENSMUSG00000036992.10	13.44637
ENSMUSG00000036995.7	1.010515
ENSMUSG00000037001.10	0.901743
ENSMUSG00000037003.16	6.138153
ENSMUSG00000037005.16	0.118109
ENSMUSG00000037007.17	0.650034
ENSMUSG00000037010.7	11.265184
ENSMUSG00000037012.18	102.43857
ENSMUSG00000037013.17	3.441971
ENSMUSG00000037014.4	1.662367
ENSMUSG00000037016.11	0.103105
ENSMUSG00000037017.15	7.706006
ENSMUSG00000037020.16	0.270134
ENSMUSG00000037022.3	6.633454
ENSMUSG00000037025.11	0.186674
ENSMUSG00000037028.7	0
ENSMUSG00000037029.8	2.724811
ENSMUSG00000037031.10	18.158196
ENSMUSG00000037032.16	328.766716
ENSMUSG00000037033.9	0
ENSMUSG00000037034.16	0.056805
ENSMUSG00000037035.5	2.94054
ENSMUSG00000037049.9	96.967169
ENSMUSG00000037053.6	0
ENSMUSG00000037058.16	59.891777
ENSMUSG00000037060.3	21.241706
ENSMUSG00000037062.13	9.50959
ENSMUSG00000037064.6	0
ENSMUSG00000037070.10	25.327971
ENSMUSG00000037071.3	81.276252
ENSMUSG00000037072.15	210.242466
ENSMUSG00000037075.7	3.739291
ENSMUSG00000037085.8	2.017639
ENSMUSG00000037086.3	1.351011
ENSMUSG00000037089.11	30.319379
ENSMUSG00000037095.8	1.160573
ENSMUSG00000037096.6	1.262964
ENSMUSG00000037098.18	22.261342
ENSMUSG00000037101.16	0.061628
ENSMUSG00000037103.8	10.076588
ENSMUSG00000037104.9	28.658473
ENSMUSG00000037106.8	0.370369
ENSMUSG00000037108.13	3.044527
ENSMUSG00000037110.20	0.705564
ENSMUSG00000037111.9	13.350933
ENSMUSG00000037112.16	2.062123
ENSMUSG00000037119.4	7.437821
ENSMUSG00000037124.6	0.013904
ENSMUSG00000037126.16	276.469897
ENSMUSG00000037129.7	0.027396
ENSMUSG00000037130.4	0
ENSMUSG00000037134.17	3.543718
ENSMUSG00000037138.18	5.354975
ENSMUSG00000037139.15	1.359549
ENSMUSG00000037140.6	0
ENSMUSG00000037143.17	0.606751
ENSMUSG00000037145.14	0
ENSMUSG00000037148.8	5.28684
ENSMUSG00000037149.10	13.099006
ENSMUSG00000037151.8	13.828678
ENSMUSG00000037152.11	535.035913
ENSMUSG00000037157.8	0.058562
ENSMUSG00000037159.11	0.09378
ENSMUSG00000037161.14	0.292068
ENSMUSG00000037166.5	24.070096
ENSMUSG00000037167.5	0
ENSMUSG00000037169.15	2.288879
ENSMUSG00000037171.6	0.350557
ENSMUSG00000037172.14	5.195147
ENSMUSG00000037174.18	7.793804
ENSMUSG00000037185.9	1.717108
ENSMUSG00000037188.7	0.525577
ENSMUSG00000037190.12	20.411498
ENSMUSG00000037196.6	22.7497
ENSMUSG00000037197.11	24.919262
ENSMUSG00000037202.6	0.031284
ENSMUSG00000037204.7	44.286474
ENSMUSG00000037206.15	12.089124
ENSMUSG00000037210.16	4.435048
ENSMUSG00000037211.12	3.831566
ENSMUSG00000037214.12	9.034013
ENSMUSG00000037216.5	3.142275
ENSMUSG00000037217.15	197.932681
ENSMUSG00000037221.13	21.643122
ENSMUSG00000037224.15	9.091058
ENSMUSG00000037225.13	1.123159
ENSMUSG00000037234.17	0.948133
ENSMUSG00000037235.13	23.402802
ENSMUSG00000037236.16	76.145609
ENSMUSG00000037239.8	9.328194
ENSMUSG00000037242.8	33.350706
ENSMUSG00000037243.17	1.873591
ENSMUSG00000037246.6	0
ENSMUSG00000037247.3	0
ENSMUSG00000037251.5	12.296259
ENSMUSG00000037253.8	7.710458
ENSMUSG00000037254.18	1.926574
ENSMUSG00000037257.8	10.191791
ENSMUSG00000037259.15	19.049947
ENSMUSG00000037260.8	38.605121
ENSMUSG00000037262.7	4.213566
ENSMUSG00000037263.13	0
ENSMUSG00000037266.18	15.002081
ENSMUSG00000037270.18	1.99312
ENSMUSG00000037275.14	2.837731
ENSMUSG00000037278.9	21.909892
ENSMUSG00000037279.13	4.586672
ENSMUSG00000037280.12	9.201525
ENSMUSG00000037286.15	2.083741
ENSMUSG00000037287.15	7.726744
ENSMUSG00000037295.7	1.196009
ENSMUSG00000037296.7	12.336686
ENSMUSG00000037300.19	6.110929
ENSMUSG00000037306.13	9.686825
ENSMUSG00000037307.11	0
ENSMUSG00000037313.16	2.424989
ENSMUSG00000037315.15	0.495944
ENSMUSG00000037316.9	9.039164
ENSMUSG00000037318.10	0.429041
ENSMUSG00000037321.17	1.417625
ENSMUSG00000037325.10	2.452288
ENSMUSG00000037326.10	8.244877
ENSMUSG00000037331.15	15.100777
ENSMUSG00000037334.2	0
ENSMUSG00000037335.13	0
ENSMUSG00000037336.14	0.229815
ENSMUSG00000037337.11	0.307679
ENSMUSG00000037339.17	14.74241
ENSMUSG00000037341.14	1.650025
ENSMUSG00000037343.8	5.084827
ENSMUSG00000037344.14	9.935354
ENSMUSG00000037346.5	0
ENSMUSG00000037347.7	0.994146
ENSMUSG00000037348.15	74.386315
ENSMUSG00000037349.9	12.592508
ENSMUSG00000037351.9	127.351272
ENSMUSG00000037353.9	22.206016
ENSMUSG00000037355.14	0.283037
ENSMUSG00000037358.6	0.116089
ENSMUSG00000037361.8	70.686665
ENSMUSG00000037362.8	45.594563
ENSMUSG00000037363.9	3.128474
ENSMUSG00000037364.12	33.609315
ENSMUSG00000037366.14	2.918189
ENSMUSG00000037369.17	1.016947
ENSMUSG00000037370.13	0.955198
ENSMUSG00000037373.12	194.266035
ENSMUSG00000037375.16	0.610017
ENSMUSG00000037376.14	5.758706
ENSMUSG00000037379.7	0.185305
ENSMUSG00000037386.16	11.458683
ENSMUSG00000037390.12	0.033431
ENSMUSG00000037393.2	0.053793
ENSMUSG00000037395.15	6.149732
ENSMUSG00000037400.17	5.782563
ENSMUSG00000037405.8	1.258531
ENSMUSG00000037406.7	0.195815
ENSMUSG00000037408.10	3.507021
ENSMUSG00000037410.13	2.613525
ENSMUSG00000037411.10	0.622813
ENSMUSG00000037415.7	4.466712
ENSMUSG00000037416.13	1.15284
ENSMUSG00000037418.6	1.030517
ENSMUSG00000037419.9	40.267652
ENSMUSG00000037424.6	0
ENSMUSG00000037426.18	9.026753
ENSMUSG00000037428.14	139.97852
ENSMUSG00000037432.15	0.018121
ENSMUSG00000037434.7	5.673263
ENSMUSG00000037437.18	0.35525
ENSMUSG00000037438.6	0
ENSMUSG00000037440.8	0.075076
ENSMUSG00000037443.13	2.207947
ENSMUSG00000037446.14	0.069771
ENSMUSG00000037447.16	5.380788
ENSMUSG00000037451.8	0
ENSMUSG00000037455.16	7.72145
ENSMUSG00000037458.15	23.033582
ENSMUSG00000037461.10	6.630098
ENSMUSG00000037463.14	6.697649
ENSMUSG00000037465.10	7.794898
ENSMUSG00000037466.13	1.160495
ENSMUSG00000037469.11	0.802757
ENSMUSG00000037470.14	4.033406
ENSMUSG00000037474.13	0.944334
ENSMUSG00000037475.15	1.420033
ENSMUSG00000037477.8	0.052494
ENSMUSG00000037482.2	0.113784
ENSMUSG00000037486.18	0.796674
ENSMUSG00000037487.7	6.693907
ENSMUSG00000037490.5	1.81166
ENSMUSG00000037492.16	7.149544
ENSMUSG00000037493.6	41.328345
ENSMUSG00000037499.9	139.420983
ENSMUSG00000037503.12	55.52566
ENSMUSG00000037509.21	90.040171
ENSMUSG00000037514.17	16.956952
ENSMUSG00000037519.17	5.376944
ENSMUSG00000037523.13	4.176446
ENSMUSG00000037525.5	5.655115
ENSMUSG00000037526.7	6.363908
ENSMUSG00000037529.13	0
ENSMUSG00000037531.8	8.327457
ENSMUSG00000037533.20	1.267481
ENSMUSG00000037535.5	0
ENSMUSG00000037536.14	13.418159
ENSMUSG00000037537.6	0
ENSMUSG00000037541.22	5.99782
ENSMUSG00000037542.13	0
ENSMUSG00000037544.14	0.928671
ENSMUSG00000037548.15	0.580509
ENSMUSG00000037552.17	1.004568
ENSMUSG00000037553.14	22.509534
ENSMUSG00000037563.15	788.718285
ENSMUSG00000037568.12	1.385806
ENSMUSG00000037570.16	61.98745
ENSMUSG00000037572.17	0.252347
ENSMUSG00000037573.5	18.26133
ENSMUSG00000037577.13	0.125127
ENSMUSG00000037578.4	0.240604
ENSMUSG00000037579.7	38.905465
ENSMUSG00000037580.10	1.078386
ENSMUSG00000037583.2	0.175986
ENSMUSG00000037593.12	0.632703
ENSMUSG00000037594.11	9.050291
ENSMUSG00000037600.16	0.257687
ENSMUSG00000037601.11	102.290675
ENSMUSG00000037603.7	0
ENSMUSG00000037605.16	12.488851
ENSMUSG00000037606.18	11.360873
ENSMUSG00000037608.16	8.241893
ENSMUSG00000037610.15	0.928328
ENSMUSG00000037613.16	0.133466
ENSMUSG00000037617.12	3.035844
ENSMUSG00000037621.8	0.835186
ENSMUSG00000037622.14	20.889482
ENSMUSG00000037624.15	15.852567
ENSMUSG00000037625.7	151.144292
ENSMUSG00000037627.16	0.117075
ENSMUSG00000037628.10	0.303234
ENSMUSG00000037636.6	0.025282
ENSMUSG00000037638.5	0.849942
ENSMUSG00000037640.15	1.711475
ENSMUSG00000037643.14	7.574877
ENSMUSG00000037646.10	0.895451
ENSMUSG00000037649.10	16.430035
ENSMUSG00000037652.15	1.367391
ENSMUSG00000037653.7	4.993256
ENSMUSG00000037656.9	27.096162
ENSMUSG00000037660.5	0.137543
ENSMUSG00000037661.14	0.352131
ENSMUSG00000037664.13	14.651909
ENSMUSG00000037669.15	14.727248
ENSMUSG00000037674.15	2.693933
ENSMUSG00000037679.9	45.259738
ENSMUSG00000037681.13	0.416426
ENSMUSG00000037683.14	0.215098
ENSMUSG00000037685.15	13.341325
ENSMUSG00000037686.6	0.55042
ENSMUSG00000037689.6	0
ENSMUSG00000037692.14	9.117959
ENSMUSG00000037697.19	7.50475
ENSMUSG00000037703.14	64.875475
ENSMUSG00000037705.13	0.098646
ENSMUSG00000037706.17	490.383678
ENSMUSG00000037708.16	1.428121
ENSMUSG00000037709.13	1.463779
ENSMUSG00000037710.8	174.457067
ENSMUSG00000037712.16	15.900665
ENSMUSG00000037716.15	0.755438
ENSMUSG00000037720.16	25.837118
ENSMUSG00000037722.8	4.59082
ENSMUSG00000037725.8	0.092769
ENSMUSG00000037727.6	59.174771
ENSMUSG00000037730.13	1.626391
ENSMUSG00000037731.5	0.20274
ENSMUSG00000037735.7	4.864341
ENSMUSG00000037736.20	3.163199
ENSMUSG00000037737.6	1.005024
ENSMUSG00000037738.11	0.08097
ENSMUSG00000037740.8	59.535199
ENSMUSG00000037742.14	1777.74454
ENSMUSG00000037747.9	126.264039
ENSMUSG00000037750.16	10.986731
ENSMUSG00000037752.4	1.377462
ENSMUSG00000037754.13	19.954935
ENSMUSG00000037759.6	0.23168
ENSMUSG00000037761.16	2.624091
ENSMUSG00000037762.6	0.821966
ENSMUSG00000037771.11	91.748631
ENSMUSG00000037772.13	96.592669
ENSMUSG00000037773.14	10.276354
ENSMUSG00000037780.3	0
ENSMUSG00000037784.14	2.528625
ENSMUSG00000037787.14	38.335793
ENSMUSG00000037788.14	23.424865
ENSMUSG00000037790.3	0
ENSMUSG00000037791.15	13.744735
ENSMUSG00000037795.14	0.245978
ENSMUSG00000037797.14	0
ENSMUSG00000037798.7	0.093516
ENSMUSG00000037801.13	0
ENSMUSG00000037805.15	435.963826
ENSMUSG00000037808.13	1.315814
ENSMUSG00000037813.13	1.801279
ENSMUSG00000037815.7	18.879433
ENSMUSG00000037816.10	6.865347
ENSMUSG00000037818.16	4.641845
ENSMUSG00000037820.15	3.605606
ENSMUSG00000037822.12	110.847361
ENSMUSG00000037824.6	17.689858
ENSMUSG00000037826.5	7.739679
ENSMUSG00000037827.5	0.568376
ENSMUSG00000037833.14	0.28799
ENSMUSG00000037843.6	100.595688
ENSMUSG00000037845.14	1.795483
ENSMUSG00000037846.18	1.098918
ENSMUSG00000037847.14	1.484324
ENSMUSG00000037849.8	0
ENSMUSG00000037851.13	7.347578
ENSMUSG00000037852.8	864.68862
ENSMUSG00000037855.15	73.829622
ENSMUSG00000037857.16	4.246845
ENSMUSG00000037860.15	0.29773
ENSMUSG00000037868.15	0.442157
ENSMUSG00000037872.5	22.312006
ENSMUSG00000037876.17	1.008229
ENSMUSG00000037884.6	0
ENSMUSG00000037885.18	4.560064
ENSMUSG00000037887.11	36.113722
ENSMUSG00000037890.13	1.591958
ENSMUSG00000037892.13	1.465462
ENSMUSG00000037894.13	266.889332
ENSMUSG00000037896.17	1.933334
ENSMUSG00000037902.18	151.252156
ENSMUSG00000037904.14	13.978159
ENSMUSG00000037905.13	23.033044
ENSMUSG00000037907.16	17.720241
ENSMUSG00000037910.2	0
ENSMUSG00000037913.12	0.020183
ENSMUSG00000037916.14	211.695721
ENSMUSG00000037921.15	0
ENSMUSG00000037922.13	0.423242
ENSMUSG00000037924.6	0
ENSMUSG00000037926.15	1.351441
ENSMUSG00000037933.16	7.893454
ENSMUSG00000037935.16	13.49882
ENSMUSG00000037936.15	13.296242
ENSMUSG00000037938.4	13.813676
ENSMUSG00000037940.17	1.456191
ENSMUSG00000037942.5	0
ENSMUSG00000037944.8	0.031111
ENSMUSG00000037946.11	2.54811
ENSMUSG00000037949.8	15.680971
ENSMUSG00000037953.7	0.054295
ENSMUSG00000037957.14	7.69457
ENSMUSG00000037958.13	1.612135
ENSMUSG00000037960.11	14.563011
ENSMUSG00000037962.7	0.380626
ENSMUSG00000037965.14	2.244807
ENSMUSG00000037966.15	26.287798
ENSMUSG00000037971.10	55.695759
ENSMUSG00000037972.7	84.496718
ENSMUSG00000037973.6	0.077636
ENSMUSG00000037974.16	0
ENSMUSG00000037977.6	5.101221
ENSMUSG00000037979.13	79.260243
ENSMUSG00000037982.16	0
ENSMUSG00000037984.9	28.143276
ENSMUSG00000037989.15	19.988723
ENSMUSG00000037990.18	2.499872
ENSMUSG00000037991.9	0.117885
ENSMUSG00000037992.16	5.839767
ENSMUSG00000037993.8	8.321626
ENSMUSG00000037994.14	0.55784
ENSMUSG00000037995.15	0.558914
ENSMUSG00000037996.17	13.646309
ENSMUSG00000037997.12	7.689187
ENSMUSG00000037999.13	3.717543
ENSMUSG00000038000.10	29.030372
ENSMUSG00000038002.9	1.829431
ENSMUSG00000038005.15	22.931375
ENSMUSG00000038007.14	1.379736
ENSMUSG00000038009.7	0.100987
ENSMUSG00000038010.9	0.480409
ENSMUSG00000038011.15	0.009091
ENSMUSG00000038013.14	15.556474
ENSMUSG00000038014.7	14.583186
ENSMUSG00000038015.6	0
ENSMUSG00000038020.5	53.901105
ENSMUSG00000038022.11	4.41226
ENSMUSG00000038023.12	12.882843
ENSMUSG00000038024.17	0.345326
ENSMUSG00000038025.8	9.869808
ENSMUSG00000038026.12	30.073533
ENSMUSG00000038028.9	8.798733
ENSMUSG00000038034.15	175.248471
ENSMUSG00000038037.5	0.32828
ENSMUSG00000038039.13	11.019064
ENSMUSG00000038042.11	5.61706
ENSMUSG00000038044.8	0
ENSMUSG00000038045.14	0.143122
ENSMUSG00000038046.4	12.693305
ENSMUSG00000038047.18	0.61021
ENSMUSG00000038048.8	0.194047
ENSMUSG00000038055.12	56.661713
ENSMUSG00000038056.15	1.583717
ENSMUSG00000038057.4	1.523623
ENSMUSG00000038058.14	1.842966
ENSMUSG00000038059.7	4.373017
ENSMUSG00000038060.15	0.324245
ENSMUSG00000038064.7	1.438138
ENSMUSG00000038065.13	27.938037
ENSMUSG00000038067.2	0
ENSMUSG00000038068.15	4.596679
ENSMUSG00000038069.6	2.889111
ENSMUSG00000038070.15	1.067918
ENSMUSG00000038071.3	0.011722
ENSMUSG00000038072.14	18.476742
ENSMUSG00000038074.16	2.496526
ENSMUSG00000038077.7	30.475299
ENSMUSG00000038079.14	17.118323
ENSMUSG00000038080.17	0.820289
ENSMUSG00000038084.16	12.472248
ENSMUSG00000038085.13	2.223214
ENSMUSG00000038086.4	1.987829
ENSMUSG00000038092.6	0
ENSMUSG00000038094.15	4.237967
ENSMUSG00000038095.15	4.181209
ENSMUSG00000038102.15	7.111503
ENSMUSG00000038112.15	3.151181
ENSMUSG00000038115.16	1.5612
ENSMUSG00000038116.16	10.597461
ENSMUSG00000038119.15	0.506495
ENSMUSG00000038121.6	2.049499
ENSMUSG00000038122.9	0.474481
ENSMUSG00000038126.17	0.486523
ENSMUSG00000038127.15	4.057638
ENSMUSG00000038128.7	12.822319
ENSMUSG00000038132.6	5.30672
ENSMUSG00000038135.4	0.568618
ENSMUSG00000038141.11	12.928047
ENSMUSG00000038143.16	4.715015
ENSMUSG00000038145.17	17.778203
ENSMUSG00000038146.8	1.544074
ENSMUSG00000038147.13	0.260916
ENSMUSG00000038148.13	0
ENSMUSG00000038150.7	42.463031
ENSMUSG00000038151.13	0.076852
ENSMUSG00000038152.4	9.445029
ENSMUSG00000038155.11	5.323389
ENSMUSG00000038156.16	13.34265
ENSMUSG00000038160.7	11.46396
ENSMUSG00000038165.8	0
ENSMUSG00000038167.6	0.125637
ENSMUSG00000038168.5	0.568277
ENSMUSG00000038170.15	17.878359
ENSMUSG00000038172.14	3.082029
ENSMUSG00000038173.15	2.569622
ENSMUSG00000038174.14	4.801851
ENSMUSG00000038175.10	4.365493
ENSMUSG00000038178.16	11.627007
ENSMUSG00000038179.13	0.070978
ENSMUSG00000038180.11	1.604726
ENSMUSG00000038181.16	18.363446
ENSMUSG00000038187.14	15.4558
ENSMUSG00000038188.17	0.281665
ENSMUSG00000038192.5	0.017935
ENSMUSG00000038193.4	0
ENSMUSG00000038195.6	1.757104
ENSMUSG00000038199.12	0
ENSMUSG00000038201.10	0
ENSMUSG00000038203.18	0
ENSMUSG00000038204.13	0.338796
ENSMUSG00000038205.12	3.516014
ENSMUSG00000038206.13	12.48073
ENSMUSG00000038208.13	7.140979
ENSMUSG00000038209.12	0
ENSMUSG00000038210.10	0
ENSMUSG00000038212.16	12.38883
ENSMUSG00000038213.7	6.582116
ENSMUSG00000038214.15	1.065418
ENSMUSG00000038215.15	2.349084
ENSMUSG00000038216.7	0.602086
ENSMUSG00000038217.13	1.268145
ENSMUSG00000038218.3	0
ENSMUSG00000038224.12	0.139938
ENSMUSG00000038225.15	0.576712
ENSMUSG00000038227.15	0
ENSMUSG00000038233.10	2.651708
ENSMUSG00000038235.4	3.458632
ENSMUSG00000038236.8	0.061168
ENSMUSG00000038239.11	0.125407
ENSMUSG00000038240.13	6.289933
ENSMUSG00000038241.16	1.338686
ENSMUSG00000038242.12	0.502405
ENSMUSG00000038244.14	116.696886
ENSMUSG00000038246.7	0.026627
ENSMUSG00000038248.8	11.911366
ENSMUSG00000038250.9	2.9564
ENSMUSG00000038252.13	4.22779
ENSMUSG00000038253.6	2.422459
ENSMUSG00000038255.6	28.517644
ENSMUSG00000038256.15	8.814031
ENSMUSG00000038257.10	2.482744
ENSMUSG00000038259.4	0.431415
ENSMUSG00000038260.10	11.736087
ENSMUSG00000038264.8	50.979869
ENSMUSG00000038267.15	11.620349
ENSMUSG00000038268.4	6.699232
ENSMUSG00000038271.17	19.489371
ENSMUSG00000038274.13	1066.302559
ENSMUSG00000038276.12	0.07765
ENSMUSG00000038279.10	11.206492
ENSMUSG00000038280.12	13.864754
ENSMUSG00000038286.11	28.342632
ENSMUSG00000038290.15	6.954838
ENSMUSG00000038291.16	12.583074
ENSMUSG00000038292.14	1.021196
ENSMUSG00000038295.14	6.92428
ENSMUSG00000038296.14	18.526607
ENSMUSG00000038298.14	0.041159
ENSMUSG00000038299.16	5.021426
ENSMUSG00000038300.6	0.366861
ENSMUSG00000038301.15	50.010766
ENSMUSG00000038302.14	5.287064
ENSMUSG00000038304.14	0
ENSMUSG00000038305.15	10.990033
ENSMUSG00000038311.13	0
ENSMUSG00000038312.10	12.692866
ENSMUSG00000038319.14	29.443027
ENSMUSG00000038323.3	5.479236
ENSMUSG00000038324.13	60.383096
ENSMUSG00000038327.8	0
ENSMUSG00000038330.10	0
ENSMUSG00000038331.15	6.483287
ENSMUSG00000038332.13	13.55346
ENSMUSG00000038335.13	3.89901
ENSMUSG00000038342.15	2.615332
ENSMUSG00000038344.14	2.172279
ENSMUSG00000038346.18	9.394265
ENSMUSG00000038347.15	2.442205
ENSMUSG00000038349.10	1.960361
ENSMUSG00000038351.14	24.208607
ENSMUSG00000038352.15	2.25075
ENSMUSG00000038354.13	4.671125
ENSMUSG00000038357.10	0
ENSMUSG00000038365.8	36.596578
ENSMUSG00000038366.15	53.225437
ENSMUSG00000038368.16	5.175036
ENSMUSG00000038369.14	5.727021
ENSMUSG00000038370.6	241.179007
ENSMUSG00000038371.15	3.216931
ENSMUSG00000038372.14	5.672172
ENSMUSG00000038374.10	19.317637
ENSMUSG00000038375.15	69.130283
ENSMUSG00000038379.15	0.021939
ENSMUSG00000038383.16	24.37359
ENSMUSG00000038384.16	3.243483
ENSMUSG00000038387.9	13.456861
ENSMUSG00000038388.14	12.503526
ENSMUSG00000038390.11	146.467526
ENSMUSG00000038393.14	7.164135
ENSMUSG00000038398.8	14.605184
ENSMUSG00000038400.15	17.071224
ENSMUSG00000038402.2	0.833043
ENSMUSG00000038403.10	1.422707
ENSMUSG00000038406.17	51.638545
ENSMUSG00000038408.14	0.020984
ENSMUSG00000038412.8	58.57892
ENSMUSG00000038415.10	0.300234
ENSMUSG00000038416.15	15.665504
ENSMUSG00000038417.4	8.247182
ENSMUSG00000038418.7	64.983401
ENSMUSG00000038421.13	0.059661
ENSMUSG00000038422.2	17.684466
ENSMUSG00000038425.18	3.487391
ENSMUSG00000038429.10	98.948809
ENSMUSG00000038437.11	13.180939
ENSMUSG00000038446.8	3.411389
ENSMUSG00000038451.13	5.915472
ENSMUSG00000038453.17	40.163502
ENSMUSG00000038456.9	6.124743
ENSMUSG00000038457.17	1.747381
ENSMUSG00000038459.10	15.115676
ENSMUSG00000038462.3	158.699795
ENSMUSG00000038463.8	4.762279
ENSMUSG00000038467.15	219.71213
ENSMUSG00000038473.14	12.153212
ENSMUSG00000038481.13	7.642708
ENSMUSG00000038482.11	19.224909
ENSMUSG00000038485.6	10.128282
ENSMUSG00000038486.9	190.407866
ENSMUSG00000038489.8	42.440041
ENSMUSG00000038491.9	0
ENSMUSG00000038495.14	5.486164
ENSMUSG00000038496.16	0.537348
ENSMUSG00000038497.7	26.263099
ENSMUSG00000038498.4	0
ENSMUSG00000038500.15	18.773854
ENSMUSG00000038502.17	249.614336
ENSMUSG00000038503.15	21.143083
ENSMUSG00000038506.13	13.818832
ENSMUSG00000038507.6	1.642684
ENSMUSG00000038508.7	0.256144
ENSMUSG00000038510.12	8.720042
ENSMUSG00000038515.10	4.194707
ENSMUSG00000038517.15	14.264314
ENSMUSG00000038518.15	2.920341
ENSMUSG00000038520.15	52.990789
ENSMUSG00000038521.17	0.266746
ENSMUSG00000038522.7	0.39667
ENSMUSG00000038523.10	1.120381
ENSMUSG00000038524.13	2.295503
ENSMUSG00000038525.16	4.605308
ENSMUSG00000038526.14	20.331387
ENSMUSG00000038527.9	0.237346
ENSMUSG00000038528.15	0
ENSMUSG00000038530.11	88.67206
ENSMUSG00000038533.15	9.977241
ENSMUSG00000038534.19	6.424649
ENSMUSG00000038535.17	3.552852
ENSMUSG00000038537.1	0.355071
ENSMUSG00000038538.17	0.889458
ENSMUSG00000038539.15	20.741363
ENSMUSG00000038540.14	0.09735
ENSMUSG00000038541.8	0
ENSMUSG00000038542.14	10.825216
ENSMUSG00000038543.13	2.647404
ENSMUSG00000038544.14	8.05598
ENSMUSG00000038545.13	8.958003
ENSMUSG00000038546.9	21.378443
ENSMUSG00000038550.10	15.739072
ENSMUSG00000038552.14	82.178179
ENSMUSG00000038555.7	113.789761
ENSMUSG00000038560.7	0.28275
ENSMUSG00000038563.14	2.490694
ENSMUSG00000038564.11	7.367386
ENSMUSG00000038567.5	0
ENSMUSG00000038569.13	0.792457
ENSMUSG00000038570.15	9.03998
ENSMUSG00000038572.7	0.057563
ENSMUSG00000038576.15	59.420381
ENSMUSG00000038578.15	2.410997
ENSMUSG00000038580.13	0.563368
ENSMUSG00000038582.15	13.00219
ENSMUSG00000038583.13	0.441603
ENSMUSG00000038587.10	2.701387
ENSMUSG00000038591.3	0
ENSMUSG00000038593.18	3.296885
ENSMUSG00000038594.9	0.819524
ENSMUSG00000038598.9	0
ENSMUSG00000038599.14	0
ENSMUSG00000038600.12	0.125316
ENSMUSG00000038602.7	13.603127
ENSMUSG00000038604.9	19.322168
ENSMUSG00000038605.11	12.182723
ENSMUSG00000038607.12	59.790795
ENSMUSG00000038608.15	1.30604
ENSMUSG00000038611.17	20.74908
ENSMUSG00000038612.16	15.300897
ENSMUSG00000038615.17	120.564481
ENSMUSG00000038618.12	2.62691
ENSMUSG00000038619.12	241.54378
ENSMUSG00000038622.8	25.139542
ENSMUSG00000038623.9	5.494805
ENSMUSG00000038624.13	0
ENSMUSG00000038628.8	10.464537
ENSMUSG00000038630.8	1.13479
ENSMUSG00000038633.5	64.617749
ENSMUSG00000038637.15	1.755834
ENSMUSG00000038641.12	0.011109
ENSMUSG00000038642.10	37.857635
ENSMUSG00000038644.14	2.63546
ENSMUSG00000038646.13	72.280329
ENSMUSG00000038648.5	1.602789
ENSMUSG00000038650.15	37.771442
ENSMUSG00000038651.15	0.115452
ENSMUSG00000038656.5	0
ENSMUSG00000038658.15	3.259761
ENSMUSG00000038663.7	0.154508
ENSMUSG00000038664.16	3.553705
ENSMUSG00000038665.15	1.642885
ENSMUSG00000038668.14	8.389578
ENSMUSG00000038670.11	0.146858
ENSMUSG00000038671.15	25.76985
ENSMUSG00000038676.6	0.433396
ENSMUSG00000038677.14	1.273469
ENSMUSG00000038679.16	0.680066
ENSMUSG00000038683.16	26.393283
ENSMUSG00000038685.18	3.537452
ENSMUSG00000038690.15	537.860625
ENSMUSG00000038691.5	0
ENSMUSG00000038692.8	1.289988
ENSMUSG00000038695.13	50.132371
ENSMUSG00000038696.14	17.670434
ENSMUSG00000038697.15	8.047687
ENSMUSG00000038700.4	9.155905
ENSMUSG00000038702.6	1.476497
ENSMUSG00000038704.12	1.27059
ENSMUSG00000038705.13	5.170987
ENSMUSG00000038708.10	3.12359
ENSMUSG00000038709.15	0
ENSMUSG00000038712.16	11.926605
ENSMUSG00000038717.8	1002.575782
ENSMUSG00000038718.15	7.199783
ENSMUSG00000038721.8	0.528061
ENSMUSG00000038722.17	47.769013
ENSMUSG00000038725.13	0
ENSMUSG00000038729.24	5.155837
ENSMUSG00000038732.15	0.916003
ENSMUSG00000038733.14	8.823274
ENSMUSG00000038736.10	1.319536
ENSMUSG00000038738.15	14.240577
ENSMUSG00000038740.9	32.382295
ENSMUSG00000038742.7	7.676391
ENSMUSG00000038745.15	0.357502
ENSMUSG00000038750.12	0
ENSMUSG00000038751.5	0.007978
ENSMUSG00000038754.5	0
ENSMUSG00000038756.13	0.027758
ENSMUSG00000038759.15	1.547208
ENSMUSG00000038760.14	0.982778
ENSMUSG00000038762.15	26.304706
ENSMUSG00000038763.12	0.058824
ENSMUSG00000038764.14	5.93172
ENSMUSG00000038765.14	0.573742
ENSMUSG00000038766.16	0.386588
ENSMUSG00000038768.8	0
ENSMUSG00000038770.17	0
ENSMUSG00000038773.11	5.204912
ENSMUSG00000038774.9	1.887267
ENSMUSG00000038775.14	1.793574
ENSMUSG00000038776.13	27.375403
ENSMUSG00000038777.19	8.786551
ENSMUSG00000038780.14	7.964062
ENSMUSG00000038781.7	0.525779
ENSMUSG00000038782.7	1.173706
ENSMUSG00000038784.13	5.640064
ENSMUSG00000038791.14	0
ENSMUSG00000038793.8	4.15085
ENSMUSG00000038797.13	5.889788
ENSMUSG00000038801.6	0
ENSMUSG00000038803.7	128.699024
ENSMUSG00000038805.10	7.526301
ENSMUSG00000038806.7	8.425372
ENSMUSG00000038807.19	34.904436
ENSMUSG00000038811.13	5.500017
ENSMUSG00000038812.16	65.46268
ENSMUSG00000038816.14	1.372658
ENSMUSG00000038822.15	6.343319
ENSMUSG00000038827.11	3.11745
ENSMUSG00000038828.13	23.358623
ENSMUSG00000038831.16	4.315908
ENSMUSG00000038836.15	5.434168
ENSMUSG00000038838.15	5.005721
ENSMUSG00000038840.7	0.195885
ENSMUSG00000038843.18	0.285442
ENSMUSG00000038844.10	1.582294
ENSMUSG00000038845.11	173.197978
ENSMUSG00000038848.14	20.735562
ENSMUSG00000038855.10	10.725361
ENSMUSG00000038859.7	0.410672
ENSMUSG00000038860.15	16.962773
ENSMUSG00000038861.14	22.971415
ENSMUSG00000038866.15	2.197538
ENSMUSG00000038871.5	31.772977
ENSMUSG00000038872.10	0.454152
ENSMUSG00000038876.12	18.724124
ENSMUSG00000038879.8	2.455082
ENSMUSG00000038880.13	78.027394
ENSMUSG00000038883.3	0
ENSMUSG00000038884.14	38.605582
ENSMUSG00000038886.10	33.918146
ENSMUSG00000038888.8	5.54713
ENSMUSG00000038891.3	0
ENSMUSG00000038893.12	3.377605
ENSMUSG00000038894.7	9.222402
ENSMUSG00000038895.16	9.251084
ENSMUSG00000038900.17	407.344141
ENSMUSG00000038902.14	6.34338
ENSMUSG00000038903.13	0.052953
ENSMUSG00000038909.16	31.123514
ENSMUSG00000038910.7	11.198627
ENSMUSG00000038914.15	3.191469
ENSMUSG00000038916.7	5.887949
ENSMUSG00000038917.4	0.028893
ENSMUSG00000038925.14	0.047763
ENSMUSG00000038930.11	2.23783
ENSMUSG00000038932.13	0.396706
ENSMUSG00000038936.13	39.398939
ENSMUSG00000038943.16	0.237578
ENSMUSG00000038949.8	9.55132
ENSMUSG00000038954.14	14.608784
ENSMUSG00000038957.13	6.699703
ENSMUSG00000038963.15	0.573586
ENSMUSG00000038965.17	105.684268
ENSMUSG00000038967.13	95.705352
ENSMUSG00000038968.3	0
ENSMUSG00000038970.7	18.596648
ENSMUSG00000038973.2	0
ENSMUSG00000038975.14	24.434673
ENSMUSG00000038976.12	218.064824
ENSMUSG00000038980.1	0
ENSMUSG00000038982.10	6.640214
ENSMUSG00000038984.4	11.329779
ENSMUSG00000038987.8	0.126272
ENSMUSG00000038990.14	12.999858
ENSMUSG00000038991.17	42.363058
ENSMUSG00000038994.6	0
ENSMUSG00000038997.4	0
ENSMUSG00000039000.8	14.381441
ENSMUSG00000039001.12	2144.782878
ENSMUSG00000039004.6	5.495175
ENSMUSG00000039005.13	0.122127
ENSMUSG00000039007.10	7.156408
ENSMUSG00000039013.16	0.444319
ENSMUSG00000039016.5	449.147851
ENSMUSG00000039018.15	23.430381
ENSMUSG00000039021.15	0.150905
ENSMUSG00000039031.16	0.596798
ENSMUSG00000039032.2	0.061657
ENSMUSG00000039033.11	7.891522
ENSMUSG00000039037.5	11.013462
ENSMUSG00000039041.15	85.210028
ENSMUSG00000039043.5	12.446987
ENSMUSG00000039046.15	3.094414
ENSMUSG00000039047.17	16.484126
ENSMUSG00000039048.15	12.476272
ENSMUSG00000039050.8	25.501968
ENSMUSG00000039055.4	0
ENSMUSG00000039057.11	4.785076
ENSMUSG00000039058.11	44.285653
ENSMUSG00000039059.11	48.154795
ENSMUSG00000039062.15	1.910548
ENSMUSG00000039063.5	1.020848
ENSMUSG00000039065.11	2.255667
ENSMUSG00000039067.5	78.661913
ENSMUSG00000039068.16	1.622066
ENSMUSG00000039069.19	8.910971
ENSMUSG00000039070.5	0.098418
ENSMUSG00000039079.1	1.372933
ENSMUSG00000039081.10	2.760829
ENSMUSG00000039084.8	0.316861
ENSMUSG00000039086.9	8.312475
ENSMUSG00000039087.17	0.442917
ENSMUSG00000039089.15	4.726976
ENSMUSG00000039092.9	0.040998
ENSMUSG00000039095.8	0.950017
ENSMUSG00000039096.10	3.80219
ENSMUSG00000039097.5	0.739522
ENSMUSG00000039098.3	0.551411
ENSMUSG00000039099.7	0.212643
ENSMUSG00000039100.10	32.284082
ENSMUSG00000039103.12	0.619863
ENSMUSG00000039105.6	185.20133
ENSMUSG00000039106.6	2.899342
ENSMUSG00000039108.14	50.216234
ENSMUSG00000039109.16	0.327644
ENSMUSG00000039110.15	0.767699
ENSMUSG00000039114.16	137.491092
ENSMUSG00000039115.13	1.064559
ENSMUSG00000039116.7	0.354101
ENSMUSG00000039117.16	2.50426
ENSMUSG00000039126.10	9.68051
ENSMUSG00000039128.13	56.2119
ENSMUSG00000039130.18	21.152629
ENSMUSG00000039131.15	2.050389
ENSMUSG00000039133.8	1.934746
ENSMUSG00000039137.18	14.98703
ENSMUSG00000039138.1	0
ENSMUSG00000039145.16	11.75243
ENSMUSG00000039146.5	0
ENSMUSG00000039148.5	35.061231
ENSMUSG00000039153.17	1.316473
ENSMUSG00000039154.8	30.686035
ENSMUSG00000039155.15	0.196137
ENSMUSG00000039156.19	17.555755
ENSMUSG00000039157.12	34.105486
ENSMUSG00000039158.11	0.591551
ENSMUSG00000039159.16	28.144299
ENSMUSG00000039163.10	19.027151
ENSMUSG00000039164.2	1.634838
ENSMUSG00000039166.16	11.944493
ENSMUSG00000039167.12	0.862845
ENSMUSG00000039168.15	8.395988
ENSMUSG00000039174.14	0
ENSMUSG00000039176.17	15.503149
ENSMUSG00000039178.9	5.552132
ENSMUSG00000039179.13	13.542121
ENSMUSG00000039182.6	9.267386
ENSMUSG00000039183.6	40.043384
ENSMUSG00000039187.16	0.142848
ENSMUSG00000039191.12	2.752838
ENSMUSG00000039193.9	0
ENSMUSG00000039194.16	9.565091
ENSMUSG00000039195.4	294.219658
ENSMUSG00000039196.2	0
ENSMUSG00000039197.10	50.035177
ENSMUSG00000039198.8	0
ENSMUSG00000039199.6	17.366975
ENSMUSG00000039200.16	0
ENSMUSG00000039201.10	7.759891
ENSMUSG00000039202.12	12.151502
ENSMUSG00000039205.16	15.426893
ENSMUSG00000039206.13	15.970645
ENSMUSG00000039208.15	9.764353
ENSMUSG00000039209.12	0.312166
ENSMUSG00000039210.16	2.370296
ENSMUSG00000039215.5	0
ENSMUSG00000039217.13	17.707292
ENSMUSG00000039218.17	24.267498
ENSMUSG00000039219.18	1.963124
ENSMUSG00000039220.16	14.085519
ENSMUSG00000039221.10	423.791901
ENSMUSG00000039224.1	0
ENSMUSG00000039230.14	20.989958
ENSMUSG00000039231.18	14.665989
ENSMUSG00000039232.12	0.043607
ENSMUSG00000039233.12	7.112566
ENSMUSG00000039234.11	4.150993
ENSMUSG00000039236.18	0.216418
ENSMUSG00000039238.6	0.155904
ENSMUSG00000039239.14	2.505126
ENSMUSG00000039242.10	0.89879
ENSMUSG00000039244.10	14.336652
ENSMUSG00000039246.8	8.668531
ENSMUSG00000039252.11	12.993358
ENSMUSG00000039253.7	20.279702
ENSMUSG00000039254.16	5.466506
ENSMUSG00000039257.11	24.727421
ENSMUSG00000039262.16	28.366927
ENSMUSG00000039263.16	5.986273
ENSMUSG00000039264.9	0.071178
ENSMUSG00000039269.5	0
ENSMUSG00000039270.9	6.564293
ENSMUSG00000039275.9	21.110141
ENSMUSG00000039278.10	377.084538
ENSMUSG00000039285.12	16.309141
ENSMUSG00000039286.12	0.983026
ENSMUSG00000039294.14	9.764213
ENSMUSG00000039296.15	0.026229
ENSMUSG00000039298.16	2.260902
ENSMUSG00000039304.11	0.221071
ENSMUSG00000039307.16	10.219794
ENSMUSG00000039308.6	5.044257
ENSMUSG00000039313.14	0.410804
ENSMUSG00000039315.15	0
ENSMUSG00000039316.14	8.731405
ENSMUSG00000039318.12	6.527804
ENSMUSG00000039321.1	0.293728
ENSMUSG00000039323.18	92.041659
ENSMUSG00000039328.11	3.316515
ENSMUSG00000039329.8	0
ENSMUSG00000039330.5	0
ENSMUSG00000039335.11	0
ENSMUSG00000039337.3	0
ENSMUSG00000039339.4	0
ENSMUSG00000039342.5	0
ENSMUSG00000039345.16	22.882865
ENSMUSG00000039347.7	455.746239
ENSMUSG00000039349.5	20.899818
ENSMUSG00000039354.16	9.340366
ENSMUSG00000039356.15	13.38145
ENSMUSG00000039357.2	2.973931
ENSMUSG00000039358.3	1.968242
ENSMUSG00000039361.11	31.913699
ENSMUSG00000039364.13	0
ENSMUSG00000039367.11	16.499807
ENSMUSG00000039372.5	4.814743
ENSMUSG00000039375.16	6.013451
ENSMUSG00000039376.13	0.103502
ENSMUSG00000039377.7	0.226686
ENSMUSG00000039382.12	34.830184
ENSMUSG00000039384.8	3.631964
ENSMUSG00000039385.5	1.315012
ENSMUSG00000039391.11	0.145843
ENSMUSG00000039395.8	6.66155
ENSMUSG00000039396.11	0
ENSMUSG00000039405.7	5.060812
ENSMUSG00000039410.16	1.980311
ENSMUSG00000039414.10	8.748814
ENSMUSG00000039419.17	38.250434
ENSMUSG00000039427.14	24.645413
ENSMUSG00000039428.11	13.680463
ENSMUSG00000039431.16	13.06423
ENSMUSG00000039438.7	0.095069
ENSMUSG00000039449.14	8.327706
ENSMUSG00000039450.11	18.402438
ENSMUSG00000039452.6	3.031334
ENSMUSG00000039456.10	1.750658
ENSMUSG00000039457.4	0.088137
ENSMUSG00000039458.15	5.008253
ENSMUSG00000039461.12	29.632312
ENSMUSG00000039462.4	0.094876
ENSMUSG00000039463.14	10.161637
ENSMUSG00000039470.15	16.611016
ENSMUSG00000039473.8	5.913252
ENSMUSG00000039474.13	54.942557
ENSMUSG00000039476.13	1.160573
ENSMUSG00000039477.16	5.732883
ENSMUSG00000039478.15	23.040564
ENSMUSG00000039480.14	0.530575
ENSMUSG00000039481.5	3.906844
ENSMUSG00000039483.10	18.772063
ENSMUSG00000039485.8	247.855609
ENSMUSG00000039488.15	0.264506
ENSMUSG00000039492.7	0
ENSMUSG00000039496.8	0.572979
ENSMUSG00000039497.8	0.578712
ENSMUSG00000039501.14	9.131917
ENSMUSG00000039508.6	0
ENSMUSG00000039509.8	3.686987
ENSMUSG00000039512.12	1.610149
ENSMUSG00000039515.11	172.353993
ENSMUSG00000039518.7	1.008185
ENSMUSG00000039519.6	5.000255
ENSMUSG00000039521.13	0.016505
ENSMUSG00000039523.16	5.827112
ENSMUSG00000039529.9	0.227706
ENSMUSG00000039530.17	142.66434
ENSMUSG00000039531.8	1.16117
ENSMUSG00000039533.8	66.332805
ENSMUSG00000039536.16	22.56047
ENSMUSG00000039539.13	0.658602
ENSMUSG00000039540.9	0
ENSMUSG00000039542.16	56.848238
ENSMUSG00000039543.16	0.402476
ENSMUSG00000039545.16	0.808005
ENSMUSG00000039546.9	17.155884
ENSMUSG00000039552.14	0.685708
ENSMUSG00000039555.15	0
ENSMUSG00000039556.16	17.143533
ENSMUSG00000039563.6	3.292097
ENSMUSG00000039568.6	94.617192
ENSMUSG00000039577.17	1.730416
ENSMUSG00000039578.17	1.674528
ENSMUSG00000039579.15	5.250741
ENSMUSG00000039585.15	0.971541
ENSMUSG00000039599.16	13.842189
ENSMUSG00000039601.16	56.024431
ENSMUSG00000039607.17	2.426108
ENSMUSG00000039608.6	0
ENSMUSG00000039611.2	54.07335
ENSMUSG00000039615.9	204.204098
ENSMUSG00000039616.10	0.575543
ENSMUSG00000039617.8	0.075183
ENSMUSG00000039620.17	4.864337
ENSMUSG00000039621.13	26.683554
ENSMUSG00000039623.13	6.898173
ENSMUSG00000039628.9	0.349141
ENSMUSG00000039629.14	4.799376
ENSMUSG00000039630.10	16.423274
ENSMUSG00000039632.13	1.960851
ENSMUSG00000039633.7	3.964093
ENSMUSG00000039634.12	0.743627
ENSMUSG00000039637.15	20.31264
ENSMUSG00000039639.7	0
ENSMUSG00000039640.7	100.48192
ENSMUSG00000039646.5	5.176506
ENSMUSG00000039648.14	7.47007
ENSMUSG00000039652.16	7.869553
ENSMUSG00000039653.9	0.079408
ENSMUSG00000039656.17	49.313478
ENSMUSG00000039660.16	21.300611
ENSMUSG00000039661.14	89.807915
ENSMUSG00000039662.16	16.967403
ENSMUSG00000039670.2	14.572849
ENSMUSG00000039671.18	12.076808
ENSMUSG00000039672.12	1.610866
ENSMUSG00000039676.4	1.080465
ENSMUSG00000039678.12	21.793561
ENSMUSG00000039680.10	57.665594
ENSMUSG00000039682.12	29.785311
ENSMUSG00000039683.16	1.057119
ENSMUSG00000039684.9	0.011034
ENSMUSG00000039686.14	43.658954
ENSMUSG00000039691.10	0.093194
ENSMUSG00000039693.11	9.664697
ENSMUSG00000039697.16	14.294431
ENSMUSG00000039699.14	0.151905
ENSMUSG00000039701.11	1.452855
ENSMUSG00000039703.15	22.706743
ENSMUSG00000039704.7	8.201838
ENSMUSG00000039706.11	17.988129
ENSMUSG00000039710.14	0
ENSMUSG00000039713.17	17.404836
ENSMUSG00000039714.9	10.462247
ENSMUSG00000039715.8	24.070581
ENSMUSG00000039716.12	24.969731
ENSMUSG00000039717.16	41.598817
ENSMUSG00000039720.7	1.511339
ENSMUSG00000039725.6	17.259037
ENSMUSG00000039728.15	3.824512
ENSMUSG00000039735.16	4.471044
ENSMUSG00000039737.11	26.724677
ENSMUSG00000039738.16	4.628944
ENSMUSG00000039740.6	59.257744
ENSMUSG00000039741.15	2.200728
ENSMUSG00000039742.15	0
ENSMUSG00000039745.8	10.46528
ENSMUSG00000039747.11	23.740808
ENSMUSG00000039748.11	0.154744
ENSMUSG00000039753.16	20.111916
ENSMUSG00000039754.10	6.863702
ENSMUSG00000039756.12	4.38126
ENSMUSG00000039759.10	18.23925
ENSMUSG00000039760.8	0
ENSMUSG00000039763.10	1.773563
ENSMUSG00000039765.15	1.252319
ENSMUSG00000039768.16	28.454574
ENSMUSG00000039770.6	50.535773
ENSMUSG00000039771.13	89.074967
ENSMUSG00000039774.12	0.318512
ENSMUSG00000039775.7	0
ENSMUSG00000039781.14	5.053715
ENSMUSG00000039782.15	8.19799
ENSMUSG00000039783.15	0.033379
ENSMUSG00000039785.5	0
ENSMUSG00000039787.13	1.681308
ENSMUSG00000039789.7	3.169829
ENSMUSG00000039795.14	10.467759
ENSMUSG00000039798.2	0.3419
ENSMUSG00000039801.7	0.608121
ENSMUSG00000039804.15	15.196254
ENSMUSG00000039809.10	40.616942
ENSMUSG00000039810.11	7.991447
ENSMUSG00000039813.14	0.555206
ENSMUSG00000039814.15	0.115814
ENSMUSG00000039824.4	50.463803
ENSMUSG00000039826.13	17.906679
ENSMUSG00000039828.7	20.66743
ENSMUSG00000039830.9	18.395635
ENSMUSG00000039831.16	1.534913
ENSMUSG00000039834.17	4.834804
ENSMUSG00000039835.16	3.077256
ENSMUSG00000039838.11	31.384733
ENSMUSG00000039840.8	2.656206
ENSMUSG00000039841.14	1.0635
ENSMUSG00000039842.15	1.899085
ENSMUSG00000039844.20	20.153621
ENSMUSG00000039849.6	33.549566
ENSMUSG00000039850.16	10.477378
ENSMUSG00000039851.11	0.396862
ENSMUSG00000039852.17	19.771312
ENSMUSG00000039853.18	0.34075
ENSMUSG00000039860.19	15.50772
ENSMUSG00000039865.8	0.355259
ENSMUSG00000039873.4	3.413403
ENSMUSG00000039878.13	0.673609
ENSMUSG00000039879.9	4.747012
ENSMUSG00000039883.5	0.141733
ENSMUSG00000039886.8	16.448975
ENSMUSG00000039887.11	7.654087
ENSMUSG00000039891.6	0.112203
ENSMUSG00000039899.5	0.706058
ENSMUSG00000039901.10	6.565917
ENSMUSG00000039903.18	2.09974
ENSMUSG00000039904.9	29.119607
ENSMUSG00000039908.14	2.236413
ENSMUSG00000039910.10	26.6896
ENSMUSG00000039911.13	7.906582
ENSMUSG00000039913.12	3.300105
ENSMUSG00000039914.6	38.343325
ENSMUSG00000039917.10	42.806057
ENSMUSG00000039929.14	0.743056
ENSMUSG00000039934.12	0.505512
ENSMUSG00000039936.18	5.114646
ENSMUSG00000039942.15	0.599002
ENSMUSG00000039943.16	7.241095
ENSMUSG00000039952.15	18.818997
ENSMUSG00000039953.13	536.768556
ENSMUSG00000039954.9	1.571471
ENSMUSG00000039956.9	0.363778
ENSMUSG00000039958.17	2.777055
ENSMUSG00000039959.13	4.199796
ENSMUSG00000039960.5	18.699879
ENSMUSG00000039962.3	0
ENSMUSG00000039963.20	1.445396
ENSMUSG00000039967.14	0.751834
ENSMUSG00000039968.9	2.252707
ENSMUSG00000039976.4	7.594508
ENSMUSG00000039977.16	0.128087
ENSMUSG00000039981.6	0.035782
ENSMUSG00000039982.8	7.84658
ENSMUSG00000039983.13	47.073569
ENSMUSG00000039985.14	0.55421
ENSMUSG00000039987.15	0.869834
ENSMUSG00000039988.14	14.120245
ENSMUSG00000039989.7	18.079755
ENSMUSG00000039990.16	1.617509
ENSMUSG00000039994.15	1.04029
ENSMUSG00000039997.16	0.182113
ENSMUSG00000040003.18	12.015767
ENSMUSG00000040006.13	8.617529
ENSMUSG00000040007.8	10.884857
ENSMUSG00000040009.6	31.825623
ENSMUSG00000040010.10	20.702485
ENSMUSG00000040013.11	0.300133
ENSMUSG00000040016.16	0.972227
ENSMUSG00000040017.8	0
ENSMUSG00000040018.9	5.832748
ENSMUSG00000040021.13	2.490258
ENSMUSG00000040022.14	3.918314
ENSMUSG00000040025.17	13.426082
ENSMUSG00000040026.8	0.22196
ENSMUSG00000040028.10	15.112008
ENSMUSG00000040029.15	9.255243
ENSMUSG00000040033.16	3.642172
ENSMUSG00000040034.15	2.19754
ENSMUSG00000040035.14	68.305602
ENSMUSG00000040037.13	27.054158
ENSMUSG00000040040.16	1.707377
ENSMUSG00000040043.17	9.354613
ENSMUSG00000040044.11	5.321762
ENSMUSG00000040046.14	0.142301
ENSMUSG00000040048.14	355.098456
ENSMUSG00000040054.17	3.804689
ENSMUSG00000040055.9	30.146178
ENSMUSG00000040061.17	0.404239
ENSMUSG00000040065.8	0
ENSMUSG00000040078.9	3.089485
ENSMUSG00000040084.9	0.032102
ENSMUSG00000040086.13	0.088257
ENSMUSG00000040093.16	1.143406
ENSMUSG00000040097.16	315.391815
ENSMUSG00000040102.10	2.567187
ENSMUSG00000040105.3	16.013935
ENSMUSG00000040111.17	24.662364
ENSMUSG00000040112.9	32.949799
ENSMUSG00000040113.14	0.104208
ENSMUSG00000040118.15	10.715289
ENSMUSG00000040121.5	0.339565
ENSMUSG00000040123.17	2.715693
ENSMUSG00000040124.5	4.11497
ENSMUSG00000040125.4	5.444418
ENSMUSG00000040127.13	0
ENSMUSG00000040128.9	33.904033
ENSMUSG00000040132.6	0
ENSMUSG00000040133.2	3.861612
ENSMUSG00000040134.8	0
ENSMUSG00000040136.10	8.940078
ENSMUSG00000040138.7	7.027598
ENSMUSG00000040139.14	2.872844
ENSMUSG00000040140.15	0.869546
ENSMUSG00000040146.9	2.307767
ENSMUSG00000040147.14	12.202115
ENSMUSG00000040148.5	0.175083
ENSMUSG00000040151.9	8.755688
ENSMUSG00000040152.8	0.222327
ENSMUSG00000040154.11	0
ENSMUSG00000040158.12	8.429053
ENSMUSG00000040163.14	0
ENSMUSG00000040164.3	7.26105
ENSMUSG00000040165.14	0.117879
ENSMUSG00000040167.16	5.313767
ENSMUSG00000040170.13	0.090193
ENSMUSG00000040174.14	11.809491
ENSMUSG00000040177.10	4.832323
ENSMUSG00000040181.14	2.14653
ENSMUSG00000040183.13	5.209973
ENSMUSG00000040187.15	1.113882
ENSMUSG00000040188.10	11.749364
ENSMUSG00000040189.18	0.208299
ENSMUSG00000040195.11	1.532845
ENSMUSG00000040197.4	0.03448
ENSMUSG00000040204.6	0.081563
ENSMUSG00000040205.8	0.040427
ENSMUSG00000040209.12	1.095564
ENSMUSG00000040212.12	6.362022
ENSMUSG00000040213.13	3.34753
ENSMUSG00000040217.7	0
ENSMUSG00000040219.4	0.876807
ENSMUSG00000040220.10	12.007366
ENSMUSG00000040225.15	5.369861
ENSMUSG00000040229.11	5.736763
ENSMUSG00000040231.16	0
ENSMUSG00000040234.16	15.380048
ENSMUSG00000040236.4	21.052336
ENSMUSG00000040242.14	25.000854
ENSMUSG00000040247.6	0.150969
ENSMUSG00000040249.15	96.897144
ENSMUSG00000040250.14	3.53346
ENSMUSG00000040253.15	0.195822
ENSMUSG00000040254.11	0.749039
ENSMUSG00000040258.6	18.196137
ENSMUSG00000040260.8	6.593625
ENSMUSG00000040263.16	12.46495
ENSMUSG00000040264.10	0.169412
ENSMUSG00000040265.16	11.935277
ENSMUSG00000040268.17	12.133049
ENSMUSG00000040269.5	33.41175
ENSMUSG00000040270.16	0.546929
ENSMUSG00000040272.14	2.956394
ENSMUSG00000040274.11	0.106705
ENSMUSG00000040276.15	130.770869
ENSMUSG00000040280.10	4.587915
ENSMUSG00000040282.13	3.417169
ENSMUSG00000040283.14	0
ENSMUSG00000040284.4	0
ENSMUSG00000040287.9	0.179576
ENSMUSG00000040289.8	24.498388
ENSMUSG00000040296.15	0.769938
ENSMUSG00000040297.12	2.507802
ENSMUSG00000040298.6	0.12043
ENSMUSG00000040302.17	1.91802
ENSMUSG00000040310.12	0.215268
ENSMUSG00000040312.14	2.582816
ENSMUSG00000040314.2	0
ENSMUSG00000040321.3	3.157865
ENSMUSG00000040322.10	0.456332
ENSMUSG00000040323.13	0.278104
ENSMUSG00000040325.16	2.417354
ENSMUSG00000040327.16	9.038733
ENSMUSG00000040328.16	0.021126
ENSMUSG00000040329.14	0.036021
ENSMUSG00000040331.16	33.423753
ENSMUSG00000040339.10	5.464559
ENSMUSG00000040340.13	0
ENSMUSG00000040345.10	0.526345
ENSMUSG00000040350.16	1.316474
ENSMUSG00000040351.11	3.961643
ENSMUSG00000040354.14	22.627785
ENSMUSG00000040356.16	14.637258
ENSMUSG00000040359.14	3.486935
ENSMUSG00000040363.15	6.60007
ENSMUSG00000040364.8	0.097745
ENSMUSG00000040365.14	16.868761
ENSMUSG00000040367.2	0
ENSMUSG00000040370.13	11.037358
ENSMUSG00000040372.2	0.625982
ENSMUSG00000040373.12	8.867315
ENSMUSG00000040374.13	13.320106
ENSMUSG00000040380.14	0.627399
ENSMUSG00000040383.16	4.400299
ENSMUSG00000040385.7	299.274211
ENSMUSG00000040387.16	2.939417
ENSMUSG00000040389.15	14.444974
ENSMUSG00000040390.13	66.232257
ENSMUSG00000040396.12	4.399789
ENSMUSG00000040405.13	0
ENSMUSG00000040407.18	2.729698
ENSMUSG00000040410.14	5.392726
ENSMUSG00000040412.17	4.485672
ENSMUSG00000040413.15	0
ENSMUSG00000040414.8	26.440842
ENSMUSG00000040415.15	128.124821
ENSMUSG00000040420.15	3.283333
ENSMUSG00000040423.11	1.730961
ENSMUSG00000040424.15	0.131788
ENSMUSG00000040428.19	1.103501
ENSMUSG00000040429.6	0.610988
ENSMUSG00000040430.18	9.32079
ENSMUSG00000040432.5	0.103297
ENSMUSG00000040433.16	2.272914
ENSMUSG00000040434.16	0.225292
ENSMUSG00000040435.12	9.234797
ENSMUSG00000040441.12	0.256165
ENSMUSG00000040446.4	19.997251
ENSMUSG00000040447.15	18.382414
ENSMUSG00000040451.18	5.848742
ENSMUSG00000040452.9	0.595365
ENSMUSG00000040455.17	4.654526
ENSMUSG00000040456.2	0
ENSMUSG00000040459.11	11.271335
ENSMUSG00000040462.13	76.030822
ENSMUSG00000040463.16	14.561715
ENSMUSG00000040464.15	2.546059
ENSMUSG00000040466.16	29.513267
ENSMUSG00000040467.1	0
ENSMUSG00000040471.17	0.040183
ENSMUSG00000040472.15	27.135749
ENSMUSG00000040473.15	0.96814
ENSMUSG00000040478.14	0
ENSMUSG00000040479.12	129.074544
ENSMUSG00000040481.17	3.493617
ENSMUSG00000040482.16	14.644753
ENSMUSG00000040483.15	15.54263
ENSMUSG00000040485.5	0.144986
ENSMUSG00000040488.18	10.622563
ENSMUSG00000040489.5	0.069545
ENSMUSG00000040490.4	11.54018
ENSMUSG00000040495.4	14.128591
ENSMUSG00000040498.7	0.016745
ENSMUSG00000040502.5	11.872827
ENSMUSG00000040505.13	0
ENSMUSG00000040506.16	11.697157
ENSMUSG00000040511.14	2.879718
ENSMUSG00000040514.6	0
ENSMUSG00000040520.7	6.034737
ENSMUSG00000040521.11	27.920459
ENSMUSG00000040522.5	0
ENSMUSG00000040524.9	3.929961
ENSMUSG00000040525.13	0.110947
ENSMUSG00000040528.15	0.295159
ENSMUSG00000040532.14	35.045894
ENSMUSG00000040533.7	0.337902
ENSMUSG00000040536.15	10.002579
ENSMUSG00000040537.17	9.954075
ENSMUSG00000040540.6	0
ENSMUSG00000040541.8	0
ENSMUSG00000040543.16	8.87133
ENSMUSG00000040548.16	31.648444
ENSMUSG00000040549.16	9.943362
ENSMUSG00000040550.17	13.283539
ENSMUSG00000040552.8	0.400445
ENSMUSG00000040554.10	0.026281
ENSMUSG00000040557.14	3.061438
ENSMUSG00000040560.10	13.469658
ENSMUSG00000040562.12	4.515789
ENSMUSG00000040563.13	96.131711
ENSMUSG00000040564.14	37.416593
ENSMUSG00000040565.8	0.948965
ENSMUSG00000040569.13	0.123575
ENSMUSG00000040570.14	7.911859
ENSMUSG00000040576.8	0
ENSMUSG00000040583.8	0
ENSMUSG00000040584.8	1.180576
ENSMUSG00000040586.8	0.779724
ENSMUSG00000040591.18	85.915431
ENSMUSG00000040592.11	0.178712
ENSMUSG00000040594.19	0.86487
ENSMUSG00000040596.15	6.009664
ENSMUSG00000040599.13	4.323886
ENSMUSG00000040600.9	0
ENSMUSG00000040601.13	0
ENSMUSG00000040605.7	1.799699
ENSMUSG00000040606.13	36.763022
ENSMUSG00000040610.7	0.330544
ENSMUSG00000040612.13	6.396035
ENSMUSG00000040613.14	0.926124
ENSMUSG00000040614.14	0
ENSMUSG00000040616.3	6.780974
ENSMUSG00000040618.7	14.309307
ENSMUSG00000040620.15	3.162637
ENSMUSG00000040621.14	6.891728
ENSMUSG00000040624.18	1.502198
ENSMUSG00000040627.14	0
ENSMUSG00000040629.8	0.28648
ENSMUSG00000040631.8	9.416797
ENSMUSG00000040632.16	0.813746
ENSMUSG00000040640.11	22.093068
ENSMUSG00000040648.14	1.030963
ENSMUSG00000040649.15	13.483312
ENSMUSG00000040650.8	0.055697
ENSMUSG00000040651.9	2.887569
ENSMUSG00000040652.16	232.247646
ENSMUSG00000040653.6	7.257168
ENSMUSG00000040657.3	0
ENSMUSG00000040658.7	4.756172
ENSMUSG00000040659.3	168.654737
ENSMUSG00000040660.6	0
ENSMUSG00000040661.6	1.593085
ENSMUSG00000040663.9	0.083876
ENSMUSG00000040666.19	4.813173
ENSMUSG00000040667.11	10.889037
ENSMUSG00000040669.14	9.702865
ENSMUSG00000040675.17	3.249575
ENSMUSG00000040680.9	0.345514
ENSMUSG00000040681.16	23.674838
ENSMUSG00000040687.16	29.764314
ENSMUSG00000040688.16	22.467098
ENSMUSG00000040690.15	2.290259
ENSMUSG00000040693.7	0.142132
ENSMUSG00000040694.4	0.608491
ENSMUSG00000040697.10	11.59522
ENSMUSG00000040699.13	66.164723
ENSMUSG00000040701.16	0.922245
ENSMUSG00000040703.11	2.228066
ENSMUSG00000040705.2	0.275221
ENSMUSG00000040706.4	1.457589
ENSMUSG00000040710.10	1.663593
ENSMUSG00000040711.8	2.28352
ENSMUSG00000040712.16	65.849451
ENSMUSG00000040713.12	24.567556
ENSMUSG00000040714.14	2.153527
ENSMUSG00000040715.12	2.497392
ENSMUSG00000040717.6	0.40802
ENSMUSG00000040720.15	2.202215
ENSMUSG00000040721.9	2.248973
ENSMUSG00000040722.7	248.735173
ENSMUSG00000040723.14	3.067529
ENSMUSG00000040724.5	8.667299
ENSMUSG00000040725.13	28.8721
ENSMUSG00000040726.10	0
ENSMUSG00000040728.15	0.085681
ENSMUSG00000040729.8	1.208864
ENSMUSG00000040731.13	219.620141
ENSMUSG00000040732.20	0.651742
ENSMUSG00000040734.14	1.06888
ENSMUSG00000040738.10	4.514012
ENSMUSG00000040740.7	1.977887
ENSMUSG00000040746.15	94.049811
ENSMUSG00000040747.9	7.106535
ENSMUSG00000040749.11	3.623431
ENSMUSG00000040751.12	1.54275
ENSMUSG00000040752.16	5.882521
ENSMUSG00000040759.9	107.987624
ENSMUSG00000040760.11	4.914011
ENSMUSG00000040761.16	1.693605
ENSMUSG00000040767.10	54.521602
ENSMUSG00000040770.5	0.315789
ENSMUSG00000040771.14	10.091951
ENSMUSG00000040774.15	12.0708
ENSMUSG00000040775.6	0
ENSMUSG00000040782.12	13.887273
ENSMUSG00000040785.19	80.241471
ENSMUSG00000040794.5	171.169811
ENSMUSG00000040795.12	29.605705
ENSMUSG00000040797.16	16.841662
ENSMUSG00000040808.4	0.184022
ENSMUSG00000040809.10	0
ENSMUSG00000040811.15	117.200979
ENSMUSG00000040812.14	0.203121
ENSMUSG00000040813.16	96.305883
ENSMUSG00000040818.10	5.39967
ENSMUSG00000040820.16	2.510831
ENSMUSG00000040822.7	16.250491
ENSMUSG00000040824.3	90.98769
ENSMUSG00000040828.10	0.097271
ENSMUSG00000040829.14	0.039809
ENSMUSG00000040836.15	1.43759
ENSMUSG00000040838.10	0
ENSMUSG00000040840.7	0.070819
ENSMUSG00000040841.5	0.603894
ENSMUSG00000040842.17	20.65528
ENSMUSG00000040843.10	17.661382
ENSMUSG00000040848.11	5.699825
ENSMUSG00000040850.17	0.900809
ENSMUSG00000040852.6	0.338477
ENSMUSG00000040855.15	8.81416
ENSMUSG00000040856.17	22.3442
ENSMUSG00000040857.15	18.100009
ENSMUSG00000040859.14	32.179324
ENSMUSG00000040860.16	2.621581
ENSMUSG00000040865.15	0.629639
ENSMUSG00000040866.13	0.12869
ENSMUSG00000040867.13	46.483991
ENSMUSG00000040875.12	11.989246
ENSMUSG00000040877.16	8.238888
ENSMUSG00000040883.18	65.260641
ENSMUSG00000040888.10	20.325906
ENSMUSG00000040891.6	0
ENSMUSG00000040896.16	5.235852
ENSMUSG00000040899.14	0.373039
ENSMUSG00000040901.8	0
ENSMUSG00000040904.10	6.642147
ENSMUSG00000040907.15	1136.074745
ENSMUSG00000040913.11	15.581744
ENSMUSG00000040918.12	4.077927
ENSMUSG00000040919.13	0
ENSMUSG00000040928.15	6.766071
ENSMUSG00000040929.17	2.229609
ENSMUSG00000040935.12	0
ENSMUSG00000040936.15	1.685245
ENSMUSG00000040938.16	5.452183
ENSMUSG00000040940.18	7.425237
ENSMUSG00000040943.12	0.935347
ENSMUSG00000040945.13	45.346444
ENSMUSG00000040950.13	0.863954
ENSMUSG00000040952.16	703.099425
ENSMUSG00000040957.15	12.890056
ENSMUSG00000040963.15	0.056563
ENSMUSG00000040964.16	14.605428
ENSMUSG00000040966.10	0.541431
ENSMUSG00000040969.14	0
ENSMUSG00000040972.8	42.115925
ENSMUSG00000040978.4	0.478905
ENSMUSG00000040985.13	0.02804
ENSMUSG00000040987.15	0.865005
ENSMUSG00000040990.17	8.397276
ENSMUSG00000040997.14	58.954551
ENSMUSG00000040998.18	4.213383
ENSMUSG00000041000.8	6.704083
ENSMUSG00000041009.8	0
ENSMUSG00000041012.4	1.357895
ENSMUSG00000041014.17	5.650013
ENSMUSG00000041020.14	41.195782
ENSMUSG00000041025.15	4.007231
ENSMUSG00000041028.16	180.865735
ENSMUSG00000041035.9	67.651377
ENSMUSG00000041037.8	16.390588
ENSMUSG00000041040.12	12.086213
ENSMUSG00000041044.9	0
ENSMUSG00000041046.7	41.26873
ENSMUSG00000041052.8	0
ENSMUSG00000041057.10	2.816261
ENSMUSG00000041058.15	3.807019
ENSMUSG00000041062.7	0.102959
ENSMUSG00000041064.14	0.089454
ENSMUSG00000041068.6	0
ENSMUSG00000041073.10	40.903549
ENSMUSG00000041075.8	2.013671
ENSMUSG00000041078.7	17.175523
ENSMUSG00000041079.12	7.615477
ENSMUSG00000041084.8	39.911344
ENSMUSG00000041096.13	32.198185
ENSMUSG00000041112.17	31.052766
ENSMUSG00000041115.16	35.453258
ENSMUSG00000041117.8	0.405266
ENSMUSG00000041119.12	9.230403
ENSMUSG00000041120.6	51.611118
ENSMUSG00000041124.11	17.880136
ENSMUSG00000041126.16	47.635566
ENSMUSG00000041130.10	9.442619
ENSMUSG00000041132.11	15.16497
ENSMUSG00000041133.11	6.592623
ENSMUSG00000041134.15	0.45045
ENSMUSG00000041135.15	0.626325
ENSMUSG00000041138.16	0
ENSMUSG00000041141.7	49.354602
ENSMUSG00000041143.16	1.5866
ENSMUSG00000041144.12	0.023078
ENSMUSG00000041147.10	0.473129
ENSMUSG00000041153.9	3.46483
ENSMUSG00000041161.8	2.818327
ENSMUSG00000041164.15	67.15734
ENSMUSG00000041165.6	0.259354
ENSMUSG00000041168.10	24.609113
ENSMUSG00000041180.13	1.228574
ENSMUSG00000041187.16	0.77711
ENSMUSG00000041189.9	0.155799
ENSMUSG00000041193.15	3.986768
ENSMUSG00000041199.3	47.259159
ENSMUSG00000041202.12	0.362146
ENSMUSG00000041203.9	94.299991
ENSMUSG00000041205.8	17.678763
ENSMUSG00000041215.16	1.232076
ENSMUSG00000041216.15	11.94003
ENSMUSG00000041219.14	0.093764
ENSMUSG00000041220.10	4.459114
ENSMUSG00000041225.16	3.220162
ENSMUSG00000041229.15	4.17406
ENSMUSG00000041231.15	23.413401
ENSMUSG00000041235.12	0.768381
ENSMUSG00000041236.8	28.026159
ENSMUSG00000041237.12	0.010734
ENSMUSG00000041238.16	0.631011
ENSMUSG00000041241.12	21.933109
ENSMUSG00000041245.13	2.302101
ENSMUSG00000041247.8	0
ENSMUSG00000041248.9	0
ENSMUSG00000041255.2	0.026426
ENSMUSG00000041258.18	1.742723
ENSMUSG00000041261.9	3.193491
ENSMUSG00000041263.14	95.835865
ENSMUSG00000041264.16	10.827671
ENSMUSG00000041268.17	9.853499
ENSMUSG00000041272.11	7.468098
ENSMUSG00000041278.10	37.445416
ENSMUSG00000041287.5	0.204731
ENSMUSG00000041293.5	0
ENSMUSG00000041297.8	4.842968
ENSMUSG00000041298.15	18.457322
ENSMUSG00000041301.15	0.022868
ENSMUSG00000041303.7	3.434635
ENSMUSG00000041308.6	0.978131
ENSMUSG00000041309.17	23.720051
ENSMUSG00000041313.14	6.051899
ENSMUSG00000041319.14	5.139766
ENSMUSG00000041323.6	0.286395
ENSMUSG00000041324.14	0.829769
ENSMUSG00000041328.16	6.611643
ENSMUSG00000041329.13	230.466375
ENSMUSG00000041333.6	0
ENSMUSG00000041341.10	5.071758
ENSMUSG00000041343.19	2.488399
ENSMUSG00000041346.11	9.347368
ENSMUSG00000041347.5	0
ENSMUSG00000041351.16	124.91041
ENSMUSG00000041353.12	15.356057
ENSMUSG00000041354.16	7.089301
ENSMUSG00000041355.13	123.079804
ENSMUSG00000041358.1	0.007883
ENSMUSG00000041359.14	0
ENSMUSG00000041360.8	6.060985
ENSMUSG00000041361.13	0.226148
ENSMUSG00000041362.17	5.078642
ENSMUSG00000041372.10	0.089773
ENSMUSG00000041375.18	58.142273
ENSMUSG00000041377.12	2.858705
ENSMUSG00000041378.2	24.282526
ENSMUSG00000041380.13	13.762071
ENSMUSG00000041390.18	1.332736
ENSMUSG00000041396.13	2.100992
ENSMUSG00000041399.3	0
ENSMUSG00000041406.14	0.139991
ENSMUSG00000041408.18	2.744838
ENSMUSG00000041415.10	1.671159
ENSMUSG00000041417.15	10.667393
ENSMUSG00000041420.18	25.472405
ENSMUSG00000041423.16	15.813312
ENSMUSG00000041426.12	3.260077
ENSMUSG00000041429.3	3.420607
ENSMUSG00000041431.16	0.231568
ENSMUSG00000041438.8	10.737816
ENSMUSG00000041439.15	15.478613
ENSMUSG00000041440.18	0.19767
ENSMUSG00000041444.14	12.337131
ENSMUSG00000041445.9	0.582928
ENSMUSG00000041449.16	0.106859
ENSMUSG00000041453.12	511.654452
ENSMUSG00000041459.15	34.579592
ENSMUSG00000041460.16	0.696319
ENSMUSG00000041468.7	11.877579
ENSMUSG00000041471.9	0.698535
ENSMUSG00000041476.12	0.523278
ENSMUSG00000041477.14	5.78441
ENSMUSG00000041479.14	0.154477
ENSMUSG00000041481.17	1.227854
ENSMUSG00000041482.17	0.140431
ENSMUSG00000041483.14	4.765418
ENSMUSG00000041488.16	5.47744
ENSMUSG00000041491.8	1.697295
ENSMUSG00000041498.13	0
ENSMUSG00000041505.15	0
ENSMUSG00000041506.15	18.152345
ENSMUSG00000041512.3	0
ENSMUSG00000041515.10	2.41341
ENSMUSG00000041523.3	0.061834
ENSMUSG00000041528.15	14.861092
ENSMUSG00000041530.17	9.234693
ENSMUSG00000041534.9	0.054744
ENSMUSG00000041536.13	0
ENSMUSG00000041538.16	0.762357
ENSMUSG00000041540.16	2.730694
ENSMUSG00000041544.11	6.432333
ENSMUSG00000041548.4	14.785038
ENSMUSG00000041550.4	0
ENSMUSG00000041552.7	0.573318
ENSMUSG00000041556.8	185.471431
ENSMUSG00000041559.7	15.231705
ENSMUSG00000041560.12	135.611473
ENSMUSG00000041565.17	0.51887
ENSMUSG00000041566.3	0.135195
ENSMUSG00000041567.3	0.015951
ENSMUSG00000041570.14	9.866704
ENSMUSG00000041571.9	2204.014855
ENSMUSG00000041577.5	9.398201
ENSMUSG00000041578.15	0.025889
ENSMUSG00000041583.8	0
ENSMUSG00000041592.16	1.36899
ENSMUSG00000041594.18	6.546567
ENSMUSG00000041596.12	0.017292
ENSMUSG00000041598.7	19.1887
ENSMUSG00000041605.16	0.797344
ENSMUSG00000041607.17	2207.432898
ENSMUSG00000041608.8	6.696393
ENSMUSG00000041609.16	29.202405
ENSMUSG00000041616.9	1.139832
ENSMUSG00000041617.10	16.098132
ENSMUSG00000041620.8	0
ENSMUSG00000041623.17	4.431408
ENSMUSG00000041624.10	0.294702
ENSMUSG00000041625.15	30.901961
ENSMUSG00000041629.7	21.534201
ENSMUSG00000041632.7	25.370635
ENSMUSG00000041633.14	0.327623
ENSMUSG00000041638.18	11.16899
ENSMUSG00000041642.18	4.560352
ENSMUSG00000041644.14	0
ENSMUSG00000041645.14	98.372847
ENSMUSG00000041649.13	0.272324
ENSMUSG00000041650.15	6.657694
ENSMUSG00000041653.5	0.715108
ENSMUSG00000041654.15	9.295979
ENSMUSG00000041658.12	34.21111
ENSMUSG00000041660.8	1.487736
ENSMUSG00000041669.15	7.647984
ENSMUSG00000041670.17	17.455697
ENSMUSG00000041671.13	0.833102
ENSMUSG00000041673.12	0.20925
ENSMUSG00000041674.16	0.824445
ENSMUSG00000041679.9	0.329771
ENSMUSG00000041681.2	0.042306
ENSMUSG00000041684.11	3.096798
ENSMUSG00000041685.16	3.976246
ENSMUSG00000041688.16	1.069618
ENSMUSG00000041695.2	2.005466
ENSMUSG00000041696.14	1.534466
ENSMUSG00000041697.8	1461.23683
ENSMUSG00000041698.11	0
ENSMUSG00000041700.9	0.135582
ENSMUSG00000041702.7	1.222387
ENSMUSG00000041703.7	0.647034
ENSMUSG00000041707.8	0.170814
ENSMUSG00000041708.12	62.220043
ENSMUSG00000041710.4	0.28855
ENSMUSG00000041712.7	11.065056
ENSMUSG00000041716.7	13.61938
ENSMUSG00000041718.16	1.070533
ENSMUSG00000041720.14	79.285311
ENSMUSG00000041722.7	0
ENSMUSG00000041729.15	60.007671
ENSMUSG00000041730.14	0.64238
ENSMUSG00000041731.13	1.694697
ENSMUSG00000041733.10	27.906634
ENSMUSG00000041734.15	0.619191
ENSMUSG00000041735.8	0
ENSMUSG00000041736.7	14.342822
ENSMUSG00000041737.8	0.051815
ENSMUSG00000041740.16	98.316756
ENSMUSG00000041741.10	0.177934
ENSMUSG00000041747.3	4.912029
ENSMUSG00000041750.13	0.219376
ENSMUSG00000041754.5	0.171416
ENSMUSG00000041757.17	9.639865
ENSMUSG00000041762.16	6.633248
ENSMUSG00000041763.14	4.23517
ENSMUSG00000041765.6	29.186339
ENSMUSG00000041769.13	44.452528
ENSMUSG00000041771.14	4.289802
ENSMUSG00000041773.8	79.647913
ENSMUSG00000041774.16	16.710678
ENSMUSG00000041775.7	15.049891
ENSMUSG00000041777.12	10.361037
ENSMUSG00000041779.5	0.181908
ENSMUSG00000041781.9	3.813084
ENSMUSG00000041782.14	0.776031
ENSMUSG00000041789.7	1.905466
ENSMUSG00000041791.6	0
ENSMUSG00000041794.13	13.214873
ENSMUSG00000041797.7	0.482995
ENSMUSG00000041798.15	2.32368
ENSMUSG00000041801.5	56.850275
ENSMUSG00000041805.3	0
ENSMUSG00000041809.5	0.569131
ENSMUSG00000041815.14	49.674837
ENSMUSG00000041817.14	7.533131
ENSMUSG00000041827.15	0.055445
ENSMUSG00000041828.15	2.681744
ENSMUSG00000041831.17	0.025033
ENSMUSG00000041836.10	4.782398
ENSMUSG00000041837.4	11.873829
ENSMUSG00000041840.8	3.642115
ENSMUSG00000041841.8	759.422717
ENSMUSG00000041842.15	2.352101
ENSMUSG00000041845.11	1.148652
ENSMUSG00000041846.15	4.410696
ENSMUSG00000041849.7	0.284131
ENSMUSG00000041852.15	8.247028
ENSMUSG00000041857.10	0
ENSMUSG00000041859.10	1.95525
ENSMUSG00000041870.16	16.239505
ENSMUSG00000041872.9	0.167901
ENSMUSG00000041878.3	0.261551
ENSMUSG00000041879.13	15.768107
ENSMUSG00000041881.13	465.728708
ENSMUSG00000041885.5	0
ENSMUSG00000041886.7	0.007695
ENSMUSG00000041889.7	180.776194
ENSMUSG00000041890.17	7.049176
ENSMUSG00000041891.16	5.865676
ENSMUSG00000041895.15	8.193047
ENSMUSG00000041907.9	4.313299
ENSMUSG00000041911.3	6.656364
ENSMUSG00000041912.12	6.212967
ENSMUSG00000041915.9	3.323475
ENSMUSG00000041920.14	1.30764
ENSMUSG00000041921.16	5.151921
ENSMUSG00000041923.15	15.470771
ENSMUSG00000041926.15	20.065125
ENSMUSG00000041930.7	5.62775
ENSMUSG00000041935.10	6.039376
ENSMUSG00000041936.18	16.632535
ENSMUSG00000041939.14	25.300242
ENSMUSG00000041945.12	1.980359
ENSMUSG00000041949.6	1.337326
ENSMUSG00000041954.18	0
ENSMUSG00000041957.15	1.308328
ENSMUSG00000041958.10	38.829534
ENSMUSG00000041959.14	58.755566
ENSMUSG00000041961.14	1.697834
ENSMUSG00000041966.18	0.665289
ENSMUSG00000041974.10	0.640645
ENSMUSG00000041975.17	8.642944
ENSMUSG00000041977.18	10.90233
ENSMUSG00000041984.2	0
ENSMUSG00000041986.16	71.94146
ENSMUSG00000041991.18	0
ENSMUSG00000041992.9	7.529898
ENSMUSG00000041995.8	6.803846
ENSMUSG00000041997.16	11.073541
ENSMUSG00000042002.11	0
ENSMUSG00000042010.16	1.388173
ENSMUSG00000042015.17	11.380883
ENSMUSG00000042029.7	0.302346
ENSMUSG00000042031.4	0
ENSMUSG00000042032.13	65.078989
ENSMUSG00000042035.11	2.029135
ENSMUSG00000042041.7	0.056589
ENSMUSG00000042042.14	2.500965
ENSMUSG00000042043.6	144.484259
ENSMUSG00000042045.6	0.687424
ENSMUSG00000042046.15	5.043739
ENSMUSG00000042050.8	1.905125
ENSMUSG00000042055.13	8.33665
ENSMUSG00000042063.11	4.546137
ENSMUSG00000042064.13	0.092837
ENSMUSG00000042066.16	72.471815
ENSMUSG00000042073.15	4.377566
ENSMUSG00000042078.14	95.789975
ENSMUSG00000042079.13	26.650707
ENSMUSG00000042082.7	30.027521
ENSMUSG00000042087.5	0.363012
ENSMUSG00000042092.5	0
ENSMUSG00000042096.15	2.130653
ENSMUSG00000042097.17	14.369323
ENSMUSG00000042099.16	5.912533
ENSMUSG00000042102.7	0.089574
ENSMUSG00000042104.18	4.500267
ENSMUSG00000042105.18	39.059995
ENSMUSG00000042106.5	3.468233
ENSMUSG00000042109.8	85.114805
ENSMUSG00000042111.9	11.986696
ENSMUSG00000042115.4	13.625362
ENSMUSG00000042116.3	11.626412
ENSMUSG00000042118.7	0.048936
ENSMUSG00000042121.16	3.156909
ENSMUSG00000042124.5	0
ENSMUSG00000042129.8	2.224958
ENSMUSG00000042133.16	3.737643
ENSMUSG00000042138.9	1.329413
ENSMUSG00000042148.8	12.802128
ENSMUSG00000042155.3	7.237914
ENSMUSG00000042156.16	9.711603
ENSMUSG00000042157.2	0
ENSMUSG00000042165.8	0.937685
ENSMUSG00000042167.6	3.518327
ENSMUSG00000042178.6	5.661271
ENSMUSG00000042179.6	0
ENSMUSG00000042182.16	102.608658
ENSMUSG00000042184.11	0
ENSMUSG00000042185.14	2.727279
ENSMUSG00000042189.5	0.035664
ENSMUSG00000042190.12	0.600725
ENSMUSG00000042195.9	1.553432
ENSMUSG00000042197.13	3.237575
ENSMUSG00000042198.12	42.433712
ENSMUSG00000042200.3	0.153857
ENSMUSG00000042202.15	5.392255
ENSMUSG00000042203.8	18.386682
ENSMUSG00000042207.17	4.076217
ENSMUSG00000042208.15	3.425477
ENSMUSG00000042210.17	18.190466
ENSMUSG00000042211.7	5.691802
ENSMUSG00000042212.3	0
ENSMUSG00000042213.17	1.199298
ENSMUSG00000042215.8	7.668289
ENSMUSG00000042216.13	20.199514
ENSMUSG00000042219.6	0
ENSMUSG00000042225.3	0.245024
ENSMUSG00000042228.14	1.679424
ENSMUSG00000042229.9	15.229565
ENSMUSG00000042240.14	0
ENSMUSG00000042243.10	0
ENSMUSG00000042244.4	0
ENSMUSG00000042246.5	1.353109
ENSMUSG00000042248.4	0
ENSMUSG00000042249.11	10.480906
ENSMUSG00000042250.13	0
ENSMUSG00000042251.12	1.175245
ENSMUSG00000042254.14	0.028365
ENSMUSG00000042256.5	0.115979
ENSMUSG00000042258.13	2.029167
ENSMUSG00000042262.5	0.140338
ENSMUSG00000042265.13	0
ENSMUSG00000042268.10	0.024566
ENSMUSG00000042269.15	1.053902
ENSMUSG00000042271.13	12.495369
ENSMUSG00000042272.17	3.940979
ENSMUSG00000042275.9	15.986451
ENSMUSG00000042279.13	0
ENSMUSG00000042282.4	0.017633
ENSMUSG00000042284.10	0.188744
ENSMUSG00000042286.13	2.266615
ENSMUSG00000042289.11	5.083417
ENSMUSG00000042292.18	14.808904
ENSMUSG00000042293.8	21.790099
ENSMUSG00000042298.18	15.12771
ENSMUSG00000042302.14	4.338848
ENSMUSG00000042303.19	40.63288
ENSMUSG00000042305.12	28.241978
ENSMUSG00000042306.11	0.075903
ENSMUSG00000042308.14	6.296827
ENSMUSG00000042312.10	54.806049
ENSMUSG00000042320.17	0.690134
ENSMUSG00000042323.17	2.889448
ENSMUSG00000042328.13	7.421926
ENSMUSG00000042331.13	10.402221
ENSMUSG00000042333.16	0.85779
ENSMUSG00000042340.6	3.756492
ENSMUSG00000042345.15	0.036538
ENSMUSG00000042348.10	8.512401
ENSMUSG00000042349.13	0.127598
ENSMUSG00000042350.13	20.288607
ENSMUSG00000042351.9	0.075142
ENSMUSG00000042353.9	0.270839
ENSMUSG00000042354.7	4.968585
ENSMUSG00000042357.2	0
ENSMUSG00000042359.18	4.716836
ENSMUSG00000042360.12	0
ENSMUSG00000042363.14	19.427807
ENSMUSG00000042364.11	4.315859
ENSMUSG00000042367.12	0
ENSMUSG00000042369.8	7.422887
ENSMUSG00000042371.12	0.016009
ENSMUSG00000042372.5	0.012654
ENSMUSG00000042377.8	0.091343
ENSMUSG00000042379.8	0.335601
ENSMUSG00000042380.8	99.742382
ENSMUSG00000042385.14	0.896931
ENSMUSG00000042386.7	0
ENSMUSG00000042388.14	56.855262
ENSMUSG00000042389.13	12.208298
ENSMUSG00000042390.9	11.362041
ENSMUSG00000042396.10	11.60619
ENSMUSG00000042401.8	42.892891
ENSMUSG00000042404.16	7.368673
ENSMUSG00000042406.8	81.484817
ENSMUSG00000042408.13	1.322432
ENSMUSG00000042410.16	3.970401
ENSMUSG00000042414.7	0
ENSMUSG00000042417.5	1.396825
ENSMUSG00000042419.8	12.334844
ENSMUSG00000042423.9	16.37349
ENSMUSG00000042425.18	4.481046
ENSMUSG00000042426.6	2.724035
ENSMUSG00000042428.6	44.954508
ENSMUSG00000042429.8	50.600842
ENSMUSG00000042433.2	0
ENSMUSG00000042436.12	2.502253
ENSMUSG00000042439.13	7.863809
ENSMUSG00000042444.10	4.314087
ENSMUSG00000042446.16	3.632468
ENSMUSG00000042447.13	1.802764
ENSMUSG00000042448.5	0.133008
ENSMUSG00000042451.12	0.129068
ENSMUSG00000042453.14	15.354979
ENSMUSG00000042459.8	0.034968
ENSMUSG00000042460.5	1.842616
ENSMUSG00000042462.4	34.283366
ENSMUSG00000042472.11	9.285722
ENSMUSG00000042473.8	0.165247
ENSMUSG00000042474.6	1.080533
ENSMUSG00000042476.12	0.928629
ENSMUSG00000042477.7	0
ENSMUSG00000042485.7	1.454825
ENSMUSG00000042487.6	7.029465
ENSMUSG00000042489.15	0.115538
ENSMUSG00000042492.12	42.026272
ENSMUSG00000042496.18	3.396245
ENSMUSG00000042498.16	0.055106
ENSMUSG00000042499.13	0
ENSMUSG00000042500.11	0.62555
ENSMUSG00000042501.12	0.068454
ENSMUSG00000042502.10	47.080982
ENSMUSG00000042505.6	2.439545
ENSMUSG00000042506.15	62.26345
ENSMUSG00000042507.15	2.541138
ENSMUSG00000042508.16	3.228263
ENSMUSG00000042510.7	1.292128
ENSMUSG00000042514.11	0.663782
ENSMUSG00000042515.13	0.713555
ENSMUSG00000042520.16	26.294298
ENSMUSG00000042523.12	9.810133
ENSMUSG00000042524.14	27.612339
ENSMUSG00000042525.5	0
ENSMUSG00000042529.14	6.480465
ENSMUSG00000042532.14	86.643386
ENSMUSG00000042535.9	24.939296
ENSMUSG00000042540.12	2.085226
ENSMUSG00000042541.10	45.570106
ENSMUSG00000042548.14	5.635852
ENSMUSG00000042549.10	0.980684
ENSMUSG00000042554.10	0
ENSMUSG00000042557.14	3.728938
ENSMUSG00000042558.16	23.443943
ENSMUSG00000042564.13	0.961416
ENSMUSG00000042567.20	0.065645
ENSMUSG00000042569.13	25.530089
ENSMUSG00000042570.14	13.357413
ENSMUSG00000042572.12	63.364807
ENSMUSG00000042579.2	3.046152
ENSMUSG00000042581.14	1.100989
ENSMUSG00000042589.18	11.480367
ENSMUSG00000042590.17	9.901269
ENSMUSG00000042594.16	4.498688
ENSMUSG00000042595.7	0.648546
ENSMUSG00000042596.7	0.265289
ENSMUSG00000042599.8	1.160855
ENSMUSG00000042604.5	2.932307
ENSMUSG00000042605.16	42.069784
ENSMUSG00000042606.9	15.90255
ENSMUSG00000042607.15	0.591023
ENSMUSG00000042608.15	8.460072
ENSMUSG00000042613.9	15.939773
ENSMUSG00000042616.8	22.430103
ENSMUSG00000042622.14	1.053907
ENSMUSG00000042625.16	12.550588
ENSMUSG00000042626.13	4.760201
ENSMUSG00000042628.8	14.984175
ENSMUSG00000042631.7	0.563866
ENSMUSG00000042632.17	11.004688
ENSMUSG00000042638.14	0.207427
ENSMUSG00000042641.19	0.09125
ENSMUSG00000042642.13	18.614929
ENSMUSG00000042644.9	0.20983
ENSMUSG00000042647.13	0.921683
ENSMUSG00000042650.3	10.743232
ENSMUSG00000042655.5	0.469759
ENSMUSG00000042659.15	3.88601
ENSMUSG00000042660.8	10.246165
ENSMUSG00000042662.16	14.967786
ENSMUSG00000042670.5	34.057122
ENSMUSG00000042671.12	20.213781
ENSMUSG00000042672.15	0
ENSMUSG00000042675.15	273.078906
ENSMUSG00000042677.7	0.271688
ENSMUSG00000042678.17	0.01081
ENSMUSG00000042680.8	1.818267
ENSMUSG00000042682.9	168.405753
ENSMUSG00000042684.8	4.189574
ENSMUSG00000042686.5	4.034516
ENSMUSG00000042688.16	15.417029
ENSMUSG00000042694.17	10.085941
ENSMUSG00000042699.11	10.791614
ENSMUSG00000042700.16	14.147849
ENSMUSG00000042705.9	21.859586
ENSMUSG00000042707.6	1.002598
ENSMUSG00000042708.12	0.234071
ENSMUSG00000042709.15	18.817227
ENSMUSG00000042712.10	39.087645
ENSMUSG00000042717.5	0.016511
ENSMUSG00000042719.17	2.860283
ENSMUSG00000042724.8	3.644523
ENSMUSG00000042726.14	18.301903
ENSMUSG00000042729.11	39.201294
ENSMUSG00000042734.6	17.525822
ENSMUSG00000042737.9	97.38263
ENSMUSG00000042742.7	4.619216
ENSMUSG00000042743.13	20.095493
ENSMUSG00000042744.16	7.889544
ENSMUSG00000042745.9	14.02274
ENSMUSG00000042747.12	56.426578
ENSMUSG00000042750.7	393.680846
ENSMUSG00000042751.14	50.901417
ENSMUSG00000042757.16	7.154579
ENSMUSG00000042759.12	0.343427
ENSMUSG00000042761.14	9.710036
ENSMUSG00000042763.9	29.741329
ENSMUSG00000042766.17	27.544471
ENSMUSG00000042770.8	59.535843
ENSMUSG00000042772.15	11.65407
ENSMUSG00000042774.8	0
ENSMUSG00000042784.9	0.067835
ENSMUSG00000042787.15	8.420289
ENSMUSG00000042788.12	0.292513
ENSMUSG00000042790.16	11.469836
ENSMUSG00000042793.13	0.668334
ENSMUSG00000042796.2	0
ENSMUSG00000042797.9	8.703705
ENSMUSG00000042800.5	0
ENSMUSG00000042801.5	0
ENSMUSG00000042804.13	9.082186
ENSMUSG00000042807.15	1.75846
ENSMUSG00000042808.8	0.100876
ENSMUSG00000042810.14	6.056365
ENSMUSG00000042812.5	0.388067
ENSMUSG00000042814.8	8.840668
ENSMUSG00000042816.4	2.12524
ENSMUSG00000042817.15	1.904102
ENSMUSG00000042821.7	0.73721
ENSMUSG00000042826.13	8.795818
ENSMUSG00000042828.12	0.200417
ENSMUSG00000042831.13	48.533742
ENSMUSG00000042834.15	40.410737
ENSMUSG00000042842.11	0.250139
ENSMUSG00000042845.7	0.046831
ENSMUSG00000042846.8	13.667289
ENSMUSG00000042848.4	0
ENSMUSG00000042849.11	0
ENSMUSG00000042851.17	2.064293
ENSMUSG00000042854.9	1.341059
ENSMUSG00000042857.3	2.31758
ENSMUSG00000042861.7	0.096826
ENSMUSG00000042863.5	0
ENSMUSG00000042869.2	0
ENSMUSG00000042870.15	36.131303
ENSMUSG00000042873.11	29.381849
ENSMUSG00000042874.2	0.392863
ENSMUSG00000042888.10	0
ENSMUSG00000042894.11	0.074096
ENSMUSG00000042895.6	0.099988
ENSMUSG00000042901.10	20.763988
ENSMUSG00000042903.8	10.221224
ENSMUSG00000042909.4	0.020732
ENSMUSG00000042918.17	0.889781
ENSMUSG00000042938.8	0.04941
ENSMUSG00000042940.8	0
ENSMUSG00000042942.18	0.6842
ENSMUSG00000042961.13	1.821332
ENSMUSG00000042962.5	0.240336
ENSMUSG00000042976.6	0.057003
ENSMUSG00000042978.11	15.377166
ENSMUSG00000042985.7	0
ENSMUSG00000042988.10	0.784448
ENSMUSG00000042992.15	36.06403
ENSMUSG00000042993.6	0
ENSMUSG00000042997.13	1.31357
ENSMUSG00000043003.14	0.005625
ENSMUSG00000043004.13	44.566976
ENSMUSG00000043008.9	0.531948
ENSMUSG00000043013.10	0.03706
ENSMUSG00000043015.15	0.856059
ENSMUSG00000043017.9	0.098646
ENSMUSG00000043019.12	2.671095
ENSMUSG00000043020.13	0.470039
ENSMUSG00000043024.6	0.035322
ENSMUSG00000043029.2	0.069327
ENSMUSG00000043036.13	0.345587
ENSMUSG00000043050.8	0
ENSMUSG00000043051.17	0.063133
ENSMUSG00000043059.16	12.668557
ENSMUSG00000043060.8	0
ENSMUSG00000043061.10	11.712052
ENSMUSG00000043065.12	3.08423
ENSMUSG00000043066.5	0
ENSMUSG00000043067.15	22.147324
ENSMUSG00000043068.6	1.206402
ENSMUSG00000043073.10	0
ENSMUSG00000043079.17	45.139974
ENSMUSG00000043085.14	0.075005
ENSMUSG00000043087.5	0
ENSMUSG00000043088.16	0.324478
ENSMUSG00000043089.6	0
ENSMUSG00000043090.18	2.114096
ENSMUSG00000043091.9	118.027553
ENSMUSG00000043099.4	0.942938
ENSMUSG00000043102.2	0
ENSMUSG00000043110.2	0.443462
ENSMUSG00000043119.5	0
ENSMUSG00000043122.7	0.011393
ENSMUSG00000043126.5	0.613589
ENSMUSG00000043131.14	3.307868
ENSMUSG00000043140.10	5.67489
ENSMUSG00000043144.6	1.065334
ENSMUSG00000043145.7	0
ENSMUSG00000043153.6	3.354263
ENSMUSG00000043154.15	3.065784
ENSMUSG00000043155.4	1.429142
ENSMUSG00000043157.8	0.236128
ENSMUSG00000043162.7	5.422447
ENSMUSG00000043164.3	2.545601
ENSMUSG00000043165.7	8.044126
ENSMUSG00000043168.12	0.406928
ENSMUSG00000043183.18	1.777962
ENSMUSG00000043190.14	8.87053
ENSMUSG00000043192.4	4.081956
ENSMUSG00000043207.10	8.460261
ENSMUSG00000043219.9	0
ENSMUSG00000043223.7	0.040063
ENSMUSG00000043226.5	0
ENSMUSG00000043230.2	0
ENSMUSG00000043241.14	2.782254
ENSMUSG00000043243.15	0.443884
ENSMUSG00000043251.6	0.593548
ENSMUSG00000043252.8	9.98986
ENSMUSG00000043257.15	4.392233
ENSMUSG00000043259.15	11.753629
ENSMUSG00000043262.16	2.467883
ENSMUSG00000043263.13	0
ENSMUSG00000043267.3	0
ENSMUSG00000043274.4	0
ENSMUSG00000043279.9	0.295516
ENSMUSG00000043282.3	0
ENSMUSG00000043284.12	29.322253
ENSMUSG00000043286.12	0.123598
ENSMUSG00000043289.12	0.68068
ENSMUSG00000043290.6	3.360157
ENSMUSG00000043295.6	0
ENSMUSG00000043298.8	2.161903
ENSMUSG00000043300.2	28.983866
ENSMUSG00000043301.16	3.809228
ENSMUSG00000043308.2	0
ENSMUSG00000043310.4	0
ENSMUSG00000043311.7	16.851351
ENSMUSG00000043312.6	0
ENSMUSG00000043313.6	0.527929
ENSMUSG00000043314.6	0
ENSMUSG00000043319.5	0
ENSMUSG00000043323.17	11.568442
ENSMUSG00000043329.4	0.10279
ENSMUSG00000043331.6	0
ENSMUSG00000043333.12	0.20793
ENSMUSG00000043336.14	0.24773
ENSMUSG00000043340.3	0.160538
ENSMUSG00000043342.9	0
ENSMUSG00000043346.9	0
ENSMUSG00000043354.2	0
ENSMUSG00000043357.5	0
ENSMUSG00000043366.16	0.049611
ENSMUSG00000043372.12	15.860455
ENSMUSG00000043383.5	0
ENSMUSG00000043384.15	27.37951
ENSMUSG00000043385.4	0
ENSMUSG00000043388.8	177.459098
ENSMUSG00000043391.10	12.066736
ENSMUSG00000043398.5	4.711881
ENSMUSG00000043410.16	0.076359
ENSMUSG00000043411.15	7.795109
ENSMUSG00000043415.5	9.117241
ENSMUSG00000043418.4	0
ENSMUSG00000043419.11	134.319291
ENSMUSG00000043421.8	8.698535
ENSMUSG00000043424.10	8.520912
ENSMUSG00000043429.7	0
ENSMUSG00000043430.5	0
ENSMUSG00000043432.7	4.037352
ENSMUSG00000043439.5	29.615196
ENSMUSG00000043441.5	0.879661
ENSMUSG00000043445.7	57.775432
ENSMUSG00000043448.13	17.617743
ENSMUSG00000043453.5	0
ENSMUSG00000043456.17	3.967389
ENSMUSG00000043458.5	1.569016
ENSMUSG00000043460.7	17.534808
ENSMUSG00000043461.13	3.142618
ENSMUSG00000043463.6	8.376497
ENSMUSG00000043467.19	0.366357
ENSMUSG00000043468.4	0
ENSMUSG00000043472.10	0
ENSMUSG00000043483.4	2.670868
ENSMUSG00000043484.3	0
ENSMUSG00000043485.2	0
ENSMUSG00000043487.4	1.604543
ENSMUSG00000043488.5	0.164787
ENSMUSG00000043496.7	10.870073
ENSMUSG00000043501.5	0.337137
ENSMUSG00000043505.8	0.173517
ENSMUSG00000043510.12	12.810457
ENSMUSG00000043518.7	7.519145
ENSMUSG00000043522.8	0
ENSMUSG00000043529.4	0
ENSMUSG00000043531.16	2.868657
ENSMUSG00000043535.13	2.056368
ENSMUSG00000043537.2	0
ENSMUSG00000043541.16	0.120551
ENSMUSG00000043542.12	15.299153
ENSMUSG00000043549.13	0
ENSMUSG00000043556.10	0.327031
ENSMUSG00000043557.16	4.687705
ENSMUSG00000043569.7	0
ENSMUSG00000043572.7	6.111809
ENSMUSG00000043583.1	0
ENSMUSG00000043587.15	3.606081
ENSMUSG00000043592.15	0.298629
ENSMUSG00000043602.5	5.977785
ENSMUSG00000043605.5	0
ENSMUSG00000043613.8	0
ENSMUSG00000043614.13	24.916837
ENSMUSG00000043618.9	0.30882
ENSMUSG00000043621.13	1.666137
ENSMUSG00000043623.7	0.024025
ENSMUSG00000043629.12	2.645939
ENSMUSG00000043631.8	0.6498
ENSMUSG00000043633.6	0.639995
ENSMUSG00000043635.12	0.992355
ENSMUSG00000043639.15	0.869603
ENSMUSG00000043644.4	6.459209
ENSMUSG00000043648.7	1.202628
ENSMUSG00000043659.11	0.472899
ENSMUSG00000043661.3	0
ENSMUSG00000043664.7	0
ENSMUSG00000043668.13	4.248278
ENSMUSG00000043670.4	110.774779
ENSMUSG00000043671.14	5.980146
ENSMUSG00000043673.11	3.623037
ENSMUSG00000043681.5	0.477506
ENSMUSG00000043683.4	11.867861
ENSMUSG00000043687.15	15.075162
ENSMUSG00000043692.6	0
ENSMUSG00000043698.9	0
ENSMUSG00000043702.9	1.362318
ENSMUSG00000043705.7	0
ENSMUSG00000043715.12	0
ENSMUSG00000043716.13	188.727618
ENSMUSG00000043719.14	0.035821
ENSMUSG00000043727.5	0
ENSMUSG00000043733.14	27.490038
ENSMUSG00000043740.15	0.073363
ENSMUSG00000043747.12	0
ENSMUSG00000043753.2	0.057442
ENSMUSG00000043760.16	0
ENSMUSG00000043770.10	0
ENSMUSG00000043773.5	11.978655
ENSMUSG00000043782.9	0
ENSMUSG00000043787.7	0
ENSMUSG00000043789.8	0.192383
ENSMUSG00000043794.8	0.027752
ENSMUSG00000043795.10	0.066289
ENSMUSG00000043800.11	0
ENSMUSG00000043801.7	18.416636
ENSMUSG00000043807.6	0.064466
ENSMUSG00000043811.5	49.793827
ENSMUSG00000043822.18	3.589131
ENSMUSG00000043827.9	0
ENSMUSG00000043831.12	30.904266
ENSMUSG00000043832.13	0.448997
ENSMUSG00000043833.6	0.227396
ENSMUSG00000043843.17	17.00095
ENSMUSG00000043850.15	0.205099
ENSMUSG00000043855.7	0
ENSMUSG00000043857.16	30.470498
ENSMUSG00000043859.5	0
ENSMUSG00000043865.3	0
ENSMUSG00000043866.11	105.96554
ENSMUSG00000043870.9	0
ENSMUSG00000043872.14	1.880844
ENSMUSG00000043873.11	0.106095
ENSMUSG00000043880.5	0
ENSMUSG00000043881.9	8.04848
ENSMUSG00000043885.14	9.162169
ENSMUSG00000043889.6	0.891436
ENSMUSG00000043892.3	0
ENSMUSG00000043895.6	0.522779
ENSMUSG00000043897.13	0
ENSMUSG00000043903.4	0.051146
ENSMUSG00000043909.16	15.595986
ENSMUSG00000043911.5	0
ENSMUSG00000043913.14	0.376912
ENSMUSG00000043923.8	2.03448
ENSMUSG00000043924.16	0.396726
ENSMUSG00000043925.7	0
ENSMUSG00000043929.16	2.248657
ENSMUSG00000043931.10	0.025652
ENSMUSG00000043932.5	0
ENSMUSG00000043939.15	0.016656
ENSMUSG00000043940.15	6.834433
ENSMUSG00000043943.14	0.212381
ENSMUSG00000043945.4	0
ENSMUSG00000043948.2	0
ENSMUSG00000043953.12	0.678246
ENSMUSG00000043962.16	24.932211
ENSMUSG00000043964.14	17.321108
ENSMUSG00000043969.4	3.651572
ENSMUSG00000043972.8	0
ENSMUSG00000043982.2	0
ENSMUSG00000043986.5	0.015352
ENSMUSG00000043987.18	0.883337
ENSMUSG00000043991.5	5.608477
ENSMUSG00000043993.6	1.310358
ENSMUSG00000043998.10	15.370427
ENSMUSG00000043999.6	2.975938
ENSMUSG00000044005.13	18.514002
ENSMUSG00000044006.8	0.162539
ENSMUSG00000044014.9	1.579503
ENSMUSG00000044017.16	0.573171
ENSMUSG00000044018.3	8.591198
ENSMUSG00000044021.14	0
ENSMUSG00000044022.5	0.246774
ENSMUSG00000044024.16	121.39617
ENSMUSG00000044025.6	0
ENSMUSG00000044026.3	0.727416
ENSMUSG00000044029.6	0
ENSMUSG00000044030.4	32.04849
ENSMUSG00000044033.16	0.510709
ENSMUSG00000044034.11	1.481417
ENSMUSG00000044037.15	1.692472
ENSMUSG00000044039.4	0
ENSMUSG00000044040.3	0
ENSMUSG00000044041.4	0
ENSMUSG00000044042.19	0.469206
ENSMUSG00000044043.4	1.138111
ENSMUSG00000044052.3	0.343624
ENSMUSG00000044055.5	0.58446
ENSMUSG00000044056.3	0.401208
ENSMUSG00000044058.8	0
ENSMUSG00000044061.7	0
ENSMUSG00000044062.7	0
ENSMUSG00000044065.3	0
ENSMUSG00000044066.14	6.172794
ENSMUSG00000044067.7	5.350341
ENSMUSG00000044068.7	29.194304
ENSMUSG00000044071.9	12.727136
ENSMUSG00000044072.14	0.382747
ENSMUSG00000044080.9	234.178431
ENSMUSG00000044081.7	0.708424
ENSMUSG00000044083.12	0.013721
ENSMUSG00000044084.2	0
ENSMUSG00000044086.8	0.04124
ENSMUSG00000044092.8	0.1202
ENSMUSG00000044098.14	2.290293
ENSMUSG00000044103.4	0.019044
ENSMUSG00000044106.5	0
ENSMUSG00000044117.12	194.829647
ENSMUSG00000044120.5	0.035771
ENSMUSG00000044121.3	0
ENSMUSG00000044122.15	6.505506
ENSMUSG00000044125.6	1.200978
ENSMUSG00000044134.9	6.262055
ENSMUSG00000044139.12	0.85893
ENSMUSG00000044141.8	0.12466
ENSMUSG00000044145.2	0.499905
ENSMUSG00000044147.8	32.163047
ENSMUSG00000044148.6	6.309792
ENSMUSG00000044149.7	5.748559
ENSMUSG00000044150.12	0.676485
ENSMUSG00000044155.11	25.498385
ENSMUSG00000044156.14	0.225327
ENSMUSG00000044162.12	0
ENSMUSG00000044164.2	4.070256
ENSMUSG00000044165.12	0.205663
ENSMUSG00000044167.6	2.792616
ENSMUSG00000044170.5	0
ENSMUSG00000044172.7	0.360982
ENSMUSG00000044176.12	1.094901
ENSMUSG00000044177.4	1.778866
ENSMUSG00000044186.10	0
ENSMUSG00000044197.8	5.461485
ENSMUSG00000044199.6	0.164874
ENSMUSG00000044201.10	0.095074
ENSMUSG00000044205.7	0
ENSMUSG00000044206.3	0
ENSMUSG00000044211.9	9.125569
ENSMUSG00000044213.4	0
ENSMUSG00000044216.7	79.209352
ENSMUSG00000044217.17	0.135766
ENSMUSG00000044220.13	0
ENSMUSG00000044221.14	43.345725
ENSMUSG00000044222.3	0
ENSMUSG00000044224.16	8.213245
ENSMUSG00000044227.5	0
ENSMUSG00000044229.9	1.050446
ENSMUSG00000044231.3	12.902864
ENSMUSG00000044243.3	1.223815
ENSMUSG00000044244.18	0.241431
ENSMUSG00000044248.4	0
ENSMUSG00000044249.3	0
ENSMUSG00000044250.8	3.906628
ENSMUSG00000044252.18	90.767652
ENSMUSG00000044254.6	0.435673
ENSMUSG00000044258.10	1.35363
ENSMUSG00000044265.16	0.026796
ENSMUSG00000044268.4	0.029178
ENSMUSG00000044276.2	0
ENSMUSG00000044279.15	1.276005
ENSMUSG00000044285.8	172.246906
ENSMUSG00000044286.6	0
ENSMUSG00000044287.6	6.308899
ENSMUSG00000044288.6	13.785111
ENSMUSG00000044292.4	0
ENSMUSG00000044293.5	0
ENSMUSG00000044294.8	0
ENSMUSG00000044296.10	0.552533
ENSMUSG00000044303.6	0.078016
ENSMUSG00000044306.4	0
ENSMUSG00000044308.17	9.059566
ENSMUSG00000044309.8	0
ENSMUSG00000044312.4	0.020553
ENSMUSG00000044313.13	0.04972
ENSMUSG00000044317.7	1.791818
ENSMUSG00000044320.14	3.420027
ENSMUSG00000044322.7	0.021508
ENSMUSG00000044328.13	5.588033
ENSMUSG00000044330.8	0.43452
ENSMUSG00000044337.5	4.045357
ENSMUSG00000044338.9	0.103414
ENSMUSG00000044339.12	4.973256
ENSMUSG00000044340.7	14.608934
ENSMUSG00000044345.9	2.996206
ENSMUSG00000044348.14	7.255924
ENSMUSG00000044349.16	14.638749
ENSMUSG00000044350.14	1.001447
ENSMUSG00000044352.6	15.85658
ENSMUSG00000044359.1	0
ENSMUSG00000044361.16	0.666889
ENSMUSG00000044362.8	0.32168
ENSMUSG00000044364.5	5.31355
ENSMUSG00000044365.15	4.179251
ENSMUSG00000044367.7	2.213679
ENSMUSG00000044375.8	0.098451
ENSMUSG00000044377.3	0.117014
ENSMUSG00000044378.12	0.020984
ENSMUSG00000044387.5	0.349612
ENSMUSG00000044390.5	2.818545
ENSMUSG00000044393.15	0.225589
ENSMUSG00000044400.1	0
ENSMUSG00000044405.4	0
ENSMUSG00000044408.7	26.095659
ENSMUSG00000044424.4	0.964359
ENSMUSG00000044429.8	0
ENSMUSG00000044430.11	0
ENSMUSG00000044433.16	13.07512
ENSMUSG00000044434.5	0
ENSMUSG00000044441.5	0
ENSMUSG00000044442.11	10.645996
ENSMUSG00000044444.6	0.379888
ENSMUSG00000044447.5	0.651583
ENSMUSG00000044452.10	2.055364
ENSMUSG00000044453.5	0
ENSMUSG00000044454.5	0
ENSMUSG00000044456.16	0.939652
ENSMUSG00000044457.8	0
ENSMUSG00000044461.6	1.914133
ENSMUSG00000044465.19	14.837632
ENSMUSG00000044468.14	0.502612
ENSMUSG00000044469.8	3.282517
ENSMUSG00000044471.12	0.113925
ENSMUSG00000044475.14	21.534235
ENSMUSG00000044477.12	51.397621
ENSMUSG00000044485.4	0
ENSMUSG00000044487.2	0
ENSMUSG00000044496.6	12.04464
ENSMUSG00000044499.11	4.578965
ENSMUSG00000044501.17	0.551115
ENSMUSG00000044502.16	86.969027
ENSMUSG00000044505.5	0.258521
ENSMUSG00000044515.5	0
ENSMUSG00000044518.3	0
ENSMUSG00000044519.8	0.828843
ENSMUSG00000044522.8	0.127751
ENSMUSG00000044526.3	0
ENSMUSG00000044528.5	10.076294
ENSMUSG00000044533.15	710.673905
ENSMUSG00000044534.8	0.921321
ENSMUSG00000044537.8	0
ENSMUSG00000044538.10	0
ENSMUSG00000044542.3	0
ENSMUSG00000044544.4	0
ENSMUSG00000044548.11	1.351776
ENSMUSG00000044550.11	176.308436
ENSMUSG00000044551.13	0.992101
ENSMUSG00000044556.3	0.179237
ENSMUSG00000044560.3	0
ENSMUSG00000044562.12	1.704168
ENSMUSG00000044566.15	0.594149
ENSMUSG00000044573.16	16.697438
ENSMUSG00000044574.5	0
ENSMUSG00000044576.6	5.21907
ENSMUSG00000044581.8	0
ENSMUSG00000044583.13	0.210188
ENSMUSG00000044594.14	0
ENSMUSG00000044595.10	0.538074
ENSMUSG00000044597.4	0.012787
ENSMUSG00000044600.14	55.876549
ENSMUSG00000044609.6	0.124813
ENSMUSG00000044617.8	1.831378
ENSMUSG00000044624.7	0
ENSMUSG00000044626.13	0.358257
ENSMUSG00000044627.11	337.912466
ENSMUSG00000044628.5	158.708836
ENSMUSG00000044629.5	40.880442
ENSMUSG00000044633.4	0.01827
ENSMUSG00000044636.6	7.301402
ENSMUSG00000044639.3	0
ENSMUSG00000044641.7	1.434765
ENSMUSG00000044645.8	0
ENSMUSG00000044646.15	1.36423
ENSMUSG00000044647.16	5.9816
ENSMUSG00000044649.4	0
ENSMUSG00000044664.7	0
ENSMUSG00000044667.12	17.15817
ENSMUSG00000044674.6	3.951728
ENSMUSG00000044676.10	5.082281
ENSMUSG00000044678.11	1.217615
ENSMUSG00000044681.19	0.029585
ENSMUSG00000044689.5	0
ENSMUSG00000044694.2	0.01178
ENSMUSG00000044697.5	0
ENSMUSG00000044700.15	23.800733
ENSMUSG00000044701.5	0
ENSMUSG00000044702.13	0.322802
ENSMUSG00000044703.5	0
ENSMUSG00000044705.3	0
ENSMUSG00000044707.7	1.246418
ENSMUSG00000044708.5	56.046723
ENSMUSG00000044709.6	49.998309
ENSMUSG00000044712.15	0.606772
ENSMUSG00000044715.7	13.068628
ENSMUSG00000044716.12	11.727598
ENSMUSG00000044719.5	0.304678
ENSMUSG00000044724.9	0.067081
ENSMUSG00000044726.8	0.253997
ENSMUSG00000044730.17	4.360416
ENSMUSG00000044734.16	15.127655
ENSMUSG00000044737.6	0
ENSMUSG00000044743.3	0
ENSMUSG00000044748.8	1.007461
ENSMUSG00000044749.13	0.110677
ENSMUSG00000044751.5	0.775817
ENSMUSG00000044757.7	0
ENSMUSG00000044763.8	2.023153
ENSMUSG00000044768.16	21.271353
ENSMUSG00000044770.14	0.806185
ENSMUSG00000044772.2	0.579741
ENSMUSG00000044783.16	1.671361
ENSMUSG00000044786.6	1.200859
ENSMUSG00000044787.7	0.659082
ENSMUSG00000044788.10	7.211625
ENSMUSG00000044791.16	3.900495
ENSMUSG00000044792.7	113.052278
ENSMUSG00000044795.12	10.094214
ENSMUSG00000044798.7	0
ENSMUSG00000044801.1	0
ENSMUSG00000044807.13	3.823156
ENSMUSG00000044811.13	3.111443
ENSMUSG00000044813.15	10.90478
ENSMUSG00000044814.6	0
ENSMUSG00000044816.10	6.885646
ENSMUSG00000044819.5	0.031524
ENSMUSG00000044820.6	0
ENSMUSG00000044824.8	0
ENSMUSG00000044827.10	0.096757
ENSMUSG00000044835.15	11.9765
ENSMUSG00000044847.13	4.4956
ENSMUSG00000044854.7	0.514689
ENSMUSG00000044857.8	12.851507
ENSMUSG00000044860.9	0.020598
ENSMUSG00000044863.7	0
ENSMUSG00000044864.16	7.303329
ENSMUSG00000044867.5	0
ENSMUSG00000044876.15	24.919194
ENSMUSG00000044881.7	12.33785
ENSMUSG00000044894.14	626.630094
ENSMUSG00000044897.3	0
ENSMUSG00000044899.3	0
ENSMUSG00000044903.15	0
ENSMUSG00000044906.6	1.07455
ENSMUSG00000044912.11	15.985784
ENSMUSG00000044916.10	0.936678
ENSMUSG00000044921.5	0.202592
ENSMUSG00000044923.4	0
ENSMUSG00000044927.6	39.593669
ENSMUSG00000044933.3	6.37008
ENSMUSG00000044934.13	7.092481
ENSMUSG00000044937.15	0.100326
ENSMUSG00000044938.8	0.004435
ENSMUSG00000044948.17	0.033868
ENSMUSG00000044949.4	6.474159
ENSMUSG00000044950.7	3.122031
ENSMUSG00000044951.17	0.021913
ENSMUSG00000044952.5	7.423563
ENSMUSG00000044957.3	0.024372
ENSMUSG00000044966.4	0.014441
ENSMUSG00000044968.16	2.728246
ENSMUSG00000044976.17	0.011245
ENSMUSG00000044982.7	1.702958
ENSMUSG00000044985.6	0
ENSMUSG00000044986.10	55.121049
ENSMUSG00000044988.7	0.796691
ENSMUSG00000044991.10	10.887292
ENSMUSG00000044994.10	0
ENSMUSG00000044997.3	0
ENSMUSG00000045004.3	0.119268
ENSMUSG00000045005.9	0.291078
ENSMUSG00000045007.9	43.708764
ENSMUSG00000045008.2	0.566292
ENSMUSG00000045009.9	21.436904
ENSMUSG00000045010.14	0.260068
ENSMUSG00000045013.7	0
ENSMUSG00000045019.4	0.01244
ENSMUSG00000045022.6	0
ENSMUSG00000045027.7	1.001321
ENSMUSG00000045030.8	0
ENSMUSG00000045031.18	4.738153
ENSMUSG00000045034.12	7.022725
ENSMUSG00000045036.15	0.996235
ENSMUSG00000045038.14	47.470062
ENSMUSG00000045039.9	34.93706
ENSMUSG00000045045.7	14.796954
ENSMUSG00000045048.7	0
ENSMUSG00000045052.3	0.080269
ENSMUSG00000045053.2	0.062339
ENSMUSG00000045055.5	0.838219
ENSMUSG00000045062.4	3.387844
ENSMUSG00000045064.5	2.561842
ENSMUSG00000045065.7	0
ENSMUSG00000045071.14	2.263476
ENSMUSG00000045075.3	0.853063
ENSMUSG00000045078.12	9.759978
ENSMUSG00000045083.14	4.878547
ENSMUSG00000045087.8	11.252266
ENSMUSG00000045091.4	0
ENSMUSG00000045092.8	52.508207
ENSMUSG00000045094.8	0.448117
ENSMUSG00000045095.16	7.893544
ENSMUSG00000045098.19	4.432464
ENSMUSG00000045100.11	7.568335
ENSMUSG00000045102.12	0.032845
ENSMUSG00000045103.19	3.193293
ENSMUSG00000045104.9	0.897574
ENSMUSG00000045106.12	2.396291
ENSMUSG00000045107.5	5.084251
ENSMUSG00000045109.6	0
ENSMUSG00000045111.5	0
ENSMUSG00000045114.10	174.874007
ENSMUSG00000045126.2	0
ENSMUSG00000045128.9	1489.946386
ENSMUSG00000045132.3	0
ENSMUSG00000045136.6	96.514791
ENSMUSG00000045140.8	0.704052
ENSMUSG00000045148.5	0
ENSMUSG00000045150.5	0
ENSMUSG00000045160.14	29.806326
ENSMUSG00000045165.6	1.755925
ENSMUSG00000045174.10	7.059248
ENSMUSG00000045176.3	31.689132
ENSMUSG00000045178.10	0
ENSMUSG00000045179.9	1.187089
ENSMUSG00000045180.13	22.740572
ENSMUSG00000045193.13	144.914433
ENSMUSG00000045201.6	12.447316
ENSMUSG00000045202.6	0
ENSMUSG00000045204.4	0
ENSMUSG00000045205.16	2.298958
ENSMUSG00000045210.8	3.623814
ENSMUSG00000045211.5	48.65292
ENSMUSG00000045215.17	0.185522
ENSMUSG00000045216.7	24.747284
ENSMUSG00000045217.5	0
ENSMUSG00000045225.4	0
ENSMUSG00000045231.5	0.063821
ENSMUSG00000045232.4	6.37039
ENSMUSG00000045236.5	0
ENSMUSG00000045237.5	15.242527
ENSMUSG00000045238.9	0.360993
ENSMUSG00000045246.11	8.044656
ENSMUSG00000045248.6	4.94763
ENSMUSG00000045251.13	15.333076
ENSMUSG00000045252.11	13.4599
ENSMUSG00000045257.10	25.424812
ENSMUSG00000045259.4	4.990138
ENSMUSG00000045267.3	0
ENSMUSG00000045268.13	4.081142
ENSMUSG00000045273.8	0.182574
ENSMUSG00000045275.16	0.468101
ENSMUSG00000045281.5	0.042728
ENSMUSG00000045282.7	0.932687
ENSMUSG00000045284.9	19.299754
ENSMUSG00000045287.6	24.084033
ENSMUSG00000045288.10	0.429791
ENSMUSG00000045291.8	0
ENSMUSG00000045294.11	26.861053
ENSMUSG00000045302.13	52.718047
ENSMUSG00000045306.3	0
ENSMUSG00000045312.12	5.138752
ENSMUSG00000045314.5	4.259425
ENSMUSG00000045316.5	7.500492
ENSMUSG00000045318.6	6.42987
ENSMUSG00000045319.13	1.634244
ENSMUSG00000045322.10	0.118824
ENSMUSG00000045326.13	0.161639
ENSMUSG00000045327.7	0.03179
ENSMUSG00000045328.11	0.196786
ENSMUSG00000045330.8	0
ENSMUSG00000045331.3	0
ENSMUSG00000045333.15	8.173254
ENSMUSG00000045336.5	0
ENSMUSG00000045337.4	0
ENSMUSG00000045339.7	0.073514
ENSMUSG00000045340.4	0
ENSMUSG00000045341.2	0
ENSMUSG00000045345.6	0.091726
ENSMUSG00000045348.16	37.877863
ENSMUSG00000045349.15	25.743731
ENSMUSG00000045350.15	0.048117
ENSMUSG00000045362.8	0.019422
ENSMUSG00000045364.2	0
ENSMUSG00000045374.18	4.957803
ENSMUSG00000045377.5	0.877302
ENSMUSG00000045378.5	0.332661
ENSMUSG00000045381.6	0
ENSMUSG00000045382.6	1.551087
ENSMUSG00000045391.4	0
ENSMUSG00000045392.8	0.048754
ENSMUSG00000045394.9	0.160797
ENSMUSG00000045395.4	0
ENSMUSG00000045404.16	4.222707
ENSMUSG00000045409.16	3.443986
ENSMUSG00000045410.18	9.486833
ENSMUSG00000045411.16	51.48752
ENSMUSG00000045414.7	7.774777
ENSMUSG00000045417.2	0
ENSMUSG00000045421.2	0
ENSMUSG00000045427.13	33.572206
ENSMUSG00000045435.9	27.113453
ENSMUSG00000045438.12	31.685643
ENSMUSG00000045440.4	0.101549
ENSMUSG00000045441.5	0.490891
ENSMUSG00000045455.8	1.749694
ENSMUSG00000045463.15	0
ENSMUSG00000045464.5	0.571433
ENSMUSG00000045466.18	7.181548
ENSMUSG00000045467.13	0.302911
ENSMUSG00000045471.4	16.145237
ENSMUSG00000045474.7	0
ENSMUSG00000045475.5	0
ENSMUSG00000045479.7	0
ENSMUSG00000045482.16	14.171795
ENSMUSG00000045493.4	0.095659
ENSMUSG00000045498.1	3.849471
ENSMUSG00000045502.6	0.14383
ENSMUSG00000045503.16	39.727455
ENSMUSG00000045506.3	0.088573
ENSMUSG00000045508.4	0
ENSMUSG00000045509.7	0.754099
ENSMUSG00000045514.5	0
ENSMUSG00000045515.4	11.212783
ENSMUSG00000045518.8	0.121843
ENSMUSG00000045519.15	12.856388
ENSMUSG00000045521.7	0
ENSMUSG00000045528.1	0
ENSMUSG00000045532.5	22.587937
ENSMUSG00000045534.4	3.54772
ENSMUSG00000045538.6	11.542199
ENSMUSG00000045539.3	0
ENSMUSG00000045540.5	0
ENSMUSG00000045545.8	0.059283
ENSMUSG00000045551.7	0
ENSMUSG00000045555.3	1.036007
ENSMUSG00000045559.6	0
ENSMUSG00000045566.1	0
ENSMUSG00000045569.7	0.019267
ENSMUSG00000045573.9	331.229476
ENSMUSG00000045575.2	0
ENSMUSG00000045576.16	7.022248
ENSMUSG00000045581.7	0
ENSMUSG00000045584.4	0
ENSMUSG00000045587.9	0
ENSMUSG00000045589.7	15.08095
ENSMUSG00000045591.6	0.11827
ENSMUSG00000045594.10	12.144896
ENSMUSG00000045598.10	11.66597
ENSMUSG00000045608.7	21.451725
ENSMUSG00000045609.6	0
ENSMUSG00000045613.9	2.394708
ENSMUSG00000045620.7	0.093059
ENSMUSG00000045624.15	1.888692
ENSMUSG00000045625.5	15.668393
ENSMUSG00000045629.8	1.29357
ENSMUSG00000045631.10	0
ENSMUSG00000045636.16	8.078215
ENSMUSG00000045639.14	5.078661
ENSMUSG00000045648.15	1.171059
ENSMUSG00000045655.9	0.176455
ENSMUSG00000045657.3	1.263348
ENSMUSG00000045658.16	9.873737
ENSMUSG00000045659.18	4.148924
ENSMUSG00000045662.17	0.604705
ENSMUSG00000045664.5	9.356347
ENSMUSG00000045665.5	34.356356
ENSMUSG00000045667.14	1.652512
ENSMUSG00000045671.17	19.203123
ENSMUSG00000045672.15	0.209429
ENSMUSG00000045678.8	0
ENSMUSG00000045679.14	0.808394
ENSMUSG00000045680.8	0.128496
ENSMUSG00000045684.10	0
ENSMUSG00000045689.3	0.941558
ENSMUSG00000045690.8	2.131453
ENSMUSG00000045691.14	17.794951
ENSMUSG00000045693.8	0
ENSMUSG00000045694.4	0
ENSMUSG00000045699.4	0
ENSMUSG00000045708.4	0
ENSMUSG00000045709.11	0.373013
ENSMUSG00000045725.5	0.582855
ENSMUSG00000045730.4	1.253361
ENSMUSG00000045731.6	15.32148
ENSMUSG00000045733.7	56.199338
ENSMUSG00000045744.11	4.209378
ENSMUSG00000045746.3	0.097659
ENSMUSG00000045751.16	0.075464
ENSMUSG00000045752.13	45.403147
ENSMUSG00000045757.6	2.24436
ENSMUSG00000045761.16	0.822183
ENSMUSG00000045763.8	336.845041
ENSMUSG00000045767.9	16.434991
ENSMUSG00000045775.15	0.060022
ENSMUSG00000045776.3	0
ENSMUSG00000045777.14	39.621819
ENSMUSG00000045780.3	0.015134
ENSMUSG00000045790.10	19.111628
ENSMUSG00000045792.2	0
ENSMUSG00000045794.3	0
ENSMUSG00000045795.10	3.393227
ENSMUSG00000045797.1	0
ENSMUSG00000045799.6	2.115605
ENSMUSG00000045802.13	0
ENSMUSG00000045812.5	0
ENSMUSG00000045813.7	0
ENSMUSG00000045815.4	0
ENSMUSG00000045817.8	7.31972
ENSMUSG00000045822.4	3.199025
ENSMUSG00000045824.6	0
ENSMUSG00000045826.9	0.392559
ENSMUSG00000045827.10	2.655116
ENSMUSG00000045835.5	0
ENSMUSG00000045838.8	1.405222
ENSMUSG00000045842.9	0
ENSMUSG00000045854.4	27.50583
ENSMUSG00000045867.10	7.143049
ENSMUSG00000045868.12	0
ENSMUSG00000045871.5	0.448226
ENSMUSG00000045875.13	0.888933
ENSMUSG00000045876.4	4.188615
ENSMUSG00000045877.2	0.382303
ENSMUSG00000045883.5	0
ENSMUSG00000045886.7	1.192424
ENSMUSG00000045896.14	19.198417
ENSMUSG00000045903.9	1.903361
ENSMUSG00000045912.9	8.968183
ENSMUSG00000045915.15	1.276479
ENSMUSG00000045917.17	6.564705
ENSMUSG00000045928.2	0
ENSMUSG00000045929.8	0.138018
ENSMUSG00000045930.3	0.433592
ENSMUSG00000045932.12	1.572455
ENSMUSG00000045934.15	2.327317
ENSMUSG00000045942.13	0.192137
ENSMUSG00000045948.8	98.209614
ENSMUSG00000045952.3	0
ENSMUSG00000045954.7	1.615977
ENSMUSG00000045962.16	26.452189
ENSMUSG00000045967.11	10.143346
ENSMUSG00000045968.7	1.121595
ENSMUSG00000045969.8	18.704006
ENSMUSG00000045973.18	20.117347
ENSMUSG00000045975.8	2.292791
ENSMUSG00000045980.13	6.210267
ENSMUSG00000045983.16	43.484953
ENSMUSG00000045989.4	0.147746
ENSMUSG00000045991.19	0.109933
ENSMUSG00000045994.17	53.436008
ENSMUSG00000045996.12	25.153208
ENSMUSG00000046000.5	0.017257
ENSMUSG00000046005.4	0
ENSMUSG00000046006.6	0
ENSMUSG00000046008.8	0.582856
ENSMUSG00000046010.7	6.06241
ENSMUSG00000046016.3	0
ENSMUSG00000046020.13	3.564494
ENSMUSG00000046027.17	3.820092
ENSMUSG00000046031.7	0.244369
ENSMUSG00000046032.16	28.171609
ENSMUSG00000046034.8	16.752711
ENSMUSG00000046041.4	0
ENSMUSG00000046049.7	0
ENSMUSG00000046056.15	2.015549
ENSMUSG00000046057.4	0
ENSMUSG00000046058.7	48.786346
ENSMUSG00000046062.5	13.576368
ENSMUSG00000046070.9	0
ENSMUSG00000046079.16	10.271813
ENSMUSG00000046080.17	0
ENSMUSG00000046082.4	0.013502
ENSMUSG00000046085.7	0
ENSMUSG00000046093.9	174.943816
ENSMUSG00000046095.5	0.068233
ENSMUSG00000046096.7	20.896901
ENSMUSG00000046101.16	0
ENSMUSG00000046108.3	0.103327
ENSMUSG00000046109.6	1.017156
ENSMUSG00000046110.15	0.177774
ENSMUSG00000046111.17	0.800888
ENSMUSG00000046119.2	0
ENSMUSG00000046130.7	0
ENSMUSG00000046133.3	0
ENSMUSG00000046138.15	1.89725
ENSMUSG00000046139.8	4.108809
ENSMUSG00000046145.7	0
ENSMUSG00000046150.3	0
ENSMUSG00000046152.16	1.179822
ENSMUSG00000046157.13	18.392665
ENSMUSG00000046159.16	9.916308
ENSMUSG00000046160.6	86.544625
ENSMUSG00000046167.5	0.400164
ENSMUSG00000046168.9	0.052891
ENSMUSG00000046169.10	0.053844
ENSMUSG00000046173.3	0
ENSMUSG00000046178.3	18.744156
ENSMUSG00000046179.17	0.093622
ENSMUSG00000046180.11	0
ENSMUSG00000046182.8	23.694373
ENSMUSG00000046185.10	1.359589
ENSMUSG00000046186.8	0.261299
ENSMUSG00000046191.7	3.139712
ENSMUSG00000046192.4	0.137102
ENSMUSG00000046196.4	0.045553
ENSMUSG00000046201.9	7.423499
ENSMUSG00000046203.11	0
ENSMUSG00000046204.14	9.301579
ENSMUSG00000046207.14	2.615169
ENSMUSG00000046210.7	0
ENSMUSG00000046213.9	0.026451
ENSMUSG00000046215.3	71.588424
ENSMUSG00000046219.9	0.249994
ENSMUSG00000046223.10	0.295101
ENSMUSG00000046229.10	55.385162
ENSMUSG00000046230.11	2.861403
ENSMUSG00000046240.8	50.730845
ENSMUSG00000046242.8	0.497751
ENSMUSG00000046245.13	1.057131
ENSMUSG00000046248.9	0
ENSMUSG00000046258.4	0
ENSMUSG00000046259.2	0
ENSMUSG00000046262.14	0
ENSMUSG00000046269.17	3.368862
ENSMUSG00000046272.4	0
ENSMUSG00000046275.2	0.286894
ENSMUSG00000046280.9	0.337871
ENSMUSG00000046282.7	0
ENSMUSG00000046287.7	7.006598
ENSMUSG00000046295.13	0
ENSMUSG00000046300.4	0
ENSMUSG00000046311.13	1.380919
ENSMUSG00000046312.4	9.781121
ENSMUSG00000046314.16	10.595702
ENSMUSG00000046317.14	0
ENSMUSG00000046318.16	0.521372
ENSMUSG00000046321.8	17.935575
ENSMUSG00000046323.8	0
ENSMUSG00000046324.12	9.724064
ENSMUSG00000046329.14	128.30214
ENSMUSG00000046330.10	885.820284
ENSMUSG00000046334.4	0
ENSMUSG00000046337.17	1.038759
ENSMUSG00000046338.4	0.320055
ENSMUSG00000046341.5	2.244601
ENSMUSG00000046345.5	0
ENSMUSG00000046351.11	1.929146
ENSMUSG00000046352.7	6.221576
ENSMUSG00000046354.3	0
ENSMUSG00000046364.14	453.64812
ENSMUSG00000046367.10	0
ENSMUSG00000046372.4	0
ENSMUSG00000046378.11	35.71578
ENSMUSG00000046380.3	3.218432
ENSMUSG00000046387.5	2.748897
ENSMUSG00000046388.4	0
ENSMUSG00000046396.7	0
ENSMUSG00000046402.10	6.82579
ENSMUSG00000046404.5	1.869135
ENSMUSG00000046408.15	0
ENSMUSG00000046410.10	0.365726
ENSMUSG00000046411.2	0
ENSMUSG00000046413.14	0.192635
ENSMUSG00000046415.11	0.070275
ENSMUSG00000046417.14	11.02922
ENSMUSG00000046431.2	0
ENSMUSG00000046432.12	434.154407
ENSMUSG00000046434.16	86.28607
ENSMUSG00000046435.7	0
ENSMUSG00000046438.5	0
ENSMUSG00000046440.9	0
ENSMUSG00000046441.5	1.048148
ENSMUSG00000046442.4	12.116517
ENSMUSG00000046447.3	607.471711
ENSMUSG00000046449.15	0.944889
ENSMUSG00000046450.3	0
ENSMUSG00000046456.14	0.13287
ENSMUSG00000046460.15	0.065104
ENSMUSG00000046463.5	0.447945
ENSMUSG00000046470.5	2.795575
ENSMUSG00000046474.9	0
ENSMUSG00000046480.6	67.948435
ENSMUSG00000046486.4	0
ENSMUSG00000046487.6	0.070119
ENSMUSG00000046490.7	0.034105
ENSMUSG00000046491.10	1.544171
ENSMUSG00000046493.5	0
ENSMUSG00000046500.8	1.057716
ENSMUSG00000046516.10	346.717916
ENSMUSG00000046518.3	0.316024
ENSMUSG00000046519.15	6.553697
ENSMUSG00000046523.5	2.669026
ENSMUSG00000046532.8	1.720124
ENSMUSG00000046541.9	1.504505
ENSMUSG00000046546.3	6.931686
ENSMUSG00000046550.8	5.376121
ENSMUSG00000046556.7	5.115195
ENSMUSG00000046561.9	0.441338
ENSMUSG00000046562.5	8.424482
ENSMUSG00000046567.10	4.139078
ENSMUSG00000046572.10	1.437488
ENSMUSG00000046573.7	18.153474
ENSMUSG00000046574.8	13.957059
ENSMUSG00000046580.10	0.223078
ENSMUSG00000046585.9	0.052929
ENSMUSG00000046589.7	0.037851
ENSMUSG00000046590.3	0
ENSMUSG00000046591.10	0
ENSMUSG00000046593.3	4.978268
ENSMUSG00000046598.15	49.9455
ENSMUSG00000046603.16	5.239722
ENSMUSG00000046605.14	1.094804
ENSMUSG00000046607.6	6.927793
ENSMUSG00000046610.15	0.054279
ENSMUSG00000046613.19	5.753518
ENSMUSG00000046615.2	0
ENSMUSG00000046618.7	0.373436
ENSMUSG00000046620.4	0
ENSMUSG00000046623.8	0
ENSMUSG00000046634.12	0
ENSMUSG00000046636.5	0
ENSMUSG00000046637.3	1.945339
ENSMUSG00000046643.2	0
ENSMUSG00000046650.4	0
ENSMUSG00000046652.3	0
ENSMUSG00000046658.16	4.00353
ENSMUSG00000046667.14	0.743052
ENSMUSG00000046668.9	54.990227
ENSMUSG00000046671.18	45.895728
ENSMUSG00000046675.7	2.871965
ENSMUSG00000046676.4	0
ENSMUSG00000046678.6	0
ENSMUSG00000046679.16	7.874593
ENSMUSG00000046683.16	0.052832
ENSMUSG00000046687.6	0.479474
ENSMUSG00000046688.14	5.366617
ENSMUSG00000046691.14	29.935061
ENSMUSG00000046694.6	0.066388
ENSMUSG00000046697.17	0
ENSMUSG00000046699.14	3.052161
ENSMUSG00000046707.9	24.569168
ENSMUSG00000046709.18	68.347312
ENSMUSG00000046711.16	56.299442
ENSMUSG00000046714.7	0.461809
ENSMUSG00000046716.7	0
ENSMUSG00000046717.5	0.328537
ENSMUSG00000046718.8	5.555499
ENSMUSG00000046719.7	30.201797
ENSMUSG00000046721.11	2.930608
ENSMUSG00000046722.14	29.007942
ENSMUSG00000046723.4	0
ENSMUSG00000046727.13	116.498335
ENSMUSG00000046731.5	1.189375
ENSMUSG00000046733.7	0.220477
ENSMUSG00000046743.6	0.325353
ENSMUSG00000046747.8	0.318688
ENSMUSG00000046748.8	0.06772
ENSMUSG00000046750.17	1.464858
ENSMUSG00000046753.10	1.122526
ENSMUSG00000046755.5	0
ENSMUSG00000046756.10	39.557487
ENSMUSG00000046761.13	0.482288
ENSMUSG00000046764.8	0
ENSMUSG00000046768.13	2.545537
ENSMUSG00000046774.17	0.108107
ENSMUSG00000046782.14	0
ENSMUSG00000046785.8	12.713408
ENSMUSG00000046790.7	0
ENSMUSG00000046791.8	6.761553
ENSMUSG00000046792.8	18.928595
ENSMUSG00000046793.8	5.615504
ENSMUSG00000046794.9	0.263271
ENSMUSG00000046798.14	12.299331
ENSMUSG00000046804.13	0
ENSMUSG00000046805.10	1.435591
ENSMUSG00000046806.13	1.08083
ENSMUSG00000046807.10	6.859604
ENSMUSG00000046808.17	0.484798
ENSMUSG00000046811.3	0
ENSMUSG00000046814.3	5.86213
ENSMUSG00000046818.7	7.386819
ENSMUSG00000046822.14	30.052979
ENSMUSG00000046826.7	0.162231
ENSMUSG00000046828.3	0
ENSMUSG00000046834.7	8.636222
ENSMUSG00000046836.13	11.073695
ENSMUSG00000046840.16	0
ENSMUSG00000046841.5	12.363177
ENSMUSG00000046844.6	40.180118
ENSMUSG00000046845.1	0
ENSMUSG00000046846.4	0
ENSMUSG00000046854.16	1.471114
ENSMUSG00000046856.13	0.81141
ENSMUSG00000046861.9	12.355521
ENSMUSG00000046862.14	4.626641
ENSMUSG00000046865.7	45.68991
ENSMUSG00000046873.18	3.582088
ENSMUSG00000046876.16	4.598526
ENSMUSG00000046879.7	2.950629
ENSMUSG00000046881.7	0
ENSMUSG00000046886.6	0.063925
ENSMUSG00000046897.17	21.200637
ENSMUSG00000046899.7	0
ENSMUSG00000046908.5	0.069054
ENSMUSG00000046909.9	3.598134
ENSMUSG00000046913.3	0
ENSMUSG00000046916.9	0.073507
ENSMUSG00000046922.7	8.305126
ENSMUSG00000046924.4	0
ENSMUSG00000046932.2	0
ENSMUSG00000046934.5	0.015781
ENSMUSG00000046942.17	0
ENSMUSG00000046947.12	21.0426
ENSMUSG00000046949.16	2.940575
ENSMUSG00000046952.9	0.309793
ENSMUSG00000046957.5	0
ENSMUSG00000046958.10	0
ENSMUSG00000046959.16	0.549351
ENSMUSG00000046961.8	0.197084
ENSMUSG00000046962.16	4.361852
ENSMUSG00000046971.7	0
ENSMUSG00000046974.6	0
ENSMUSG00000046975.7	0
ENSMUSG00000046982.11	4.609834
ENSMUSG00000046985.11	11.755392
ENSMUSG00000046991.12	3.735996
ENSMUSG00000046993.6	0
ENSMUSG00000046994.9	0.9905
ENSMUSG00000046995.3	0
ENSMUSG00000046997.5	4.911428
ENSMUSG00000046999.2	5.437547
ENSMUSG00000047002.2	0
ENSMUSG00000047003.15	1.27383
ENSMUSG00000047013.15	18.309727
ENSMUSG00000047014.7	0
ENSMUSG00000047021.14	0.230363
ENSMUSG00000047022.18	1.109128
ENSMUSG00000047025.5	0
ENSMUSG00000047026.9	0
ENSMUSG00000047030.15	20.737679
ENSMUSG00000047031.5	0
ENSMUSG00000047033.2	0.597913
ENSMUSG00000047034.10	0.349347
ENSMUSG00000047036.8	1.970857
ENSMUSG00000047037.5	14.09232
ENSMUSG00000047039.4	0
ENSMUSG00000047040.9	0
ENSMUSG00000047044.7	17.635947
ENSMUSG00000047045.17	7.444955
ENSMUSG00000047046.8	0
ENSMUSG00000047048.4	0
ENSMUSG00000047050.2	0
ENSMUSG00000047053.5	0
ENSMUSG00000047061.6	0
ENSMUSG00000047067.7	37.078994
ENSMUSG00000047079.1	0
ENSMUSG00000047084.8	28.686242
ENSMUSG00000047085.14	93.205653
ENSMUSG00000047090.13	5.590248
ENSMUSG00000047094.9	0
ENSMUSG00000047098.18	8.334791
ENSMUSG00000047102.4	0
ENSMUSG00000047104.5	0
ENSMUSG00000047108.4	0
ENSMUSG00000047109.13	0.809759
ENSMUSG00000047115.15	0.826154
ENSMUSG00000047117.13	0.211409
ENSMUSG00000047123.8	2.657356
ENSMUSG00000047126.17	66.242599
ENSMUSG00000047129.11	0
ENSMUSG00000047139.9	8.37954
ENSMUSG00000047141.5	2.230458
ENSMUSG00000047143.3	0.500115
ENSMUSG00000047146.17	0.196816
ENSMUSG00000047149.5	0
ENSMUSG00000047150.8	0.058161
ENSMUSG00000047153.4	2.946836
ENSMUSG00000047155.13	4.471627
ENSMUSG00000047161.12	0.355232
ENSMUSG00000047168.6	0
ENSMUSG00000047171.8	0
ENSMUSG00000047180.8	0.467537
ENSMUSG00000047181.12	28.018757
ENSMUSG00000047182.6	0.103762
ENSMUSG00000047187.9	109.469353
ENSMUSG00000047189.3	0
ENSMUSG00000047193.16	0.342137
ENSMUSG00000047197.1	0.424344
ENSMUSG00000047203.3	0
ENSMUSG00000047205.12	4.094175
ENSMUSG00000047207.3	0
ENSMUSG00000047213.14	6.021316
ENSMUSG00000047215.14	947.96423
ENSMUSG00000047216.8	0.517313
ENSMUSG00000047220.5	0.382091
ENSMUSG00000047221.5	4.354881
ENSMUSG00000047222.7	0
ENSMUSG00000047225.8	0
ENSMUSG00000047227.5	3.40919
ENSMUSG00000047228.9	41.38539
ENSMUSG00000047230.6	1.09448
ENSMUSG00000047237.13	0
ENSMUSG00000047238.4	27.649539
ENSMUSG00000047242.14	10.863971
ENSMUSG00000047246.7	1.211266
ENSMUSG00000047248.20	4.368311
ENSMUSG00000047250.13	6.954882
ENSMUSG00000047253.4	0
ENSMUSG00000047257.13	0.326034
ENSMUSG00000047259.3	1.045551
ENSMUSG00000047260.4	48.921563
ENSMUSG00000047261.9	232.561118
ENSMUSG00000047264.8	23.182587
ENSMUSG00000047281.3	0.448692
ENSMUSG00000047284.14	44.619566
ENSMUSG00000047286.7	0
ENSMUSG00000047293.7	0
ENSMUSG00000047295.16	0
ENSMUSG00000047298.3	0
ENSMUSG00000047307.2	1.324337
ENSMUSG00000047324.5	0
ENSMUSG00000047330.8	0.395302
ENSMUSG00000047342.17	3.813752
ENSMUSG00000047343.4	0
ENSMUSG00000047344.9	0.30853
ENSMUSG00000047347.7	1.063874
ENSMUSG00000047352.6	0
ENSMUSG00000047356.2	0
ENSMUSG00000047361.16	2.324569
ENSMUSG00000047363.4	1.614069
ENSMUSG00000047368.4	13.619072
ENSMUSG00000047369.17	0.785207
ENSMUSG00000047370.5	0.302876
ENSMUSG00000047371.7	8.263352
ENSMUSG00000047379.7	89.301092
ENSMUSG00000047383.8	0
ENSMUSG00000047384.3	0.040777
ENSMUSG00000047388.10	17.692963
ENSMUSG00000047390.6	0.579519
ENSMUSG00000047394.9	1.342295
ENSMUSG00000047407.17	1.004514
ENSMUSG00000047409.13	5.083249
ENSMUSG00000047412.16	1.794478
ENSMUSG00000047414.6	2.73886
ENSMUSG00000047415.12	3.07768
ENSMUSG00000047417.18	15.532626
ENSMUSG00000047419.5	0.172823
ENSMUSG00000047420.8	1.078213
ENSMUSG00000047423.10	75.822768
ENSMUSG00000047428.14	14.107298
ENSMUSG00000047434.14	11.145584
ENSMUSG00000047441.4	0
ENSMUSG00000047443.14	0.052048
ENSMUSG00000047444.3	0
ENSMUSG00000047446.18	13.283555
ENSMUSG00000047454.12	9.786431
ENSMUSG00000047459.14	372.680729
ENSMUSG00000047462.9	0
ENSMUSG00000047466.10	8.493557
ENSMUSG00000047473.14	3.545594
ENSMUSG00000047485.6	0.031871
ENSMUSG00000047492.5	0.038142
ENSMUSG00000047495.15	5.801911
ENSMUSG00000047496.6	1.346773
ENSMUSG00000047497.10	0.016674
ENSMUSG00000047501.3	0.017093
ENSMUSG00000047502.14	5.384439
ENSMUSG00000047507.12	17.630914
ENSMUSG00000047508.9	0
ENSMUSG00000047509.1	0.038739
ENSMUSG00000047511.6	0
ENSMUSG00000047514.6	105.007565
ENSMUSG00000047515.8	1.228709
ENSMUSG00000047517.12	0
ENSMUSG00000047518.3	0
ENSMUSG00000047528.13	0
ENSMUSG00000047531.9	0.012446
ENSMUSG00000047534.17	0.014592
ENSMUSG00000047535.11	0
ENSMUSG00000047539.9	8.253906
ENSMUSG00000047544.7	0
ENSMUSG00000047545.5	0
ENSMUSG00000047547.14	289.60306
ENSMUSG00000047554.14	15.976941
ENSMUSG00000047557.2	50.689396
ENSMUSG00000047562.3	0
ENSMUSG00000047564.4	0
ENSMUSG00000047565.5	0
ENSMUSG00000047583.9	5.560023
ENSMUSG00000047586.4	0.662065
ENSMUSG00000047591.5	1.006054
ENSMUSG00000047592.17	0
ENSMUSG00000047594.4	0
ENSMUSG00000047603.9	4.146459
ENSMUSG00000047604.3	3.5443
ENSMUSG00000047606.4	1.644997
ENSMUSG00000047613.10	26.578731
ENSMUSG00000047617.11	66.29238
ENSMUSG00000047619.5	0
ENSMUSG00000047626.4	0
ENSMUSG00000047631.4	0.129566
ENSMUSG00000047632.11	3.44193
ENSMUSG00000047635.6	9.47841
ENSMUSG00000047636.3	0
ENSMUSG00000047638.15	0.047031
ENSMUSG00000047641.8	0.040003
ENSMUSG00000047642.15	0.106461
ENSMUSG00000047643.5	0.024263
ENSMUSG00000047648.13	0.619687
ENSMUSG00000047649.9	13.708922
ENSMUSG00000047652.4	0
ENSMUSG00000047654.6	0.048381
ENSMUSG00000047655.2	0
ENSMUSG00000047656.9	14.922326
ENSMUSG00000047657.6	0.025766
ENSMUSG00000047658.6	25.444094
ENSMUSG00000047661.9	0
ENSMUSG00000047667.5	0
ENSMUSG00000047669.8	9.182127
ENSMUSG00000047671.8	0.757942
ENSMUSG00000047674.2	0
ENSMUSG00000047675.15	795.921622
ENSMUSG00000047676.6	1.213362
ENSMUSG00000047678.1	0
ENSMUSG00000047686.9	0.131439
ENSMUSG00000047692.6	0
ENSMUSG00000047694.12	3.07229
ENSMUSG00000047696.16	0
ENSMUSG00000047702.2	0.009806
ENSMUSG00000047710.8	7.789158
ENSMUSG00000047712.8	9.74117
ENSMUSG00000047714.14	68.154222
ENSMUSG00000047716.4	0
ENSMUSG00000047719.2	7.065671
ENSMUSG00000047720.7	0
ENSMUSG00000047721.8	80.294835
ENSMUSG00000047728.13	0
ENSMUSG00000047730.17	0.379071
ENSMUSG00000047731.17	11.392605
ENSMUSG00000047733.10	0
ENSMUSG00000047735.14	0.179428
ENSMUSG00000047746.14	0.310683
ENSMUSG00000047747.10	3.808538
ENSMUSG00000047749.2	0.727004
ENSMUSG00000047751.9	0
ENSMUSG00000047757.17	0.119412
ENSMUSG00000047759.6	0.631394
ENSMUSG00000047766.15	42.828064
ENSMUSG00000047767.17	5.030767
ENSMUSG00000047773.15	0.280112
ENSMUSG00000047777.9	7.34657
ENSMUSG00000047786.12	23.58357
ENSMUSG00000047787.8	3.247053
ENSMUSG00000047789.5	1.045305
ENSMUSG00000047793.13	0.337348
ENSMUSG00000047794.6	0
ENSMUSG00000047797.14	31.256937
ENSMUSG00000047798.15	0.070699
ENSMUSG00000047799.15	0
ENSMUSG00000047804.15	2.805809
ENSMUSG00000047807.10	0
ENSMUSG00000047810.9	2.491614
ENSMUSG00000047819.3	0.02561
ENSMUSG00000047821.16	0.48661
ENSMUSG00000047822.8	0
ENSMUSG00000047824.13	25.992305
ENSMUSG00000047828.4	0.059794
ENSMUSG00000047832.9	4.023953
ENSMUSG00000047841.8	0.172025
ENSMUSG00000047842.7	52.218028
ENSMUSG00000047843.16	92.9696
ENSMUSG00000047844.3	20.570143
ENSMUSG00000047854.5	0
ENSMUSG00000047861.2	0.025703
ENSMUSG00000047866.18	22.115442
ENSMUSG00000047867.11	1.265271
ENSMUSG00000047868.6	0
ENSMUSG00000047875.6	0.93729
ENSMUSG00000047878.13	1.609237
ENSMUSG00000047879.17	33.568664
ENSMUSG00000047880.15	0.136423
ENSMUSG00000047881.14	3.832929
ENSMUSG00000047884.6	0.064696
ENSMUSG00000047888.10	1.860535
ENSMUSG00000047889.9	0
ENSMUSG00000047894.2	0
ENSMUSG00000047897.10	6.529859
ENSMUSG00000047898.7	0
ENSMUSG00000047904.6	12.789722
ENSMUSG00000047905.10	1.162684
ENSMUSG00000047907.11	7.889671
ENSMUSG00000047909.11	3.846757
ENSMUSG00000047910.6	0.610534
ENSMUSG00000047911.6	0.204947
ENSMUSG00000047921.17	28.281025
ENSMUSG00000047935.17	1.767834
ENSMUSG00000047938.7	0
ENSMUSG00000047940.13	0.014918
ENSMUSG00000047945.6	117.980256
ENSMUSG00000047953.7	1.123397
ENSMUSG00000047959.4	0.422254
ENSMUSG00000047960.4	0
ENSMUSG00000047963.7	3.65796
ENSMUSG00000047965.9	0.420242
ENSMUSG00000047969.5	0
ENSMUSG00000047976.4	5.338027
ENSMUSG00000047977.3	0
ENSMUSG00000047980.6	0
ENSMUSG00000047986.12	2.760197
ENSMUSG00000047988.1	0.044893
ENSMUSG00000047989.11	12.396606
ENSMUSG00000047990.6	0.022964
ENSMUSG00000047992.11	2.428394
ENSMUSG00000047995.7	0
ENSMUSG00000047996.16	4.165872
ENSMUSG00000048000.15	9.568452
ENSMUSG00000048001.7	19.680132
ENSMUSG00000048003.12	0
ENSMUSG00000048004.15	5.317251
ENSMUSG00000048007.4	14.496189
ENSMUSG00000048012.19	0.08683
ENSMUSG00000048013.9	0
ENSMUSG00000048015.4	0.079594
ENSMUSG00000048022.11	12.006076
ENSMUSG00000048027.9	18.046349
ENSMUSG00000048029.10	1.619256
ENSMUSG00000048031.15	0.103754
ENSMUSG00000048038.8	0.291635
ENSMUSG00000048039.8	5.415578
ENSMUSG00000048040.8	70.396687
ENSMUSG00000048047.3	3.858484
ENSMUSG00000048058.17	3.363574
ENSMUSG00000048062.4	0
ENSMUSG00000048065.8	0.309181
ENSMUSG00000048067.8	0
ENSMUSG00000048070.4	0.424825
ENSMUSG00000048076.14	419.008407
ENSMUSG00000048077.6	0
ENSMUSG00000048078.16	6.935893
ENSMUSG00000048080.2	0
ENSMUSG00000048087.6	18.110446
ENSMUSG00000048096.7	0.222891
ENSMUSG00000048100.13	10.476928
ENSMUSG00000048101.6	0
ENSMUSG00000048106.6	4.087062
ENSMUSG00000048108.13	0.321868
ENSMUSG00000048109.10	1.345729
ENSMUSG00000048118.17	1.975091
ENSMUSG00000048120.16	2.707247
ENSMUSG00000048126.16	0.136537
ENSMUSG00000048138.10	0.155644
ENSMUSG00000048142.9	132.910367
ENSMUSG00000048148.18	4.360263
ENSMUSG00000048153.6	0
ENSMUSG00000048154.17	3.555966
ENSMUSG00000048155.4	0
ENSMUSG00000048163.13	26.465384
ENSMUSG00000048164.9	0.069576
ENSMUSG00000048170.14	7.649767
ENSMUSG00000048173.5	0
ENSMUSG00000048174.2	2.019305
ENSMUSG00000048175.13	33.812073
ENSMUSG00000048185.5	0
ENSMUSG00000048186.14	1.13169
ENSMUSG00000048188.6	0
ENSMUSG00000048191.15	0
ENSMUSG00000048197.4	0
ENSMUSG00000048200.12	2.315232
ENSMUSG00000048206.6	0
ENSMUSG00000048215.14	0.161039
ENSMUSG00000048216.13	9.736473
ENSMUSG00000048217.11	0.090811
ENSMUSG00000048218.6	8.147126
ENSMUSG00000048222.3	9.014848
ENSMUSG00000048226.5	0
ENSMUSG00000048230.6	0.039337
ENSMUSG00000048231.14	0
ENSMUSG00000048232.12	8.993581
ENSMUSG00000048234.13	10.667337
ENSMUSG00000048236.8	0
ENSMUSG00000048240.14	79.836782
ENSMUSG00000048249.14	3.604323
ENSMUSG00000048251.15	9.224201
ENSMUSG00000048261.6	0
ENSMUSG00000048264.16	6.708833
ENSMUSG00000048271.14	4.320082
ENSMUSG00000048277.15	10.916573
ENSMUSG00000048279.19	0.419888
ENSMUSG00000048280.18	0.96363
ENSMUSG00000048281.9	6.333716
ENSMUSG00000048284.4	0
ENSMUSG00000048285.9	3.895623
ENSMUSG00000048292.3	0
ENSMUSG00000048294.4	0
ENSMUSG00000048299.8	0
ENSMUSG00000048304.8	11.69149
ENSMUSG00000048307.8	122.115488
ENSMUSG00000048310.8	3.176709
ENSMUSG00000048312.7	0
ENSMUSG00000048316.3	0.175237
ENSMUSG00000048327.6	0.104117
ENSMUSG00000048329.7	0.044634
ENSMUSG00000048330.14	11.729552
ENSMUSG00000048332.13	12.331996
ENSMUSG00000048334.8	0
ENSMUSG00000048337.3	0.064967
ENSMUSG00000048347.5	1.376701
ENSMUSG00000048349.9	1.09003
ENSMUSG00000048351.14	23.172999
ENSMUSG00000048355.2	29.091283
ENSMUSG00000048356.6	0
ENSMUSG00000048368.9	0.4235
ENSMUSG00000048371.8	1.478379
ENSMUSG00000048373.8	2.101517
ENSMUSG00000048376.6	2.075334
ENSMUSG00000048377.7	0
ENSMUSG00000048378.2	0
ENSMUSG00000048379.9	1.580736
ENSMUSG00000048385.9	42.270028
ENSMUSG00000048387.8	1.389308
ENSMUSG00000048388.3	35.521153
ENSMUSG00000048391.3	0
ENSMUSG00000048398.7	0
ENSMUSG00000048399.4	0.055524
ENSMUSG00000048400.13	0
ENSMUSG00000048402.14	0.446731
ENSMUSG00000048406.5	2.683783
ENSMUSG00000048410.17	0.939633
ENSMUSG00000048411.4	0
ENSMUSG00000048416.15	0.807147
ENSMUSG00000048424.17	1.831469
ENSMUSG00000048425.3	0
ENSMUSG00000048429.10	29.720527
ENSMUSG00000048439.15	3.316199
ENSMUSG00000048440.16	3.049318
ENSMUSG00000048442.15	0.418968
ENSMUSG00000048445.6	1.157512
ENSMUSG00000048450.10	4.430129
ENSMUSG00000048455.9	0
ENSMUSG00000048456.3	0
ENSMUSG00000048458.8	22.790861
ENSMUSG00000048469.6	0
ENSMUSG00000048473.15	0.10791
ENSMUSG00000048478.7	3.080865
ENSMUSG00000048480.5	0
ENSMUSG00000048481.15	44.286723
ENSMUSG00000048482.14	3.554325
ENSMUSG00000048483.6	25.65808
ENSMUSG00000048484.4	0
ENSMUSG00000048485.12	1.337297
ENSMUSG00000048486.6	13.4321
ENSMUSG00000048489.12	0.858327
ENSMUSG00000048490.14	2.189457
ENSMUSG00000048495.16	4.671297
ENSMUSG00000048497.11	19.315718
ENSMUSG00000048498.7	0.04398
ENSMUSG00000048500.2	0
ENSMUSG00000048501.3	0
ENSMUSG00000048502.14	0.135615
ENSMUSG00000048503.7	2.779811
ENSMUSG00000048516.2	0
ENSMUSG00000048520.16	0
ENSMUSG00000048521.8	0
ENSMUSG00000048528.7	0.045379
ENSMUSG00000048534.7	0.64822
ENSMUSG00000048537.16	27.884798
ENSMUSG00000048538.7	0
ENSMUSG00000048540.8	1.171441
ENSMUSG00000048546.8	7.079305
ENSMUSG00000048550.17	4.014638
ENSMUSG00000048559.5	0
ENSMUSG00000048562.7	0.736107
ENSMUSG00000048572.5	0.086528
ENSMUSG00000048573.9	0
ENSMUSG00000048574.9	0
ENSMUSG00000048578.11	23.295118
ENSMUSG00000048581.12	3.733933
ENSMUSG00000048582.7	0.021643
ENSMUSG00000048583.16	121.61368
ENSMUSG00000048592.9	0.011341
ENSMUSG00000048600.7	0.191131
ENSMUSG00000048602.9	0.185006
ENSMUSG00000048603.8	1.952688
ENSMUSG00000048612.16	0.736573
ENSMUSG00000048616.4	6.329969
ENSMUSG00000048617.16	0.1339
ENSMUSG00000048620.6	0
ENSMUSG00000048621.3	0
ENSMUSG00000048626.5	0
ENSMUSG00000048628.5	0
ENSMUSG00000048636.7	0.088376
ENSMUSG00000048643.5	0
ENSMUSG00000048644.8	508.813553
ENSMUSG00000048647.9	0.471259
ENSMUSG00000048652.12	0.160056
ENSMUSG00000048655.17	0.061984
ENSMUSG00000048661.14	5.866185
ENSMUSG00000048668.16	14.371516
ENSMUSG00000048677.9	0.370181
ENSMUSG00000048686.4	0
ENSMUSG00000048693.5	0
ENSMUSG00000048696.11	6.730569
ENSMUSG00000048697.4	0
ENSMUSG00000048699.4	0.178295
ENSMUSG00000048701.13	7.56073
ENSMUSG00000048703.9	0.027793
ENSMUSG00000048706.3	7.263606
ENSMUSG00000048707.9	8.739289
ENSMUSG00000048709.6	0
ENSMUSG00000048720.8	3.342371
ENSMUSG00000048721.2	3.022996
ENSMUSG00000048728.15	1.524078
ENSMUSG00000048731.15	4.304519
ENSMUSG00000048732.5	1.517108
ENSMUSG00000048745.3	0
ENSMUSG00000048747.14	3.538641
ENSMUSG00000048752.7	1.752199
ENSMUSG00000048755.9	14.859527
ENSMUSG00000048756.11	10.386773
ENSMUSG00000048758.14	85.141222
ENSMUSG00000048763.11	2.362626
ENSMUSG00000048764.16	0
ENSMUSG00000048766.6	0
ENSMUSG00000048772.15	8.854312
ENSMUSG00000048775.10	0
ENSMUSG00000048776.8	3.226075
ENSMUSG00000048779.5	1.108565
ENSMUSG00000048782.15	4.769717
ENSMUSG00000048787.13	2.156965
ENSMUSG00000048794.14	0.925011
ENSMUSG00000048796.7	5.991633
ENSMUSG00000048799.8	4.402389
ENSMUSG00000048806.4	0
ENSMUSG00000048807.2	14.201878
ENSMUSG00000048810.2	0
ENSMUSG00000048814.11	15.24175
ENSMUSG00000048824.7	0
ENSMUSG00000048826.7	40.323315
ENSMUSG00000048827.12	0.108086
ENSMUSG00000048830.3	0
ENSMUSG00000048832.9	13.816031
ENSMUSG00000048833.9	12.655476
ENSMUSG00000048834.16	39.798947
ENSMUSG00000048852.13	0
ENSMUSG00000048856.9	4.981883
ENSMUSG00000048865.16	0.473776
ENSMUSG00000048874.15	6.141508
ENSMUSG00000048875.3	0.094206
ENSMUSG00000048878.6	21.050841
ENSMUSG00000048895.13	81.905089
ENSMUSG00000048897.15	7.080906
ENSMUSG00000048899.8	6.836075
ENSMUSG00000048904.5	0.03713
ENSMUSG00000048905.5	3.124812
ENSMUSG00000048911.15	6.197551
ENSMUSG00000048915.12	3.965648
ENSMUSG00000048916.7	0.085554
ENSMUSG00000048919.5	0
ENSMUSG00000048920.8	32.116722
ENSMUSG00000048921.11	2.895062
ENSMUSG00000048922.18	0.057836
ENSMUSG00000048924.14	0
ENSMUSG00000048930.12	25.775747
ENSMUSG00000048933.8	0
ENSMUSG00000048938.12	0
ENSMUSG00000048939.13	1.045674
ENSMUSG00000048949.8	0.122264
ENSMUSG00000048960.13	1.148987
ENSMUSG00000048965.9	6.120968
ENSMUSG00000048967.16	21.694603
ENSMUSG00000048970.9	14.336969
ENSMUSG00000048978.14	217.014895
ENSMUSG00000048981.1	0.059859
ENSMUSG00000048982.3	0
ENSMUSG00000048988.8	11.075861
ENSMUSG00000048992.9	1.324946
ENSMUSG00000048994.2	0
ENSMUSG00000048996.6	0
ENSMUSG00000048997.17	4.183506
ENSMUSG00000049001.5	1.089805
ENSMUSG00000049008.4	0
ENSMUSG00000049010.6	0
ENSMUSG00000049011.2	0
ENSMUSG00000049013.3	0
ENSMUSG00000049015.3	0
ENSMUSG00000049018.8	0
ENSMUSG00000049028.8	0
ENSMUSG00000049036.7	14.999521
ENSMUSG00000049037.8	0.243421
ENSMUSG00000049038.3	2.680455
ENSMUSG00000049041.6	0
ENSMUSG00000049044.16	56.186376
ENSMUSG00000049047.11	10.954934
ENSMUSG00000049052.4	0
ENSMUSG00000049057.4	0
ENSMUSG00000049062.3	0
ENSMUSG00000049073.7	0
ENSMUSG00000049076.12	4.091881
ENSMUSG00000049086.8	103.905454
ENSMUSG00000049090.3	7.027954
ENSMUSG00000049091.6	31.111253
ENSMUSG00000049092.11	9.982235
ENSMUSG00000049093.9	0
ENSMUSG00000049094.7	0
ENSMUSG00000049097.9	35.410347
ENSMUSG00000049098.4	0
ENSMUSG00000049100.15	26.565882
ENSMUSG00000049103.14	0.081427
ENSMUSG00000049106.7	14.350916
ENSMUSG00000049107.13	2.09014
ENSMUSG00000049109.15	0.012051
ENSMUSG00000049112.9	1.985899
ENSMUSG00000049115.15	0.263252
ENSMUSG00000049119.14	29.545844
ENSMUSG00000049122.17	1.998381
ENSMUSG00000049123.10	0.030513
ENSMUSG00000049124.4	9.950275
ENSMUSG00000049128.7	0
ENSMUSG00000049130.6	0.097278
ENSMUSG00000049133.7	0
ENSMUSG00000049134.15	0.240055
ENSMUSG00000049148.8	0.38491
ENSMUSG00000049149.9	0
ENSMUSG00000049152.11	0
ENSMUSG00000049154.12	8.822525
ENSMUSG00000049160.15	0
ENSMUSG00000049164.7	1.84221
ENSMUSG00000049168.9	0
ENSMUSG00000049173.8	0
ENSMUSG00000049176.16	3.984093
ENSMUSG00000049184.6	5.645385
ENSMUSG00000049191.12	15.973361
ENSMUSG00000049202.5	0
ENSMUSG00000049214.13	0
ENSMUSG00000049217.4	0
ENSMUSG00000049225.14	21.250452
ENSMUSG00000049229.5	0
ENSMUSG00000049230.8	0.544747
ENSMUSG00000049231.6	0
ENSMUSG00000049232.3	1.772082
ENSMUSG00000049233.7	0.223721
ENSMUSG00000049235.8	0
ENSMUSG00000049241.5	1.00962
ENSMUSG00000049246.5	0
ENSMUSG00000049249.2	0
ENSMUSG00000049252.17	3.371755
ENSMUSG00000049265.7	11.857639
ENSMUSG00000049280.4	0
ENSMUSG00000049281.16	25.190036
ENSMUSG00000049285.4	3.393199
ENSMUSG00000049287.5	2.84985
ENSMUSG00000049288.4	9.776899
ENSMUSG00000049291.6	0
ENSMUSG00000049295.17	15.993496
ENSMUSG00000049299.14	76.017711
ENSMUSG00000049300.11	6.619411
ENSMUSG00000049303.10	17.043015
ENSMUSG00000049305.6	14.782101
ENSMUSG00000049307.6	0.215685
ENSMUSG00000049313.8	18.37519
ENSMUSG00000049314.11	0.201891
ENSMUSG00000049315.4	0
ENSMUSG00000049321.17	3.842194
ENSMUSG00000049323.8	3.549881
ENSMUSG00000049327.17	13.388335
ENSMUSG00000049334.3	0
ENSMUSG00000049336.16	3.185089
ENSMUSG00000049339.16	155.04828
ENSMUSG00000049349.3	0.150614
ENSMUSG00000049350.6	0
ENSMUSG00000049353.17	0.265456
ENSMUSG00000049354.8	25.635077
ENSMUSG00000049357.11	0.012822
ENSMUSG00000049362.6	0
ENSMUSG00000049372.11	0
ENSMUSG00000049382.10	0.597738
ENSMUSG00000049387.10	1.914906
ENSMUSG00000049396.6	4.683758
ENSMUSG00000049401.10	15.857656
ENSMUSG00000049404.7	1.171257
ENSMUSG00000049409.9	0.071877
ENSMUSG00000049410.8	0
ENSMUSG00000049411.15	3.397569
ENSMUSG00000049414.7	3.609006
ENSMUSG00000049420.9	2.600357
ENSMUSG00000049421.13	9.643808
ENSMUSG00000049422.7	517.645149
ENSMUSG00000049427.2	0
ENSMUSG00000049436.5	0.734228
ENSMUSG00000049439.13	7.314085
ENSMUSG00000049456.3	0
ENSMUSG00000049460.7	0
ENSMUSG00000049470.13	5.193151
ENSMUSG00000049476.12	0
ENSMUSG00000049477.5	0
ENSMUSG00000049482.16	12.216451
ENSMUSG00000049488.14	0.835342
ENSMUSG00000049489.5	18.808371
ENSMUSG00000049491.15	0
ENSMUSG00000049493.13	3.026532
ENSMUSG00000049498.5	0
ENSMUSG00000049502.17	0.551406
ENSMUSG00000049504.12	2.681086
ENSMUSG00000049506.7	0
ENSMUSG00000049511.5	2.027237
ENSMUSG00000049515.12	0.074459
ENSMUSG00000049516.9	2.198793
ENSMUSG00000049517.8	596.679514
ENSMUSG00000049521.2	17.023679
ENSMUSG00000049526.8	4.250369
ENSMUSG00000049528.7	0
ENSMUSG00000049530.6	0.182586
ENSMUSG00000049532.11	24.041441
ENSMUSG00000049536.5	16.643459
ENSMUSG00000049537.10	0
ENSMUSG00000049538.14	0.192462
ENSMUSG00000049539.3	0
ENSMUSG00000049548.9	0
ENSMUSG00000049550.17	13.080004
ENSMUSG00000049551.2	4.091148
ENSMUSG00000049553.11	4.250008
ENSMUSG00000049555.10	5.806084
ENSMUSG00000049556.5	107.468611
ENSMUSG00000049560.4	0
ENSMUSG00000049561.9	0
ENSMUSG00000049562.6	1.579149
ENSMUSG00000049565.16	0
ENSMUSG00000049571.18	0.316376
ENSMUSG00000049573.3	0
ENSMUSG00000049576.6	0
ENSMUSG00000049577.15	9.161021
ENSMUSG00000049580.12	1.451864
ENSMUSG00000049583.15	6.408876
ENSMUSG00000049588.13	0.525959
ENSMUSG00000049593.8	0
ENSMUSG00000049598.9	0.521862
ENSMUSG00000049600.8	15.89845
ENSMUSG00000049604.3	0
ENSMUSG00000049605.3	0
ENSMUSG00000049606.16	7.024699
ENSMUSG00000049608.8	0.015811
ENSMUSG00000049612.10	47.603359
ENSMUSG00000049618.6	0
ENSMUSG00000049620.9	0.023422
ENSMUSG00000049624.14	8.62806
ENSMUSG00000049625.6	0.810053
ENSMUSG00000049630.6	14.186291
ENSMUSG00000049641.15	0.076074
ENSMUSG00000049643.15	18.653978
ENSMUSG00000049648.4	0
ENSMUSG00000049649.8	3.787545
ENSMUSG00000049653.5	0
ENSMUSG00000049657.9	2.101778
ENSMUSG00000049658.13	1.316274
ENSMUSG00000049659.15	10.039819
ENSMUSG00000049670.9	63.189423
ENSMUSG00000049672.15	5.534017
ENSMUSG00000049674.7	0
ENSMUSG00000049676.14	0
ENSMUSG00000049680.17	23.71997
ENSMUSG00000049685.8	0
ENSMUSG00000049686.14	7.724159
ENSMUSG00000049687.5	0.338204
ENSMUSG00000049690.15	0.413856
ENSMUSG00000049691.8	0
ENSMUSG00000049692.7	0
ENSMUSG00000049694.13	0
ENSMUSG00000049699.4	0.028641
ENSMUSG00000049708.9	0
ENSMUSG00000049709.4	0.032375
ENSMUSG00000049717.9	0.635326
ENSMUSG00000049719.14	0.027091
ENSMUSG00000049721.14	13.736786
ENSMUSG00000049723.14	0.057545
ENSMUSG00000049728.14	6.379628
ENSMUSG00000049734.9	10.011135
ENSMUSG00000049737.2	0
ENSMUSG00000049739.10	3.500301
ENSMUSG00000049740.2	0
ENSMUSG00000049741.4	0
ENSMUSG00000049744.15	6.359043
ENSMUSG00000049751.6	194.883807
ENSMUSG00000049755.14	12.855827
ENSMUSG00000049758.7	0
ENSMUSG00000049760.6	171.724427
ENSMUSG00000049761.6	0
ENSMUSG00000049764.8	2.43733
ENSMUSG00000049775.16	1451.563912
ENSMUSG00000049791.4	1.049134
ENSMUSG00000049792.6	23.896328
ENSMUSG00000049796.4	5.293708
ENSMUSG00000049797.4	0
ENSMUSG00000049799.13	0
ENSMUSG00000049800.13	4.035791
ENSMUSG00000049804.9	2.279035
ENSMUSG00000049806.4	0
ENSMUSG00000049807.16	21.454258
ENSMUSG00000049809.2	0
ENSMUSG00000049811.17	0.602384
ENSMUSG00000049815.3	0
ENSMUSG00000049823.9	4.59969
ENSMUSG00000049832.6	0.878016
ENSMUSG00000049843.6	0
ENSMUSG00000049848.7	0
ENSMUSG00000049858.8	6.436455
ENSMUSG00000049864.2	0
ENSMUSG00000049866.12	20.389656
ENSMUSG00000049871.14	0.026806
ENSMUSG00000049872.8	0.816692
ENSMUSG00000049878.13	0.903066
ENSMUSG00000049881.13	25.439448
ENSMUSG00000049882.10	15.28659
ENSMUSG00000049891.4	1.550513
ENSMUSG00000049892.7	13.206022
ENSMUSG00000049894.3	0
ENSMUSG00000049897.14	0.154704
ENSMUSG00000049902.6	0
ENSMUSG00000049904.7	6.041794
ENSMUSG00000049907.8	33.086408
ENSMUSG00000049908.6	0
ENSMUSG00000049916.12	0.938498
ENSMUSG00000049922.8	7.251152
ENSMUSG00000049926.5	0
ENSMUSG00000049928.15	0.467923
ENSMUSG00000049929.7	0.282866
ENSMUSG00000049932.3	37.027771
ENSMUSG00000049939.6	23.502509
ENSMUSG00000049940.7	34.916936
ENSMUSG00000049946.7	10.286517
ENSMUSG00000049950.6	4.242021
ENSMUSG00000049957.14	9.50872
ENSMUSG00000049960.4	44.50359
ENSMUSG00000049969.3	2.511495
ENSMUSG00000049971.17	6.417884
ENSMUSG00000049972.4	0
ENSMUSG00000049985.15	3.972352
ENSMUSG00000049988.5	0.972177
ENSMUSG00000049999.4	2.103538
ENSMUSG00000050002.14	38.758059
ENSMUSG00000050010.8	0.273683
ENSMUSG00000050014.8	0.078256
ENSMUSG00000050015.3	0
ENSMUSG00000050017.11	32.291771
ENSMUSG00000050022.16	7.30636
ENSMUSG00000050023.4	0
ENSMUSG00000050028.5	0
ENSMUSG00000050029.7	6.055966
ENSMUSG00000050030.5	0
ENSMUSG00000050035.7	0.386591
ENSMUSG00000050043.16	161.944489
ENSMUSG00000050050.17	0.094389
ENSMUSG00000050052.12	10.287634
ENSMUSG00000050058.6	0
ENSMUSG00000050063.18	30.061907
ENSMUSG00000050064.14	6.069823
ENSMUSG00000050066.6	0
ENSMUSG00000050069.3	8.409899
ENSMUSG00000050071.8	105.988689
ENSMUSG00000050074.12	2.204298
ENSMUSG00000050075.8	0.041039
ENSMUSG00000050079.10	5.89637
ENSMUSG00000050085.5	0
ENSMUSG00000050087.3	0.053234
ENSMUSG00000050088.9	6.031704
ENSMUSG00000050089.13	0
ENSMUSG00000050092.3	0
ENSMUSG00000050097.6	0
ENSMUSG00000050100.14	0
ENSMUSG00000050102.6	0
ENSMUSG00000050103.18	2.666484
ENSMUSG00000050105.5	1.308469
ENSMUSG00000050106.17	0.443675
ENSMUSG00000050107.2	0.042562
ENSMUSG00000050108.12	0.077302
ENSMUSG00000050114.7	0
ENSMUSG00000050121.9	35.568146
ENSMUSG00000050122.19	1.000565
ENSMUSG00000050128.5	0
ENSMUSG00000050132.13	8.226694
ENSMUSG00000050134.7	0
ENSMUSG00000050138.8	4.073502
ENSMUSG00000050141.13	0
ENSMUSG00000050144.13	37.625004
ENSMUSG00000050147.9	0.088991
ENSMUSG00000050148.9	74.709075
ENSMUSG00000050150.16	0.164936
ENSMUSG00000050157.6	0.361731
ENSMUSG00000050158.7	0
ENSMUSG00000050164.11	9.941903
ENSMUSG00000050174.15	4.76559
ENSMUSG00000050179.3	0
ENSMUSG00000050188.8	14.146374
ENSMUSG00000050189.4	0
ENSMUSG00000050190.4	0
ENSMUSG00000050192.8	7.585048
ENSMUSG00000050195.8	0.044784
ENSMUSG00000050197.5	0
ENSMUSG00000050198.4	0
ENSMUSG00000050199.13	3.941899
ENSMUSG00000050201.9	0.411389
ENSMUSG00000050211.14	8.452192
ENSMUSG00000050212.4	1.913831
ENSMUSG00000050213.6	6.376998
ENSMUSG00000050215.6	0
ENSMUSG00000050217.13	0
ENSMUSG00000050222.11	9.090574
ENSMUSG00000050224.3	0
ENSMUSG00000050229.3	1.162213
ENSMUSG00000050232.6	0.018027
ENSMUSG00000050234.7	1.839131
ENSMUSG00000050239.3	0
ENSMUSG00000050240.16	0.716672
ENSMUSG00000050241.8	0.036999
ENSMUSG00000050243.6	0.048322
ENSMUSG00000050244.9	2.584964
ENSMUSG00000050248.11	5.066285
ENSMUSG00000050251.5	0
ENSMUSG00000050266.6	0
ENSMUSG00000050270.12	0.335378
ENSMUSG00000050271.12	6.246116
ENSMUSG00000050272.10	9.577703
ENSMUSG00000050276.7	0
ENSMUSG00000050281.4	0
ENSMUSG00000050288.6	5.633989
ENSMUSG00000050295.4	0.573514
ENSMUSG00000050296.14	0
ENSMUSG00000050299.8	4.614315
ENSMUSG00000050304.4	0.119815
ENSMUSG00000050310.9	1.196395
ENSMUSG00000050312.12	3.35294
ENSMUSG00000050315.14	1.567115
ENSMUSG00000050321.3	9.795403
ENSMUSG00000050323.14	13.253826
ENSMUSG00000050328.2	0
ENSMUSG00000050332.7	0.441211
ENSMUSG00000050334.12	8.856445
ENSMUSG00000050335.17	2.502114
ENSMUSG00000050343.2	0
ENSMUSG00000050345.9	0
ENSMUSG00000050350.8	0
ENSMUSG00000050357.9	46.980229
ENSMUSG00000050359.7	0.534292
ENSMUSG00000050366.6	0
ENSMUSG00000050368.4	0
ENSMUSG00000050370.5	0.439872
ENSMUSG00000050373.13	39.848847
ENSMUSG00000050377.8	0
ENSMUSG00000050379.15	22.615333
ENSMUSG00000050382.14	0.367382
ENSMUSG00000050383.5	0
ENSMUSG00000050390.12	2.422242
ENSMUSG00000050394.14	6.12958
ENSMUSG00000050395.9	0.014874
ENSMUSG00000050397.4	0.118292
ENSMUSG00000050410.15	6.027431
ENSMUSG00000050423.11	5.219979
ENSMUSG00000050424.9	0.072309
ENSMUSG00000050425.2	0
ENSMUSG00000050428.7	4.212748
ENSMUSG00000050435.2	0
ENSMUSG00000050439.7	0
ENSMUSG00000050440.8	0
ENSMUSG00000050445.4	0
ENSMUSG00000050447.15	7.325846
ENSMUSG00000050463.9	0.008594
ENSMUSG00000050468.12	0
ENSMUSG00000050471.17	10.194737
ENSMUSG00000050473.5	4.134485
ENSMUSG00000050478.3	0
ENSMUSG00000050490.7	0.111121
ENSMUSG00000050493.8	2.625766
ENSMUSG00000050503.9	0.043573
ENSMUSG00000050504.3	0
ENSMUSG00000050505.7	2.65573
ENSMUSG00000050511.1	2.988334
ENSMUSG00000050520.4	0
ENSMUSG00000050526.5	0
ENSMUSG00000050530.14	15.358203
ENSMUSG00000050533.3	0
ENSMUSG00000050534.8	2.836557
ENSMUSG00000050538.8	34.637365
ENSMUSG00000050541.14	13.3532
ENSMUSG00000050545.10	2.04322
ENSMUSG00000050549.8	1.000528
ENSMUSG00000050550.7	3.883448
ENSMUSG00000050552.8	66.551284
ENSMUSG00000050553.3	0
ENSMUSG00000050555.9	1.029507
ENSMUSG00000050556.9	14.332672
ENSMUSG00000050558.13	0.479207
ENSMUSG00000050565.16	14.494176
ENSMUSG00000050567.16	1.926492
ENSMUSG00000050577.8	0
ENSMUSG00000050578.10	0
ENSMUSG00000050587.14	14.988077
ENSMUSG00000050592.8	1.353501
ENSMUSG00000050600.5	1.093981
ENSMUSG00000050603.1	0
ENSMUSG00000050605.17	4.426116
ENSMUSG00000050608.11	147.249629
ENSMUSG00000050612.6	0
ENSMUSG00000050613.5	0
ENSMUSG00000050619.14	1.1283
ENSMUSG00000050621.7	24.214817
ENSMUSG00000050623.5	5.071352
ENSMUSG00000050625.4	0.13649
ENSMUSG00000050627.13	37.731392
ENSMUSG00000050628.6	38.220106
ENSMUSG00000050635.1	0
ENSMUSG00000050640.16	25.313023
ENSMUSG00000050641.7	0
ENSMUSG00000050645.3	0
ENSMUSG00000050650.7	0
ENSMUSG00000050654.5	0
ENSMUSG00000050663.8	2.321069
ENSMUSG00000050666.14	1.745571
ENSMUSG00000050668.10	7.798036
ENSMUSG00000050671.12	0.03578
ENSMUSG00000050675.7	0.012165
ENSMUSG00000050677.2	0.476818
ENSMUSG00000050685.5	0
ENSMUSG00000050697.9	6.353041
ENSMUSG00000050700.11	0.078333
ENSMUSG00000050702.6	0
ENSMUSG00000050704.3	0
ENSMUSG00000050705.15	52.674915
ENSMUSG00000050708.16	674.145113
ENSMUSG00000050711.7	127.584895
ENSMUSG00000050714.9	0.612926
ENSMUSG00000050721.9	8.548633
ENSMUSG00000050730.17	0.828588
ENSMUSG00000050732.9	28.964536
ENSMUSG00000050737.13	3.702604
ENSMUSG00000050742.5	0
ENSMUSG00000050747.14	0.282312
ENSMUSG00000050751.14	75.070113
ENSMUSG00000050756.3	0
ENSMUSG00000050761.4	0.380049
ENSMUSG00000050762.5	0
ENSMUSG00000050763.4	0
ENSMUSG00000050765.3	0.008164
ENSMUSG00000050766.2	0
ENSMUSG00000050772.2	0.037438
ENSMUSG00000050776.3	0
ENSMUSG00000050777.7	2.445534
ENSMUSG00000050783.5	0.431557
ENSMUSG00000050786.8	4.909863
ENSMUSG00000050788.5	0
ENSMUSG00000050796.4	6.279805
ENSMUSG00000050799.3	0
ENSMUSG00000050803.4	0
ENSMUSG00000050808.13	0.112276
ENSMUSG00000050810.8	0
ENSMUSG00000050812.18	5.112578
ENSMUSG00000050813.7	0
ENSMUSG00000050815.6	0
ENSMUSG00000050818.7	0
ENSMUSG00000050821.14	201.658193
ENSMUSG00000050822.11	10.533578
ENSMUSG00000050824.12	1.413974
ENSMUSG00000050830.17	10.397139
ENSMUSG00000050840.8	3.784365
ENSMUSG00000050844.5	0
ENSMUSG00000050846.9	4.270964
ENSMUSG00000050853.3	0
ENSMUSG00000050854.9	17.192322
ENSMUSG00000050855.16	3.992277
ENSMUSG00000050856.16	1146.248847
ENSMUSG00000050860.6	35.055176
ENSMUSG00000050865.5	0
ENSMUSG00000050866.7	0
ENSMUSG00000050870.4	0
ENSMUSG00000050875.11	32.355078
ENSMUSG00000050876.9	0.02177
ENSMUSG00000050890.15	1.371133
ENSMUSG00000050891.10	4.321938
ENSMUSG00000050896.12	19.148189
ENSMUSG00000050900.5	0.059404
ENSMUSG00000050901.6	0
ENSMUSG00000050908.12	17.128027
ENSMUSG00000050910.5	11.78586
ENSMUSG00000050912.15	5.131246
ENSMUSG00000050914.16	6.149771
ENSMUSG00000050917.5	0.03928
ENSMUSG00000050919.9	0.239318
ENSMUSG00000050921.12	0.088694
ENSMUSG00000050926.5	0.496601
ENSMUSG00000050930.5	0.666084
ENSMUSG00000050931.7	0.902351
ENSMUSG00000050933.4	0
ENSMUSG00000050936.5	0.125998
ENSMUSG00000050944.14	0.06884
ENSMUSG00000050945.8	1.634473
ENSMUSG00000050947.9	25.847175
ENSMUSG00000050953.10	68.190227
ENSMUSG00000050954.15	1.753326
ENSMUSG00000050957.4	1.318325
ENSMUSG00000050961.4	0
ENSMUSG00000050963.7	6.056448
ENSMUSG00000050965.14	5.809971
ENSMUSG00000050966.9	0.008419
ENSMUSG00000050967.5	10.29481
ENSMUSG00000050973.11	1.899494
ENSMUSG00000050974.4	0
ENSMUSG00000050978.3	0
ENSMUSG00000050982.13	0
ENSMUSG00000050989.9	13.69991
ENSMUSG00000050994.20	0.032626
ENSMUSG00000050996.7	0
ENSMUSG00000051000.17	0.668942
ENSMUSG00000051002.7	0
ENSMUSG00000051003.2	0
ENSMUSG00000051007.15	42.18074
ENSMUSG00000051008.5	0.059981
ENSMUSG00000051022.7	17.948395
ENSMUSG00000051029.8	2.711058
ENSMUSG00000051034.7	1.000622
ENSMUSG00000051036.13	0
ENSMUSG00000051037.15	0.435729
ENSMUSG00000051038.10	0
ENSMUSG00000051041.8	14.626477
ENSMUSG00000051043.16	2.257158
ENSMUSG00000051046.7	0.033706
ENSMUSG00000051048.17	2.090928
ENSMUSG00000051050.10	0
ENSMUSG00000051051.7	0
ENSMUSG00000051054.4	0.100912
ENSMUSG00000051056.5	0
ENSMUSG00000051062.6	47.682111
ENSMUSG00000051065.9	14.3625
ENSMUSG00000051067.8	15.348414
ENSMUSG00000051074.4	1.178785
ENSMUSG00000051076.8	0.011459
ENSMUSG00000051079.8	0.042031
ENSMUSG00000051081.7	0
ENSMUSG00000051095.7	0
ENSMUSG00000051098.6	5.603484
ENSMUSG00000051111.16	7.036056
ENSMUSG00000051113.9	6.530724
ENSMUSG00000051116.6	0
ENSMUSG00000051118.9	0.094658
ENSMUSG00000051124.6	0.232087
ENSMUSG00000051133.3	0
ENSMUSG00000051136.1	0.059248
ENSMUSG00000051146.2	173.581063
ENSMUSG00000051147.10	0.436626
ENSMUSG00000051149.15	0.281496
ENSMUSG00000051153.5	0
ENSMUSG00000051154.11	33.661406
ENSMUSG00000051156.2	0
ENSMUSG00000051159.16	10.854185
ENSMUSG00000051160.4	0
ENSMUSG00000051166.10	0.904734
ENSMUSG00000051169.14	8.36577
ENSMUSG00000051172.7	0
ENSMUSG00000051176.6	0
ENSMUSG00000051177.16	9.5295
ENSMUSG00000051180.7	0
ENSMUSG00000051182.5	0
ENSMUSG00000051184.7	8.394784
ENSMUSG00000051185.9	43.811166
ENSMUSG00000051190.8	0
ENSMUSG00000051198.6	0
ENSMUSG00000051200.3	0
ENSMUSG00000051207.7	0
ENSMUSG00000051209.3	0.013392
ENSMUSG00000051212.8	0.626986
ENSMUSG00000051220.2	0
ENSMUSG00000051223.14	30.789569
ENSMUSG00000051224.13	0.318298
ENSMUSG00000051225.9	0.051902
ENSMUSG00000051228.5	0.067162
ENSMUSG00000051232.13	46.663892
ENSMUSG00000051234.6	119.055257
ENSMUSG00000051235.10	0.049531
ENSMUSG00000051236.13	0.534974
ENSMUSG00000051237.7	0.050146
ENSMUSG00000051238.6	12.548436
ENSMUSG00000051242.1	4.301728
ENSMUSG00000051243.14	21.813805
ENSMUSG00000051246.3	3.773106
ENSMUSG00000051251.3	0.355254
ENSMUSG00000051255.6	1.848199
ENSMUSG00000051256.10	41.023511
ENSMUSG00000051257.3	0
ENSMUSG00000051258.5	0
ENSMUSG00000051262.9	2.762359
ENSMUSG00000051276.4	0
ENSMUSG00000051278.12	0.058069
ENSMUSG00000051279.2	0.033403
ENSMUSG00000051285.17	6.706003
ENSMUSG00000051295.8	0.338182
ENSMUSG00000051297.8	0.105864
ENSMUSG00000051306.7	2.551693
ENSMUSG00000051313.12	0
ENSMUSG00000051314.11	0.145239
ENSMUSG00000051316.8	2.582044
ENSMUSG00000051319.6	63.743138
ENSMUSG00000051323.16	7.54521
ENSMUSG00000051329.13	1.149774
ENSMUSG00000051331.16	3.631574
ENSMUSG00000051335.6	12.615497
ENSMUSG00000051339.10	7.832296
ENSMUSG00000051340.6	0
ENSMUSG00000051341.6	0.393943
ENSMUSG00000051343.11	40.91386
ENSMUSG00000051344.13	3.484707
ENSMUSG00000051346.9	6.614934
ENSMUSG00000051351.14	8.161554
ENSMUSG00000051354.14	0.99284
ENSMUSG00000051355.18	85.53008
ENSMUSG00000051359.15	198.389452
ENSMUSG00000051361.7	0
ENSMUSG00000051362.2	0
ENSMUSG00000051367.8	0.080329
ENSMUSG00000051373.5	25.52888
ENSMUSG00000051375.15	45.678101
ENSMUSG00000051378.10	0.008897
ENSMUSG00000051379.12	6.058397
ENSMUSG00000051390.10	19.467554
ENSMUSG00000051391.9	538.088627
ENSMUSG00000051392.5	0
ENSMUSG00000051396.15	0.338628
ENSMUSG00000051397.5	0.233753
ENSMUSG00000051401.7	2.845568
ENSMUSG00000051403.9	58.697977
ENSMUSG00000051413.17	1.002906
ENSMUSG00000051414.5	0
ENSMUSG00000051424.2	0
ENSMUSG00000051427.14	4.410122
ENSMUSG00000051431.7	0.04238
ENSMUSG00000051435.11	2.279159
ENSMUSG00000051437.4	0
ENSMUSG00000051439.7	2.534943
ENSMUSG00000051444.9	0.219378
ENSMUSG00000051451.6	13.692832
ENSMUSG00000051452.8	0
ENSMUSG00000051455.13	0
ENSMUSG00000051456.4	2.457375
ENSMUSG00000051457.7	0.054997
ENSMUSG00000051469.14	5.198392
ENSMUSG00000051481.5	0
ENSMUSG00000051483.9	96.798807
ENSMUSG00000051486.5	0.686901
ENSMUSG00000051490.3	0
ENSMUSG00000051493.7	0
ENSMUSG00000051495.7	11.731747
ENSMUSG00000051497.15	7.080489
ENSMUSG00000051498.7	0.080838
ENSMUSG00000051499.7	1.143356
ENSMUSG00000051502.7	25.82321
ENSMUSG00000051503.2	0.027253
ENSMUSG00000051504.18	8.587343
ENSMUSG00000051506.17	0.202119
ENSMUSG00000051509.6	0
ENSMUSG00000051510.13	15.313866
ENSMUSG00000051515.9	17.781799
ENSMUSG00000051517.14	0.518677
ENSMUSG00000051518.8	38.166769
ENSMUSG00000051527.11	3.628815
ENSMUSG00000051528.4	0
ENSMUSG00000051537.9	10.48303
ENSMUSG00000051548.4	0.049584
ENSMUSG00000051550.10	11.95404
ENSMUSG00000051557.15	16.827519
ENSMUSG00000051579.10	35.300892
ENSMUSG00000051582.2	0
ENSMUSG00000051586.17	6.072612
ENSMUSG00000051590.10	0.533943
ENSMUSG00000051591.4	0.096587
ENSMUSG00000051592.14	0
ENSMUSG00000051593.4	0
ENSMUSG00000051596.13	0.047827
ENSMUSG00000051599.4	0.850273
ENSMUSG00000051606.5	0.18585
ENSMUSG00000051611.9	0
ENSMUSG00000051615.14	23.724869
ENSMUSG00000051616.14	0
ENSMUSG00000051617.3	1.982004
ENSMUSG00000051618.5	0
ENSMUSG00000051627.3	0.599399
ENSMUSG00000051638.2	0.211412
ENSMUSG00000051639.3	0.218412
ENSMUSG00000051648.13	0
ENSMUSG00000051650.11	1.648178
ENSMUSG00000051652.4	4.230867
ENSMUSG00000051663.4	0.058101
ENSMUSG00000051669.6	2.022756
ENSMUSG00000051671.7	36.158691
ENSMUSG00000051674.15	12.796809
ENSMUSG00000051675.13	70.219322
ENSMUSG00000051678.4	3.270446
ENSMUSG00000051680.3	0
ENSMUSG00000051682.15	0.053633
ENSMUSG00000051687.2	0
ENSMUSG00000051695.6	157.834769
ENSMUSG00000051703.14	42.251572
ENSMUSG00000051705.13	0.856735
ENSMUSG00000051706.3	0
ENSMUSG00000051716.6	0
ENSMUSG00000051721.6	3.467328
ENSMUSG00000051723.7	0.575366
ENSMUSG00000051726.6	19.65863
ENSMUSG00000051727.14	0.868712
ENSMUSG00000051728.7	0
ENSMUSG00000051729.12	0
ENSMUSG00000051730.15	9.450334
ENSMUSG00000051732.2	0
ENSMUSG00000051735.7	4.147357
ENSMUSG00000051736.8	11.545558
ENSMUSG00000051747.15	0
ENSMUSG00000051748.2	0
ENSMUSG00000051758.6	0
ENSMUSG00000051768.9	17.435327
ENSMUSG00000051769.2	0
ENSMUSG00000051777.6	0.063122
ENSMUSG00000051786.15	5.821085
ENSMUSG00000051788.4	0
ENSMUSG00000051790.15	84.532244
ENSMUSG00000051793.4	0
ENSMUSG00000051802.3	0
ENSMUSG00000051804.3	0
ENSMUSG00000051805.1	0
ENSMUSG00000051811.14	13.892578
ENSMUSG00000051817.8	4.245895
ENSMUSG00000051827.11	0
ENSMUSG00000051832.7	0.014279
ENSMUSG00000051839.7	0
ENSMUSG00000051844.13	0.212076
ENSMUSG00000051851.5	369.214832
ENSMUSG00000051853.10	307.244138
ENSMUSG00000051855.15	6.829615
ENSMUSG00000051860.13	0
ENSMUSG00000051864.10	16.101463
ENSMUSG00000051877.8	0
ENSMUSG00000051879.4	0.125505
ENSMUSG00000051885.6	0
ENSMUSG00000051890.13	8.243454
ENSMUSG00000051896.4	0
ENSMUSG00000051900.12	0
ENSMUSG00000051906.15	0.441405
ENSMUSG00000051910.13	1.333696
ENSMUSG00000051917.3	0
ENSMUSG00000051920.7	3.448465
ENSMUSG00000051934.5	13.519653
ENSMUSG00000051936.4	0
ENSMUSG00000051940.2	0.177401
ENSMUSG00000051950.10	4.011642
ENSMUSG00000051951.5	0.710967
ENSMUSG00000051952.5	0
ENSMUSG00000051956.4	0
ENSMUSG00000051965.8	0.080848
ENSMUSG00000051969.7	0
ENSMUSG00000051977.16	0.085916
ENSMUSG00000051978.9	2.638976
ENSMUSG00000051980.13	0.045014
ENSMUSG00000051984.13	0.058179
ENSMUSG00000051985.12	1.242926
ENSMUSG00000051986.6	0
ENSMUSG00000051989.11	35.490676
ENSMUSG00000051998.14	0.026281
ENSMUSG00000052005.8	0.037883
ENSMUSG00000052012.6	0
ENSMUSG00000052013.15	0
ENSMUSG00000052014.6	1.973062
ENSMUSG00000052025.9	0
ENSMUSG00000052026.8	29.861986
ENSMUSG00000052031.8	11.421228
ENSMUSG00000052033.13	52.322978
ENSMUSG00000052040.10	24.5063
ENSMUSG00000052056.14	0.260135
ENSMUSG00000052058.3	0
ENSMUSG00000052062.14	0.291431
ENSMUSG00000052075.7	0
ENSMUSG00000052085.7	0.282829
ENSMUSG00000052087.14	30.883022
ENSMUSG00000052099.14	0
ENSMUSG00000052102.15	10.126733
ENSMUSG00000052105.17	10.619723
ENSMUSG00000052117.5	0.095043
ENSMUSG00000052125.16	3.338334
ENSMUSG00000052131.7	0
ENSMUSG00000052133.16	3.408218
ENSMUSG00000052135.8	6.458218
ENSMUSG00000052137.11	1.584131
ENSMUSG00000052139.18	38.645944
ENSMUSG00000052142.15	0.224783
ENSMUSG00000052143.8	0.334653
ENSMUSG00000052144.8	7.22457
ENSMUSG00000052146.16	1032.08031
ENSMUSG00000052151.12	8.426377
ENSMUSG00000052154.4	0.23143
ENSMUSG00000052155.5	3.310904
ENSMUSG00000052157.4	0
ENSMUSG00000052160.7	6.720286
ENSMUSG00000052180.15	0.024401
ENSMUSG00000052182.4	0
ENSMUSG00000052187.4	0
ENSMUSG00000052188.6	3.324816
ENSMUSG00000052192.5	0
ENSMUSG00000052212.6	0.011043
ENSMUSG00000052214.9	28.005414
ENSMUSG00000052217.6	0
ENSMUSG00000052221.8	0.703379
ENSMUSG00000052229.5	7.12453
ENSMUSG00000052234.2	0
ENSMUSG00000052236.7	0
ENSMUSG00000052241.3	0.152778
ENSMUSG00000052248.16	5.794196
ENSMUSG00000052253.6	37.973738
ENSMUSG00000052270.7	1.077768
ENSMUSG00000052271.7	0.059126
ENSMUSG00000052273.4	0.00232
ENSMUSG00000052276.8	0
ENSMUSG00000052281.14	0.070198
ENSMUSG00000052291.8	3.515847
ENSMUSG00000052293.14	9.400305
ENSMUSG00000052295.4	0.052387
ENSMUSG00000052296.7	40.800446
ENSMUSG00000052298.12	69.806524
ENSMUSG00000052299.9	2.258957
ENSMUSG00000052301.14	27.489989
ENSMUSG00000052302.6	9.936823
ENSMUSG00000052303.6	0
ENSMUSG00000052305.6	516.525717
ENSMUSG00000052310.9	28.297702
ENSMUSG00000052316.9	0.005458
ENSMUSG00000052331.14	1.207485
ENSMUSG00000052334.11	0.040134
ENSMUSG00000052336.7	12.711202
ENSMUSG00000052337.15	42.817274
ENSMUSG00000052353.13	1.174816
ENSMUSG00000052363.8	0
ENSMUSG00000052364.4	28.086076
ENSMUSG00000052368.2	0.121786
ENSMUSG00000052369.8	43.954944
ENSMUSG00000052371.5	0
ENSMUSG00000052372.10	0.916644
ENSMUSG00000052373.14	25.707405
ENSMUSG00000052374.16	1.807849
ENSMUSG00000052376.2	0
ENSMUSG00000052382.5	0
ENSMUSG00000052384.14	3.774065
ENSMUSG00000052387.16	3.403623
ENSMUSG00000052392.5	0.330118
ENSMUSG00000052395.17	6.163313
ENSMUSG00000052396.7	0
ENSMUSG00000052397.8	19.190656
ENSMUSG00000052403.11	0
ENSMUSG00000052406.14	15.230602
ENSMUSG00000052407.17	0.189512
ENSMUSG00000052414.9	0
ENSMUSG00000052415.5	0.555797
ENSMUSG00000052417.6	0
ENSMUSG00000052419.7	47.397598
ENSMUSG00000052423.14	24.974096
ENSMUSG00000052426.4	0
ENSMUSG00000052428.10	46.247075
ENSMUSG00000052430.15	1.716099
ENSMUSG00000052435.7	0
ENSMUSG00000052446.17	2.735447
ENSMUSG00000052456.9	169.965184
ENSMUSG00000052459.13	70.376641
ENSMUSG00000052468.7	0
ENSMUSG00000052469.9	0
ENSMUSG00000052477.15	0.08043
ENSMUSG00000052479.5	0.458011
ENSMUSG00000052482.6	0.033993
ENSMUSG00000052485.7	0.142334
ENSMUSG00000052488.7	15.063997
ENSMUSG00000052496.5	0.032542
ENSMUSG00000052504.7	0.735436
ENSMUSG00000052508.10	0
ENSMUSG00000052512.17	1.910258
ENSMUSG00000052516.19	7.054766
ENSMUSG00000052520.7	0
ENSMUSG00000052525.14	0.703478
ENSMUSG00000052533.14	2.880581
ENSMUSG00000052534.15	21.971616
ENSMUSG00000052537.4	0
ENSMUSG00000052539.15	3.121528
ENSMUSG00000052544.9	0.900327
ENSMUSG00000052549.4	0
ENSMUSG00000052551.16	1.853257
ENSMUSG00000052554.3	0
ENSMUSG00000052557.11	0.696044
ENSMUSG00000052560.15	8.888145
ENSMUSG00000052562.15	0
ENSMUSG00000052563.13	0.388938
ENSMUSG00000052565.7	0.023204
ENSMUSG00000052566.8	2.955336
ENSMUSG00000052572.19	16.716805
ENSMUSG00000052581.13	9.370254
ENSMUSG00000052584.10	187.559204
ENSMUSG00000052593.16	1.696529
ENSMUSG00000052595.8	0
ENSMUSG00000052605.12	9.557412
ENSMUSG00000052609.9	3.792277
ENSMUSG00000052613.16	0.267045
ENSMUSG00000052616.10	0.033379
ENSMUSG00000052625.8	0
ENSMUSG00000052629.5	2.085974
ENSMUSG00000052631.15	0.330601
ENSMUSG00000052632.16	4.806922
ENSMUSG00000052642.3	0
ENSMUSG00000052656.12	11.377701
ENSMUSG00000052658.5	3.358411
ENSMUSG00000052673.2	0.154951
ENSMUSG00000052675.11	1.007367
ENSMUSG00000052676.16	1.039786
ENSMUSG00000052681.8	16.840636
ENSMUSG00000052684.4	22.984631
ENSMUSG00000052688.12	0.483205
ENSMUSG00000052698.15	12.754235
ENSMUSG00000052707.8	2.07859
ENSMUSG00000052712.17	71.843246
ENSMUSG00000052713.9	2.026323
ENSMUSG00000052724.7	0.177722
ENSMUSG00000052726.16	1.502657
ENSMUSG00000052727.6	22.768074
ENSMUSG00000052730.7	0.320307
ENSMUSG00000052736.15	0
ENSMUSG00000052738.14	116.355627
ENSMUSG00000052748.14	1.013441
ENSMUSG00000052749.9	0
ENSMUSG00000052751.16	15.556731
ENSMUSG00000052752.15	20.696137
ENSMUSG00000052759.7	2.42759
ENSMUSG00000052760.16	0.021047
ENSMUSG00000052763.7	7.26037
ENSMUSG00000052767.5	0
ENSMUSG00000052769.7	0.140069
ENSMUSG00000052776.10	0.301323
ENSMUSG00000052779.4	0
ENSMUSG00000052783.16	0.421103
ENSMUSG00000052785.6	0
ENSMUSG00000052790.6	0
ENSMUSG00000052794.13	2.642591
ENSMUSG00000052798.13	2.604218
ENSMUSG00000052812.5	0.332015
ENSMUSG00000052818.5	0
ENSMUSG00000052819.6	0.015855
ENSMUSG00000052821.3	0.050788
ENSMUSG00000052825.6	0
ENSMUSG00000052833.9	91.013701
ENSMUSG00000052837.7	34.365992
ENSMUSG00000052848.7	2.754435
ENSMUSG00000052850.5	0
ENSMUSG00000052852.8	31.554157
ENSMUSG00000052854.15	0.003848
ENSMUSG00000052861.13	0.092086
ENSMUSG00000052865.5	0.014286
ENSMUSG00000052889.11	134.938145
ENSMUSG00000052906.7	7.773486
ENSMUSG00000052909.8	0
ENSMUSG00000052911.9	5.154588
ENSMUSG00000052912.7	0
ENSMUSG00000052914.4	5.941804
ENSMUSG00000052915.14	46.008233
ENSMUSG00000052917.15	4.65653
ENSMUSG00000052920.16	0.658459
ENSMUSG00000052921.13	15.079386
ENSMUSG00000052922.9	0.017498
ENSMUSG00000052926.16	58.912094
ENSMUSG00000052928.9	19.637605
ENSMUSG00000052934.14	40.807088
ENSMUSG00000052942.13	0.244402
ENSMUSG00000052949.14	75.351552
ENSMUSG00000052951.5	1.238939
ENSMUSG00000052955.5	0.042736
ENSMUSG00000052957.8	4.196461
ENSMUSG00000052962.3	11.646775
ENSMUSG00000052974.8	0.232213
ENSMUSG00000052981.6	98.32083
ENSMUSG00000052997.15	37.819929
ENSMUSG00000053004.9	6.739387
ENSMUSG00000053007.9	0.777244
ENSMUSG00000053012.17	7.285858
ENSMUSG00000053024.14	29.137548
ENSMUSG00000053025.13	50.293014
ENSMUSG00000053030.11	0.067105
ENSMUSG00000053038.8	2.128957
ENSMUSG00000053040.13	1.612499
ENSMUSG00000053044.8	0
ENSMUSG00000053046.16	48.927496
ENSMUSG00000053049.3	0
ENSMUSG00000053054.13	0
ENSMUSG00000053062.16	5.885332
ENSMUSG00000053063.11	0.289198
ENSMUSG00000053070.5	4.395111
ENSMUSG00000053080.10	7.068484
ENSMUSG00000053081.3	0.043354
ENSMUSG00000053091.16	1.894091
ENSMUSG00000053093.16	11.84305
ENSMUSG00000053094.15	18.934096
ENSMUSG00000053101.3	0.025814
ENSMUSG00000053110.13	4.184295
ENSMUSG00000053111.13	2.208091
ENSMUSG00000053113.3	1.150794
ENSMUSG00000053117.11	0.26639
ENSMUSG00000053119.11	69.605449
ENSMUSG00000053121.4	0
ENSMUSG00000053128.15	16.428947
ENSMUSG00000053129.5	0.245741
ENSMUSG00000053134.13	8.334787
ENSMUSG00000053137.7	10.805609
ENSMUSG00000053141.16	5.032271
ENSMUSG00000053146.2	0
ENSMUSG00000053153.14	0.132055
ENSMUSG00000053158.10	1.443786
ENSMUSG00000053161.16	0
ENSMUSG00000053164.6	0.870959
ENSMUSG00000053166.14	17.922739
ENSMUSG00000053168.6	0
ENSMUSG00000053173.12	0.865902
ENSMUSG00000053175.17	0.38514
ENSMUSG00000053178.5	0.183404
ENSMUSG00000053181.1	0.551822
ENSMUSG00000053182.11	0
ENSMUSG00000053184.15	0
ENSMUSG00000053185.2	0
ENSMUSG00000053192.9	264.888031
ENSMUSG00000053194.2	0
ENSMUSG00000053198.14	0.423657
ENSMUSG00000053199.13	4.360823
ENSMUSG00000053205.9	1.290481
ENSMUSG00000053208.10	0
ENSMUSG00000053211.10	0
ENSMUSG00000053214.7	2.929231
ENSMUSG00000053216.15	0.332154
ENSMUSG00000053217.3	0
ENSMUSG00000053219.15	0
ENSMUSG00000053226.7	11.132369
ENSMUSG00000053228.12	0
ENSMUSG00000053251.6	0.033687
ENSMUSG00000053253.16	53.898096
ENSMUSG00000053263.3	0.655773
ENSMUSG00000053268.7	0.006586
ENSMUSG00000053279.8	47.198838
ENSMUSG00000053286.11	6.285758
ENSMUSG00000053287.4	0
ENSMUSG00000053289.8	1.367137
ENSMUSG00000053291.15	110.414307
ENSMUSG00000053293.9	13.939021
ENSMUSG00000053297.14	12.955748
ENSMUSG00000053303.14	0
ENSMUSG00000053310.11	1415.732613
ENSMUSG00000053317.11	83.112489
ENSMUSG00000053318.7	0.359156
ENSMUSG00000053329.7	116.872317
ENSMUSG00000053332.13	126.473284
ENSMUSG00000053333.15	9.675008
ENSMUSG00000053334.6	7.667664
ENSMUSG00000053338.9	0
ENSMUSG00000053347.15	2.224482
ENSMUSG00000053353.5	0.049739
ENSMUSG00000053358.2	0.638226
ENSMUSG00000053360.4	0.075698
ENSMUSG00000053367.15	0
ENSMUSG00000053368.13	0.073663
ENSMUSG00000053375.8	0.067657
ENSMUSG00000053388.10	0
ENSMUSG00000053389.4	0
ENSMUSG00000053390.16	3.227044
ENSMUSG00000053391.5	0
ENSMUSG00000053395.15	34.16885
ENSMUSG00000053398.11	84.503871
ENSMUSG00000053399.9	0.09741
ENSMUSG00000053411.16	23.028493
ENSMUSG00000053414.8	4.082377
ENSMUSG00000053420.6	0
ENSMUSG00000053436.15	22.294604
ENSMUSG00000053441.5	0.033838
ENSMUSG00000053442.4	0.356762
ENSMUSG00000053453.9	49.641092
ENSMUSG00000053460.8	4.462329
ENSMUSG00000053461.9	0.107387
ENSMUSG00000053465.6	1.68342
ENSMUSG00000053469.14	0.132867
ENSMUSG00000053470.13	2.795938
ENSMUSG00000053472.3	1.141783
ENSMUSG00000053475.5	15.807166
ENSMUSG00000053477.17	20.103466
ENSMUSG00000053483.13	24.303754
ENSMUSG00000053490.8	0
ENSMUSG00000053499.4	0
ENSMUSG00000053508.8	0
ENSMUSG00000053510.12	15.616562
ENSMUSG00000053519.17	22.271716
ENSMUSG00000053522.11	0.097067
ENSMUSG00000053528.6	0.022905
ENSMUSG00000053536.7	21.475986
ENSMUSG00000053541.3	0
ENSMUSG00000053545.6	1.58463
ENSMUSG00000053550.13	17.39894
ENSMUSG00000053552.14	2.643114
ENSMUSG00000053553.11	7.902568
ENSMUSG00000053559.13	1.578919
ENSMUSG00000053560.5	5.73998
ENSMUSG00000053565.10	318.550581
ENSMUSG00000053574.5	3.439903
ENSMUSG00000053580.16	5.506999
ENSMUSG00000053581.13	22.739565
ENSMUSG00000053588.4	0.172764
ENSMUSG00000053593.10	0
ENSMUSG00000053600.8	0.89182
ENSMUSG00000053603.4	0
ENSMUSG00000053604.5	5.104372
ENSMUSG00000053613.6	0.169317
ENSMUSG00000053615.1	0.01071
ENSMUSG00000053617.12	2.791134
ENSMUSG00000053624.4	0
ENSMUSG00000053626.5	0.132341
ENSMUSG00000053640.2	0.046494
ENSMUSG00000053641.9	4.515497
ENSMUSG00000053644.13	22.721735
ENSMUSG00000053646.13	13.315227
ENSMUSG00000053647.4	0.985314
ENSMUSG00000053654.7	0.094951
ENSMUSG00000053675.8	0.079064
ENSMUSG00000053678.7	0
ENSMUSG00000053684.8	4.36024
ENSMUSG00000053687.15	0.103067
ENSMUSG00000053693.16	25.5866
ENSMUSG00000053695.3	0
ENSMUSG00000053702.16	4.918031
ENSMUSG00000053706.2	0.325875
ENSMUSG00000053714.8	0.505434
ENSMUSG00000053716.9	27.78289
ENSMUSG00000053719.10	0
ENSMUSG00000053720.4	0
ENSMUSG00000053729.4	0
ENSMUSG00000053730.15	5.12646
ENSMUSG00000053740.8	0.090948
ENSMUSG00000053742.8	0
ENSMUSG00000053746.8	4.120014
ENSMUSG00000053747.9	0.994187
ENSMUSG00000053749.12	0.03264
ENSMUSG00000053754.14	11.22074
ENSMUSG00000053765.4	0
ENSMUSG00000053768.13	53.846991
ENSMUSG00000053769.5	16.330896
ENSMUSG00000053773.5	0
ENSMUSG00000053774.9	2.149906
ENSMUSG00000053783.5	4.404529
ENSMUSG00000053790.3	0
ENSMUSG00000053797.10	0
ENSMUSG00000053799.8	6.975157
ENSMUSG00000053801.18	18.17815
ENSMUSG00000053815.5	0
ENSMUSG00000053819.16	21.176127
ENSMUSG00000053820.4	0
ENSMUSG00000053821.4	0.319675
ENSMUSG00000053825.15	7.30802
ENSMUSG00000053830.4	0
ENSMUSG00000053835.17	0.880289
ENSMUSG00000053838.14	82.045908
ENSMUSG00000053841.15	8.285283
ENSMUSG00000053846.5	0.107697
ENSMUSG00000053852.11	0
ENSMUSG00000053856.7	0
ENSMUSG00000053861.1	1.64033
ENSMUSG00000053862.6	0
ENSMUSG00000053863.3	0.037228
ENSMUSG00000053868.4	0
ENSMUSG00000053870.7	3.428201
ENSMUSG00000053873.1	0
ENSMUSG00000053877.12	4.923549
ENSMUSG00000053886.4	0.07718
ENSMUSG00000053889.5	0.023206
ENSMUSG00000053896.14	0
ENSMUSG00000053897.15	0.460375
ENSMUSG00000053898.12	42.859142
ENSMUSG00000053907.10	37.75908
ENSMUSG00000053909.8	0
ENSMUSG00000053914.9	0.762378
ENSMUSG00000053916.4	6.744288
ENSMUSG00000053925.4	0
ENSMUSG00000053929.17	97.790897
ENSMUSG00000053930.13	3.171125
ENSMUSG00000053931.11	41.708355
ENSMUSG00000053950.10	3.795597
ENSMUSG00000053957.5	0
ENSMUSG00000053961.7	0
ENSMUSG00000053963.7	42.854026
ENSMUSG00000053964.17	0.053335
ENSMUSG00000053965.10	0.487121
ENSMUSG00000053977.13	0.015801
ENSMUSG00000053979.4	0
ENSMUSG00000053980.4	0
ENSMUSG00000053985.10	2.405669
ENSMUSG00000054000.5	8.354711
ENSMUSG00000054003.13	0.194733
ENSMUSG00000054005.4	0
ENSMUSG00000054006.14	0
ENSMUSG00000054008.9	21.881549
ENSMUSG00000054013.6	119.223378
ENSMUSG00000054021.6	16.206304
ENSMUSG00000054027.8	22.671655
ENSMUSG00000054031.13	0
ENSMUSG00000054033.6	0
ENSMUSG00000054034.10	73.205815
ENSMUSG00000054036.6	0
ENSMUSG00000054046.7	0
ENSMUSG00000054051.7	0.631998
ENSMUSG00000054052.5	0
ENSMUSG00000054054.3	0
ENSMUSG00000054057.2	1.499747
ENSMUSG00000054061.8	0.132447
ENSMUSG00000054065.12	0.083913
ENSMUSG00000054069.8	0
ENSMUSG00000054072.12	0.050939
ENSMUSG00000054074.9	3.194339
ENSMUSG00000054079.12	8.404642
ENSMUSG00000054083.8	1.588605
ENSMUSG00000054087.11	0
ENSMUSG00000054091.9	89.362925
ENSMUSG00000054099.11	2.593631
ENSMUSG00000054102.15	0
ENSMUSG00000054106.7	0
ENSMUSG00000054115.11	0.37522
ENSMUSG00000054116.1	0
ENSMUSG00000054117.8	0
ENSMUSG00000054128.16	0.216432
ENSMUSG00000054134.14	0.441539
ENSMUSG00000054135.2	0.087628
ENSMUSG00000054136.6	0
ENSMUSG00000054141.5	0
ENSMUSG00000054142.5	0
ENSMUSG00000054146.8	0.109211
ENSMUSG00000054150.12	0.074031
ENSMUSG00000054156.8	0
ENSMUSG00000054160.2	0.217166
ENSMUSG00000054161.12	0.112846
ENSMUSG00000054162.15	41.867992
ENSMUSG00000054169.7	0.032159
ENSMUSG00000054181.11	0.466538
ENSMUSG00000054191.9	0.062114
ENSMUSG00000054196.7	2.435778
ENSMUSG00000054199.17	4.005686
ENSMUSG00000054200.7	0.160205
ENSMUSG00000054203.7	0
ENSMUSG00000054204.6	0.736091
ENSMUSG00000054206.2	0.984217
ENSMUSG00000054215.2	0
ENSMUSG00000054226.13	59.136297
ENSMUSG00000054236.6	0
ENSMUSG00000054237.6	3.768304
ENSMUSG00000054247.6	0.09997
ENSMUSG00000054252.18	40.147753
ENSMUSG00000054256.11	20.168021
ENSMUSG00000054258.9	0.044642
ENSMUSG00000054263.12	1.926465
ENSMUSG00000054266.2	0
ENSMUSG00000054272.6	0
ENSMUSG00000054277.8	12.395764
ENSMUSG00000054280.14	1.29467
ENSMUSG00000054293.10	0.129155
ENSMUSG00000054302.15	11.668153
ENSMUSG00000054304.3	0.168756
ENSMUSG00000054309.9	17.523989
ENSMUSG00000054310.16	0
ENSMUSG00000054312.6	194.487994
ENSMUSG00000054320.16	0.132356
ENSMUSG00000054321.7	0.582176
ENSMUSG00000054325.5	0
ENSMUSG00000054342.8	0.047537
ENSMUSG00000054351.2	0
ENSMUSG00000054360.4	0.281878
ENSMUSG00000054362.9	0.081673
ENSMUSG00000054364.5	219.251133
ENSMUSG00000054379.7	0
ENSMUSG00000054381.5	1.963985
ENSMUSG00000054383.2	2.644945
ENSMUSG00000054385.14	0.020245
ENSMUSG00000054387.13	2.014715
ENSMUSG00000054391.12	0
ENSMUSG00000054400.16	0.916408
ENSMUSG00000054404.13	0.453931
ENSMUSG00000054405.14	81.083343
ENSMUSG00000054406.9	0
ENSMUSG00000054408.9	15.145761
ENSMUSG00000054409.5	1.412981
ENSMUSG00000054412.5	0.310143
ENSMUSG00000054414.4	0.849111
ENSMUSG00000054417.5	0
ENSMUSG00000054418.6	0.366089
ENSMUSG00000054422.7	0
ENSMUSG00000054423.14	33.740414
ENSMUSG00000054426.11	83.317806
ENSMUSG00000054428.12	585.735238
ENSMUSG00000054431.4	0
ENSMUSG00000054434.14	4.784831
ENSMUSG00000054435.16	0.023699
ENSMUSG00000054446.8	0
ENSMUSG00000054450.1	0.482265
ENSMUSG00000054452.10	882.052979
ENSMUSG00000054453.11	0.054452
ENSMUSG00000054455.5	51.282993
ENSMUSG00000054457.5	1.914864
ENSMUSG00000054459.8	410.896895
ENSMUSG00000054469.14	6.692154
ENSMUSG00000054474.15	4.792915
ENSMUSG00000054477.16	20.366621
ENSMUSG00000054484.14	9.940942
ENSMUSG00000054488.14	0.099835
ENSMUSG00000054493.2	0.214491
ENSMUSG00000054497.5	0
ENSMUSG00000054498.6	0
ENSMUSG00000054499.9	8.482543
ENSMUSG00000054509.7	1.441283
ENSMUSG00000054510.5	0
ENSMUSG00000054514.3	1.422339
ENSMUSG00000054517.9	1.271543
ENSMUSG00000054519.8	0.43303
ENSMUSG00000054520.15	1.489803
ENSMUSG00000054523.13	0
ENSMUSG00000054526.5	0
ENSMUSG00000054537.8	0
ENSMUSG00000054545.17	0.355904
ENSMUSG00000054555.11	0.351342
ENSMUSG00000054556.6	2.295211
ENSMUSG00000054568.7	0
ENSMUSG00000054580.14	0.00808
ENSMUSG00000054582.4	0.58646
ENSMUSG00000054589.1	0.107041
ENSMUSG00000054594.13	0.121125
ENSMUSG00000054598.13	0
ENSMUSG00000054604.7	13.554851
ENSMUSG00000054611.17	7.80383
ENSMUSG00000054612.4	0.876485
ENSMUSG00000054618.8	0
ENSMUSG00000054619.7	14.678674
ENSMUSG00000054622.4	0.061523
ENSMUSG00000054626.11	1.081476
ENSMUSG00000054630.7	0
ENSMUSG00000054640.15	4.28269
ENSMUSG00000054641.10	0
ENSMUSG00000054648.8	3.098413
ENSMUSG00000054659.13	0.419757
ENSMUSG00000054662.8	0
ENSMUSG00000054666.7	0
ENSMUSG00000054667.7	1.213803
ENSMUSG00000054672.13	0
ENSMUSG00000054675.5	20.34432
ENSMUSG00000054676.15	15.820281
ENSMUSG00000054679.8	8.080027
ENSMUSG00000054690.17	1.860044
ENSMUSG00000054693.14	7.708419
ENSMUSG00000054702.14	0.643582
ENSMUSG00000054708.17	23.106966
ENSMUSG00000054715.11	4.135456
ENSMUSG00000054716.4	21.802865
ENSMUSG00000054717.7	1.495795
ENSMUSG00000054720.12	2.85582
ENSMUSG00000054723.6	9.375409
ENSMUSG00000054727.2	0
ENSMUSG00000054728.17	63.05741
ENSMUSG00000054733.9	36.098221
ENSMUSG00000054737.11	0.298867
ENSMUSG00000054745.1	0
ENSMUSG00000054746.18	0
ENSMUSG00000054752.16	1.644172
ENSMUSG00000054753.9	0
ENSMUSG00000054757.14	0
ENSMUSG00000054759.6	0
ENSMUSG00000054763.9	0.525705
ENSMUSG00000054764.9	0.040048
ENSMUSG00000054766.13	65.986052
ENSMUSG00000054770.16	2.271515
ENSMUSG00000054779.5	0
ENSMUSG00000054792.15	6.462272
ENSMUSG00000054793.8	338.011578
ENSMUSG00000054808.15	22.715947
ENSMUSG00000054814.14	16.846006
ENSMUSG00000054822.5	0.085048
ENSMUSG00000054823.16	8.797353
ENSMUSG00000054827.12	0
ENSMUSG00000054836.12	10.695245
ENSMUSG00000054843.9	11.685579
ENSMUSG00000054850.4	17.003404
ENSMUSG00000054855.13	21.097277
ENSMUSG00000054863.9	67.673045
ENSMUSG00000054871.5	44.585666
ENSMUSG00000054874.12	11.777247
ENSMUSG00000054885.11	0.064048
ENSMUSG00000054889.10	0.170809
ENSMUSG00000054890.2	0
ENSMUSG00000054892.14	0.041752
ENSMUSG00000054893.15	1.15096
ENSMUSG00000054894.6	19.466251
ENSMUSG00000054901.7	0.320891
ENSMUSG00000054905.2	0
ENSMUSG00000054909.11	0.138412
ENSMUSG00000054910.5	0.839137
ENSMUSG00000054920.12	18.636986
ENSMUSG00000054931.7	1.512349
ENSMUSG00000054932.6	0.029709
ENSMUSG00000054934.10	64.083465
ENSMUSG00000054938.7	0.006589
ENSMUSG00000054939.6	0.793521
ENSMUSG00000054940.6	0
ENSMUSG00000054942.13	17.17825
ENSMUSG00000054944.7	0.303346
ENSMUSG00000054945.4	0.463602
ENSMUSG00000054951.3	0.328528
ENSMUSG00000054957.5	0
ENSMUSG00000054958.6	1.423422
ENSMUSG00000054966.13	0.801367
ENSMUSG00000054967.7	2.188934
ENSMUSG00000054976.14	2.315172
ENSMUSG00000054978.3	0.100346
ENSMUSG00000054986.13	0.435487
ENSMUSG00000054988.9	0.028442
ENSMUSG00000054994.2	0
ENSMUSG00000054999.2	0.108965
ENSMUSG00000055003.14	31.385593
ENSMUSG00000055010.1	0.434542
ENSMUSG00000055013.16	14.357009
ENSMUSG00000055015.5	0
ENSMUSG00000055022.14	44.128439
ENSMUSG00000055024.12	2.681176
ENSMUSG00000055026.13	3.491268
ENSMUSG00000055027.17	4.151884
ENSMUSG00000055030.1	0
ENSMUSG00000055033.4	0
ENSMUSG00000055041.8	37.391974
ENSMUSG00000055044.12	9.753982
ENSMUSG00000055045.5	0.060587
ENSMUSG00000055048.7	1.626566
ENSMUSG00000055053.18	23.840875
ENSMUSG00000055061.5	0
ENSMUSG00000055065.7	26.303282
ENSMUSG00000055067.15	6.552118
ENSMUSG00000055069.3	0.35096
ENSMUSG00000055072.2	0
ENSMUSG00000055078.7	25.08564
ENSMUSG00000055088.5	0
ENSMUSG00000055093.10	2.575476
ENSMUSG00000055095.3	0
ENSMUSG00000055102.15	0
ENSMUSG00000055108.6	0
ENSMUSG00000055109.5	0.033666
ENSMUSG00000055110.8	0
ENSMUSG00000055114.9	0.037951
ENSMUSG00000055116.8	6.133995
ENSMUSG00000055125.7	1.776668
ENSMUSG00000055128.15	21.981914
ENSMUSG00000055134.5	0.211318
ENSMUSG00000055137.7	0.348901
ENSMUSG00000055138.10	0
ENSMUSG00000055148.7	1.727856
ENSMUSG00000055150.15	1.096894
ENSMUSG00000055159.7	0
ENSMUSG00000055170.4	0
ENSMUSG00000055172.10	0.929227
ENSMUSG00000055177.15	0.123858
ENSMUSG00000055184.4	0.500775
ENSMUSG00000055188.12	0.33845
ENSMUSG00000055193.4	0
ENSMUSG00000055194.3	0
ENSMUSG00000055197.4	1.11069
ENSMUSG00000055198.3	0
ENSMUSG00000055200.7	3.11251
ENSMUSG00000055202.11	1.342888
ENSMUSG00000055204.15	7.230688
ENSMUSG00000055210.4	0.12761
ENSMUSG00000055214.15	2.892897
ENSMUSG00000055216.3	0.043368
ENSMUSG00000055228.8	0
ENSMUSG00000055235.11	0.78948
ENSMUSG00000055239.10	28.591847
ENSMUSG00000055240.17	0.801008
ENSMUSG00000055254.15	58.393871
ENSMUSG00000055271.5	0.588583
ENSMUSG00000055296.14	1.444919
ENSMUSG00000055298.6	0
ENSMUSG00000055301.8	0
ENSMUSG00000055302.5	280.369518
ENSMUSG00000055305.15	2.657535
ENSMUSG00000055312.2	0.101573
ENSMUSG00000055313.15	0.231127
ENSMUSG00000055319.8	4.084689
ENSMUSG00000055320.18	0.793569
ENSMUSG00000055322.16	4.68937
ENSMUSG00000055323.5	1.711996
ENSMUSG00000055333.14	0.131775
ENSMUSG00000055334.4	7.291674
ENSMUSG00000055341.10	1.246229
ENSMUSG00000055357.8	0
ENSMUSG00000055360.13	0
ENSMUSG00000055368.14	0.350828
ENSMUSG00000055370.3	0.019919
ENSMUSG00000055371.17	4.10628
ENSMUSG00000055373.8	3.831299
ENSMUSG00000055385.12	0.224967
ENSMUSG00000055401.14	39.273066
ENSMUSG00000055403.13	0.11067
ENSMUSG00000055407.14	54.125952
ENSMUSG00000055408.7	0
ENSMUSG00000055409.14	28.963595
ENSMUSG00000055413.12	0
ENSMUSG00000055415.8	0.286589
ENSMUSG00000055416.6	0
ENSMUSG00000055421.8	13.402742
ENSMUSG00000055424.4	0
ENSMUSG00000055430.4	219.872015
ENSMUSG00000055435.6	5.097503
ENSMUSG00000055436.18	12.827043
ENSMUSG00000055446.5	0
ENSMUSG00000055447.19	54.564986
ENSMUSG00000055452.6	0.357335
ENSMUSG00000055456.1	0
ENSMUSG00000055471.7	0.962905
ENSMUSG00000055480.7	0.266399
ENSMUSG00000055485.6	1.676663
ENSMUSG00000055489.8	0.219033
ENSMUSG00000055491.14	2.059199
ENSMUSG00000055493.4	17.756088
ENSMUSG00000055494.5	0.443811
ENSMUSG00000055497.5	0
ENSMUSG00000055515.8	0
ENSMUSG00000055523.7	2.06865
ENSMUSG00000055531.12	7.431658
ENSMUSG00000055538.7	28.542822
ENSMUSG00000055540.15	1.68636
ENSMUSG00000055541.17	3.169854
ENSMUSG00000055546.6	0.014036
ENSMUSG00000055547.4	0
ENSMUSG00000055553.16	42.383723
ENSMUSG00000055555.1	0.380979
ENSMUSG00000055560.8	0.257362
ENSMUSG00000055561.9	0
ENSMUSG00000055567.18	4.186809
ENSMUSG00000055571.4	0
ENSMUSG00000055594.6	0
ENSMUSG00000055602.17	0.104245
ENSMUSG00000055609.8	0
ENSMUSG00000055610.5	0
ENSMUSG00000055612.15	1.421371
ENSMUSG00000055621.8	0
ENSMUSG00000055629.5	26.526208
ENSMUSG00000055632.18	0.325746
ENSMUSG00000055633.6	20.091892
ENSMUSG00000055639.16	2.11023
ENSMUSG00000055643.4	0
ENSMUSG00000055652.14	5.392688
ENSMUSG00000055653.13	3.627328
ENSMUSG00000055660.9	0.779192
ENSMUSG00000055670.14	4.664126
ENSMUSG00000055675.6	10.710189
ENSMUSG00000055676.4	5.034103
ENSMUSG00000055679.5	0
ENSMUSG00000055681.14	142.478964
ENSMUSG00000055691.5	0.030451
ENSMUSG00000055692.21	71.073413
ENSMUSG00000055700.7	0
ENSMUSG00000055704.4	0.027148
ENSMUSG00000055707.13	21.702436
ENSMUSG00000055717.13	31.258722
ENSMUSG00000055720.10	108.992812
ENSMUSG00000055723.6	4.540203
ENSMUSG00000055725.11	4.230091
ENSMUSG00000055730.16	0
ENSMUSG00000055732.1	0
ENSMUSG00000055733.6	18.210743
ENSMUSG00000055737.12	2.255227
ENSMUSG00000055745.4	24.925094
ENSMUSG00000055746.9	0
ENSMUSG00000055748.12	0
ENSMUSG00000055760.12	2.976524
ENSMUSG00000055761.14	0.346632
ENSMUSG00000055762.16	116.714566
ENSMUSG00000055763.9	0
ENSMUSG00000055771.2	0.140884
ENSMUSG00000055775.16	0.154823
ENSMUSG00000055780.10	0
ENSMUSG00000055782.9	2.694545
ENSMUSG00000055789.7	0
ENSMUSG00000055795.6	0
ENSMUSG00000055799.13	1.235332
ENSMUSG00000055805.15	33.933118
ENSMUSG00000055809.7	0.615878
ENSMUSG00000055811.2	0
ENSMUSG00000055817.18	23.4288
ENSMUSG00000055818.2	0.894649
ENSMUSG00000055820.2	0
ENSMUSG00000055826.5	0.908784
ENSMUSG00000055827.13	0.042815
ENSMUSG00000055833.14	0.452678
ENSMUSG00000055835.10	6.566042
ENSMUSG00000055838.4	0
ENSMUSG00000055839.6	691.562743
ENSMUSG00000055850.12	68.489793
ENSMUSG00000055862.7	15.494885
ENSMUSG00000055865.8	0.033846
ENSMUSG00000055866.9	1.961665
ENSMUSG00000055872.1	0
ENSMUSG00000055874.6	0
ENSMUSG00000055882.8	0
ENSMUSG00000055884.8	0.847855
ENSMUSG00000055891.7	0
ENSMUSG00000055895.6	0
ENSMUSG00000055897.13	2.148012
ENSMUSG00000055900.14	8.94961
ENSMUSG00000055912.8	3.055751
ENSMUSG00000055917.15	5.617109
ENSMUSG00000055923.16	1.492205
ENSMUSG00000055926.3	0.029083
ENSMUSG00000055932.15	71.63479
ENSMUSG00000055933.13	0
ENSMUSG00000055937.1	0.01936
ENSMUSG00000055942.13	0
ENSMUSG00000055943.5	17.800854
ENSMUSG00000055944.3	0
ENSMUSG00000055945.8	19.277768
ENSMUSG00000055958.3	0
ENSMUSG00000055960.12	0
ENSMUSG00000055961.7	0
ENSMUSG00000055963.12	15.370413
ENSMUSG00000055968.1	0
ENSMUSG00000055971.11	0
ENSMUSG00000055972.5	0.056171
ENSMUSG00000055976.6	0.888559
ENSMUSG00000055978.5	0.030256
ENSMUSG00000055980.2	0.596806
ENSMUSG00000055991.15	3.996942
ENSMUSG00000055994.15	0.206565
ENSMUSG00000056004.16	5.959664
ENSMUSG00000056008.1	0
ENSMUSG00000056014.15	1.673823
ENSMUSG00000056018.14	0
ENSMUSG00000056019.12	1.279157
ENSMUSG00000056023.3	3.563517
ENSMUSG00000056025.12	0.066967
ENSMUSG00000056031.13	0.110559
ENSMUSG00000056032.12	0.110767
ENSMUSG00000056035.8	0
ENSMUSG00000056043.5	0.021845
ENSMUSG00000056050.13	20.958647
ENSMUSG00000056054.9	0.902639
ENSMUSG00000056055.13	1.5061
ENSMUSG00000056061.3	0
ENSMUSG00000056069.10	6.376378
ENSMUSG00000056071.12	0.416819
ENSMUSG00000056073.16	4.468488
ENSMUSG00000056076.13	53.567177
ENSMUSG00000056078.6	0.011056
ENSMUSG00000056089.6	0.94105
ENSMUSG00000056091.12	63.374857
ENSMUSG00000056115.2	0
ENSMUSG00000056116.18	10.764675
ENSMUSG00000056121.16	23.63777
ENSMUSG00000056124.5	19.728613
ENSMUSG00000056128.3	0
ENSMUSG00000056130.10	0.160021
ENSMUSG00000056131.13	3.693136
ENSMUSG00000056133.5	0
ENSMUSG00000056144.14	0.142287
ENSMUSG00000056145.5	3.933543
ENSMUSG00000056148.8	0
ENSMUSG00000056153.15	2.878001
ENSMUSG00000056155.6	2.111
ENSMUSG00000056158.14	29.554475
ENSMUSG00000056162.14	0.193039
ENSMUSG00000056167.8	11.785889
ENSMUSG00000056174.8	1.591373
ENSMUSG00000056184.5	0
ENSMUSG00000056185.5	49.775844
ENSMUSG00000056197.6	0
ENSMUSG00000056201.8	1355.995078
ENSMUSG00000056203.4	0
ENSMUSG00000056204.8	9.32193
ENSMUSG00000056209.7	11.812138
ENSMUSG00000056211.13	29.098866
ENSMUSG00000056214.9	2.820551
ENSMUSG00000056215.13	0.140532
ENSMUSG00000056216.9	3.363121
ENSMUSG00000056219.7	0
ENSMUSG00000056220.14	0.564723
ENSMUSG00000056222.15	78.671007
ENSMUSG00000056223.8	0
ENSMUSG00000056228.10	8.738942
ENSMUSG00000056234.15	20.433679
ENSMUSG00000056257.3	0
ENSMUSG00000056258.9	3.652184
ENSMUSG00000056260.15	4.191134
ENSMUSG00000056267.14	1.421406
ENSMUSG00000056268.15	0.401933
ENSMUSG00000056270.3	0
ENSMUSG00000056271.13	0
ENSMUSG00000056281.4	0
ENSMUSG00000056288.11	0.024529
ENSMUSG00000056290.16	0.149196
ENSMUSG00000056293.12	0
ENSMUSG00000056296.17	50.703481
ENSMUSG00000056300.14	0
ENSMUSG00000056305.4	15.790155
ENSMUSG00000056306.5	12.65644
ENSMUSG00000056310.14	6.052767
ENSMUSG00000056313.5	0.567864
ENSMUSG00000056316.2	2.892148
ENSMUSG00000056328.14	0.102132
ENSMUSG00000056329.3	0.660782
ENSMUSG00000056332.4	0.087405
ENSMUSG00000056342.16	5.780543
ENSMUSG00000056350.7	0
ENSMUSG00000056359.6	0
ENSMUSG00000056366.5	0.483374
ENSMUSG00000056367.14	50.499375
ENSMUSG00000056370.15	0
ENSMUSG00000056379.3	0
ENSMUSG00000056380.13	0.590948
ENSMUSG00000056383.10	1.152075
ENSMUSG00000056394.17	4.894785
ENSMUSG00000056399.2	0
ENSMUSG00000056411.2	0.410719
ENSMUSG00000056412.6	0.206992
ENSMUSG00000056413.16	135.821537
ENSMUSG00000056418.3	0.540003
ENSMUSG00000056423.7	0.893829
ENSMUSG00000056426.3	0
ENSMUSG00000056427.10	3.659849
ENSMUSG00000056429.4	23.42355
ENSMUSG00000056436.4	0
ENSMUSG00000056445.8	0.107912
ENSMUSG00000056457.6	0
ENSMUSG00000056458.16	4.904431
ENSMUSG00000056459.14	3.749438
ENSMUSG00000056468.3	0.026456
ENSMUSG00000056476.13	1.127639
ENSMUSG00000056481.7	1.823133
ENSMUSG00000056486.18	370.720863
ENSMUSG00000056487.8	0.842019
ENSMUSG00000056492.6	1.401396
ENSMUSG00000056493.9	6.126862
ENSMUSG00000056494.7	0
ENSMUSG00000056498.13	0.12393
ENSMUSG00000056501.3	4.813173
ENSMUSG00000056508.6	0
ENSMUSG00000056509.10	0
ENSMUSG00000056515.9	27.731483
ENSMUSG00000056529.7	0.566822
ENSMUSG00000056531.11	0.263362
ENSMUSG00000056536.14	0.758801
ENSMUSG00000056537.11	4.858038
ENSMUSG00000056544.2	0
ENSMUSG00000056553.14	79.373184
ENSMUSG00000056564.7	0.029641
ENSMUSG00000056569.11	2.428522
ENSMUSG00000056579.18	9.18723
ENSMUSG00000056586.8	0.624131
ENSMUSG00000056592.14	0.312427
ENSMUSG00000056596.8	183.692429
ENSMUSG00000056598.16	2.996858
ENSMUSG00000056600.4	0
ENSMUSG00000056602.12	15.317705
ENSMUSG00000056605.7	0
ENSMUSG00000056608.14	1.203116
ENSMUSG00000056612.7	39.64523
ENSMUSG00000056617.12	0
ENSMUSG00000056629.16	207.762956
ENSMUSG00000056632.8	0
ENSMUSG00000056643.5	0.056939
ENSMUSG00000056648.5	2.341198
ENSMUSG00000056656.6	3.107011
ENSMUSG00000056665.2	65.791502
ENSMUSG00000056666.13	9.099349
ENSMUSG00000056671.7	0.121595
ENSMUSG00000056673.14	1.025696
ENSMUSG00000056679.13	4.664317
ENSMUSG00000056682.8	0.105606
ENSMUSG00000056687.9	1.255561
ENSMUSG00000056692.13	112.859678
ENSMUSG00000056696.5	0
ENSMUSG00000056698.11	14.216359
ENSMUSG00000056699.7	0
ENSMUSG00000056706.3	0.189124
ENSMUSG00000056708.5	19.25657
ENSMUSG00000056716.10	0
ENSMUSG00000056718.2	0
ENSMUSG00000056724.15	0.679116
ENSMUSG00000056728.6	0
ENSMUSG00000056735.5	1.189695
ENSMUSG00000056737.14	3.109
ENSMUSG00000056738.11	0.223861
ENSMUSG00000056749.7	4.878798
ENSMUSG00000056752.16	0.536718
ENSMUSG00000056753.3	1.156111
ENSMUSG00000056755.13	8.56852
ENSMUSG00000056758.14	0
ENSMUSG00000056763.16	1.463663
ENSMUSG00000056770.15	80.962269
ENSMUSG00000056771.7	0.335829
ENSMUSG00000056772.3	0
ENSMUSG00000056777.5	0
ENSMUSG00000056782.5	0
ENSMUSG00000056797.6	0.416059
ENSMUSG00000056812.14	34.166982
ENSMUSG00000056815.1	0
ENSMUSG00000056820.7	83.331269
ENSMUSG00000056821.13	0
ENSMUSG00000056822.4	0
ENSMUSG00000056824.15	0
ENSMUSG00000056829.4	0
ENSMUSG00000056832.14	1.143573
ENSMUSG00000056836.8	0.558753
ENSMUSG00000056849.6	0
ENSMUSG00000056851.14	337.402674
ENSMUSG00000056853.3	0
ENSMUSG00000056854.4	1.853517
ENSMUSG00000056856.13	4.357634
ENSMUSG00000056858.1	0
ENSMUSG00000056863.5	0
ENSMUSG00000056870.9	1.64088
ENSMUSG00000056877.2	0
ENSMUSG00000056880.12	0.605122
ENSMUSG00000056883.5	0
ENSMUSG00000056885.5	0
ENSMUSG00000056888.11	0.371823
ENSMUSG00000056895.4	52.689552
ENSMUSG00000056899.10	11.697916
ENSMUSG00000056900.13	1.460911
ENSMUSG00000056901.1	0
ENSMUSG00000056904.3	1.195569
ENSMUSG00000056910.5	0
ENSMUSG00000056912.12	0.124292
ENSMUSG00000056917.13	4.235754
ENSMUSG00000056919.9	0.231373
ENSMUSG00000056921.2	0
ENSMUSG00000056926.2	0
ENSMUSG00000056938.16	54.698118
ENSMUSG00000056941.17	19.878064
ENSMUSG00000056943.2	0
ENSMUSG00000056946.4	0
ENSMUSG00000056947.5	2.480906
ENSMUSG00000056952.13	29.780626
ENSMUSG00000056959.6	0
ENSMUSG00000056961.2	0
ENSMUSG00000056962.11	15.597153
ENSMUSG00000056966.7	8.958074
ENSMUSG00000056972.6	1.044217
ENSMUSG00000056973.6	0.15334
ENSMUSG00000056978.8	0.227634
ENSMUSG00000056987.8	0
ENSMUSG00000056995.3	0
ENSMUSG00000056999.15	3.536633
ENSMUSG00000057000.12	0.04001
ENSMUSG00000057003.12	0.073282
ENSMUSG00000057021.13	0.023513
ENSMUSG00000057036.7	23.809878
ENSMUSG00000057037.8	0
ENSMUSG00000057047.5	0
ENSMUSG00000057050.7	0
ENSMUSG00000057054.11	3.815631
ENSMUSG00000057058.16	3.267238
ENSMUSG00000057060.8	10.441116
ENSMUSG00000057067.4	0
ENSMUSG00000057068.15	0.963211
ENSMUSG00000057069.7	1.8269
ENSMUSG00000057072.11	0.217443
ENSMUSG00000057074.6	0.025342
ENSMUSG00000057092.12	0.846139
ENSMUSG00000057093.14	1.023421
ENSMUSG00000057098.14	1.319824
ENSMUSG00000057101.8	8.834621
ENSMUSG00000057103.11	22.93602
ENSMUSG00000057110.15	0.255842
ENSMUSG00000057113.13	46.898966
ENSMUSG00000057116.5	0
ENSMUSG00000057123.14	0.191111
ENSMUSG00000057130.12	14.715465
ENSMUSG00000057132.16	1.165225
ENSMUSG00000057133.14	2.911608
ENSMUSG00000057134.6	15.847496
ENSMUSG00000057135.12	0.155098
ENSMUSG00000057137.9	0.42536
ENSMUSG00000057143.15	0.352899
ENSMUSG00000057147.13	5.375196
ENSMUSG00000057149.4	0
ENSMUSG00000057156.10	4.679582
ENSMUSG00000057157.3	0.136237
ENSMUSG00000057160.2	0.204277
ENSMUSG00000057163.3	0
ENSMUSG00000057170.6	0
ENSMUSG00000057173.8	0.183606
ENSMUSG00000057174.5	0
ENSMUSG00000057176.4	6.912016
ENSMUSG00000057177.12	182.217432
ENSMUSG00000057179.6	0
ENSMUSG00000057181.15	8.443079
ENSMUSG00000057182.15	1.666333
ENSMUSG00000057191.13	0.445035
ENSMUSG00000057193.8	19.280977
ENSMUSG00000057195.13	0
ENSMUSG00000057203.3	0
ENSMUSG00000057207.2	0
ENSMUSG00000057215.6	0
ENSMUSG00000057216.6	0
ENSMUSG00000057219.11	6.171773
ENSMUSG00000057223.6	0
ENSMUSG00000057228.6	0.078036
ENSMUSG00000057229.11	44.687281
ENSMUSG00000057230.14	19.40086
ENSMUSG00000057234.9	3.664405
ENSMUSG00000057236.10	68.958682
ENSMUSG00000057240.14	0
ENSMUSG00000057244.6	0.665788
ENSMUSG00000057246.16	0.343964
ENSMUSG00000057262.2	121.89139
ENSMUSG00000057265.13	0.591108
ENSMUSG00000057270.3	0
ENSMUSG00000057278.8	43.334525
ENSMUSG00000057280.15	0.169206
ENSMUSG00000057286.6	0.805751
ENSMUSG00000057290.5	0
ENSMUSG00000057315.14	3.710821
ENSMUSG00000057321.2	0
ENSMUSG00000057322.12	1875.791945
ENSMUSG00000057329.7	1.330215
ENSMUSG00000057335.11	6.030836
ENSMUSG00000057337.13	0.70117
ENSMUSG00000057342.15	11.984707
ENSMUSG00000057346.12	0.669975
ENSMUSG00000057349.2	0
ENSMUSG00000057359.7	1.156922
ENSMUSG00000057363.12	26.918909
ENSMUSG00000057367.12	3.248602
ENSMUSG00000057370.5	0
ENSMUSG00000057375.13	42.500601
ENSMUSG00000057378.15	0.185918
ENSMUSG00000057381.1	0
ENSMUSG00000057388.9	50.882699
ENSMUSG00000057396.7	0.559495
ENSMUSG00000057400.14	0
ENSMUSG00000057402.5	0
ENSMUSG00000057406.16	4.576542
ENSMUSG00000057409.7	0.552962
ENSMUSG00000057411.9	87.22583
ENSMUSG00000057417.7	0
ENSMUSG00000057421.12	7.956426
ENSMUSG00000057424.3	0
ENSMUSG00000057425.3	0
ENSMUSG00000057439.12	0.017993
ENSMUSG00000057440.8	0.690372
ENSMUSG00000057443.13	0
ENSMUSG00000057444.3	0
ENSMUSG00000057446.3	0
ENSMUSG00000057447.2	0
ENSMUSG00000057454.5	0.171282
ENSMUSG00000057455.12	88.747483
ENSMUSG00000057457.11	0.073924
ENSMUSG00000057461.3	0
ENSMUSG00000057464.4	0
ENSMUSG00000057465.5	0.334441
ENSMUSG00000057469.8	12.493585
ENSMUSG00000057497.8	16.180914
ENSMUSG00000057499.3	0
ENSMUSG00000057503.6	0.004039
ENSMUSG00000057506.5	46.314023
ENSMUSG00000057513.3	0
ENSMUSG00000057522.15	36.289932
ENSMUSG00000057530.14	18.353483
ENSMUSG00000057531.14	92.889766
ENSMUSG00000057534.13	0.205265
ENSMUSG00000057540.3	0
ENSMUSG00000057541.14	1.571858
ENSMUSG00000057551.10	2.236599
ENSMUSG00000057554.13	6.775852
ENSMUSG00000057561.10	12.998217
ENSMUSG00000057564.6	0
ENSMUSG00000057572.15	43.918905
ENSMUSG00000057577.2	0
ENSMUSG00000057580.4	2.310743
ENSMUSG00000057592.1	0
ENSMUSG00000057594.12	36.335728
ENSMUSG00000057596.13	0.039292
ENSMUSG00000057604.9	4.293254
ENSMUSG00000057605.4	0
ENSMUSG00000057606.14	0.610887
ENSMUSG00000057609.6	0
ENSMUSG00000057614.6	46.874677
ENSMUSG00000057615.5	2.971769
ENSMUSG00000057637.13	7.795778
ENSMUSG00000057649.6	21.462749
ENSMUSG00000057650.3	0
ENSMUSG00000057654.6	0
ENSMUSG00000057657.4	0.799065
ENSMUSG00000057666.18	3681.748982
ENSMUSG00000057667.7	6.420341
ENSMUSG00000057672.16	10.854605
ENSMUSG00000057674.3	0
ENSMUSG00000057685.8	0
ENSMUSG00000057691.8	8.767204
ENSMUSG00000057696.4	0
ENSMUSG00000057697.2	0.177848
ENSMUSG00000057699.5	0
ENSMUSG00000057706.7	5.007447
ENSMUSG00000057710.7	0
ENSMUSG00000057715.13	9.335948
ENSMUSG00000057716.7	12.612991
ENSMUSG00000057719.11	1.399254
ENSMUSG00000057722.17	0.743339
ENSMUSG00000057723.3	0
ENSMUSG00000057726.3	0
ENSMUSG00000057729.12	3.210749
ENSMUSG00000057735.6	0
ENSMUSG00000057738.14	73.458617
ENSMUSG00000057751.14	0.500148
ENSMUSG00000057754.2	0
ENSMUSG00000057761.1	0
ENSMUSG00000057762.6	0.145466
ENSMUSG00000057766.14	4.6975
ENSMUSG00000057770.5	0
ENSMUSG00000057777.4	3.777466
ENSMUSG00000057778.14	8.517789
ENSMUSG00000057788.13	19.072721
ENSMUSG00000057789.14	11.07383
ENSMUSG00000057801.3	0
ENSMUSG00000057802.8	0.046094
ENSMUSG00000057805.4	0
ENSMUSG00000057816.7	0.562283
ENSMUSG00000057817.6	0
ENSMUSG00000057818.8	0.785194
ENSMUSG00000057829.5	0.560404
ENSMUSG00000057835.7	0.789902
ENSMUSG00000057836.12	1.160666
ENSMUSG00000057841.5	948.278574
ENSMUSG00000057842.14	0.175346
ENSMUSG00000057855.2	0
ENSMUSG00000057858.8	17.53534
ENSMUSG00000057863.6	1247.152278
ENSMUSG00000057880.12	61.685907
ENSMUSG00000057886.5	0.185822
ENSMUSG00000057890.5	0
ENSMUSG00000057894.10	1.033575
ENSMUSG00000057895.11	1.742351
ENSMUSG00000057897.14	277.178854
ENSMUSG00000057899.7	0
ENSMUSG00000057903.4	0
ENSMUSG00000057913.3	0
ENSMUSG00000057914.15	6.668964
ENSMUSG00000057933.10	0.363732
ENSMUSG00000057945.3	0
ENSMUSG00000057948.12	1.452567
ENSMUSG00000057963.9	31.798502
ENSMUSG00000057967.12	2.284568
ENSMUSG00000057969.15	3.727182
ENSMUSG00000057977.10	0
ENSMUSG00000057981.5	0
ENSMUSG00000057982.8	1.693984
ENSMUSG00000057990.4	0
ENSMUSG00000057997.6	0
ENSMUSG00000058005.3	0
ENSMUSG00000058006.12	0.492912
ENSMUSG00000058013.11	19.728283
ENSMUSG00000058014.4	0
ENSMUSG00000058017.6	0
ENSMUSG00000058019.13	0.300432
ENSMUSG00000058022.14	0.03714
ENSMUSG00000058028.14	0
ENSMUSG00000058030.5	0
ENSMUSG00000058046.1	0.017444
ENSMUSG00000058050.5	0.265971
ENSMUSG00000058052.2	0
ENSMUSG00000058056.16	1.908553
ENSMUSG00000058057.5	0.210216
ENSMUSG00000058063.4	0
ENSMUSG00000058064.6	8.41117
ENSMUSG00000058070.14	18.046618
ENSMUSG00000058071.4	0
ENSMUSG00000058073.4	0
ENSMUSG00000058076.12	161.453861
ENSMUSG00000058078.8	0
ENSMUSG00000058084.5	0
ENSMUSG00000058093.13	0.848107
ENSMUSG00000058099.16	0.978977
ENSMUSG00000058101.3	0
ENSMUSG00000058114.3	0
ENSMUSG00000058119.6	0
ENSMUSG00000058124.4	0
ENSMUSG00000058126.7	0.200831
ENSMUSG00000058132.5	0
ENSMUSG00000058135.12	276.654715
ENSMUSG00000058145.16	0.594806
ENSMUSG00000058147.1	0.057243
ENSMUSG00000058152.8	2.156917
ENSMUSG00000058153.15	48.676632
ENSMUSG00000058159.14	0.568101
ENSMUSG00000058163.14	0.075337
ENSMUSG00000058172.1	0
ENSMUSG00000058173.12	4.366416
ENSMUSG00000058174.7	1.062737
ENSMUSG00000058176.3	0
ENSMUSG00000058183.14	0.996538
ENSMUSG00000058186.13	0
ENSMUSG00000058188.3	0
ENSMUSG00000058192.16	1.419233
ENSMUSG00000058194.3	0
ENSMUSG00000058200.2	0
ENSMUSG00000058207.6	0
ENSMUSG00000058216.13	0
ENSMUSG00000058230.12	18.538533
ENSMUSG00000058239.13	123.59377
ENSMUSG00000058240.14	38.989958
ENSMUSG00000058244.4	0
ENSMUSG00000058246.8	1.932393
ENSMUSG00000058248.12	11.597522
ENSMUSG00000058250.2	0
ENSMUSG00000058251.3	0
ENSMUSG00000058252.6	0
ENSMUSG00000058254.12	1159.412437
ENSMUSG00000058258.14	11.93655
ENSMUSG00000058260.2	5.580314
ENSMUSG00000058267.13	44.844549
ENSMUSG00000058270.3	0
ENSMUSG00000058275.3	0
ENSMUSG00000058281.1	0
ENSMUSG00000058287.5	0
ENSMUSG00000058290.4	1.0991
ENSMUSG00000058291.14	1.582865
ENSMUSG00000058295.6	0
ENSMUSG00000058297.16	227.049092
ENSMUSG00000058298.10	1.206044
ENSMUSG00000058301.8	11.13759
ENSMUSG00000058317.12	79.992258
ENSMUSG00000058318.15	4.925671
ENSMUSG00000058325.6	2.275654
ENSMUSG00000058328.13	0
ENSMUSG00000058331.15	0.836937
ENSMUSG00000058349.2	0
ENSMUSG00000058351.11	35.820552
ENSMUSG00000058354.7	0
ENSMUSG00000058355.8	5.712989
ENSMUSG00000058357.2	0
ENSMUSG00000058360.5	0
ENSMUSG00000058368.3	0
ENSMUSG00000058385.8	0.175237
ENSMUSG00000058388.14	2.879047
ENSMUSG00000058392.13	2.065738
ENSMUSG00000058396.7	0.867895
ENSMUSG00000058398.6	0.104245
ENSMUSG00000058400.13	2.20814
ENSMUSG00000058402.14	1.154835
ENSMUSG00000058407.12	15.98368
ENSMUSG00000058420.8	21.077203
ENSMUSG00000058427.10	0.124954
ENSMUSG00000058430.1	0
ENSMUSG00000058435.6	0
ENSMUSG00000058440.14	4.884842
ENSMUSG00000058441.7	52.617694
ENSMUSG00000058443.5	10.133083
ENSMUSG00000058444.8	19.002057
ENSMUSG00000058446.14	3.205045
ENSMUSG00000058447.8	0.371608
ENSMUSG00000058454.15	26.099861
ENSMUSG00000058463.3	0
ENSMUSG00000058470.10	0
ENSMUSG00000058486.11	13.201662
ENSMUSG00000058488.7	4.209357
ENSMUSG00000058491.8	0
ENSMUSG00000058492.5	0.166504
ENSMUSG00000058498.12	1.688908
ENSMUSG00000058499.9	0
ENSMUSG00000058503.11	10.064919
ENSMUSG00000058508.1	0
ENSMUSG00000058513.7	0
ENSMUSG00000058515.4	0
ENSMUSG00000058523.2	0.187222
ENSMUSG00000058537.4	0
ENSMUSG00000058542.3	0.161295
ENSMUSG00000058546.8	1214.428681
ENSMUSG00000058550.15	0
ENSMUSG00000058558.12	201.144951
ENSMUSG00000058567.6	0
ENSMUSG00000058568.6	0.138941
ENSMUSG00000058569.8	126.582266
ENSMUSG00000058571.11	0.4859
ENSMUSG00000058579.5	0.38281
ENSMUSG00000058581.7	0.047331
ENSMUSG00000058586.12	5.778536
ENSMUSG00000058587.9	20.823724
ENSMUSG00000058589.14	65.32304
ENSMUSG00000058590.2	0
ENSMUSG00000058594.15	16.387551
ENSMUSG00000058600.13	431.272596
ENSMUSG00000058603.10	4.154017
ENSMUSG00000058607.4	0
ENSMUSG00000058613.6	0
ENSMUSG00000058618.6	0
ENSMUSG00000058620.5	0.584153
ENSMUSG00000058622.1	0
ENSMUSG00000058624.13	16.747784
ENSMUSG00000058625.6	0.442642
ENSMUSG00000058626.16	0.290143
ENSMUSG00000058628.4	0
ENSMUSG00000058631.6	0
ENSMUSG00000058638.14	1.780823
ENSMUSG00000058643.3	0
ENSMUSG00000058655.9	67.159369
ENSMUSG00000058656.13	1.878997
ENSMUSG00000058659.6	0
ENSMUSG00000058662.4	0
ENSMUSG00000058665.8	1.511298
ENSMUSG00000058669.7	1.133888
ENSMUSG00000058670.5	0
ENSMUSG00000058672.7	614.506183
ENSMUSG00000058685.7	0
ENSMUSG00000058690.14	4.91003
ENSMUSG00000058692.4	0
ENSMUSG00000058700.2	0
ENSMUSG00000058704.9	13.055127
ENSMUSG00000058706.5	1.428498
ENSMUSG00000058709.11	63.963562
ENSMUSG00000058715.11	15.548674
ENSMUSG00000058717.8	0
ENSMUSG00000058725.1	0
ENSMUSG00000058728.15	0
ENSMUSG00000058729.13	0.864169
ENSMUSG00000058740.14	14.178077
ENSMUSG00000058741.4	0.105407
ENSMUSG00000058743.6	3.636306
ENSMUSG00000058745.4	0
ENSMUSG00000058748.9	1.553201
ENSMUSG00000058755.3	0.093609
ENSMUSG00000058756.13	562.553166
ENSMUSG00000058761.5	2.399853
ENSMUSG00000058773.2	0
ENSMUSG00000058793.14	84.425198
ENSMUSG00000058794.12	0
ENSMUSG00000058799.16	67.038274
ENSMUSG00000058802.5	0
ENSMUSG00000058806.15	0.428074
ENSMUSG00000058807.4	0
ENSMUSG00000058809.8	0.056749
ENSMUSG00000058812.2	0.108561
ENSMUSG00000058816.5	0
ENSMUSG00000058818.13	0.571612
ENSMUSG00000058820.3	0
ENSMUSG00000058831.13	0
ENSMUSG00000058833.11	187.093821
ENSMUSG00000058835.14	36.163589
ENSMUSG00000058838.9	12.621799
ENSMUSG00000058856.3	0
ENSMUSG00000058869.9	0
ENSMUSG00000058873.1	0
ENSMUSG00000058881.13	1.542278
ENSMUSG00000058883.16	0.402203
ENSMUSG00000058884.6	0
ENSMUSG00000058886.9	31.228817
ENSMUSG00000058897.18	5.2149
ENSMUSG00000058900.5	0.445562
ENSMUSG00000058904.3	0
ENSMUSG00000058905.5	0
ENSMUSG00000058908.14	0
ENSMUSG00000058914.12	0.220393
ENSMUSG00000058921.3	0
ENSMUSG00000058922.7	0.31689
ENSMUSG00000058925.11	0.214117
ENSMUSG00000058927.6	38.57009
ENSMUSG00000058932.6	0
ENSMUSG00000058933.5	0
ENSMUSG00000058934.8	0
ENSMUSG00000058935.14	0
ENSMUSG00000058952.12	0
ENSMUSG00000058953.3	0
ENSMUSG00000058966.13	49.221794
ENSMUSG00000058975.7	65.316272
ENSMUSG00000058976.4	0
ENSMUSG00000058979.7	9.894196
ENSMUSG00000058981.4	0
ENSMUSG00000058997.8	3.730928
ENSMUSG00000059003.12	3.156321
ENSMUSG00000059005.13	65.775134
ENSMUSG00000059013.12	12.776351
ENSMUSG00000059014.8	0
ENSMUSG00000059022.15	0.477066
ENSMUSG00000059023.2	0
ENSMUSG00000059027.14	0.016499
ENSMUSG00000059030.5	0
ENSMUSG00000059031.3	0.070299
ENSMUSG00000059033.7	0
ENSMUSG00000059040.5	310.690769
ENSMUSG00000059042.3	0
ENSMUSG00000059043.2	0
ENSMUSG00000059049.14	0.140843
ENSMUSG00000059058.7	19.181236
ENSMUSG00000059060.15	0.099993
ENSMUSG00000059064.8	0
ENSMUSG00000059069.5	0
ENSMUSG00000059070.16	549.613294
ENSMUSG00000059077.6	0
ENSMUSG00000059087.4	0
ENSMUSG00000059089.4	0.103845
ENSMUSG00000059105.4	0
ENSMUSG00000059106.5	0
ENSMUSG00000059108.4	0.345645
ENSMUSG00000059112.6	0
ENSMUSG00000059113.2	0
ENSMUSG00000059114.8	0
ENSMUSG00000059119.9	73.389369
ENSMUSG00000059128.3	0
ENSMUSG00000059134.2	0
ENSMUSG00000059136.4	0
ENSMUSG00000059142.16	1.341107
ENSMUSG00000059146.12	11.977362
ENSMUSG00000059149.17	18.412342
ENSMUSG00000059150.3	0
ENSMUSG00000059159.6	0
ENSMUSG00000059169.9	0
ENSMUSG00000059173.19	17.56121
ENSMUSG00000059179.6	0
ENSMUSG00000059182.7	4.961066
ENSMUSG00000059183.12	5.285449
ENSMUSG00000059187.12	6.894867
ENSMUSG00000059189.3	0
ENSMUSG00000059195.10	1.462851
ENSMUSG00000059201.12	0
ENSMUSG00000059203.10	0.343768
ENSMUSG00000059205.5	0
ENSMUSG00000059206.4	0
ENSMUSG00000059208.15	17.774965
ENSMUSG00000059213.7	239.3394
ENSMUSG00000059218.14	0
ENSMUSG00000059229.7	0
ENSMUSG00000059230.2	0
ENSMUSG00000059237.6	0.209648
ENSMUSG00000059244.6	0.129992
ENSMUSG00000059246.4	1.077949
ENSMUSG00000059248.13	30.801863
ENSMUSG00000059251.1	0
ENSMUSG00000059252.5	0
ENSMUSG00000059256.6	0
ENSMUSG00000059263.9	5.99937
ENSMUSG00000059273.9	10.10209
ENSMUSG00000059277.12	4.241567
ENSMUSG00000059278.9	162.47977
ENSMUSG00000059279.11	0
ENSMUSG00000059280.4	0
ENSMUSG00000059288.14	2.625006
ENSMUSG00000059291.15	847.900701
ENSMUSG00000059301.7	0
ENSMUSG00000059303.6	0
ENSMUSG00000059305.12	0.475454
ENSMUSG00000059316.2	43.605215
ENSMUSG00000059319.3	0
ENSMUSG00000059323.14	1.04945
ENSMUSG00000059325.14	66.27607
ENSMUSG00000059326.7	4.446777
ENSMUSG00000059327.9	1.453367
ENSMUSG00000059334.6	0
ENSMUSG00000059336.14	5.837744
ENSMUSG00000059343.4	0.122049
ENSMUSG00000059352.5	0
ENSMUSG00000059355.13	79.351814
ENSMUSG00000059361.6	233.970056
ENSMUSG00000059363.10	9.360196
ENSMUSG00000059366.3	0
ENSMUSG00000059371.4	0
ENSMUSG00000059375.5	0
ENSMUSG00000059379.3	0
ENSMUSG00000059382.2	0
ENSMUSG00000059383.14	0.033916
ENSMUSG00000059395.4	0.304966
ENSMUSG00000059397.2	0
ENSMUSG00000059401.14	5.93467
ENSMUSG00000059406.8	0.101267
ENSMUSG00000059408.3	0
ENSMUSG00000059409.9	54.15836
ENSMUSG00000059410.5	0
ENSMUSG00000059411.6	0
ENSMUSG00000059412.7	33.672371
ENSMUSG00000059422.5	1.000695
ENSMUSG00000059423.13	0.482943
ENSMUSG00000059429.3	0
ENSMUSG00000059430.14	0.051117
ENSMUSG00000059434.9	0.07275
ENSMUSG00000059436.13	35.297003
ENSMUSG00000059439.15	32.294536
ENSMUSG00000059447.13	40.1779
ENSMUSG00000059455.3	0
ENSMUSG00000059456.13	150.712182
ENSMUSG00000059460.7	0
ENSMUSG00000059461.7	5.690448
ENSMUSG00000059463.7	0
ENSMUSG00000059473.4	0
ENSMUSG00000059474.13	1.383159
ENSMUSG00000059475.13	4.68546
ENSMUSG00000059479.7	0.627465
ENSMUSG00000059481.5	0
ENSMUSG00000059482.15	18.964563
ENSMUSG00000059483.5	0
ENSMUSG00000059486.11	10.317428
ENSMUSG00000059488.3	0
ENSMUSG00000059493.13	0.285772
ENSMUSG00000059495.14	7.636908
ENSMUSG00000059498.13	7.524162
ENSMUSG00000059503.2	0
ENSMUSG00000059504.7	0
ENSMUSG00000059518.14	89.111256
ENSMUSG00000059534.8	786.100475
ENSMUSG00000059540.15	18.111721
ENSMUSG00000059547.3	0
ENSMUSG00000059552.13	15.19855
ENSMUSG00000059554.12	36.703052
ENSMUSG00000059555.6	1.529189
ENSMUSG00000059562.14	0
ENSMUSG00000059565.4	0.626974
ENSMUSG00000059571.7	0
ENSMUSG00000059585.4	0
ENSMUSG00000059586.10	9.942697
ENSMUSG00000059588.13	0.881326
ENSMUSG00000059595.2	0
ENSMUSG00000059602.14	1.90324
ENSMUSG00000059606.3	0
ENSMUSG00000059610.5	0.029862
ENSMUSG00000059623.6	0
ENSMUSG00000059625.6	0.075573
ENSMUSG00000059626.13	0
ENSMUSG00000059631.6	5.617743
ENSMUSG00000059632.4	0
ENSMUSG00000059639.2	0
ENSMUSG00000059645.6	0
ENSMUSG00000059647.5	0
ENSMUSG00000059648.3	0
ENSMUSG00000059654.7	0
ENSMUSG00000059657.5	0
ENSMUSG00000059658.5	0.178031
ENSMUSG00000059659.7	0.3866
ENSMUSG00000059663.1	0
ENSMUSG00000059668.6	0.042968
ENSMUSG00000059669.8	8.522315
ENSMUSG00000059674.7	4.481812
ENSMUSG00000059687.4	0
ENSMUSG00000059689.15	55.178129
ENSMUSG00000059690.1	0
ENSMUSG00000059695.4	0
ENSMUSG00000059706.4	0.081892
ENSMUSG00000059708.12	0.706946
ENSMUSG00000059713.12	11.2563
ENSMUSG00000059714.13	97.698536
ENSMUSG00000059729.2	0
ENSMUSG00000059734.7	307.883413
ENSMUSG00000059741.13	0
ENSMUSG00000059742.10	1.804662
ENSMUSG00000059743.12	139.239187
ENSMUSG00000059751.7	163.198792
ENSMUSG00000059762.4	0.005271
ENSMUSG00000059763.4	0
ENSMUSG00000059768.7	0
ENSMUSG00000059772.12	7.328917
ENSMUSG00000059775.5	4.796824
ENSMUSG00000059776.7	0.643776
ENSMUSG00000059791.14	1.651678
ENSMUSG00000059796.16	182.518137
ENSMUSG00000059810.18	26.241567
ENSMUSG00000059811.13	11.760755
ENSMUSG00000059816.5	0.403596
ENSMUSG00000059820.14	2.512123
ENSMUSG00000059821.6	0
ENSMUSG00000059824.12	112.538997
ENSMUSG00000059827.5	0
ENSMUSG00000059830.3	0
ENSMUSG00000059832.4	0
ENSMUSG00000059834.12	0.413752
ENSMUSG00000059835.1	0.263057
ENSMUSG00000059839.9	2.702322
ENSMUSG00000059842.12	3.970982
ENSMUSG00000059845.5	0
ENSMUSG00000059851.15	2.884678
ENSMUSG00000059852.7	3.714379
ENSMUSG00000059854.8	0.032317
ENSMUSG00000059857.15	7.731539
ENSMUSG00000059862.4	0
ENSMUSG00000059864.2	0.103154
ENSMUSG00000059866.13	3.576829
ENSMUSG00000059867.3	0
ENSMUSG00000059873.4	0
ENSMUSG00000059874.2	0
ENSMUSG00000059877.3	0
ENSMUSG00000059878.12	10.763286
ENSMUSG00000059883.16	0.464479
ENSMUSG00000059887.7	0.032007
ENSMUSG00000059890.16	5.509637
ENSMUSG00000059891.14	0.626117
ENSMUSG00000059895.13	40.002172
ENSMUSG00000059897.5	1.061539
ENSMUSG00000059898.9	0.189634
ENSMUSG00000059900.14	2.523231
ENSMUSG00000059901.12	0.055913
ENSMUSG00000059908.9	0
ENSMUSG00000059910.4	0
ENSMUSG00000059912.4	0
ENSMUSG00000059920.9	5.664167
ENSMUSG00000059921.15	1.150359
ENSMUSG00000059923.13	85.466279
ENSMUSG00000059934.12	0
ENSMUSG00000059939.13	6.348352
ENSMUSG00000059956.14	0
ENSMUSG00000059964.9	0
ENSMUSG00000059970.7	14.301971
ENSMUSG00000059972.7	0
ENSMUSG00000059974.10	70.140488
ENSMUSG00000059975.15	1.243712
ENSMUSG00000059981.12	34.018408
ENSMUSG00000059991.7	25.47462
ENSMUSG00000059994.10	0.038063
ENSMUSG00000059995.12	98.395828
ENSMUSG00000060002.14	13.075927
ENSMUSG00000060012.9	3.735287
ENSMUSG00000060017.8	0
ENSMUSG00000060019.6	5.317687
ENSMUSG00000060024.2	0
ENSMUSG00000060029.13	0
ENSMUSG00000060030.5	0
ENSMUSG00000060032.6	48.848328
ENSMUSG00000060034.5	0
ENSMUSG00000060036.14	469.780531
ENSMUSG00000060038.14	46.196114
ENSMUSG00000060044.8	0.040264
ENSMUSG00000060049.5	0
ENSMUSG00000060057.4	0
ENSMUSG00000060063.9	7.98592
ENSMUSG00000060068.7	0
ENSMUSG00000060070.5	0
ENSMUSG00000060073.9	115.182043
ENSMUSG00000060081.1	0
ENSMUSG00000060084.4	0
ENSMUSG00000060090.16	1.625552
ENSMUSG00000060093.6	0.850314
ENSMUSG00000060096.5	0.454027
ENSMUSG00000060098.11	19.316186
ENSMUSG00000060105.2	0
ENSMUSG00000060112.4	0
ENSMUSG00000060114.4	0
ENSMUSG00000060121.15	4.22158
ENSMUSG00000060126.14	918.185063
ENSMUSG00000060128.5	0
ENSMUSG00000060131.11	0
ENSMUSG00000060143.7	693.715933
ENSMUSG00000060147.15	23.420727
ENSMUSG00000060149.7	0.909274
ENSMUSG00000060152.14	115.937823
ENSMUSG00000060161.9	0
ENSMUSG00000060166.6	49.20416
ENSMUSG00000060170.3	0
ENSMUSG00000060176.4	0.143848
ENSMUSG00000060177.6	1.23925
ENSMUSG00000060180.12	0.030215
ENSMUSG00000060181.6	12.837436
ENSMUSG00000060183.6	0.079812
ENSMUSG00000060187.4	0.223926
ENSMUSG00000060188.6	0.048034
ENSMUSG00000060198.7	0
ENSMUSG00000060201.5	0
ENSMUSG00000060204.6	0.246733
ENSMUSG00000060205.3	0
ENSMUSG00000060206.11	1.275205
ENSMUSG00000060208.5	0
ENSMUSG00000060212.13	24.590693
ENSMUSG00000060216.15	32.309158
ENSMUSG00000060224.4	0.520055
ENSMUSG00000060227.15	16.70892
ENSMUSG00000060240.12	454.786337
ENSMUSG00000060244.1	5.111723
ENSMUSG00000060245.5	0
ENSMUSG00000060254.7	0
ENSMUSG00000060256.1	0
ENSMUSG00000060257.2	8.627997
ENSMUSG00000060260.13	10.583017
ENSMUSG00000060261.15	58.882978
ENSMUSG00000060268.12	0.275756
ENSMUSG00000060275.14	2.263447
ENSMUSG00000060279.14	112.090208
ENSMUSG00000060284.7	0.532874
ENSMUSG00000060288.13	14.638907
ENSMUSG00000060301.6	0.864313
ENSMUSG00000060303.4	0
ENSMUSG00000060311.11	0
ENSMUSG00000060314.13	5.200215
ENSMUSG00000060317.9	0
ENSMUSG00000060332.9	0
ENSMUSG00000060335.2	0
ENSMUSG00000060336.6	0.239397
ENSMUSG00000060371.12	13.294846
ENSMUSG00000060373.15	104.137481
ENSMUSG00000060375.2	0
ENSMUSG00000060376.7	39.939928
ENSMUSG00000060377.4	0.804231
ENSMUSG00000060380.3	1.835883
ENSMUSG00000060397.6	1.340726
ENSMUSG00000060402.8	16.636493
ENSMUSG00000060404.3	0.024576
ENSMUSG00000060407.6	0
ENSMUSG00000060411.3	0
ENSMUSG00000060412.2	0
ENSMUSG00000060416.2	0
ENSMUSG00000060417.6	0
ENSMUSG00000060419.8	3.646892
ENSMUSG00000060424.14	215.083695
ENSMUSG00000060427.15	4.355691
ENSMUSG00000060429.12	0.939443
ENSMUSG00000060438.5	0.506144
ENSMUSG00000060441.15	0
ENSMUSG00000060445.11	0
ENSMUSG00000060450.14	92.406266
ENSMUSG00000060459.14	0.042671
ENSMUSG00000060461.5	0
ENSMUSG00000060467.4	0.792867
ENSMUSG00000060469.3	0
ENSMUSG00000060470.7	0
ENSMUSG00000060475.13	18.970304
ENSMUSG00000060477.14	7.532209
ENSMUSG00000060480.5	0
ENSMUSG00000060487.7	2.26138
ENSMUSG00000060491.14	0
ENSMUSG00000060499.7	0
ENSMUSG00000060503.6	0
ENSMUSG00000060508.16	0
ENSMUSG00000060509.5	0
ENSMUSG00000060510.14	2.32783
ENSMUSG00000060512.7	2.242418
ENSMUSG00000060519.11	2.980121
ENSMUSG00000060523.5	0
ENSMUSG00000060530.2	8.084641
ENSMUSG00000060534.16	0.773236
ENSMUSG00000060538.14	22.151338
ENSMUSG00000060548.13	11.518671
ENSMUSG00000060550.16	1.256161
ENSMUSG00000060556.4	0
ENSMUSG00000060560.8	0
ENSMUSG00000060565.5	0
ENSMUSG00000060566.4	0
ENSMUSG00000060568.14	4.547307
ENSMUSG00000060572.17	2.03202
ENSMUSG00000060579.13	13.467986
ENSMUSG00000060583.4	0
ENSMUSG00000060586.11	10.68929
ENSMUSG00000060591.9	27.996407
ENSMUSG00000060594.6	0.887969
ENSMUSG00000060600.15	4.141976
ENSMUSG00000060601.13	45.380753
ENSMUSG00000060613.10	0
ENSMUSG00000060615.5	0
ENSMUSG00000060621.6	0.579653
ENSMUSG00000060630.7	0
ENSMUSG00000060636.14	1143.431215
ENSMUSG00000060639.5	4.239397
ENSMUSG00000060647.2	0.074181
ENSMUSG00000060657.8	8.807625
ENSMUSG00000060663.6	0
ENSMUSG00000060671.12	11.473392
ENSMUSG00000060673.2	0
ENSMUSG00000060675.13	24.714604
ENSMUSG00000060678.5	0.495685
ENSMUSG00000060679.14	20.830735
ENSMUSG00000060680.2	0.266549
ENSMUSG00000060681.15	49.069214
ENSMUSG00000060685.4	0
ENSMUSG00000060688.4	0
ENSMUSG00000060691.4	0
ENSMUSG00000060699.2	0
ENSMUSG00000060701.1	0
ENSMUSG00000060703.12	7.440248
ENSMUSG00000060708.4	11.169114
ENSMUSG00000060715.9	0
ENSMUSG00000060716.7	4.98534
ENSMUSG00000060724.2	0
ENSMUSG00000060726.10	0
ENSMUSG00000060727.4	0
ENSMUSG00000060730.8	0
ENSMUSG00000060733.13	4.732351
ENSMUSG00000060735.4	0.560625
ENSMUSG00000060738.4	0
ENSMUSG00000060739.8	33.587523
ENSMUSG00000060742.1	0
ENSMUSG00000060743.12	305.776179
ENSMUSG00000060747.3	0
ENSMUSG00000060756.5	0
ENSMUSG00000060759.4	0
ENSMUSG00000060765.8	0
ENSMUSG00000060771.15	0.972692
ENSMUSG00000060777.4	0
ENSMUSG00000060780.2	26.179083
ENSMUSG00000060787.9	0.254537
ENSMUSG00000060791.15	6.511512
ENSMUSG00000060794.8	0
ENSMUSG00000060795.5	0.170426
ENSMUSG00000060798.7	0.656594
ENSMUSG00000060802.8	84.267608
ENSMUSG00000060803.6	575.824559
ENSMUSG00000060807.7	0
ENSMUSG00000060808.4	0.281679
ENSMUSG00000060811.4	0
ENSMUSG00000060816.3	0
ENSMUSG00000060827.2	0
ENSMUSG00000060843.11	0.183851
ENSMUSG00000060860.8	109.462772
ENSMUSG00000060862.10	1.299184
ENSMUSG00000060863.12	0
ENSMUSG00000060878.4	0
ENSMUSG00000060879.3	0
ENSMUSG00000060882.5	12.862903
ENSMUSG00000060888.4	0
ENSMUSG00000060890.11	0.165896
ENSMUSG00000060904.14	62.978518
ENSMUSG00000060913.6	0.169727
ENSMUSG00000060918.2	0
ENSMUSG00000060923.5	45.889447
ENSMUSG00000060924.15	2.325843
ENSMUSG00000060935.6	10.371011
ENSMUSG00000060938.14	1444.349901
ENSMUSG00000060950.12	12.028263
ENSMUSG00000060956.4	0
ENSMUSG00000060961.16	12.201152
ENSMUSG00000060962.12	3.304108
ENSMUSG00000060967.6	0
ENSMUSG00000060969.9	3.521123
ENSMUSG00000060974.3	0
ENSMUSG00000060981.7	6.261468
ENSMUSG00000060985.15	0.391349
ENSMUSG00000060988.12	2.793814
ENSMUSG00000060989.8	0.114527
ENSMUSG00000060992.9	72.709534
ENSMUSG00000061000.1	0
ENSMUSG00000061013.6	2.028124
ENSMUSG00000061022.5	0
ENSMUSG00000061024.8	10.000036
ENSMUSG00000061028.7	7.060708
ENSMUSG00000061032.9	207.421324
ENSMUSG00000061039.5	0
ENSMUSG00000061046.9	122.860852
ENSMUSG00000061048.8	0.412905
ENSMUSG00000061062.5	0.259427
ENSMUSG00000061065.3	0
ENSMUSG00000061068.7	0.150435
ENSMUSG00000061079.14	1.653079
ENSMUSG00000061080.11	47.361161
ENSMUSG00000061082.11	0
ENSMUSG00000061086.12	16.445926
ENSMUSG00000061099.12	0.168668
ENSMUSG00000061100.5	0.797641
ENSMUSG00000061104.5	4.16705
ENSMUSG00000061111.8	120.528395
ENSMUSG00000061115.4	0
ENSMUSG00000061118.8	36.131453
ENSMUSG00000061119.7	6.92053
ENSMUSG00000061126.5	0
ENSMUSG00000061130.13	29.772869
ENSMUSG00000061132.13	5.661206
ENSMUSG00000061136.16	3.987608
ENSMUSG00000061143.15	1.147501
ENSMUSG00000061144.6	0
ENSMUSG00000061165.9	0
ENSMUSG00000061167.9	0
ENSMUSG00000061171.15	0.400693
ENSMUSG00000061175.12	1.225639
ENSMUSG00000061184.8	0
ENSMUSG00000061186.15	0.387609
ENSMUSG00000061195.8	0
ENSMUSG00000061207.11	37.584733
ENSMUSG00000061208.6	0
ENSMUSG00000061210.4	0
ENSMUSG00000061232.16	37.79451
ENSMUSG00000061242.6	0
ENSMUSG00000061244.14	2.590286
ENSMUSG00000061246.6	0
ENSMUSG00000061259.11	0.107804
ENSMUSG00000061272.8	0
ENSMUSG00000061273.3	9.454287
ENSMUSG00000061286.7	28.640385
ENSMUSG00000061288.13	16.03838
ENSMUSG00000061292.10	0
ENSMUSG00000061295.5	0
ENSMUSG00000061296.2	0
ENSMUSG00000061298.14	6.517004
ENSMUSG00000061306.16	35.356246
ENSMUSG00000061311.6	0.008714
ENSMUSG00000061313.8	11.455393
ENSMUSG00000061315.14	263.001837
ENSMUSG00000061322.15	8.635119
ENSMUSG00000061330.8	0
ENSMUSG00000061331.5	0
ENSMUSG00000061336.3	0
ENSMUSG00000061342.5	0
ENSMUSG00000061353.11	16.992113
ENSMUSG00000061356.13	0
ENSMUSG00000061360.8	21.138388
ENSMUSG00000061361.2	0
ENSMUSG00000061367.3	0
ENSMUSG00000061371.7	0.86377
ENSMUSG00000061374.14	13.680212
ENSMUSG00000061376.2	0
ENSMUSG00000061387.3	0
ENSMUSG00000061388.11	0
ENSMUSG00000061390.6	0.48607
ENSMUSG00000061392.2	0
ENSMUSG00000061393.14	0.838739
ENSMUSG00000061397.8	0.043774
ENSMUSG00000061410.6	7.168867
ENSMUSG00000061411.12	6.316537
ENSMUSG00000061414.8	0.351157
ENSMUSG00000061436.15	2.442016
ENSMUSG00000061451.13	92.525541
ENSMUSG00000061455.13	3.030125
ENSMUSG00000061457.3	0
ENSMUSG00000061458.9	5.102905
ENSMUSG00000061461.11	43.817225
ENSMUSG00000061462.18	0.768265
ENSMUSG00000061469.3	0
ENSMUSG00000061474.11	74.290451
ENSMUSG00000061477.4	612.381196
ENSMUSG00000061479.15	71.671993
ENSMUSG00000061482.7	0.378924
ENSMUSG00000061486.7	0
ENSMUSG00000061488.5	0
ENSMUSG00000061489.3	0
ENSMUSG00000061490.6	0
ENSMUSG00000061510.3	0.010236
ENSMUSG00000061517.8	3.070922
ENSMUSG00000061518.11	796.533775
ENSMUSG00000061520.4	0
ENSMUSG00000061524.8	6.594721
ENSMUSG00000061525.2	0
ENSMUSG00000061527.7	0.027738
ENSMUSG00000061531.8	0.056324
ENSMUSG00000061533.16	1.480174
ENSMUSG00000061535.11	0.545947
ENSMUSG00000061536.13	6.743663
ENSMUSG00000061540.3	0
ENSMUSG00000061544.13	0.212646
ENSMUSG00000061549.6	0
ENSMUSG00000061559.15	17.87962
ENSMUSG00000061561.5	0
ENSMUSG00000061576.15	70.495324
ENSMUSG00000061577.12	0.143151
ENSMUSG00000061578.8	2.839112
ENSMUSG00000061584.6	0.129107
ENSMUSG00000061589.14	2.10678
ENSMUSG00000061601.15	4.163431
ENSMUSG00000061602.3	0
ENSMUSG00000061603.8	2.396989
ENSMUSG00000061607.15	1.316384
ENSMUSG00000061613.13	91.696343
ENSMUSG00000061614.5	0
ENSMUSG00000061615.2	0
ENSMUSG00000061616.5	0.029673
ENSMUSG00000061619.3	0
ENSMUSG00000061626.6	0
ENSMUSG00000061633.3	0
ENSMUSG00000061637.5	0
ENSMUSG00000061650.6	34.090477
ENSMUSG00000061653.4	0
ENSMUSG00000061665.7	1.128426
ENSMUSG00000061666.6	20.865889
ENSMUSG00000061669.6	4.736791
ENSMUSG00000061684.6	0.121076
ENSMUSG00000061689.15	62.760964
ENSMUSG00000061701.11	0
ENSMUSG00000061702.10	48.426302
ENSMUSG00000061707.5	0
ENSMUSG00000061718.12	396.811695
ENSMUSG00000061723.18	0.432014
ENSMUSG00000061724.5	2.817753
ENSMUSG00000061728.5	0.035327
ENSMUSG00000061731.9	8.379156
ENSMUSG00000061740.8	13.776423
ENSMUSG00000061742.12	0.204426
ENSMUSG00000061751.16	36.896841
ENSMUSG00000061755.10	1.063517
ENSMUSG00000061758.13	16.790114
ENSMUSG00000061759.15	10.461458
ENSMUSG00000061762.12	78.84945
ENSMUSG00000061769.2	0
ENSMUSG00000061778.10	2.271253
ENSMUSG00000061780.6	0
ENSMUSG00000061787.15	834.201958
ENSMUSG00000061798.2	0
ENSMUSG00000061802.6	0.04245
ENSMUSG00000061808.4	1581.531672
ENSMUSG00000061809.8	0
ENSMUSG00000061815.11	0.065796
ENSMUSG00000061816.15	2.0643
ENSMUSG00000061825.10	0
ENSMUSG00000061829.4	0
ENSMUSG00000061833.6	0.841848
ENSMUSG00000061838.7	11.981658
ENSMUSG00000061843.5	0
ENSMUSG00000061845.3	0
ENSMUSG00000061847.2	0
ENSMUSG00000061848.5	0.528953
ENSMUSG00000061852.9	0
ENSMUSG00000061859.17	7.18143
ENSMUSG00000061863.6	0
ENSMUSG00000061875.2	0
ENSMUSG00000061877.13	0
ENSMUSG00000061878.16	3.340286
ENSMUSG00000061882.12	0.396596
ENSMUSG00000061887.14	77.958959
ENSMUSG00000061894.15	0.903428
ENSMUSG00000061897.5	3.528347
ENSMUSG00000061898.10	1.290554
ENSMUSG00000061904.12	405.626607
ENSMUSG00000061906.5	0
ENSMUSG00000061911.15	9.694691
ENSMUSG00000061923.4	0
ENSMUSG00000061928.6	0.032019
ENSMUSG00000061937.7	0
ENSMUSG00000061947.10	0
ENSMUSG00000061950.17	4.836978
ENSMUSG00000061952.6	0
ENSMUSG00000061958.5	0
ENSMUSG00000061959.13	0
ENSMUSG00000061961.3	0
ENSMUSG00000061969.8	0
ENSMUSG00000061972.3	0
ENSMUSG00000061974.2	0
ENSMUSG00000061977.2	0
ENSMUSG00000061979.8	8.758977
ENSMUSG00000061981.14	61.630308
ENSMUSG00000061983.7	880.068432
ENSMUSG00000061984.6	0
ENSMUSG00000061988.3	0
ENSMUSG00000061991.2	0
ENSMUSG00000061992.2	0
ENSMUSG00000062006.12	673.570554
ENSMUSG00000062007.13	0.105606
ENSMUSG00000062012.14	12.961639
ENSMUSG00000062014.13	22.699002
ENSMUSG00000062017.15	0
ENSMUSG00000062028.8	0.287327
ENSMUSG00000062031.13	2.131894
ENSMUSG00000062036.9	0
ENSMUSG00000062037.3	0
ENSMUSG00000062038.5	0
ENSMUSG00000062040.14	3.563721
ENSMUSG00000062042.1	0
ENSMUSG00000062044.16	28.557171
ENSMUSG00000062046.1	0
ENSMUSG00000062054.7	15.914607
ENSMUSG00000062061.3	0
ENSMUSG00000062064.6	0
ENSMUSG00000062070.12	330.615691
ENSMUSG00000062073.6	0.901564
ENSMUSG00000062074.7	0.04511
ENSMUSG00000062075.13	6.365421
ENSMUSG00000062077.14	1.582287
ENSMUSG00000062078.15	51.735842
ENSMUSG00000062081.6	0.651955
ENSMUSG00000062082.16	0.036788
ENSMUSG00000062083.1	0.193022
ENSMUSG00000062093.5	0.163869
ENSMUSG00000062098.11	23.581479
ENSMUSG00000062101.12	0.626677
ENSMUSG00000062103.5	0
ENSMUSG00000062105.5	0
ENSMUSG00000062110.14	10.892632
ENSMUSG00000062115.15	12.621502
ENSMUSG00000062116.10	5.257553
ENSMUSG00000062121.3	0
ENSMUSG00000062124.7	0.1029
ENSMUSG00000062127.11	3.060002
ENSMUSG00000062128.8	0
ENSMUSG00000062132.10	0.361653
ENSMUSG00000062142.5	0
ENSMUSG00000062148.6	0
ENSMUSG00000062151.13	1.485614
ENSMUSG00000062152.4	0
ENSMUSG00000062154.14	0.036613
ENSMUSG00000062157.6	0.118926
ENSMUSG00000062162.2	0
ENSMUSG00000062165.3	0
ENSMUSG00000062168.12	0.048597
ENSMUSG00000062169.13	13.646711
ENSMUSG00000062170.12	0.135075
ENSMUSG00000062175.13	0.971918
ENSMUSG00000062181.14	0
ENSMUSG00000062184.11	8.217789
ENSMUSG00000062186.2	0
ENSMUSG00000062190.12	14.480992
ENSMUSG00000062198.5	2.385719
ENSMUSG00000062199.2	0
ENSMUSG00000062200.14	0
ENSMUSG00000062201.4	0
ENSMUSG00000062202.14	13.894515
ENSMUSG00000062203.15	13.830131
ENSMUSG00000062204.1	0
ENSMUSG00000062209.15	1.783156
ENSMUSG00000062210.13	3.853958
ENSMUSG00000062224.6	0
ENSMUSG00000062226.5	0
ENSMUSG00000062232.14	13.187845
ENSMUSG00000062234.14	30.854647
ENSMUSG00000062235.6	0
ENSMUSG00000062245.4	0
ENSMUSG00000062248.5	2.446624
ENSMUSG00000062252.9	12.415062
ENSMUSG00000062257.13	18.654886
ENSMUSG00000062270.14	295.859646
ENSMUSG00000062272.4	0
ENSMUSG00000062275.7	0
ENSMUSG00000062278.2	0
ENSMUSG00000062279.6	0
ENSMUSG00000062282.4	0
ENSMUSG00000062284.5	0.128763
ENSMUSG00000062296.8	3.997155
ENSMUSG00000062300.14	7.918637
ENSMUSG00000062309.8	19.244967
ENSMUSG00000062310.7	0.047216
ENSMUSG00000062312.5	0.610859
ENSMUSG00000062314.3	0
ENSMUSG00000062319.2	0
ENSMUSG00000062327.10	0
ENSMUSG00000062328.8	828.799424
ENSMUSG00000062329.4	1.300301
ENSMUSG00000062342.3	0
ENSMUSG00000062345.10	0.015625
ENSMUSG00000062352.15	31.028689
ENSMUSG00000062353.6	4.36967
ENSMUSG00000062365.4	0.085395
ENSMUSG00000062369.2	0
ENSMUSG00000062372.13	1.102205
ENSMUSG00000062373.8	26.018476
ENSMUSG00000062376.7	13.131844
ENSMUSG00000062380.4	387.535383
ENSMUSG00000062382.9	8.628523
ENSMUSG00000062391.3	0
ENSMUSG00000062393.13	0.750996
ENSMUSG00000062397.8	69.658139
ENSMUSG00000062400.3	0
ENSMUSG00000062410.14	0
ENSMUSG00000062421.13	24.531928
ENSMUSG00000062426.2	0
ENSMUSG00000062432.4	0
ENSMUSG00000062433.3	0
ENSMUSG00000062434.2	0
ENSMUSG00000062438.4	0
ENSMUSG00000062444.15	60.885839
ENSMUSG00000062456.4	11.814211
ENSMUSG00000062458.5	0
ENSMUSG00000062461.7	0
ENSMUSG00000062464.6	0
ENSMUSG00000062470.10	1.853871
ENSMUSG00000062472.6	0
ENSMUSG00000062477.5	0
ENSMUSG00000062478.16	0
ENSMUSG00000062480.12	5.218489
ENSMUSG00000062483.4	0
ENSMUSG00000062488.9	1.188528
ENSMUSG00000062496.9	0
ENSMUSG00000062497.3	0
ENSMUSG00000062510.12	0.369438
ENSMUSG00000062511.6	0
ENSMUSG00000062515.3	0.038954
ENSMUSG00000062518.7	0
ENSMUSG00000062519.13	2.002764
ENSMUSG00000062524.4	0.021783
ENSMUSG00000062526.4	5.365642
ENSMUSG00000062527.6	0
ENSMUSG00000062528.2	0
ENSMUSG00000062542.11	7.747976
ENSMUSG00000062543.8	0
ENSMUSG00000062545.4	0.27083
ENSMUSG00000062546.5	0
ENSMUSG00000062551.13	0
ENSMUSG00000062553.3	0
ENSMUSG00000062554.7	5.599642
ENSMUSG00000062556.3	0
ENSMUSG00000062561.3	0.363086
ENSMUSG00000062563.15	5.798239
ENSMUSG00000062564.12	0
ENSMUSG00000062580.9	82.402124
ENSMUSG00000062582.6	0
ENSMUSG00000062585.11	0.109595
ENSMUSG00000062588.4	0
ENSMUSG00000062590.13	8.854566
ENSMUSG00000062591.5	680.366056
ENSMUSG00000062593.17	0
ENSMUSG00000062598.3	0
ENSMUSG00000062604.11	21.433136
ENSMUSG00000062608.5	0
ENSMUSG00000062609.14	0.023357
ENSMUSG00000062611.4	155.015129
ENSMUSG00000062619.6	7.324133
ENSMUSG00000062621.3	0
ENSMUSG00000062624.5	0
ENSMUSG00000062627.9	1.44553
ENSMUSG00000062629.4	0
ENSMUSG00000062638.11	0
ENSMUSG00000062646.12	2.038374
ENSMUSG00000062647.16	609.147227
ENSMUSG00000062649.6	0
ENSMUSG00000062651.4	0
ENSMUSG00000062661.6	119.201363
ENSMUSG00000062683.11	409.071862
ENSMUSG00000062687.6	0
ENSMUSG00000062691.10	37.813209
ENSMUSG00000062694.7	0.371579
ENSMUSG00000062704.3	0
ENSMUSG00000062705.7	0
ENSMUSG00000062712.3	0
ENSMUSG00000062713.8	0.067368
ENSMUSG00000062727.4	20.43556
ENSMUSG00000062729.11	3.974502
ENSMUSG00000062732.10	0
ENSMUSG00000062737.13	0
ENSMUSG00000062742.4	0.144261
ENSMUSG00000062743.9	0.235865
ENSMUSG00000062751.5	0
ENSMUSG00000062753.14	67.034532
ENSMUSG00000062757.2	0
ENSMUSG00000062758.6	0
ENSMUSG00000062760.11	11.01751
ENSMUSG00000062761.7	14.136391
ENSMUSG00000062762.17	69.127406
ENSMUSG00000062773.6	0
ENSMUSG00000062778.12	1.508744
ENSMUSG00000062782.4	0
ENSMUSG00000062785.14	53.777111
ENSMUSG00000062791.4	0
ENSMUSG00000062793.6	0
ENSMUSG00000062794.8	0.371143
ENSMUSG00000062797.14	43.749848
ENSMUSG00000062814.9	0
ENSMUSG00000062818.7	0
ENSMUSG00000062822.8	1.249367
ENSMUSG00000062825.15	1152.935643
ENSMUSG00000062826.7	0
ENSMUSG00000062833.2	0
ENSMUSG00000062844.6	0
ENSMUSG00000062846.7	0
ENSMUSG00000062859.15	0.648855
ENSMUSG00000062861.8	1.886227
ENSMUSG00000062866.16	2.150033
ENSMUSG00000062867.13	45.237015
ENSMUSG00000062868.4	0
ENSMUSG00000062873.7	0
ENSMUSG00000062874.6	0
ENSMUSG00000062878.3	0
ENSMUSG00000062892.4	0
ENSMUSG00000062896.3	0.744696
ENSMUSG00000062901.3	4.472792
ENSMUSG00000062905.2	0
ENSMUSG00000062906.12	2.918947
ENSMUSG00000062908.12	11.597047
ENSMUSG00000062914.3	0
ENSMUSG00000062929.8	83.150781
ENSMUSG00000062931.15	5.43414
ENSMUSG00000062933.7	89.074201
ENSMUSG00000062937.7	4.512578
ENSMUSG00000062939.11	0.338225
ENSMUSG00000062944.4	0.956724
ENSMUSG00000062949.13	0.693046
ENSMUSG00000062952.1	0
ENSMUSG00000062960.10	0.765416
ENSMUSG00000062961.7	2.227234
ENSMUSG00000062962.5	0
ENSMUSG00000062963.10	109.882667
ENSMUSG00000062980.15	0.299849
ENSMUSG00000062981.5	48.376244
ENSMUSG00000062987.6	0
ENSMUSG00000062991.9	2.461312
ENSMUSG00000062995.12	17.006664
ENSMUSG00000062997.6	471.096687
ENSMUSG00000063001.10	0
ENSMUSG00000063011.7	0.255093
ENSMUSG00000063015.12	163.436084
ENSMUSG00000063018.6	24.998959
ENSMUSG00000063019.5	77.978838
ENSMUSG00000063020.2	0
ENSMUSG00000063021.3	0
ENSMUSG00000063047.9	1.180626
ENSMUSG00000063049.4	13.805666
ENSMUSG00000063052.9	7.212039
ENSMUSG00000063058.2	0
ENSMUSG00000063060.6	0.296144
ENSMUSG00000063063.12	22.533178
ENSMUSG00000063065.13	196.714174
ENSMUSG00000063077.15	27.480934
ENSMUSG00000063087.15	1.847803
ENSMUSG00000063089.4	0
ENSMUSG00000063106.6	0
ENSMUSG00000063108.15	0.911213
ENSMUSG00000063109.13	0.813544
ENSMUSG00000063116.4	0
ENSMUSG00000063120.5	0
ENSMUSG00000063129.1	0.018916
ENSMUSG00000063130.4	0
ENSMUSG00000063133.2	0
ENSMUSG00000063137.5	0
ENSMUSG00000063142.15	4.922965
ENSMUSG00000063145.10	4.852997
ENSMUSG00000063146.11	38.383333
ENSMUSG00000063157.9	0
ENSMUSG00000063160.12	47.188087
ENSMUSG00000063163.13	0
ENSMUSG00000063166.4	0
ENSMUSG00000063171.4	37.11338
ENSMUSG00000063172.13	11.111955
ENSMUSG00000063173.2	0
ENSMUSG00000063176.2	0
ENSMUSG00000063177.6	0.275357
ENSMUSG00000063179.13	33.627217
ENSMUSG00000063188.4	0
ENSMUSG00000063193.9	0.01137
ENSMUSG00000063200.4	59.053036
ENSMUSG00000063206.4	0
ENSMUSG00000063216.3	0
ENSMUSG00000063221.6	0
ENSMUSG00000063225.1	0
ENSMUSG00000063229.15	238.347637
ENSMUSG00000063230.5	0
ENSMUSG00000063232.16	0.264692
ENSMUSG00000063234.5	0.741983
ENSMUSG00000063235.16	51.029487
ENSMUSG00000063236.6	18.093866
ENSMUSG00000063239.17	12.779483
ENSMUSG00000063240.6	0
ENSMUSG00000063245.11	0.270547
ENSMUSG00000063251.6	0
ENSMUSG00000063252.7	0
ENSMUSG00000063253.11	104.793311
ENSMUSG00000063260.2	0.503862
ENSMUSG00000063268.12	0.512582
ENSMUSG00000063273.11	2.228867
ENSMUSG00000063275.15	8.805096
ENSMUSG00000063277.7	0
ENSMUSG00000063281.9	3.053169
ENSMUSG00000063286.7	0.04884
ENSMUSG00000063296.5	4.257608
ENSMUSG00000063297.7	21.485309
ENSMUSG00000063305.10	0.067178
ENSMUSG00000063314.5	0
ENSMUSG00000063316.13	497.186544
ENSMUSG00000063317.7	4.322317
ENSMUSG00000063320.11	10.079564
ENSMUSG00000063328.6	0.086414
ENSMUSG00000063334.16	3.352421
ENSMUSG00000063350.6	0
ENSMUSG00000063354.7	1.029828
ENSMUSG00000063358.17	102.962694
ENSMUSG00000063362.13	4.604528
ENSMUSG00000063364.10	1.26138
ENSMUSG00000063374.4	0
ENSMUSG00000063376.6	0
ENSMUSG00000063380.3	0
ENSMUSG00000063382.6	5.321823
ENSMUSG00000063383.5	0.087008
ENSMUSG00000063386.2	0
ENSMUSG00000063388.5	0
ENSMUSG00000063394.3	0
ENSMUSG00000063406.11	6.526743
ENSMUSG00000063409.12	0.075553
ENSMUSG00000063410.8	14.933076
ENSMUSG00000063412.4	0.327622
ENSMUSG00000063415.12	3.677358
ENSMUSG00000063428.8	4.006549
ENSMUSG00000063430.9	16.982218
ENSMUSG00000063434.6	5.277102
ENSMUSG00000063439.7	35.646086
ENSMUSG00000063442.5	0.13046
ENSMUSG00000063445.14	20.395536
ENSMUSG00000063446.4	5.978735
ENSMUSG00000063447.7	0
ENSMUSG00000063450.14	2.872945
ENSMUSG00000063455.16	3.774862
ENSMUSG00000063457.14	2320.242687
ENSMUSG00000063458.13	1.936912
ENSMUSG00000063478.2	0
ENSMUSG00000063480.8	118.436656
ENSMUSG00000063488.6	0.400694
ENSMUSG00000063506.14	5.609013
ENSMUSG00000063507.5	0
ENSMUSG00000063511.11	61.863624
ENSMUSG00000063514.3	0
ENSMUSG00000063522.5	0.009234
ENSMUSG00000063524.13	527.467681
ENSMUSG00000063529.3	0.283435
ENSMUSG00000063531.7	2.871418
ENSMUSG00000063535.7	0.757196
ENSMUSG00000063543.5	1.403763
ENSMUSG00000063548.3	0
ENSMUSG00000063549.4	0
ENSMUSG00000063550.8	2.638852
ENSMUSG00000063556.5	0
ENSMUSG00000063558.4	0.492657
ENSMUSG00000063564.13	2.201095
ENSMUSG00000063568.11	5.89074
ENSMUSG00000063576.12	145.99898
ENSMUSG00000063582.2	0
ENSMUSG00000063583.6	0
ENSMUSG00000063586.1	0
ENSMUSG00000063590.3	0
ENSMUSG00000063594.5	4.317777
ENSMUSG00000063600.14	2.01631
ENSMUSG00000063605.5	1.025664
ENSMUSG00000063611.5	0.87895
ENSMUSG00000063615.6	0
ENSMUSG00000063623.4	1.406929
ENSMUSG00000063626.6	2.748879
ENSMUSG00000063628.2	0
ENSMUSG00000063632.6	1.054054
ENSMUSG00000063646.18	41.491285
ENSMUSG00000063651.11	0
ENSMUSG00000063652.10	0.328689
ENSMUSG00000063656.6	0
ENSMUSG00000063659.11	90.711818
ENSMUSG00000063660.4	0
ENSMUSG00000063661.6	0.91462
ENSMUSG00000063663.11	0.176311
ENSMUSG00000063672.7	0.067966
ENSMUSG00000063681.14	0.221502
ENSMUSG00000063683.12	0.063554
ENSMUSG00000063684.9	0.050091
ENSMUSG00000063687.3	2.220752
ENSMUSG00000063689.4	0
ENSMUSG00000063694.5	124.001339
ENSMUSG00000063696.7	157.094058
ENSMUSG00000063698.9	8.728167
ENSMUSG00000063704.13	0.447214
ENSMUSG00000063713.7	0.079907
ENSMUSG00000063714.15	18.848186
ENSMUSG00000063715.2	0
ENSMUSG00000063727.3	0.625889
ENSMUSG00000063728.10	0
ENSMUSG00000063730.13	0
ENSMUSG00000063739.2	0
ENSMUSG00000063751.6	0
ENSMUSG00000063754.7	0.398374
ENSMUSG00000063760.9	1.132543
ENSMUSG00000063762.5	0
ENSMUSG00000063764.2	0
ENSMUSG00000063765.12	12.188366
ENSMUSG00000063767.4	0.126982
ENSMUSG00000063777.3	0
ENSMUSG00000063779.6	0
ENSMUSG00000063780.7	0
ENSMUSG00000063785.12	3.597158
ENSMUSG00000063787.4	100.019924
ENSMUSG00000063796.9	5.684156
ENSMUSG00000063800.5	13.38845
ENSMUSG00000063801.7	22.326003
ENSMUSG00000063802.5	121.420139
ENSMUSG00000063804.8	0.442497
ENSMUSG00000063808.14	5.226408
ENSMUSG00000063810.7	0.139498
ENSMUSG00000063816.3	0
ENSMUSG00000063820.11	0
ENSMUSG00000063821.6	0.058296
ENSMUSG00000063823.2	0
ENSMUSG00000063827.2	0
ENSMUSG00000063830.5	0.26572
ENSMUSG00000063838.6	3.001185
ENSMUSG00000063842.5	0
ENSMUSG00000063844.5	0
ENSMUSG00000063846.8	0
ENSMUSG00000063849.6	11.042362
ENSMUSG00000063851.12	0
ENSMUSG00000063856.7	194.426539
ENSMUSG00000063867.2	0
ENSMUSG00000063870.12	21.743495
ENSMUSG00000063873.10	44.441938
ENSMUSG00000063875.6	0.29239
ENSMUSG00000063881.11	0
ENSMUSG00000063882.12	910.807851
ENSMUSG00000063884.6	10.422756
ENSMUSG00000063885.5	0
ENSMUSG00000063887.13	7.44881
ENSMUSG00000063888.7	20.858934
ENSMUSG00000063889.16	10.250252
ENSMUSG00000063894.15	0.659223
ENSMUSG00000063895.7	0
ENSMUSG00000063900.5	0
ENSMUSG00000063902.13	5.712821
ENSMUSG00000063903.5	0.360475
ENSMUSG00000063904.4	21.445131
ENSMUSG00000063905.2	0
ENSMUSG00000063911.4	0
ENSMUSG00000063919.11	4.458789
ENSMUSG00000063929.6	0
ENSMUSG00000063931.14	23.102613
ENSMUSG00000063932.5	0
ENSMUSG00000063935.3	0.52579
ENSMUSG00000063952.16	7.996721
ENSMUSG00000063953.3	3.270784
ENSMUSG00000063954.7	27.078353
ENSMUSG00000063971.7	0
ENSMUSG00000063972.13	0.768683
ENSMUSG00000063975.13	0.08963
ENSMUSG00000063994.5	0
ENSMUSG00000063998.4	0
ENSMUSG00000064006.6	0
ENSMUSG00000064010.12	0
ENSMUSG00000064016.4	0.097371
ENSMUSG00000064023.4	8.013289
ENSMUSG00000064030.15	29.923272
ENSMUSG00000064032.2	0.018573
ENSMUSG00000064036.15	17.142702
ENSMUSG00000064037.13	12.436637
ENSMUSG00000064039.4	0
ENSMUSG00000064043.13	2.801053
ENSMUSG00000064044.2	0
ENSMUSG00000064052.3	0.131522
ENSMUSG00000064057.12	0.176596
ENSMUSG00000064061.13	4.886818
ENSMUSG00000064063.6	0
ENSMUSG00000064065.15	8.46414
ENSMUSG00000064068.15	72.52987
ENSMUSG00000064080.12	1.249008
ENSMUSG00000064081.4	0
ENSMUSG00000064084.2	0
ENSMUSG00000064090.14	2.110538
ENSMUSG00000064105.13	12.925963
ENSMUSG00000064109.8	0.83819
ENSMUSG00000064110.2	0
ENSMUSG00000064115.13	14.928145
ENSMUSG00000064120.14	5.339933
ENSMUSG00000064121.4	0
ENSMUSG00000064125.14	10.725357
ENSMUSG00000064127.13	8.025098
ENSMUSG00000064128.8	0.066932
ENSMUSG00000064129.4	0
ENSMUSG00000064137.6	0
ENSMUSG00000064138.14	7.810616
ENSMUSG00000064140.3	0
ENSMUSG00000064141.14	0.102575
ENSMUSG00000064145.12	12.921298
ENSMUSG00000064147.7	0.086741
ENSMUSG00000064156.8	0
ENSMUSG00000064158.6	0
ENSMUSG00000064165.8	0
ENSMUSG00000064177.8	0
ENSMUSG00000064179.13	12.490459
ENSMUSG00000064181.6	17.431215
ENSMUSG00000064193.8	2.72297
ENSMUSG00000064194.10	0
ENSMUSG00000064201.8	0.816566
ENSMUSG00000064202.15	1.497634
ENSMUSG00000064208.6	0.146768
ENSMUSG00000064210.7	2.014999
ENSMUSG00000064213.5	0.114263
ENSMUSG00000064215.13	42.253957
ENSMUSG00000064220.6	24.926881
ENSMUSG00000064223.4	0
ENSMUSG00000064224.10	0.043098
ENSMUSG00000064225.6	4.686865
ENSMUSG00000064231.1	0.1029
ENSMUSG00000064232.2	0
ENSMUSG00000064246.10	32.870382
ENSMUSG00000064247.14	9.108614
ENSMUSG00000064252.9	0
ENSMUSG00000064254.6	18.475566
ENSMUSG00000064259.2	0
ENSMUSG00000064262.7	0.04731
ENSMUSG00000064263.6	0
ENSMUSG00000064264.14	53.776291
ENSMUSG00000064267.13	1.77673
ENSMUSG00000064272.3	0
ENSMUSG00000064280.14	0.096121
ENSMUSG00000064281.7	0.350242
ENSMUSG00000064284.12	15.37116
ENSMUSG00000064288.4	1.404116
ENSMUSG00000064289.15	6.604749
ENSMUSG00000064293.14	4.111897
ENSMUSG00000064294.12	0.164475
ENSMUSG00000064299.6	0
ENSMUSG00000064302.13	12.527346
ENSMUSG00000064307.13	5.989538
ENSMUSG00000064308.10	0.102384
ENSMUSG00000064310.10	0.011615
ENSMUSG00000064317.5	0.427071
ENSMUSG00000064325.4	1.249534
ENSMUSG00000064326.13	13.642179
ENSMUSG00000064329.13	8.598071
ENSMUSG00000064330.9	0.014585
ENSMUSG00000064333.2	0
ENSMUSG00000064336.1	0
ENSMUSG00000064337.1	7353.782289
ENSMUSG00000064338.1	0
ENSMUSG00000064339.1	6218.754232
ENSMUSG00000064340.1	9.297792
ENSMUSG00000064341.1	7916.587565
ENSMUSG00000064342.1	0
ENSMUSG00000064343.1	0
ENSMUSG00000064344.1	35.894958
ENSMUSG00000064345.1	3911.331865
ENSMUSG00000064346.1	0
ENSMUSG00000064347.1	0
ENSMUSG00000064348.1	39.365169
ENSMUSG00000064349.1	0
ENSMUSG00000064350.1	0
ENSMUSG00000064351.1	13080.186421
ENSMUSG00000064352.1	0
ENSMUSG00000064353.1	0
ENSMUSG00000064354.1	2702.970749
ENSMUSG00000064355.1	0
ENSMUSG00000064356.3	24144.370635
ENSMUSG00000064357.1	23801.240405
ENSMUSG00000064358.1	12059.549611
ENSMUSG00000064359.1	5.269239
ENSMUSG00000064360.1	645.717315
ENSMUSG00000064361.1	0
ENSMUSG00000064363.1	3493.271335
ENSMUSG00000064364.1	0
ENSMUSG00000064365.1	0
ENSMUSG00000064366.1	0
ENSMUSG00000064367.1	953.213494
ENSMUSG00000064368.1	279.018286
ENSMUSG00000064369.1	0
ENSMUSG00000064370.1	4562.302532
ENSMUSG00000064371.1	0
ENSMUSG00000064372.1	0
ENSMUSG00000064373.12	157.624986
ENSMUSG00000064377.1	0
ENSMUSG00000064380.1	0.450346
ENSMUSG00000064382.1	0
ENSMUSG00000064386.1	0
ENSMUSG00000064387.1	3.000929
ENSMUSG00000064389.1	0
ENSMUSG00000064390.1	0
ENSMUSG00000064391.1	0
ENSMUSG00000064392.1	0
ENSMUSG00000064393.1	0
ENSMUSG00000064394.1	0
ENSMUSG00000064395.1	0
ENSMUSG00000064397.1	0
ENSMUSG00000064398.1	0
ENSMUSG00000064399.1	0
ENSMUSG00000064400.2	0
ENSMUSG00000064403.1	0
ENSMUSG00000064405.1	0
ENSMUSG00000064407.1	0
ENSMUSG00000064408.1	0
ENSMUSG00000064409.1	0
ENSMUSG00000064410.1	0
ENSMUSG00000064412.1	0
ENSMUSG00000064413.1	0
ENSMUSG00000064414.1	0
ENSMUSG00000064416.1	0
ENSMUSG00000064417.1	0
ENSMUSG00000064419.1	0
ENSMUSG00000064422.1	0
ENSMUSG00000064424.1	0
ENSMUSG00000064427.1	0
ENSMUSG00000064428.1	0
ENSMUSG00000064429.1	0
ENSMUSG00000064432.1	0
ENSMUSG00000064433.1	0
ENSMUSG00000064435.1	0
ENSMUSG00000064436.1	0
ENSMUSG00000064437.1	0
ENSMUSG00000064440.1	0
ENSMUSG00000064441.1	0
ENSMUSG00000064442.1	0
ENSMUSG00000064443.1	0
ENSMUSG00000064444.1	0
ENSMUSG00000064446.1	0
ENSMUSG00000064450.1	0
ENSMUSG00000064451.1	0
ENSMUSG00000064452.1	0
ENSMUSG00000064453.1	0
ENSMUSG00000064455.1	0
ENSMUSG00000064460.1	0
ENSMUSG00000064463.1	0
ENSMUSG00000064464.1	0
ENSMUSG00000064467.1	0
ENSMUSG00000064468.1	0
ENSMUSG00000064471.1	0
ENSMUSG00000064472.1	0
ENSMUSG00000064476.1	0
ENSMUSG00000064477.1	0
ENSMUSG00000064481.1	0
ENSMUSG00000064485.1	0
ENSMUSG00000064486.1	0
ENSMUSG00000064487.1	0
ENSMUSG00000064489.1	0
ENSMUSG00000064490.1	0
ENSMUSG00000064491.1	0
ENSMUSG00000064492.1	0
ENSMUSG00000064493.1	0
ENSMUSG00000064494.1	0
ENSMUSG00000064495.1	0
ENSMUSG00000064496.1	0
ENSMUSG00000064497.1	0
ENSMUSG00000064500.1	0
ENSMUSG00000064507.1	0
ENSMUSG00000064508.1	0
ENSMUSG00000064510.1	0
ENSMUSG00000064511.1	0
ENSMUSG00000064512.1	0
ENSMUSG00000064513.1	0
ENSMUSG00000064514.1	0
ENSMUSG00000064515.1	0
ENSMUSG00000064517.1	0
ENSMUSG00000064519.1	0
ENSMUSG00000064522.1	0
ENSMUSG00000064524.1	0
ENSMUSG00000064525.1	0
ENSMUSG00000064526.1	0
ENSMUSG00000064527.1	0
ENSMUSG00000064529.1	0
ENSMUSG00000064530.1	0
ENSMUSG00000064532.1	0
ENSMUSG00000064536.1	0
ENSMUSG00000064540.1	0
ENSMUSG00000064541.1	0
ENSMUSG00000064542.1	0
ENSMUSG00000064543.1	0
ENSMUSG00000064545.1	0
ENSMUSG00000064547.1	0
ENSMUSG00000064548.1	0
ENSMUSG00000064549.1	0
ENSMUSG00000064550.1	0
ENSMUSG00000064551.1	0
ENSMUSG00000064553.1	0
ENSMUSG00000064554.1	0
ENSMUSG00000064555.1	0
ENSMUSG00000064556.1	0
ENSMUSG00000064558.1	0
ENSMUSG00000064563.1	0
ENSMUSG00000064565.1	0
ENSMUSG00000064566.1	0
ENSMUSG00000064567.1	0
ENSMUSG00000064569.1	0
ENSMUSG00000064570.1	0
ENSMUSG00000064572.1	0
ENSMUSG00000064573.1	0
ENSMUSG00000064574.1	0
ENSMUSG00000064575.1	0
ENSMUSG00000064577.1	0
ENSMUSG00000064579.1	0
ENSMUSG00000064580.1	0
ENSMUSG00000064581.1	0
ENSMUSG00000064582.1	0
ENSMUSG00000064584.1	0
ENSMUSG00000064585.1	0
ENSMUSG00000064586.1	0
ENSMUSG00000064587.1	0
ENSMUSG00000064588.1	0
ENSMUSG00000064590.1	0
ENSMUSG00000064591.1	0
ENSMUSG00000064595.1	0
ENSMUSG00000064596.1	0
ENSMUSG00000064597.1	0
ENSMUSG00000064600.1	1.22396
ENSMUSG00000064601.1	0
ENSMUSG00000064602.1	0
ENSMUSG00000064604.1	0
ENSMUSG00000064605.3	0
ENSMUSG00000064606.1	0
ENSMUSG00000064609.1	0
ENSMUSG00000064612.2	0
ENSMUSG00000064613.1	0
ENSMUSG00000064616.1	0
ENSMUSG00000064617.1	0
ENSMUSG00000064618.1	0
ENSMUSG00000064619.1	0
ENSMUSG00000064620.1	0
ENSMUSG00000064621.1	0
ENSMUSG00000064622.1	0
ENSMUSG00000064624.1	0
ENSMUSG00000064626.1	0
ENSMUSG00000064630.1	0
ENSMUSG00000064631.1	0
ENSMUSG00000064632.1	0
ENSMUSG00000064634.1	0
ENSMUSG00000064637.1	0
ENSMUSG00000064642.1	0
ENSMUSG00000064644.1	0
ENSMUSG00000064646.1	0
ENSMUSG00000064647.1	0
ENSMUSG00000064648.2	0
ENSMUSG00000064652.1	0
ENSMUSG00000064653.1	0
ENSMUSG00000064655.1	0
ENSMUSG00000064658.1	0
ENSMUSG00000064659.1	0
ENSMUSG00000064663.1	0
ENSMUSG00000064664.1	0
ENSMUSG00000064665.1	0
ENSMUSG00000064666.1	0
ENSMUSG00000064669.1	0
ENSMUSG00000064670.1	0
ENSMUSG00000064671.1	0
ENSMUSG00000064672.1	0
ENSMUSG00000064673.1	0
ENSMUSG00000064675.1	0
ENSMUSG00000064677.1	0
ENSMUSG00000064679.1	0
ENSMUSG00000064682.1	0
ENSMUSG00000064685.1	0
ENSMUSG00000064686.1	0
ENSMUSG00000064687.1	0
ENSMUSG00000064688.1	0
ENSMUSG00000064689.1	0
ENSMUSG00000064691.1	0
ENSMUSG00000064692.1	0
ENSMUSG00000064693.1	0
ENSMUSG00000064694.1	0
ENSMUSG00000064696.1	0
ENSMUSG00000064697.1	0
ENSMUSG00000064698.1	0
ENSMUSG00000064702.1	0
ENSMUSG00000064704.1	0
ENSMUSG00000064706.1	0
ENSMUSG00000064707.1	0
ENSMUSG00000064709.1	0
ENSMUSG00000064714.1	0
ENSMUSG00000064715.1	0
ENSMUSG00000064717.1	0
ENSMUSG00000064718.1	0
ENSMUSG00000064719.1	0
ENSMUSG00000064720.1	0
ENSMUSG00000064721.4	0
ENSMUSG00000064722.1	1.323525
ENSMUSG00000064724.1	0
ENSMUSG00000064725.1	0
ENSMUSG00000064726.1	0
ENSMUSG00000064727.1	0
ENSMUSG00000064728.1	0
ENSMUSG00000064731.1	0
ENSMUSG00000064732.1	0
ENSMUSG00000064734.1	0
ENSMUSG00000064735.1	0
ENSMUSG00000064737.1	0
ENSMUSG00000064738.1	0
ENSMUSG00000064739.1	0
ENSMUSG00000064740.1	0
ENSMUSG00000064741.1	0
ENSMUSG00000064742.1	0
ENSMUSG00000064743.1	0
ENSMUSG00000064745.1	0
ENSMUSG00000064746.1	0
ENSMUSG00000064748.1	0
ENSMUSG00000064751.1	0
ENSMUSG00000064755.1	0
ENSMUSG00000064758.1	0
ENSMUSG00000064759.1	0
ENSMUSG00000064761.1	0
ENSMUSG00000064762.1	0
ENSMUSG00000064763.1	0
ENSMUSG00000064764.1	0
ENSMUSG00000064765.1	0
ENSMUSG00000064766.1	0
ENSMUSG00000064767.1	0
ENSMUSG00000064768.1	0
ENSMUSG00000064769.1	0
ENSMUSG00000064770.1	0
ENSMUSG00000064772.1	0
ENSMUSG00000064775.1	0
ENSMUSG00000064776.2	0
ENSMUSG00000064777.1	0
ENSMUSG00000064778.1	0
ENSMUSG00000064779.1	0
ENSMUSG00000064780.1	0
ENSMUSG00000064781.2	0
ENSMUSG00000064782.1	0
ENSMUSG00000064783.1	0
ENSMUSG00000064788.1	0
ENSMUSG00000064791.1	0
ENSMUSG00000064792.1	0
ENSMUSG00000064793.1	0
ENSMUSG00000064795.1	0
ENSMUSG00000064796.1	0
ENSMUSG00000064797.1	0
ENSMUSG00000064798.1	0
ENSMUSG00000064800.1	0
ENSMUSG00000064801.1	0
ENSMUSG00000064802.1	0
ENSMUSG00000064805.1	0
ENSMUSG00000064806.2	0
ENSMUSG00000064811.1	0
ENSMUSG00000064814.1	0
ENSMUSG00000064816.1	0
ENSMUSG00000064818.1	0
ENSMUSG00000064822.1	0
ENSMUSG00000064823.1	0
ENSMUSG00000064824.1	0
ENSMUSG00000064829.3	0
ENSMUSG00000064830.1	0
ENSMUSG00000064831.1	0
ENSMUSG00000064833.1	0
ENSMUSG00000064834.1	0
ENSMUSG00000064836.1	0
ENSMUSG00000064837.1	0
ENSMUSG00000064840.1	0
ENSMUSG00000064841.1	0
ENSMUSG00000064842.1	0
ENSMUSG00000064843.1	0
ENSMUSG00000064844.1	0
ENSMUSG00000064845.1	0
ENSMUSG00000064850.1	0
ENSMUSG00000064851.1	0
ENSMUSG00000064853.1	0
ENSMUSG00000064854.1	0
ENSMUSG00000064855.1	0
ENSMUSG00000064856.1	0
ENSMUSG00000064857.1	0
ENSMUSG00000064858.2	0
ENSMUSG00000064859.1	0
ENSMUSG00000064860.1	0
ENSMUSG00000064862.1	0
ENSMUSG00000064867.1	0
ENSMUSG00000064871.1	0
ENSMUSG00000064872.1	0
ENSMUSG00000064876.1	0
ENSMUSG00000064877.3	0
ENSMUSG00000064880.1	0
ENSMUSG00000064882.1	0
ENSMUSG00000064883.1	0
ENSMUSG00000064884.1	0
ENSMUSG00000064887.1	0
ENSMUSG00000064889.1	0
ENSMUSG00000064890.1	1.059482
ENSMUSG00000064897.1	0
ENSMUSG00000064899.1	0
ENSMUSG00000064900.1	0
ENSMUSG00000064901.1	0
ENSMUSG00000064904.1	0
ENSMUSG00000064905.1	0
ENSMUSG00000064906.1	0
ENSMUSG00000064907.1	0
ENSMUSG00000064909.1	0
ENSMUSG00000064915.1	0
ENSMUSG00000064916.1	0
ENSMUSG00000064917.1	0
ENSMUSG00000064918.2	0
ENSMUSG00000064919.1	0
ENSMUSG00000064921.1	0
ENSMUSG00000064923.1	0
ENSMUSG00000064925.1	0
ENSMUSG00000064926.1	0
ENSMUSG00000064927.1	0
ENSMUSG00000064928.1	0
ENSMUSG00000064930.1	0
ENSMUSG00000064932.1	0
ENSMUSG00000064936.1	0
ENSMUSG00000064938.1	0
ENSMUSG00000064939.1	0
ENSMUSG00000064940.1	0
ENSMUSG00000064941.1	0
ENSMUSG00000064943.1	0
ENSMUSG00000064945.1	362.088128
ENSMUSG00000064948.1	0
ENSMUSG00000064949.1	0
ENSMUSG00000064952.1	0
ENSMUSG00000064954.1	0
ENSMUSG00000064956.1	0
ENSMUSG00000064958.1	0
ENSMUSG00000064959.1	0
ENSMUSG00000064960.1	0
ENSMUSG00000064961.1	0
ENSMUSG00000064964.1	0
ENSMUSG00000064966.1	0
ENSMUSG00000064967.1	0
ENSMUSG00000064968.1	0
ENSMUSG00000064970.1	0
ENSMUSG00000064971.1	0
ENSMUSG00000064972.1	0
ENSMUSG00000064977.1	0
ENSMUSG00000064981.1	0
ENSMUSG00000064982.1	0
ENSMUSG00000064983.1	0
ENSMUSG00000064984.1	0
ENSMUSG00000064987.2	0
ENSMUSG00000064992.1	0
ENSMUSG00000064994.1	0
ENSMUSG00000064995.1	0
ENSMUSG00000064999.1	0
ENSMUSG00000065004.1	0
ENSMUSG00000065005.1	0
ENSMUSG00000065006.1	0
ENSMUSG00000065007.1	0
ENSMUSG00000065011.1	0
ENSMUSG00000065012.1	0
ENSMUSG00000065013.1	0
ENSMUSG00000065014.1	0
ENSMUSG00000065016.1	0
ENSMUSG00000065017.1	0
ENSMUSG00000065018.1	0
ENSMUSG00000065022.1	0
ENSMUSG00000065027.1	0
ENSMUSG00000065028.1	0
ENSMUSG00000065029.1	0
ENSMUSG00000065030.1	0
ENSMUSG00000065031.1	0
ENSMUSG00000065034.1	1.059482
ENSMUSG00000065036.1	0
ENSMUSG00000065037.1	414.492483
ENSMUSG00000065040.1	0
ENSMUSG00000065041.1	0.824378
ENSMUSG00000065042.1	0
ENSMUSG00000065044.1	0
ENSMUSG00000065045.1	0
ENSMUSG00000065047.1	0
ENSMUSG00000065048.1	0
ENSMUSG00000065049.1	0
ENSMUSG00000065050.1	0
ENSMUSG00000065053.1	0
ENSMUSG00000065055.1	0
ENSMUSG00000065057.1	0
ENSMUSG00000065061.1	0
ENSMUSG00000065068.1	0
ENSMUSG00000065070.1	0
ENSMUSG00000065072.1	0
ENSMUSG00000065074.1	0
ENSMUSG00000065078.1	0
ENSMUSG00000065079.1	0
ENSMUSG00000065080.1	0
ENSMUSG00000065083.1	0
ENSMUSG00000065084.1	0
ENSMUSG00000065086.1	0
ENSMUSG00000065087.1	20.946266
ENSMUSG00000065088.1	0
ENSMUSG00000065089.1	0
ENSMUSG00000065090.1	0
ENSMUSG00000065091.1	0
ENSMUSG00000065094.1	0
ENSMUSG00000065095.1	0
ENSMUSG00000065096.1	0
ENSMUSG00000065097.1	0
ENSMUSG00000065100.1	0
ENSMUSG00000065102.1	0
ENSMUSG00000065104.1	0
ENSMUSG00000065105.1	0
ENSMUSG00000065107.1	0
ENSMUSG00000065110.4	0
ENSMUSG00000065111.1	0
ENSMUSG00000065115.1	0
ENSMUSG00000065118.1	0
ENSMUSG00000065122.1	0
ENSMUSG00000065124.1	0
ENSMUSG00000065126.1	0
ENSMUSG00000065127.1	0
ENSMUSG00000065130.1	0
ENSMUSG00000065132.1	0
ENSMUSG00000065138.1	0
ENSMUSG00000065141.1	0
ENSMUSG00000065143.1	0
ENSMUSG00000065145.1	2.037502
ENSMUSG00000065147.1	0
ENSMUSG00000065151.1	0
ENSMUSG00000065155.1	0
ENSMUSG00000065158.1	0
ENSMUSG00000065159.1	0
ENSMUSG00000065160.1	0
ENSMUSG00000065162.1	0
ENSMUSG00000065164.1	0
ENSMUSG00000065165.1	0
ENSMUSG00000065173.1	0
ENSMUSG00000065176.1	0
ENSMUSG00000065178.1	0
ENSMUSG00000065181.1	0
ENSMUSG00000065182.1	0
ENSMUSG00000065185.1	0
ENSMUSG00000065187.1	0
ENSMUSG00000065188.1	0
ENSMUSG00000065191.1	0
ENSMUSG00000065192.1	0
ENSMUSG00000065193.1	0
ENSMUSG00000065195.1	0
ENSMUSG00000065196.1	0
ENSMUSG00000065198.1	0
ENSMUSG00000065199.1	0
ENSMUSG00000065200.1	0
ENSMUSG00000065201.1	0
ENSMUSG00000065202.1	0
ENSMUSG00000065203.1	0
ENSMUSG00000065204.1	0
ENSMUSG00000065206.1	0
ENSMUSG00000065208.1	0
ENSMUSG00000065211.3	0
ENSMUSG00000065212.1	0
ENSMUSG00000065215.1	0
ENSMUSG00000065219.1	0
ENSMUSG00000065220.1	0
ENSMUSG00000065221.1	0
ENSMUSG00000065223.1	0
ENSMUSG00000065226.1	0
ENSMUSG00000065227.1	0
ENSMUSG00000065228.1	0
ENSMUSG00000065231.1	0
ENSMUSG00000065232.1	0
ENSMUSG00000065233.1	0
ENSMUSG00000065235.1	0
ENSMUSG00000065236.1	0
ENSMUSG00000065237.1	0
ENSMUSG00000065238.1	0
ENSMUSG00000065239.1	0
ENSMUSG00000065242.1	0
ENSMUSG00000065244.1	0
ENSMUSG00000065245.1	0
ENSMUSG00000065246.1	0
ENSMUSG00000065248.1	0
ENSMUSG00000065251.1	0
ENSMUSG00000065253.1	0
ENSMUSG00000065254.1	0
ENSMUSG00000065255.1	0
ENSMUSG00000065256.1	0
ENSMUSG00000065258.1	0
ENSMUSG00000065259.1	0
ENSMUSG00000065260.1	0
ENSMUSG00000065261.1	0
ENSMUSG00000065262.1	0
ENSMUSG00000065265.1	0
ENSMUSG00000065266.1	0
ENSMUSG00000065269.1	0
ENSMUSG00000065270.1	0
ENSMUSG00000065272.1	0
ENSMUSG00000065273.1	0
ENSMUSG00000065274.1	0
ENSMUSG00000065275.1	0
ENSMUSG00000065277.1	0
ENSMUSG00000065279.1	0
ENSMUSG00000065280.1	0
ENSMUSG00000065281.1	0
ENSMUSG00000065282.1	0
ENSMUSG00000065283.1	0
ENSMUSG00000065287.1	0
ENSMUSG00000065289.1	0
ENSMUSG00000065291.1	0
ENSMUSG00000065293.1	0
ENSMUSG00000065295.1	0
ENSMUSG00000065296.1	0
ENSMUSG00000065297.1	0
ENSMUSG00000065298.1	0
ENSMUSG00000065299.1	0
ENSMUSG00000065301.1	0
ENSMUSG00000065303.1	0
ENSMUSG00000065304.1	0
ENSMUSG00000065305.1	0
ENSMUSG00000065307.1	0
ENSMUSG00000065309.1	0
ENSMUSG00000065311.1	0
ENSMUSG00000065312.1	0
ENSMUSG00000065313.1	0
ENSMUSG00000065314.1	0
ENSMUSG00000065315.1	0
ENSMUSG00000065319.1	0
ENSMUSG00000065320.1	0
ENSMUSG00000065321.1	0
ENSMUSG00000065322.1	0
ENSMUSG00000065327.1	0
ENSMUSG00000065328.1	0
ENSMUSG00000065329.1	0
ENSMUSG00000065330.1	0
ENSMUSG00000065331.1	0
ENSMUSG00000065333.1	0
ENSMUSG00000065336.1	0
ENSMUSG00000065337.1	0
ENSMUSG00000065340.1	0
ENSMUSG00000065341.1	0
ENSMUSG00000065343.1	0
ENSMUSG00000065344.1	0
ENSMUSG00000065346.1	0
ENSMUSG00000065347.1	0
ENSMUSG00000065348.1	0
ENSMUSG00000065353.1	7.052818
ENSMUSG00000065360.1	0
ENSMUSG00000065361.1	0
ENSMUSG00000065362.1	0
ENSMUSG00000065367.1	0
ENSMUSG00000065368.2	0
ENSMUSG00000065371.1	0
ENSMUSG00000065372.1	0
ENSMUSG00000065373.1	0
ENSMUSG00000065374.1	0
ENSMUSG00000065378.1	0
ENSMUSG00000065379.1	0
ENSMUSG00000065380.1	0
ENSMUSG00000065381.1	0
ENSMUSG00000065382.1	0
ENSMUSG00000065384.1	0
ENSMUSG00000065385.1	0
ENSMUSG00000065387.1	0
ENSMUSG00000065388.1	0
ENSMUSG00000065389.1	0
ENSMUSG00000065392.1	0
ENSMUSG00000065394.1	0
ENSMUSG00000065395.1	0
ENSMUSG00000065396.1	0
ENSMUSG00000065397.1	0
ENSMUSG00000065398.1	0
ENSMUSG00000065399.2	0
ENSMUSG00000065400.1	0
ENSMUSG00000065401.1	0
ENSMUSG00000065402.1	0
ENSMUSG00000065403.1	0
ENSMUSG00000065404.1	0
ENSMUSG00000065405.3	0
ENSMUSG00000065406.3	0
ENSMUSG00000065407.1	0
ENSMUSG00000065408.1	0
ENSMUSG00000065409.1	0
ENSMUSG00000065410.1	0
ENSMUSG00000065411.2	0
ENSMUSG00000065412.3	0
ENSMUSG00000065413.2	0
ENSMUSG00000065414.1	0
ENSMUSG00000065415.1	0
ENSMUSG00000065416.1	0
ENSMUSG00000065417.1	0
ENSMUSG00000065418.1	0
ENSMUSG00000065420.2	0
ENSMUSG00000065421.3	0
ENSMUSG00000065422.1	0
ENSMUSG00000065423.1	0
ENSMUSG00000065424.2	0
ENSMUSG00000065425.1	0
ENSMUSG00000065426.3	0
ENSMUSG00000065427.1	0
ENSMUSG00000065428.4	0
ENSMUSG00000065429.1	0
ENSMUSG00000065430.1	0
ENSMUSG00000065431.1	0
ENSMUSG00000065432.1	0
ENSMUSG00000065433.1	0
ENSMUSG00000065434.1	0
ENSMUSG00000065435.1	0
ENSMUSG00000065436.1	0
ENSMUSG00000065437.1	0
ENSMUSG00000065438.2	0
ENSMUSG00000065439.1	0
ENSMUSG00000065440.1	0
ENSMUSG00000065441.2	0
ENSMUSG00000065442.1	0
ENSMUSG00000065443.1	0
ENSMUSG00000065444.1	0
ENSMUSG00000065445.3	0
ENSMUSG00000065446.1	0
ENSMUSG00000065447.1	0
ENSMUSG00000065448.2	0
ENSMUSG00000065449.1	0
ENSMUSG00000065450.1	0
ENSMUSG00000065451.1	0
ENSMUSG00000065452.1	0
ENSMUSG00000065453.1	0
ENSMUSG00000065454.2	0
ENSMUSG00000065455.1	0
ENSMUSG00000065456.1	0
ENSMUSG00000065457.3	0
ENSMUSG00000065458.1	0
ENSMUSG00000065460.1	0
ENSMUSG00000065462.3	0
ENSMUSG00000065463.1	0
ENSMUSG00000065464.2	0
ENSMUSG00000065465.1	0
ENSMUSG00000065466.1	0
ENSMUSG00000065468.1	0
ENSMUSG00000065469.1	0
ENSMUSG00000065470.1	0
ENSMUSG00000065471.1	0
ENSMUSG00000065472.1	0
ENSMUSG00000065473.1	0
ENSMUSG00000065474.1	0
ENSMUSG00000065475.2	0
ENSMUSG00000065476.2	0
ENSMUSG00000065477.3	0
ENSMUSG00000065479.2	0
ENSMUSG00000065480.1	0
ENSMUSG00000065481.1	0
ENSMUSG00000065482.1	0
ENSMUSG00000065483.2	0
ENSMUSG00000065484.1	0
ENSMUSG00000065485.1	0
ENSMUSG00000065486.1	0
ENSMUSG00000065488.2	0
ENSMUSG00000065489.1	0
ENSMUSG00000065490.1	0
ENSMUSG00000065491.1	0
ENSMUSG00000065492.1	0
ENSMUSG00000065493.1	0
ENSMUSG00000065494.1	0
ENSMUSG00000065495.1	0
ENSMUSG00000065497.1	0
ENSMUSG00000065498.4	0
ENSMUSG00000065499.1	0
ENSMUSG00000065500.3	0
ENSMUSG00000065501.1	0
ENSMUSG00000065502.1	0
ENSMUSG00000065503.1	0
ENSMUSG00000065505.1	0
ENSMUSG00000065507.3	0
ENSMUSG00000065508.1	0
ENSMUSG00000065509.3	0
ENSMUSG00000065510.1	0
ENSMUSG00000065511.1	0
ENSMUSG00000065512.3	0
ENSMUSG00000065513.1	0
ENSMUSG00000065514.1	0
ENSMUSG00000065515.1	0
ENSMUSG00000065516.1	0
ENSMUSG00000065518.2	0
ENSMUSG00000065519.1	0
ENSMUSG00000065520.2	0
ENSMUSG00000065521.1	0
ENSMUSG00000065523.1	0
ENSMUSG00000065524.1	0
ENSMUSG00000065526.4	0
ENSMUSG00000065527.1	0
ENSMUSG00000065528.1	0
ENSMUSG00000065529.1	0
ENSMUSG00000065530.1	0
ENSMUSG00000065532.1	0
ENSMUSG00000065533.1	0
ENSMUSG00000065534.1	0
ENSMUSG00000065536.2	0
ENSMUSG00000065537.2	0
ENSMUSG00000065538.1	0
ENSMUSG00000065539.1	0
ENSMUSG00000065540.1	0
ENSMUSG00000065541.1	0
ENSMUSG00000065542.1	0
ENSMUSG00000065543.1	0
ENSMUSG00000065544.1	0
ENSMUSG00000065546.1	0
ENSMUSG00000065547.1	0
ENSMUSG00000065548.1	0
ENSMUSG00000065549.3	0
ENSMUSG00000065551.1	0
ENSMUSG00000065552.1	0
ENSMUSG00000065553.1	0
ENSMUSG00000065555.1	0
ENSMUSG00000065556.1	0
ENSMUSG00000065557.3	0
ENSMUSG00000065559.1	0
ENSMUSG00000065560.1	0
ENSMUSG00000065561.2	0
ENSMUSG00000065562.1	0
ENSMUSG00000065563.1	0
ENSMUSG00000065564.1	0
ENSMUSG00000065565.1	0
ENSMUSG00000065567.1	0
ENSMUSG00000065568.1	0
ENSMUSG00000065569.2	0
ENSMUSG00000065570.1	0
ENSMUSG00000065571.1	0
ENSMUSG00000065572.1	0
ENSMUSG00000065573.1	0
ENSMUSG00000065574.1	0
ENSMUSG00000065575.1	0
ENSMUSG00000065577.1	0
ENSMUSG00000065578.1	0
ENSMUSG00000065579.1	0
ENSMUSG00000065580.2	0
ENSMUSG00000065581.1	0
ENSMUSG00000065582.1	0
ENSMUSG00000065583.1	0
ENSMUSG00000065585.1	0
ENSMUSG00000065586.1	0
ENSMUSG00000065587.1	0
ENSMUSG00000065589.1	0
ENSMUSG00000065590.1	0
ENSMUSG00000065591.1	0
ENSMUSG00000065592.2	0
ENSMUSG00000065593.1	0
ENSMUSG00000065594.1	0
ENSMUSG00000065596.1	0
ENSMUSG00000065597.1	0
ENSMUSG00000065599.2	0
ENSMUSG00000065600.1	0
ENSMUSG00000065601.1	0
ENSMUSG00000065602.1	0
ENSMUSG00000065603.1	0
ENSMUSG00000065604.2	0
ENSMUSG00000065606.1	0
ENSMUSG00000065607.1	0
ENSMUSG00000065608.1	0
ENSMUSG00000065609.1	0
ENSMUSG00000065610.1	0
ENSMUSG00000065611.1	0
ENSMUSG00000065612.1	0
ENSMUSG00000065613.1	0
ENSMUSG00000065616.3	0
ENSMUSG00000065617.1	0
ENSMUSG00000065619.2	0
ENSMUSG00000065620.1	0
ENSMUSG00000065622.1	0
ENSMUSG00000065623.1	0
ENSMUSG00000065625.1	0
ENSMUSG00000065627.1	0
ENSMUSG00000065628.1	0
ENSMUSG00000065629.2	0
ENSMUSG00000065630.1	0
ENSMUSG00000065634.1	0
ENSMUSG00000065635.1	0
ENSMUSG00000065636.1	0
ENSMUSG00000065637.1	0
ENSMUSG00000065640.1	0
ENSMUSG00000065642.1	0
ENSMUSG00000065643.1	0
ENSMUSG00000065644.1	0
ENSMUSG00000065645.1	0
ENSMUSG00000065647.1	0
ENSMUSG00000065648.1	0
ENSMUSG00000065649.1	0
ENSMUSG00000065651.1	0
ENSMUSG00000065653.1	0
ENSMUSG00000065656.1	0
ENSMUSG00000065657.1	0
ENSMUSG00000065658.1	0
ENSMUSG00000065659.1	0
ENSMUSG00000065660.1	0
ENSMUSG00000065661.1	0
ENSMUSG00000065662.1	0
ENSMUSG00000065663.1	0
ENSMUSG00000065664.1	0
ENSMUSG00000065665.1	0
ENSMUSG00000065667.1	0
ENSMUSG00000065669.1	0
ENSMUSG00000065673.1	0
ENSMUSG00000065674.1	0
ENSMUSG00000065675.1	0
ENSMUSG00000065676.1	0
ENSMUSG00000065678.1	0
ENSMUSG00000065680.1	0
ENSMUSG00000065683.1	0
ENSMUSG00000065684.1	0
ENSMUSG00000065685.1	0
ENSMUSG00000065686.1	0
ENSMUSG00000065687.1	0
ENSMUSG00000065689.1	0
ENSMUSG00000065691.1	0
ENSMUSG00000065692.1	0
ENSMUSG00000065694.1	0
ENSMUSG00000065698.1	0
ENSMUSG00000065700.1	0
ENSMUSG00000065701.1	286.213274
ENSMUSG00000065702.1	0
ENSMUSG00000065705.1	0
ENSMUSG00000065706.1	0
ENSMUSG00000065708.1	0
ENSMUSG00000065709.1	0
ENSMUSG00000065714.1	0
ENSMUSG00000065715.1	0
ENSMUSG00000065716.1	0
ENSMUSG00000065718.1	0
ENSMUSG00000065719.1	0
ENSMUSG00000065721.1	0
ENSMUSG00000065722.1	0
ENSMUSG00000065725.1	0
ENSMUSG00000065726.1	0
ENSMUSG00000065727.1	0
ENSMUSG00000065728.1	0
ENSMUSG00000065729.1	0
ENSMUSG00000065732.1	0
ENSMUSG00000065733.1	0
ENSMUSG00000065734.1	0
ENSMUSG00000065735.1	0
ENSMUSG00000065737.1	0
ENSMUSG00000065738.1	0
ENSMUSG00000065739.1	0
ENSMUSG00000065742.1	0
ENSMUSG00000065743.1	0
ENSMUSG00000065745.1	0
ENSMUSG00000065746.1	0
ENSMUSG00000065747.1	0
ENSMUSG00000065749.1	0
ENSMUSG00000065750.1	0
ENSMUSG00000065751.1	0
ENSMUSG00000065752.1	5.269239
ENSMUSG00000065757.1	0
ENSMUSG00000065758.1	0
ENSMUSG00000065760.1	0
ENSMUSG00000065763.1	0
ENSMUSG00000065764.1	0
ENSMUSG00000065765.1	0
ENSMUSG00000065767.1	20.020001
ENSMUSG00000065768.1	0
ENSMUSG00000065769.1	0
ENSMUSG00000065770.1	0
ENSMUSG00000065771.1	0
ENSMUSG00000065773.1	0
ENSMUSG00000065778.1	0
ENSMUSG00000065782.1	0
ENSMUSG00000065787.1	0
ENSMUSG00000065788.1	0
ENSMUSG00000065789.1	0
ENSMUSG00000065791.1	0
ENSMUSG00000065792.1	0
ENSMUSG00000065794.1	0
ENSMUSG00000065795.1	0
ENSMUSG00000065797.1	0
ENSMUSG00000065798.1	0
ENSMUSG00000065799.1	0
ENSMUSG00000065800.1	0
ENSMUSG00000065802.1	0
ENSMUSG00000065803.1	0
ENSMUSG00000065804.1	0
ENSMUSG00000065806.1	0
ENSMUSG00000065807.1	0
ENSMUSG00000065808.1	0
ENSMUSG00000065811.1	0
ENSMUSG00000065812.1	0
ENSMUSG00000065813.1	0
ENSMUSG00000065815.1	0
ENSMUSG00000065817.1	0
ENSMUSG00000065818.1	0
ENSMUSG00000065819.1	0
ENSMUSG00000065820.1	0
ENSMUSG00000065822.1	0
ENSMUSG00000065823.1	0
ENSMUSG00000065824.1	0
ENSMUSG00000065825.1	0
ENSMUSG00000065828.1	0
ENSMUSG00000065836.1	0
ENSMUSG00000065837.1	0
ENSMUSG00000065840.1	0
ENSMUSG00000065843.1	0
ENSMUSG00000065845.1	0
ENSMUSG00000065847.1	0
ENSMUSG00000065851.1	0
ENSMUSG00000065852.1	0
ENSMUSG00000065853.1	0
ENSMUSG00000065858.1	0
ENSMUSG00000065859.2	0
ENSMUSG00000065862.1	0
ENSMUSG00000065864.1	0
ENSMUSG00000065865.1	0
ENSMUSG00000065866.1	0
ENSMUSG00000065869.1	0
ENSMUSG00000065870.2	0
ENSMUSG00000065872.1	0
ENSMUSG00000065873.1	0
ENSMUSG00000065874.1	0
ENSMUSG00000065875.1	0
ENSMUSG00000065876.1	0
ENSMUSG00000065878.1	0
ENSMUSG00000065881.1	0
ENSMUSG00000065882.1	0
ENSMUSG00000065883.2	0
ENSMUSG00000065884.1	0
ENSMUSG00000065887.1	0
ENSMUSG00000065889.1	0
ENSMUSG00000065892.1	0
ENSMUSG00000065893.1	0
ENSMUSG00000065894.1	0
ENSMUSG00000065898.1	0
ENSMUSG00000065899.1	0
ENSMUSG00000065903.1	0
ENSMUSG00000065904.1	0
ENSMUSG00000065905.1	0
ENSMUSG00000065906.1	0
ENSMUSG00000065907.1	0
ENSMUSG00000065911.1	0
ENSMUSG00000065913.1	0
ENSMUSG00000065915.1	0
ENSMUSG00000065916.1	0
ENSMUSG00000065919.1	0
ENSMUSG00000065922.1	223.103548
ENSMUSG00000065924.1	0
ENSMUSG00000065926.1	0
ENSMUSG00000065934.1	0
ENSMUSG00000065935.1	0
ENSMUSG00000065936.1	0
ENSMUSG00000065937.1	0
ENSMUSG00000065939.1	0
ENSMUSG00000065940.1	0
ENSMUSG00000065943.1	0
ENSMUSG00000065944.1	0
ENSMUSG00000065945.1	0
ENSMUSG00000065947.3	2485.709014
ENSMUSG00000065952.13	0.020508
ENSMUSG00000065954.11	20.176255
ENSMUSG00000065956.2	0
ENSMUSG00000065968.8	0.691329
ENSMUSG00000065979.12	22.634065
ENSMUSG00000065987.12	0.346053
ENSMUSG00000065990.12	158.260384
ENSMUSG00000065999.13	0
ENSMUSG00000066000.12	0.129432
ENSMUSG00000066007.15	0
ENSMUSG00000066009.8	0
ENSMUSG00000066026.14	22.640526
ENSMUSG00000066027.7	0
ENSMUSG00000066030.6	0
ENSMUSG00000066031.13	0
ENSMUSG00000066036.14	26.833003
ENSMUSG00000066037.14	18.872678
ENSMUSG00000066042.4	5.192561
ENSMUSG00000066043.13	2.925532
ENSMUSG00000066057.7	17.23984
ENSMUSG00000066058.11	0.743992
ENSMUSG00000066060.5	0
ENSMUSG00000066061.6	0
ENSMUSG00000066068.5	3.130111
ENSMUSG00000066071.6	0
ENSMUSG00000066072.13	0
ENSMUSG00000066090.5	0.212641
ENSMUSG00000066097.6	0
ENSMUSG00000066100.7	0
ENSMUSG00000066101.5	0
ENSMUSG00000066107.6	0.252045
ENSMUSG00000066108.7	0
ENSMUSG00000066113.16	1.000063
ENSMUSG00000066116.3	0.272697
ENSMUSG00000066122.6	0
ENSMUSG00000066129.15	14.053949
ENSMUSG00000066137.12	0
ENSMUSG00000066141.2	0
ENSMUSG00000066148.3	2.476418
ENSMUSG00000066149.11	36.761941
ENSMUSG00000066150.12	5.649346
ENSMUSG00000066151.12	6.532088
ENSMUSG00000066152.11	2.387129
ENSMUSG00000066153.2	0
ENSMUSG00000066154.11	0.07361
ENSMUSG00000066158.7	0
ENSMUSG00000066170.7	0.36148
ENSMUSG00000066175.2	1.492505
ENSMUSG00000066176.3	0.019645
ENSMUSG00000066178.4	0.090311
ENSMUSG00000066180.5	0.122131
ENSMUSG00000066189.9	40.666967
ENSMUSG00000066191.12	1.491306
ENSMUSG00000066196.11	0.876862
ENSMUSG00000066197.5	1.152898
ENSMUSG00000066224.14	0.158138
ENSMUSG00000066232.4	10.969278
ENSMUSG00000066233.6	15.287637
ENSMUSG00000066235.7	27.262008
ENSMUSG00000066239.2	0
ENSMUSG00000066240.3	0
ENSMUSG00000066241.2	0
ENSMUSG00000066242.3	0
ENSMUSG00000066245.5	0
ENSMUSG00000066257.4	0
ENSMUSG00000066258.13	0
ENSMUSG00000066262.4	0
ENSMUSG00000066263.10	0
ENSMUSG00000066268.6	0
ENSMUSG00000066269.7	0
ENSMUSG00000066270.3	1.293897
ENSMUSG00000066272.5	0
ENSMUSG00000066273.6	0
ENSMUSG00000066278.6	16.860408
ENSMUSG00000066279.3	0.167905
ENSMUSG00000066306.13	15.499788
ENSMUSG00000066315.9	5.035622
ENSMUSG00000066319.6	0.143233
ENSMUSG00000066324.2	14.339231
ENSMUSG00000066357.6	61.637155
ENSMUSG00000066359.6	0
ENSMUSG00000066361.3	0
ENSMUSG00000066362.5	145.133264
ENSMUSG00000066363.12	0
ENSMUSG00000066364.2	0
ENSMUSG00000066366.14	0.205334
ENSMUSG00000066368.1	0
ENSMUSG00000066372.6	0
ENSMUSG00000066378.3	0
ENSMUSG00000066382.4	0.149539
ENSMUSG00000066383.7	0
ENSMUSG00000066389.1	0
ENSMUSG00000066392.12	15.892594
ENSMUSG00000066406.16	0.537409
ENSMUSG00000066407.3	3.693312
ENSMUSG00000066415.4	5.5621
ENSMUSG00000066438.6	2.077508
ENSMUSG00000066440.5	2.740182
ENSMUSG00000066441.14	10.622002
ENSMUSG00000066442.17	4.81226
ENSMUSG00000066443.5	1.409058
ENSMUSG00000066456.14	24.878239
ENSMUSG00000066457.6	0
ENSMUSG00000066463.13	0
ENSMUSG00000066475.6	0.075319
ENSMUSG00000066477.13	0.428373
ENSMUSG00000066478.3	0
ENSMUSG00000066487.3	0.100841
ENSMUSG00000066489.2	0
ENSMUSG00000066491.4	2.05688
ENSMUSG00000066500.5	0
ENSMUSG00000066510.5	0.022127
ENSMUSG00000066512.3	0
ENSMUSG00000066513.4	0
ENSMUSG00000066515.3	0.078673
ENSMUSG00000066516.5	0
ENSMUSG00000066537.5	0.072375
ENSMUSG00000066538.5	0
ENSMUSG00000066543.8	0.304779
ENSMUSG00000066551.12	77.14269
ENSMUSG00000066553.5	214.739309
ENSMUSG00000066554.6	3.510348
ENSMUSG00000066568.12	18.588282
ENSMUSG00000066571.13	3.888104
ENSMUSG00000066583.4	0
ENSMUSG00000066584.10	0
ENSMUSG00000066586.3	0
ENSMUSG00000066592.3	0.152613
ENSMUSG00000066595.9	2.794617
ENSMUSG00000066607.5	103.01166
ENSMUSG00000066613.14	3.7894
ENSMUSG00000066620.2	0
ENSMUSG00000066621.12	20.389052
ENSMUSG00000066626.5	0
ENSMUSG00000066629.2	0
ENSMUSG00000066632.3	0
ENSMUSG00000066637.2	3.130021
ENSMUSG00000066640.11	4.898973
ENSMUSG00000066643.12	3.776624
ENSMUSG00000066647.8	7.220001
ENSMUSG00000066652.5	0.369036
ENSMUSG00000066671.4	0
ENSMUSG00000066672.2	0
ENSMUSG00000066677.12	0
ENSMUSG00000066680.4	0
ENSMUSG00000066682.11	0
ENSMUSG00000066684.10	0.09968
ENSMUSG00000066687.5	4.120467
ENSMUSG00000066688.4	0
ENSMUSG00000066693.2	0
ENSMUSG00000066697.3	0
ENSMUSG00000066704.6	0
ENSMUSG00000066705.7	168.425909
ENSMUSG00000066714.6	0
ENSMUSG00000066720.7	0.221273
ENSMUSG00000066721.3	5.070053
ENSMUSG00000066724.3	5.084922
ENSMUSG00000066735.8	17.189047
ENSMUSG00000066747.6	0
ENSMUSG00000066748.4	0
ENSMUSG00000066749.3	0
ENSMUSG00000066750.3	0
ENSMUSG00000066752.4	0
ENSMUSG00000066755.2	0
ENSMUSG00000066756.5	0
ENSMUSG00000066760.12	1.861776
ENSMUSG00000066767.6	0
ENSMUSG00000066771.2	0
ENSMUSG00000066772.12	0
ENSMUSG00000066797.6	0.098011
ENSMUSG00000066798.3	2.670133
ENSMUSG00000066800.11	0.759959
ENSMUSG00000066803.2	0
ENSMUSG00000066804.3	0
ENSMUSG00000066807.2	0
ENSMUSG00000066809.1	0
ENSMUSG00000066810.2	0
ENSMUSG00000066820.7	0
ENSMUSG00000066828.5	0
ENSMUSG00000066829.7	1.089191
ENSMUSG00000066838.7	0.914724
ENSMUSG00000066839.12	38.002302
ENSMUSG00000066842.18	0.001711
ENSMUSG00000066850.2	0
ENSMUSG00000066861.14	0.034783
ENSMUSG00000066867.8	0
ENSMUSG00000066877.11	13.980607
ENSMUSG00000066878.5	0.638971
ENSMUSG00000066880.15	3.33449
ENSMUSG00000066892.14	4.791958
ENSMUSG00000066894.14	0.894969
ENSMUSG00000066896.6	0.010304
ENSMUSG00000066897.8	0
ENSMUSG00000066899.6	0
ENSMUSG00000066900.11	68.235858
ENSMUSG00000066902.7	0.152137
ENSMUSG00000066905.4	0
ENSMUSG00000066912.3	0
ENSMUSG00000066914.4	0
ENSMUSG00000066936.4	0
ENSMUSG00000066938.1	0
ENSMUSG00000066952.11	0.824109
ENSMUSG00000066958.1	0
ENSMUSG00000066964.2	0.016979
ENSMUSG00000066975.12	1.153966
ENSMUSG00000066979.6	44.646499
ENSMUSG00000066983.6	0
ENSMUSG00000067001.11	0
ENSMUSG00000067006.12	0.058692
ENSMUSG00000067010.4	0
ENSMUSG00000067017.5	6.755048
ENSMUSG00000067028.11	0.233909
ENSMUSG00000067038.6	4.556495
ENSMUSG00000067047.4	0
ENSMUSG00000067049.8	0.022722
ENSMUSG00000067058.7	0.759862
ENSMUSG00000067063.1	0
ENSMUSG00000067064.4	0
ENSMUSG00000067071.8	17.934017
ENSMUSG00000067081.13	0.490575
ENSMUSG00000067085.1	1.380888
ENSMUSG00000067101.5	0
ENSMUSG00000067103.6	0
ENSMUSG00000067106.6	0.141638
ENSMUSG00000067121.2	0.555595
ENSMUSG00000067122.2	0
ENSMUSG00000067144.7	0.154609
ENSMUSG00000067147.7	0
ENSMUSG00000067148.15	28.845298
ENSMUSG00000067149.6	0.958413
ENSMUSG00000067150.6	9.062181
ENSMUSG00000067156.5	0
ENSMUSG00000067158.9	0.067712
ENSMUSG00000067161.6	0.173426
ENSMUSG00000067173.3	0
ENSMUSG00000067186.2	0
ENSMUSG00000067189.5	0
ENSMUSG00000067194.6	22.80699
ENSMUSG00000067199.4	9.771775
ENSMUSG00000067201.11	0
ENSMUSG00000067203.8	0.290335
ENSMUSG00000067206.3	0
ENSMUSG00000067212.8	6.606119
ENSMUSG00000067215.5	0.221139
ENSMUSG00000067219.9	0
ENSMUSG00000067220.12	0
ENSMUSG00000067224.3	0
ENSMUSG00000067225.2	0
ENSMUSG00000067229.3	0
ENSMUSG00000067231.4	0
ENSMUSG00000067235.14	0.165206
ENSMUSG00000067242.11	15.892255
ENSMUSG00000067261.4	0.208781
ENSMUSG00000067262.9	0
ENSMUSG00000067274.10	181.541671
ENSMUSG00000067276.5	0.107631
ENSMUSG00000067279.3	12.853676
ENSMUSG00000067285.4	0.059533
ENSMUSG00000067288.13	941.771492
ENSMUSG00000067292.3	0
ENSMUSG00000067297.5	0.131742
ENSMUSG00000067299.11	0
ENSMUSG00000067321.5	0
ENSMUSG00000067331.5	0
ENSMUSG00000067336.6	6.660051
ENSMUSG00000067338.6	0
ENSMUSG00000067341.6	0.017429
ENSMUSG00000067344.7	0.544493
ENSMUSG00000067351.1	0.127105
ENSMUSG00000067352.6	0
ENSMUSG00000067356.5	0
ENSMUSG00000067360.12	0
ENSMUSG00000067365.10	29.73415
ENSMUSG00000067367.9	3.749486
ENSMUSG00000067369.12	4.668676
ENSMUSG00000067370.4	5.970162
ENSMUSG00000067377.12	11.396326
ENSMUSG00000067389.3	0
ENSMUSG00000067399.10	0
ENSMUSG00000067424.13	1.231507
ENSMUSG00000067430.7	2.368005
ENSMUSG00000067438.5	0
ENSMUSG00000067441.5	0
ENSMUSG00000067455.5	0.144254
ENSMUSG00000067482.2	0
ENSMUSG00000067513.1	0
ENSMUSG00000067519.1	0
ENSMUSG00000067522.3	0
ENSMUSG00000067524.4	0
ENSMUSG00000067525.3	0
ENSMUSG00000067526.3	0
ENSMUSG00000067528.3	0
ENSMUSG00000067529.2	0
ENSMUSG00000067541.7	0
ENSMUSG00000067543.8	0
ENSMUSG00000067545.3	0
ENSMUSG00000067547.6	0.733022
ENSMUSG00000067555.2	0
ENSMUSG00000067561.12	0
ENSMUSG00000067562.11	0
ENSMUSG00000067567.12	4.517379
ENSMUSG00000067571.4	0.182385
ENSMUSG00000067575.5	104.838604
ENSMUSG00000067577.8	0.084106
ENSMUSG00000067578.3	9.510222
ENSMUSG00000067586.4	2.072235
ENSMUSG00000067591.12	0
ENSMUSG00000067594.6	4.510757
ENSMUSG00000067596.4	0
ENSMUSG00000067597.5	0.134039
ENSMUSG00000067599.13	0
ENSMUSG00000067604.8	0.101978
ENSMUSG00000067608.5	8.040376
ENSMUSG00000067610.1	0.296592
ENSMUSG00000067613.6	0.035461
ENSMUSG00000067614.5	0
ENSMUSG00000067615.4	0
ENSMUSG00000067616.11	0.025865
ENSMUSG00000067627.2	0
ENSMUSG00000067629.13	59.539933
ENSMUSG00000067642.11	0
ENSMUSG00000067649.3	0
ENSMUSG00000067653.12	0.280157
ENSMUSG00000067656.13	0
ENSMUSG00000067679.3	0
ENSMUSG00000067684.1	0
ENSMUSG00000067698.4	0.010707
ENSMUSG00000067700.5	0
ENSMUSG00000067702.5	0.021031
ENSMUSG00000067704.1	0
ENSMUSG00000067713.7	49.069134
ENSMUSG00000067714.13	0.218221
ENSMUSG00000067716.3	0
ENSMUSG00000067719.5	8.002797
ENSMUSG00000067722.4	13.531535
ENSMUSG00000067724.5	0.7051
ENSMUSG00000067736.2	767.178369
ENSMUSG00000067745.4	0
ENSMUSG00000067750.3	0
ENSMUSG00000067764.11	0
ENSMUSG00000067767.5	0
ENSMUSG00000067768.12	0.062246
ENSMUSG00000067771.9	0
ENSMUSG00000067773.6	0
ENSMUSG00000067780.3	0.041533
ENSMUSG00000067786.16	549.672437
ENSMUSG00000067787.10	92.292349
ENSMUSG00000067795.13	0.13597
ENSMUSG00000067813.3	0.096106
ENSMUSG00000067818.6	13.254477
ENSMUSG00000067825.11	4.297451
ENSMUSG00000067835.4	0
ENSMUSG00000067847.13	258.061115
ENSMUSG00000067848.12	0
ENSMUSG00000067851.11	5.835047
ENSMUSG00000067855.7	0
ENSMUSG00000067860.11	0.73899
ENSMUSG00000067869.4	0.039474
ENSMUSG00000067870.5	9.621086
ENSMUSG00000067872.2	0.835064
ENSMUSG00000067873.11	10.297329
ENSMUSG00000067878.13	0
ENSMUSG00000067879.3	39.336543
ENSMUSG00000067882.14	0
ENSMUSG00000067889.6	26.670512
ENSMUSG00000067909.4	0
ENSMUSG00000067916.9	0.486547
ENSMUSG00000067919.8	0
ENSMUSG00000067924.4	267.028614
ENSMUSG00000067925.4	233.532607
ENSMUSG00000067928.6	0.604545
ENSMUSG00000067929.3	2.524585
ENSMUSG00000067931.6	0.735782
ENSMUSG00000067941.5	0
ENSMUSG00000067942.6	1.252547
ENSMUSG00000067949.5	0
ENSMUSG00000067951.5	0
ENSMUSG00000067971.5	0
ENSMUSG00000067973.11	0
ENSMUSG00000067995.4	9.641799
ENSMUSG00000067996.5	0
ENSMUSG00000067998.11	0
ENSMUSG00000068008.8	0
ENSMUSG00000068009.11	0
ENSMUSG00000068011.4	0.165066
ENSMUSG00000068014.5	0
ENSMUSG00000068015.8	2.984765
ENSMUSG00000068036.16	9.480699
ENSMUSG00000068037.11	9.986618
ENSMUSG00000068039.13	61.256497
ENSMUSG00000068040.10	34.401714
ENSMUSG00000068048.8	0
ENSMUSG00000068062.3	0.046128
ENSMUSG00000068067.2	0
ENSMUSG00000068068.1	0
ENSMUSG00000068071.2	0
ENSMUSG00000068073.2	0
ENSMUSG00000068074.3	0
ENSMUSG00000068075.3	0
ENSMUSG00000068078.4	0
ENSMUSG00000068079.5	0.244165
ENSMUSG00000068082.12	0
ENSMUSG00000068083.2	0
ENSMUSG00000068085.6	0
ENSMUSG00000068086.6	0
ENSMUSG00000068099.5	149.542327
ENSMUSG00000068101.11	3.769032
ENSMUSG00000068105.11	0.320721
ENSMUSG00000068113.6	0
ENSMUSG00000068114.7	3.259085
ENSMUSG00000068115.13	0.582285
ENSMUSG00000068117.10	0.807109
ENSMUSG00000068120.4	0
ENSMUSG00000068122.10	0.32473
ENSMUSG00000068129.5	0.103867
ENSMUSG00000068130.11	0.108315
ENSMUSG00000068134.13	1.208394
ENSMUSG00000068141.5	0.262653
ENSMUSG00000068149.5	0
ENSMUSG00000068151.7	0.15474
ENSMUSG00000068154.5	1.639026
ENSMUSG00000068165.3	0.872926
ENSMUSG00000068167.6	0
ENSMUSG00000068173.12	0
ENSMUSG00000068180.13	0
ENSMUSG00000068181.1	0
ENSMUSG00000068182.3	0
ENSMUSG00000068184.7	41.593364
ENSMUSG00000068196.5	0.517061
ENSMUSG00000068200.6	0.193121
ENSMUSG00000068205.14	9.260753
ENSMUSG00000068206.13	34.023922
ENSMUSG00000068218.6	0
ENSMUSG00000068219.8	0
ENSMUSG00000068220.6	50.841671
ENSMUSG00000068226.3	0.630943
ENSMUSG00000068227.9	0.14647
ENSMUSG00000068231.5	0
ENSMUSG00000068232.3	0
ENSMUSG00000068234.7	0
ENSMUSG00000068240.5	25.071467
ENSMUSG00000068243.6	0
ENSMUSG00000068245.14	0.077233
ENSMUSG00000068246.6	0.166906
ENSMUSG00000068250.13	5.204717
ENSMUSG00000068252.6	0
ENSMUSG00000068259.4	0
ENSMUSG00000068262.4	0.02775
ENSMUSG00000068263.11	1.179255
ENSMUSG00000068264.11	27.368796
ENSMUSG00000068267.5	50.716506
ENSMUSG00000068270.15	0.150149
ENSMUSG00000068284.14	0.844064
ENSMUSG00000068289.6	0
ENSMUSG00000068290.11	95.621663
ENSMUSG00000068299.11	6.509584
ENSMUSG00000068302.8	0
ENSMUSG00000068303.6	6.591138
ENSMUSG00000068314.5	0.018602
ENSMUSG00000068323.12	1.759891
ENSMUSG00000068324.5	0
ENSMUSG00000068327.5	0.062858
ENSMUSG00000068328.9	54.970506
ENSMUSG00000068329.12	25.757566
ENSMUSG00000068335.6	1.478072
ENSMUSG00000068341.8	0
ENSMUSG00000068348.4	0
ENSMUSG00000068349.12	0
ENSMUSG00000068373.15	8.8154
ENSMUSG00000068391.8	32.680041
ENSMUSG00000068392.3	0.204144
ENSMUSG00000068394.4	0.120271
ENSMUSG00000068396.9	467.266273
ENSMUSG00000068397.4	0
ENSMUSG00000068399.5	0
ENSMUSG00000068407.3	0
ENSMUSG00000068417.8	0.206982
ENSMUSG00000068428.7	0.095294
ENSMUSG00000068431.3	0
ENSMUSG00000068437.4	0
ENSMUSG00000068452.8	0.040263
ENSMUSG00000068457.14	0.978207
ENSMUSG00000068463.4	0.104308
ENSMUSG00000068466.6	0.286232
ENSMUSG00000068479.5	5.944821
ENSMUSG00000068480.6	0
ENSMUSG00000068487.6	0.112112
ENSMUSG00000068506.3	0
ENSMUSG00000068522.4	4.545187
ENSMUSG00000068523.12	76.07781
ENSMUSG00000068535.2	0
ENSMUSG00000068536.11	0
ENSMUSG00000068537.2	0
ENSMUSG00000068547.7	0
ENSMUSG00000068551.12	22.996643
ENSMUSG00000068566.12	29.14609
ENSMUSG00000068574.2	0
ENSMUSG00000068579.5	0
ENSMUSG00000068580.11	18.616222
ENSMUSG00000068587.10	0
ENSMUSG00000068600.10	0
ENSMUSG00000068601.2	0.573651
ENSMUSG00000068604.4	0
ENSMUSG00000068606.6	0.010525
ENSMUSG00000068614.7	0
ENSMUSG00000068615.4	3.660196
ENSMUSG00000068617.5	2.197794
ENSMUSG00000068629.4	0
ENSMUSG00000068631.8	0
ENSMUSG00000068647.2	0
ENSMUSG00000068663.14	16.711939
ENSMUSG00000068674.3	0
ENSMUSG00000068680.1	0
ENSMUSG00000068686.12	2.163934
ENSMUSG00000068689.8	0
ENSMUSG00000068696.6	50.925534
ENSMUSG00000068697.7	0.025191
ENSMUSG00000068699.12	0.218179
ENSMUSG00000068706.3	3.192901
ENSMUSG00000068732.5	19.99659
ENSMUSG00000068735.14	48.611465
ENSMUSG00000068739.13	150.341893
ENSMUSG00000068740.13	24.328737
ENSMUSG00000068742.11	38.799603
ENSMUSG00000068744.12	4.718073
ENSMUSG00000068745.6	0
ENSMUSG00000068747.14	64.663466
ENSMUSG00000068748.7	9.504159
ENSMUSG00000068749.9	71.636993
ENSMUSG00000068758.8	2.651695
ENSMUSG00000068762.11	5.149403
ENSMUSG00000068776.7	0
ENSMUSG00000068794.7	0.034564
ENSMUSG00000068798.10	22.546758
ENSMUSG00000068806.5	0
ENSMUSG00000068808.2	0
ENSMUSG00000068809.4	0
ENSMUSG00000068810.5	0
ENSMUSG00000068814.2	0
ENSMUSG00000068815.3	0
ENSMUSG00000068816.3	0
ENSMUSG00000068817.5	0.048872
ENSMUSG00000068818.5	0
ENSMUSG00000068819.3	0
ENSMUSG00000068823.10	29.148833
ENSMUSG00000068824.4	0
ENSMUSG00000068854.7	2.121575
ENSMUSG00000068855.3	0.346133
ENSMUSG00000068856.3	40.410233
ENSMUSG00000068859.5	2.023228
ENSMUSG00000068860.5	0.182619
ENSMUSG00000068874.13	9.146923
ENSMUSG00000068876.16	0.411091
ENSMUSG00000068877.12	0
ENSMUSG00000068879.4	0
ENSMUSG00000068882.13	20.385621
ENSMUSG00000068885.4	0
ENSMUSG00000068887.4	0
ENSMUSG00000068888.3	0
ENSMUSG00000068889.1	0
ENSMUSG00000068890.8	0
ENSMUSG00000068893.5	0
ENSMUSG00000068917.12	7.977762
ENSMUSG00000068921.14	84.914009
ENSMUSG00000068922.14	13.085874
ENSMUSG00000068923.14	208.494763
ENSMUSG00000068940.7	0
ENSMUSG00000068947.2	0
ENSMUSG00000068948.4	0
ENSMUSG00000068950.3	0.010102
ENSMUSG00000068957.1	0
ENSMUSG00000068959.6	0.174146
ENSMUSG00000068962.7	0.51343
ENSMUSG00000068964.5	0
ENSMUSG00000068966.10	1.4644
ENSMUSG00000068969.3	0
ENSMUSG00000068999.13	0
ENSMUSG00000069008.3	1.80068
ENSMUSG00000069011.5	0.045618
ENSMUSG00000069014.4	0.340456
ENSMUSG00000069020.9	51.90653
ENSMUSG00000069036.3	0
ENSMUSG00000069038.2	0
ENSMUSG00000069041.8	0.646179
ENSMUSG00000069044.6	0
ENSMUSG00000069045.11	5.702219
ENSMUSG00000069049.11	3.94289
ENSMUSG00000069053.11	0
ENSMUSG00000069072.9	7.55743
ENSMUSG00000069074.2	0
ENSMUSG00000069080.5	0
ENSMUSG00000069083.4	1.29703
ENSMUSG00000069085.5	0.031072
ENSMUSG00000069089.8	4.000282
ENSMUSG00000069094.12	1.513743
ENSMUSG00000069114.8	0.352311
ENSMUSG00000069117.4	1.090419
ENSMUSG00000069118.3	0
ENSMUSG00000069125.2	0.252167
ENSMUSG00000069132.3	0.979751
ENSMUSG00000069135.11	2.961699
ENSMUSG00000069136.4	0.238753
ENSMUSG00000069170.14	1.810013
ENSMUSG00000069171.14	27.864232
ENSMUSG00000069184.4	0.48622
ENSMUSG00000069188.5	0
ENSMUSG00000069189.5	0.025101
ENSMUSG00000069196.6	0
ENSMUSG00000069206.14	1.621667
ENSMUSG00000069208.9	1.880515
ENSMUSG00000069223.10	0
ENSMUSG00000069227.4	43.315613
ENSMUSG00000069236.5	0.130035
ENSMUSG00000069237.8	16.760529
ENSMUSG00000069248.11	0
ENSMUSG00000069255.13	11.698712
ENSMUSG00000069258.10	0
ENSMUSG00000069259.10	0
ENSMUSG00000069265.2	0
ENSMUSG00000069266.5	0.12778
ENSMUSG00000069267.2	0
ENSMUSG00000069268.4	0.201862
ENSMUSG00000069270.6	0.249938
ENSMUSG00000069272.6	0
ENSMUSG00000069273.2	0.092605
ENSMUSG00000069274.3	0.387932
ENSMUSG00000069280.2	0
ENSMUSG00000069289.2	0
ENSMUSG00000069292.4	0
ENSMUSG00000069294.2	0
ENSMUSG00000069295.2	0
ENSMUSG00000069296.4	0
ENSMUSG00000069297.1	0
ENSMUSG00000069299.2	0
ENSMUSG00000069300.3	0
ENSMUSG00000069301.5	0
ENSMUSG00000069302.5	0
ENSMUSG00000069303.7	0
ENSMUSG00000069305.3	1.424029
ENSMUSG00000069306.5	0
ENSMUSG00000069307.7	0.107461
ENSMUSG00000069308.7	0
ENSMUSG00000069309.2	0
ENSMUSG00000069310.4	0
ENSMUSG00000069315.2	0
ENSMUSG00000069324.6	0
ENSMUSG00000069355.12	0
ENSMUSG00000069372.3	5.394701
ENSMUSG00000069376.2	0.06755
ENSMUSG00000069378.14	0.335243
ENSMUSG00000069379.3	0.063958
ENSMUSG00000069385.10	0
ENSMUSG00000069390.5	0
ENSMUSG00000069421.4	0
ENSMUSG00000069430.3	0
ENSMUSG00000069439.3	0
ENSMUSG00000069441.3	0
ENSMUSG00000069456.4	0.07844
ENSMUSG00000069475.1	0
ENSMUSG00000069476.13	0
ENSMUSG00000069495.12	5.756348
ENSMUSG00000069515.6	0.103176
ENSMUSG00000069516.8	9.444079
ENSMUSG00000069518.5	0
ENSMUSG00000069520.6	12.851975
ENSMUSG00000069539.11	4.414879
ENSMUSG00000069540.4	0.263135
ENSMUSG00000069554.4	0.011352
ENSMUSG00000069565.12	32.575975
ENSMUSG00000069581.12	0.192457
ENSMUSG00000069582.3	0
ENSMUSG00000069583.2	0
ENSMUSG00000069584.4	0
ENSMUSG00000069588.3	0.196924
ENSMUSG00000069601.14	10.417832
ENSMUSG00000069607.4	0
ENSMUSG00000069609.7	0
ENSMUSG00000069620.6	0
ENSMUSG00000069622.5	0
ENSMUSG00000069631.14	10.2805
ENSMUSG00000069633.12	0.67716
ENSMUSG00000069662.5	58.886623
ENSMUSG00000069668.4	0
ENSMUSG00000069670.8	14.222469
ENSMUSG00000069678.10	14.933662
ENSMUSG00000069682.6	3.536136
ENSMUSG00000069706.3	0
ENSMUSG00000069707.1	0
ENSMUSG00000069708.3	0
ENSMUSG00000069712.5	0
ENSMUSG00000069713.2	0.260682
ENSMUSG00000069717.7	0
ENSMUSG00000069718.4	0
ENSMUSG00000069720.4	0.028237
ENSMUSG00000069721.2	0
ENSMUSG00000069722.4	0
ENSMUSG00000069727.5	0.259039
ENSMUSG00000069729.14	6.322227
ENSMUSG00000069733.11	0.022268
ENSMUSG00000069743.5	0.055891
ENSMUSG00000069744.7	249.398125
ENSMUSG00000069755.5	0.048492
ENSMUSG00000069763.3	7.188628
ENSMUSG00000069769.13	15.770536
ENSMUSG00000069785.4	0.070295
ENSMUSG00000069792.5	2.433908
ENSMUSG00000069793.12	0.015031
ENSMUSG00000069796.3	0
ENSMUSG00000069804.2	0
ENSMUSG00000069805.10	0.086063
ENSMUSG00000069806.5	121.048771
ENSMUSG00000069808.13	7.969826
ENSMUSG00000069814.6	16.693269
ENSMUSG00000069816.5	0
ENSMUSG00000069818.6	0
ENSMUSG00000069823.11	0
ENSMUSG00000069824.5	0
ENSMUSG00000069825.12	0
ENSMUSG00000069830.10	0.031217
ENSMUSG00000069833.13	0.749777
ENSMUSG00000069835.10	13.359496
ENSMUSG00000069844.12	5.586501
ENSMUSG00000069855.9	0
ENSMUSG00000069862.6	0
ENSMUSG00000069867.3	0
ENSMUSG00000069873.4	0.014622
ENSMUSG00000069874.7	0.438523
ENSMUSG00000069890.3	0
ENSMUSG00000069892.9	0.004824
ENSMUSG00000069893.10	0.030404
ENSMUSG00000069895.4	3.841578
ENSMUSG00000069899.3	3.98409
ENSMUSG00000069910.2	0.156447
ENSMUSG00000069911.11	0.45762
ENSMUSG00000069913.3	0
ENSMUSG00000069917.7	299.157643
ENSMUSG00000069919.7	130.816944
ENSMUSG00000069920.10	2.633025
ENSMUSG00000069922.12	0
ENSMUSG00000069925.6	0
ENSMUSG00000069939.8	0.250894
ENSMUSG00000069962.3	0
ENSMUSG00000069971.5	0
ENSMUSG00000069972.6	0.10945
ENSMUSG00000069986.4	0
ENSMUSG00000069996.3	3.044792
ENSMUSG00000069998.5	0
ENSMUSG00000070000.13	24.155964
ENSMUSG00000070002.7	6.058203
ENSMUSG00000070003.7	118.153234
ENSMUSG00000070023.5	0
ENSMUSG00000070025.8	0
ENSMUSG00000070031.11	0.199342
ENSMUSG00000070034.13	0.432261
ENSMUSG00000070044.15	7.572041
ENSMUSG00000070047.14	3.6354
ENSMUSG00000070056.6	4.553678
ENSMUSG00000070063.1	0
ENSMUSG00000070065.1	0
ENSMUSG00000070071.1	0
ENSMUSG00000070072.1	0
ENSMUSG00000070073.1	0
ENSMUSG00000070074.1	0
ENSMUSG00000070075.1	0
ENSMUSG00000070076.2	0
ENSMUSG00000070077.2	0
ENSMUSG00000070078.1	0
ENSMUSG00000070080.1	0
ENSMUSG00000070081.2	0
ENSMUSG00000070084.3	0
ENSMUSG00000070099.1	0
ENSMUSG00000070100.1	0
ENSMUSG00000070101.1	0
ENSMUSG00000070102.1	0
ENSMUSG00000070103.2	0
ENSMUSG00000070104.1	0
ENSMUSG00000070105.3	0
ENSMUSG00000070106.1	0
ENSMUSG00000070107.1	0
ENSMUSG00000070108.2	0
ENSMUSG00000070109.2	0
ENSMUSG00000070110.2	0
ENSMUSG00000070111.4	0
ENSMUSG00000070126.1	0
ENSMUSG00000070127.2	0
ENSMUSG00000070128.3	0
ENSMUSG00000070129.2	0
ENSMUSG00000070130.1	0
ENSMUSG00000070133.1	0
ENSMUSG00000070136.1	0
ENSMUSG00000070138.1	0
ENSMUSG00000070139.1	0
ENSMUSG00000070140.1	0
ENSMUSG00000070141.2	0
ENSMUSG00000070144.1	0
ENSMUSG00000070150.1	0
ENSMUSG00000070166.1	0
ENSMUSG00000070167.1	0
ENSMUSG00000070170.1	0
ENSMUSG00000070173.1	0
ENSMUSG00000070175.1	0
ENSMUSG00000070178.1	0
ENSMUSG00000070182.1	0
ENSMUSG00000070192.1	0
ENSMUSG00000070203.1	0
ENSMUSG00000070209.1	0
ENSMUSG00000070214.1	0
ENSMUSG00000070219.1	0
ENSMUSG00000070225.1	0
ENSMUSG00000070227.1	0
ENSMUSG00000070235.1	0
ENSMUSG00000070236.1	0
ENSMUSG00000070240.1	0
ENSMUSG00000070249.1	0
ENSMUSG00000070258.1	0
ENSMUSG00000070263.1	0
ENSMUSG00000070271.7	0.216679
ENSMUSG00000070280.13	0
ENSMUSG00000070282.6	0.818989
ENSMUSG00000070283.4	52.238426
ENSMUSG00000070284.10	15.517098
ENSMUSG00000070287.3	17.188981
ENSMUSG00000070291.4	0
ENSMUSG00000070298.6	0
ENSMUSG00000070304.12	93.524388
ENSMUSG00000070305.10	0.958713
ENSMUSG00000070306.3	2.13228
ENSMUSG00000070311.4	0
ENSMUSG00000070313.8	0
ENSMUSG00000070315.12	1.687012
ENSMUSG00000070319.6	120.730512
ENSMUSG00000070323.11	0
ENSMUSG00000070324.6	0
ENSMUSG00000070327.14	0.511234
ENSMUSG00000070330.2	0.034102
ENSMUSG00000070331.14	0.04517
ENSMUSG00000070332.4	0.079724
ENSMUSG00000070334.4	0
ENSMUSG00000070335.4	0
ENSMUSG00000070336.3	0.438663
ENSMUSG00000070337.4	0.516358
ENSMUSG00000070342.3	0
ENSMUSG00000070343.3	4.705404
ENSMUSG00000070345.3	0.056302
ENSMUSG00000070348.5	11.85364
ENSMUSG00000070354.13	0
ENSMUSG00000070360.5	0
ENSMUSG00000070366.5	10.062566
ENSMUSG00000070368.9	0.146276
ENSMUSG00000070369.13	0.161622
ENSMUSG00000070371.11	10.001062
ENSMUSG00000070372.11	7.901374
ENSMUSG00000070374.7	0
ENSMUSG00000070375.7	0
ENSMUSG00000070377.6	0
ENSMUSG00000070378.3	0
ENSMUSG00000070379.5	0
ENSMUSG00000070380.2	0
ENSMUSG00000070382.8	0
ENSMUSG00000070383.5	0
ENSMUSG00000070385.12	0
ENSMUSG00000070388.3	0.036596
ENSMUSG00000070390.12	0.049601
ENSMUSG00000070392.5	2.558093
ENSMUSG00000070394.10	212.007551
ENSMUSG00000070407.5	0.504371
ENSMUSG00000070417.6	0
ENSMUSG00000070419.11	0
ENSMUSG00000070420.4	7.422299
ENSMUSG00000070421.4	0.051219
ENSMUSG00000070423.6	0
ENSMUSG00000070424.12	0.08356
ENSMUSG00000070425.13	0.105591
ENSMUSG00000070426.12	24.446515
ENSMUSG00000070427.4	0.479086
ENSMUSG00000070436.12	9.963501
ENSMUSG00000070438.5	0
ENSMUSG00000070443.6	0.039309
ENSMUSG00000070448.13	0
ENSMUSG00000070458.5	0
ENSMUSG00000070459.6	0
ENSMUSG00000070460.7	0
ENSMUSG00000070461.3	3.428195
ENSMUSG00000070462.4	11.342674
ENSMUSG00000070464.1	0
ENSMUSG00000070465.9	0
ENSMUSG00000070469.12	0.06339
ENSMUSG00000070471.3	0.458134
ENSMUSG00000070473.4	0.491895
ENSMUSG00000070476.10	21.325256
ENSMUSG00000070489.5	0
ENSMUSG00000070490.4	0.293013
ENSMUSG00000070493.3	803.138647
ENSMUSG00000070495.11	0
ENSMUSG00000070498.3	6.443756
ENSMUSG00000070501.14	0
ENSMUSG00000070504.9	0.048973
ENSMUSG00000070509.15	26.554487
ENSMUSG00000070520.4	5.162644
ENSMUSG00000070522.4	0.073249
ENSMUSG00000070524.1	0.86036
ENSMUSG00000070526.2	0.02275
ENSMUSG00000070527.3	0.236423
ENSMUSG00000070529.7	0.197336
ENSMUSG00000070530.5	0.089492
ENSMUSG00000070531.4	0
ENSMUSG00000070532.5	11.994242
ENSMUSG00000070533.11	0
ENSMUSG00000070544.6	6.739702
ENSMUSG00000070546.2	0
ENSMUSG00000070547.4	0
ENSMUSG00000070550.2	0
ENSMUSG00000070551.3	0
ENSMUSG00000070552.2	0
ENSMUSG00000070563.6	0
ENSMUSG00000070564.15	3.724504
ENSMUSG00000070565.11	2.107042
ENSMUSG00000070568.12	0
ENSMUSG00000070570.5	620.959898
ENSMUSG00000070572.7	0.412438
ENSMUSG00000070574.2	0.343674
ENSMUSG00000070576.4	5.538265
ENSMUSG00000070577.5	0
ENSMUSG00000070583.1	1.024578
ENSMUSG00000070594.10	0
ENSMUSG00000070601.5	0.019508
ENSMUSG00000070604.5	0.829009
ENSMUSG00000070605.4	0.667915
ENSMUSG00000070606.4	0
ENSMUSG00000070609.3	0
ENSMUSG00000070610.4	1.272763
ENSMUSG00000070616.13	0
ENSMUSG00000070617.2	0
ENSMUSG00000070618.10	0
ENSMUSG00000070619.5	0
ENSMUSG00000070621.3	0
ENSMUSG00000070637.2	2.654608
ENSMUSG00000070639.5	6.977839
ENSMUSG00000070641.3	0
ENSMUSG00000070643.11	3.332221
ENSMUSG00000070644.13	2.854254
ENSMUSG00000070645.5	0.158382
ENSMUSG00000070661.7	0
ENSMUSG00000070667.7	0
ENSMUSG00000070677.8	0
ENSMUSG00000070683.7	0.040355
ENSMUSG00000070686.10	0
ENSMUSG00000070687.11	1.308916
ENSMUSG00000070690.7	0
ENSMUSG00000070691.10	0
ENSMUSG00000070692.6	0
ENSMUSG00000070695.4	1.282807
ENSMUSG00000070697.4	16.148582
ENSMUSG00000070699.5	7.406324
ENSMUSG00000070702.9	0
ENSMUSG00000070704.10	0
ENSMUSG00000070705.3	12.725753
ENSMUSG00000070708.5	0
ENSMUSG00000070709.12	0.734861
ENSMUSG00000070713.5	17.310473
ENSMUSG00000070717.1	0.039664
ENSMUSG00000070719.4	0
ENSMUSG00000070720.4	3.255837
ENSMUSG00000070729.5	0.045162
ENSMUSG00000070730.11	26.141898
ENSMUSG00000070732.2	0
ENSMUSG00000070733.13	4.963481
ENSMUSG00000070737.10	1.099055
ENSMUSG00000070738.10	11.598582
ENSMUSG00000070777.5	0.031003
ENSMUSG00000070778.5	0
ENSMUSG00000070780.11	0.248628
ENSMUSG00000070794.11	0.133786
ENSMUSG00000070796.11	0
ENSMUSG00000070797.4	0
ENSMUSG00000070798.4	0
ENSMUSG00000070799.4	0.014675
ENSMUSG00000070802.5	118.061733
ENSMUSG00000070803.6	8.466337
ENSMUSG00000070806.5	0.23943
ENSMUSG00000070808.4	2.015104
ENSMUSG00000070810.10	0
ENSMUSG00000070811.6	0
ENSMUSG00000070814.15	4.146518
ENSMUSG00000070815.3	0
ENSMUSG00000070816.3	0
ENSMUSG00000070817.3	0
ENSMUSG00000070820.3	0
ENSMUSG00000070821.6	0
ENSMUSG00000070822.5	5.238272
ENSMUSG00000070828.10	0
ENSMUSG00000070834.5	0.898161
ENSMUSG00000070837.5	0
ENSMUSG00000070841.5	0
ENSMUSG00000070844.11	0
ENSMUSG00000070847.13	0
ENSMUSG00000070852.2	0
ENSMUSG00000070853.5	0
ENSMUSG00000070855.8	0
ENSMUSG00000070856.5	0
ENSMUSG00000070857.4	0
ENSMUSG00000070858.12	95.094321
ENSMUSG00000070866.4	1.166617
ENSMUSG00000070867.4	0.539483
ENSMUSG00000070868.11	0
ENSMUSG00000070870.6	0
ENSMUSG00000070871.10	2.973257
ENSMUSG00000070873.5	0.029001
ENSMUSG00000070875.5	0
ENSMUSG00000070877.4	0
ENSMUSG00000070880.10	102.003953
ENSMUSG00000070883.3	0.134444
ENSMUSG00000070890.3	0
ENSMUSG00000070891.2	0.071098
ENSMUSG00000070896.2	0
ENSMUSG00000070902.5	0
ENSMUSG00000070904.4	0
ENSMUSG00000070908.1	0
ENSMUSG00000070923.4	18.498441
ENSMUSG00000070933.10	0.055087
ENSMUSG00000070934.6	73.505121
ENSMUSG00000070939.9	8.81635
ENSMUSG00000070942.8	0.131056
ENSMUSG00000070943.3	0
ENSMUSG00000070953.13	22.418969
ENSMUSG00000070960.4	0
ENSMUSG00000070972.13	1.352846
ENSMUSG00000070977.4	0
ENSMUSG00000070979.5	0
ENSMUSG00000070980.4	0
ENSMUSG00000070983.3	0
ENSMUSG00000070985.3	0
ENSMUSG00000070990.2	0.127978
ENSMUSG00000070995.10	0
ENSMUSG00000070997.4	0.220939
ENSMUSG00000070999.2	0
ENSMUSG00000071000.3	0
ENSMUSG00000071001.4	0.878847
ENSMUSG00000071005.7	2.559043
ENSMUSG00000071014.10	296.369391
ENSMUSG00000071015.2	0.098809
ENSMUSG00000071019.11	0
ENSMUSG00000071033.1	0
ENSMUSG00000071035.5	0.167577
ENSMUSG00000071036.2	0
ENSMUSG00000071037.6	6.230558
ENSMUSG00000071040.2	0
ENSMUSG00000071041.4	0.091119
ENSMUSG00000071042.12	1.665155
ENSMUSG00000071047.5	0
ENSMUSG00000071052.4	0
ENSMUSG00000071054.12	40.879986
ENSMUSG00000071064.15	5.228923
ENSMUSG00000071065.6	0
ENSMUSG00000071068.7	0.250745
ENSMUSG00000071072.12	65.626383
ENSMUSG00000071073.5	34.43575
ENSMUSG00000071074.9	60.11423
ENSMUSG00000071076.6	154.519482
ENSMUSG00000071078.6	36.31255
ENSMUSG00000071089.3	0
ENSMUSG00000071102.1	0
ENSMUSG00000071103.10	0.727214
ENSMUSG00000071104.10	0
ENSMUSG00000071112.12	0.312497
ENSMUSG00000071113.4	0.151979
ENSMUSG00000071138.4	0
ENSMUSG00000071141.7	0
ENSMUSG00000071147.2	0
ENSMUSG00000071149.3	0
ENSMUSG00000071150.1	0
ENSMUSG00000071151.3	0.058345
ENSMUSG00000071158.9	0
ENSMUSG00000071165.3	0
ENSMUSG00000071169.1	0
ENSMUSG00000071172.13	41.337592
ENSMUSG00000071176.10	6.890016
ENSMUSG00000071177.4	0.300111
ENSMUSG00000071178.11	2.715518
ENSMUSG00000071179.8	0
ENSMUSG00000071180.5	14.717846
ENSMUSG00000071181.2	1.98809
ENSMUSG00000071185.5	0
ENSMUSG00000071192.6	0.011876
ENSMUSG00000071195.4	0
ENSMUSG00000071202.5	0
ENSMUSG00000071203.6	0.027867
ENSMUSG00000071204.10	0
ENSMUSG00000071207.4	0
ENSMUSG00000071226.11	0.244989
ENSMUSG00000071229.3	0
ENSMUSG00000071230.7	1.700258
ENSMUSG00000071234.3	28.439857
ENSMUSG00000071235.12	0.049135
ENSMUSG00000071237.4	0
ENSMUSG00000071252.6	1.784255
ENSMUSG00000071253.8	9.995687
ENSMUSG00000071256.4	4.33254
ENSMUSG00000071262.10	0
ENSMUSG00000071265.10	8.292832
ENSMUSG00000071266.13	1.55931
ENSMUSG00000071267.11	1.856521
ENSMUSG00000071273.4	0
ENSMUSG00000071275.1	0
ENSMUSG00000071276.1	0
ENSMUSG00000071280.2	0.047641
ENSMUSG00000071281.12	1.304515
ENSMUSG00000071291.10	2.063557
ENSMUSG00000071294.2	0
ENSMUSG00000071302.10	2.331216
ENSMUSG00000071303.4	0
ENSMUSG00000071311.2	0
ENSMUSG00000071317.4	0.334259
ENSMUSG00000071322.12	0
ENSMUSG00000071324.11	3.457355
ENSMUSG00000071332.12	0.127078
ENSMUSG00000071335.5	0.018298
ENSMUSG00000071337.11	3.834458
ENSMUSG00000071340.2	0
ENSMUSG00000071341.4	9.082643
ENSMUSG00000071342.5	0.405577
ENSMUSG00000071343.2	0.458222
ENSMUSG00000071347.3	0
ENSMUSG00000071350.12	0.956945
ENSMUSG00000071356.7	0
ENSMUSG00000071359.13	24.612959
ENSMUSG00000071361.1	0
ENSMUSG00000071362.3	0.038685
ENSMUSG00000071369.11	3.921299
ENSMUSG00000071379.2	103.324718
ENSMUSG00000071392.6	0.061733
ENSMUSG00000071398.8	2.081996
ENSMUSG00000071414.5	0.06388
ENSMUSG00000071415.6	247.539831
ENSMUSG00000071419.7	0.637518
ENSMUSG00000071424.10	1.886261
ENSMUSG00000071428.2	0
ENSMUSG00000071434.2	0
ENSMUSG00000071451.10	26.151521
ENSMUSG00000071452.4	0
ENSMUSG00000071454.13	53.348738
ENSMUSG00000071456.6	3.553793
ENSMUSG00000071470.4	0.315468
ENSMUSG00000071471.2	0
ENSMUSG00000071475.3	0
ENSMUSG00000071477.10	16.454177
ENSMUSG00000071478.6	0.247424
ENSMUSG00000071481.4	0
ENSMUSG00000071489.1	0.158235
ENSMUSG00000071490.5	0
ENSMUSG00000071491.2	0
ENSMUSG00000071493.5	0
ENSMUSG00000071494.5	0
ENSMUSG00000071497.4	1.765352
ENSMUSG00000071506.4	0.057755
ENSMUSG00000071510.3	0
ENSMUSG00000071516.2	0
ENSMUSG00000071517.6	0.761291
ENSMUSG00000071519.6	0
ENSMUSG00000071521.4	0
ENSMUSG00000071522.3	0
ENSMUSG00000071528.4	1556.803471
ENSMUSG00000071531.3	0.459775
ENSMUSG00000071532.6	1.749022
ENSMUSG00000071533.11	50.699587
ENSMUSG00000071537.6	0.163525
ENSMUSG00000071540.4	0.015653
ENSMUSG00000071547.4	8.536895
ENSMUSG00000071550.14	0.54845
ENSMUSG00000071551.13	0
ENSMUSG00000071552.5	0.075494
ENSMUSG00000071553.10	7.016631
ENSMUSG00000071561.2	0.129324
ENSMUSG00000071562.6	0
ENSMUSG00000071568.5	2.76937
ENSMUSG00000071573.14	1.233115
ENSMUSG00000071586.4	0
ENSMUSG00000071591.3	0.148002
ENSMUSG00000071604.5	8.487247
ENSMUSG00000071613.11	0.137307
ENSMUSG00000071629.3	0
ENSMUSG00000071632.10	13.122172
ENSMUSG00000071633.11	0.027534
ENSMUSG00000071636.8	0.387718
ENSMUSG00000071637.5	0.88707
ENSMUSG00000071640.3	0
ENSMUSG00000071644.10	360.862191
ENSMUSG00000071645.6	10.663935
ENSMUSG00000071646.9	13.532488
ENSMUSG00000071647.5	5.755633
ENSMUSG00000071648.4	12.041653
ENSMUSG00000071649.6	204.928237
ENSMUSG00000071650.6	35.136885
ENSMUSG00000071652.8	10.715456
ENSMUSG00000071653.9	28.857478
ENSMUSG00000071654.6	44.270908
ENSMUSG00000071655.12	113.008603
ENSMUSG00000071656.7	0.762994
ENSMUSG00000071657.12	89.577196
ENSMUSG00000071658.5	260.70675
ENSMUSG00000071659.4	30.796693
ENSMUSG00000071660.10	11.342191
ENSMUSG00000071661.7	2.392099
ENSMUSG00000071662.4	110.347075
ENSMUSG00000071665.10	0.277121
ENSMUSG00000071669.14	2.087313
ENSMUSG00000071671.5	0.511691
ENSMUSG00000071679.4	0.388903
ENSMUSG00000071680.6	0
ENSMUSG00000071686.2	0
ENSMUSG00000071691.11	0.887128
ENSMUSG00000071708.11	22.620529
ENSMUSG00000071711.12	44.604683
ENSMUSG00000071713.6	0.248711
ENSMUSG00000071714.7	0.174538
ENSMUSG00000071715.12	0.783589
ENSMUSG00000071716.5	0.013794
ENSMUSG00000071719.2	9.399189
ENSMUSG00000071721.5	0
ENSMUSG00000071722.4	0.25241
ENSMUSG00000071723.7	7.362335
ENSMUSG00000071724.5	0.548122
ENSMUSG00000071726.2	0
ENSMUSG00000071738.4	0
ENSMUSG00000071745.1	0.514676
ENSMUSG00000071748.2	0.020714
ENSMUSG00000071749.3	0
ENSMUSG00000071750.3	0
ENSMUSG00000071753.13	5.641995
ENSMUSG00000071757.10	3.549745
ENSMUSG00000071763.9	0.159701
ENSMUSG00000071764.2	0
ENSMUSG00000071766.12	0
ENSMUSG00000071767.4	0
ENSMUSG00000071769.11	0
ENSMUSG00000071770.5	0
ENSMUSG00000071771.4	0
ENSMUSG00000071772.13	0
ENSMUSG00000071773.4	0
ENSMUSG00000071788.5	0
ENSMUSG00000071793.12	6.622753
ENSMUSG00000071796.13	8.55468
ENSMUSG00000071815.6	0
ENSMUSG00000071816.5	0
ENSMUSG00000071818.9	0
ENSMUSG00000071847.13	6.149475
ENSMUSG00000071855.5	2.380974
ENSMUSG00000071856.10	2.36413
ENSMUSG00000071858.4	0
ENSMUSG00000071862.3	5.612792
ENSMUSG00000071866.12	2972.922715
ENSMUSG00000071867.5	0.333979
ENSMUSG00000071890.4	0
ENSMUSG00000071893.7	0
ENSMUSG00000071909.2	0
ENSMUSG00000071937.4	0
ENSMUSG00000071952.3	0
ENSMUSG00000071984.11	1.033216
ENSMUSG00000072049.6	0
ENSMUSG00000072066.7	0.261622
ENSMUSG00000072068.4	0
ENSMUSG00000072082.7	1.296058
ENSMUSG00000072100.4	0
ENSMUSG00000072109.11	0.086174
ENSMUSG00000072115.11	0.762314
ENSMUSG00000072145.3	0.038792
ENSMUSG00000072188.4	0
ENSMUSG00000072214.7	542.717164
ENSMUSG00000072235.6	1076.904929
ENSMUSG00000072244.11	0.007676
ENSMUSG00000072249.3	0
ENSMUSG00000072255.3	0
ENSMUSG00000072258.10	2.84849
ENSMUSG00000072259.3	0
ENSMUSG00000072294.5	0.908103
ENSMUSG00000072295.7	0
ENSMUSG00000072324.4	1.209034
ENSMUSG00000072381.3	0
ENSMUSG00000072387.3	0
ENSMUSG00000072407.4	0
ENSMUSG00000072419.5	0
ENSMUSG00000072421.4	1.317588
ENSMUSG00000072423.5	0.504304
ENSMUSG00000072437.4	7.506662
ENSMUSG00000072460.5	0
ENSMUSG00000072473.4	0.665842
ENSMUSG00000072476.6	8.587237
ENSMUSG00000072477.5	0
ENSMUSG00000072479.10	0.018993
ENSMUSG00000072487.11	0.152697
ENSMUSG00000072492.5	0.826182
ENSMUSG00000072494.7	3.538442
ENSMUSG00000072501.5	6.71409
ENSMUSG00000072511.3	0
ENSMUSG00000072541.2	0
ENSMUSG00000072553.10	0.073601
ENSMUSG00000072568.4	1.554825
ENSMUSG00000072571.3	0.421217
ENSMUSG00000072572.9	0
ENSMUSG00000072573.2	0.028848
ENSMUSG00000072574.4	0.09941
ENSMUSG00000072575.4	0
ENSMUSG00000072576.5	0
ENSMUSG00000072582.9	5.395744
ENSMUSG00000072584.2	0
ENSMUSG00000072589.4	0
ENSMUSG00000072591.10	9.221278
ENSMUSG00000072592.2	0
ENSMUSG00000072594.3	0
ENSMUSG00000072595.3	0
ENSMUSG00000072596.4	0.051664
ENSMUSG00000072598.3	0
ENSMUSG00000072599.3	0
ENSMUSG00000072600.4	0
ENSMUSG00000072601.4	0
ENSMUSG00000072605.10	0
ENSMUSG00000072612.3	0.397897
ENSMUSG00000072616.5	0
ENSMUSG00000072618.2	0.059958
ENSMUSG00000072620.3	0.565181
ENSMUSG00000072621.13	0
ENSMUSG00000072623.6	3.813503
ENSMUSG00000072624.3	0
ENSMUSG00000072625.1	0.049834
ENSMUSG00000072640.11	13.214866
ENSMUSG00000072647.6	0.357227
ENSMUSG00000072653.14	2.039602
ENSMUSG00000072660.5	0.235332
ENSMUSG00000072662.2	0.295476
ENSMUSG00000072663.12	0.071147
ENSMUSG00000072664.11	0
ENSMUSG00000072672.10	0
ENSMUSG00000072673.2	0
ENSMUSG00000072674.10	6.673524
ENSMUSG00000072675.12	0
ENSMUSG00000072676.12	0.947121
ENSMUSG00000072677.4	0
ENSMUSG00000072679.10	0.028413
ENSMUSG00000072680.11	2.512887
ENSMUSG00000072683.3	0
ENSMUSG00000072686.2	0
ENSMUSG00000072688.2	0.294256
ENSMUSG00000072692.7	7.484159
ENSMUSG00000072693.2	0.065086
ENSMUSG00000072694.8	169.578273
ENSMUSG00000072704.6	61.874924
ENSMUSG00000072707.3	0
ENSMUSG00000072708.3	0
ENSMUSG00000072709.3	0
ENSMUSG00000072714.2	0
ENSMUSG00000072717.8	0
ENSMUSG00000072718.6	0
ENSMUSG00000072720.9	0.637224
ENSMUSG00000072721.8	0
ENSMUSG00000072722.2	0
ENSMUSG00000072723.12	0
ENSMUSG00000072726.3	0
ENSMUSG00000072731.6	0
ENSMUSG00000072738.3	0
ENSMUSG00000072739.4	0
ENSMUSG00000072753.12	0
ENSMUSG00000072754.9	0
ENSMUSG00000072761.10	0.48038
ENSMUSG00000072762.9	1.053723
ENSMUSG00000072763.2	0.107119
ENSMUSG00000072768.1	0.070119
ENSMUSG00000072769.6	18.897864
ENSMUSG00000072770.9	4.948261
ENSMUSG00000072772.3	430.881277
ENSMUSG00000072774.10	0.109779
ENSMUSG00000072778.3	0.042178
ENSMUSG00000072780.3	0
ENSMUSG00000072789.4	0.525696
ENSMUSG00000072791.11	0
ENSMUSG00000072809.2	0.530246
ENSMUSG00000072812.4	1.028043
ENSMUSG00000072813.5	0
ENSMUSG00000072814.10	0
ENSMUSG00000072821.4	0
ENSMUSG00000072822.2	0
ENSMUSG00000072825.11	46.992823
ENSMUSG00000072834.4	0
ENSMUSG00000072837.1	0
ENSMUSG00000072844.6	0.084926
ENSMUSG00000072845.3	0.135563
ENSMUSG00000072847.4	5.762671
ENSMUSG00000072849.10	0
ENSMUSG00000072852.4	0.300671
ENSMUSG00000072872.3	8.338832
ENSMUSG00000072874.4	0
ENSMUSG00000072875.2	16.751263
ENSMUSG00000072878.4	0.017844
ENSMUSG00000072884.10	0.124029
ENSMUSG00000072888.2	0
ENSMUSG00000072889.9	1.33526
ENSMUSG00000072893.12	6.054703
ENSMUSG00000072898.3	0.18951
ENSMUSG00000072900.2	0
ENSMUSG00000072902.4	0
ENSMUSG00000072905.5	0
ENSMUSG00000072915.3	1.550212
ENSMUSG00000072919.4	0.116
ENSMUSG00000072923.6	0
ENSMUSG00000072929.6	0
ENSMUSG00000072930.3	0
ENSMUSG00000072931.4	0
ENSMUSG00000072934.10	0
ENSMUSG00000072940.5	6.202083
ENSMUSG00000072941.5	3.123522
ENSMUSG00000072944.11	0.184817
ENSMUSG00000072945.3	0.309215
ENSMUSG00000072946.12	10.774876
ENSMUSG00000072949.6	15.023935
ENSMUSG00000072950.5	0
ENSMUSG00000072952.7	0
ENSMUSG00000072955.14	6.133133
ENSMUSG00000072962.3	0.029568
ENSMUSG00000072963.2	0
ENSMUSG00000072964.14	9.762597
ENSMUSG00000072966.11	20.886872
ENSMUSG00000072968.4	0
ENSMUSG00000072969.2	5.352427
ENSMUSG00000072972.3	0.108356
ENSMUSG00000072974.4	0.024394
ENSMUSG00000072978.3	0
ENSMUSG00000072980.3	0.728577
ENSMUSG00000072982.1	0.028848
ENSMUSG00000072983.4	0
ENSMUSG00000072995.1	0
ENSMUSG00000072999.9	0
ENSMUSG00000073000.3	0.818837
ENSMUSG00000073001.3	0
ENSMUSG00000073002.9	9.716887
ENSMUSG00000073006.2	0
ENSMUSG00000073007.10	0
ENSMUSG00000073008.11	0.035184
ENSMUSG00000073010.9	0
ENSMUSG00000073012.2	0
ENSMUSG00000073016.3	0.553203
ENSMUSG00000073018.6	0.05194
ENSMUSG00000073027.10	0
ENSMUSG00000073028.4	0
ENSMUSG00000073043.5	0
ENSMUSG00000073045.9	0
ENSMUSG00000073051.4	0
ENSMUSG00000073052.4	0
ENSMUSG00000073060.4	0
ENSMUSG00000073062.3	5.122744
ENSMUSG00000073063.3	0.76877
ENSMUSG00000073067.10	0.065777
ENSMUSG00000073069.2	0
ENSMUSG00000073073.4	0.402614
ENSMUSG00000073077.7	0.020885
ENSMUSG00000073079.6	12.638614
ENSMUSG00000073085.2	0
ENSMUSG00000073094.9	0
ENSMUSG00000073096.11	29.255403
ENSMUSG00000073102.7	6.289566
ENSMUSG00000073103.2	0
ENSMUSG00000073110.3	0
ENSMUSG00000073111.3	0
ENSMUSG00000073116.4	0.020084
ENSMUSG00000073117.2	0.020733
ENSMUSG00000073119.3	0.009995
ENSMUSG00000073125.10	1.093379
ENSMUSG00000073130.10	0.014221
ENSMUSG00000073131.12	17.105587
ENSMUSG00000073139.9	35.200525
ENSMUSG00000073141.8	0
ENSMUSG00000073144.4	0.11952
ENSMUSG00000073145.6	0
ENSMUSG00000073147.3	8.652427
ENSMUSG00000073152.4	0
ENSMUSG00000073154.10	4.095902
ENSMUSG00000073155.12	30.892848
ENSMUSG00000073158.4	0
ENSMUSG00000073164.11	0
ENSMUSG00000073173.2	0
ENSMUSG00000073174.6	0
ENSMUSG00000073176.4	0.377655
ENSMUSG00000073177.8	0
ENSMUSG00000073179.3	0
ENSMUSG00000073184.4	0
ENSMUSG00000073197.9	0
ENSMUSG00000073198.5	0.033021
ENSMUSG00000073207.1	1.298646
ENSMUSG00000073208.12	0
ENSMUSG00000073209.4	0.048657
ENSMUSG00000073226.9	0
ENSMUSG00000073233.4	0.07295
ENSMUSG00000073234.4	0.17973
ENSMUSG00000073236.4	5.052162
ENSMUSG00000073242.4	0
ENSMUSG00000073243.2	0
ENSMUSG00000073245.10	0
ENSMUSG00000073247.3	0
ENSMUSG00000073255.10	0
ENSMUSG00000073257.3	0
ENSMUSG00000073267.5	0
ENSMUSG00000073274.4	0
ENSMUSG00000073290.1	0.590983
ENSMUSG00000073291.3	0
ENSMUSG00000073293.4	12.169113
ENSMUSG00000073294.4	0.050599
ENSMUSG00000073295.4	11.483546
ENSMUSG00000073367.5	0.129273
ENSMUSG00000073371.4	14.720505
ENSMUSG00000073374.3	0.327085
ENSMUSG00000073375.3	0
ENSMUSG00000073377.9	0
ENSMUSG00000073380.2	0
ENSMUSG00000073386.5	0
ENSMUSG00000073394.4	0.637516
ENSMUSG00000073396.5	0
ENSMUSG00000073399.9	0.057764
ENSMUSG00000073400.6	0.013547
ENSMUSG00000073402.11	0.085146
ENSMUSG00000073403.11	0.036999
ENSMUSG00000073405.6	2.378
ENSMUSG00000073406.10	13.831219
ENSMUSG00000073407.1	0
ENSMUSG00000073408.2	0
ENSMUSG00000073409.12	0.4051
ENSMUSG00000073411.12	49.428539
ENSMUSG00000073412.6	10.911035
ENSMUSG00000073413.9	1.531422
ENSMUSG00000073414.8	0
ENSMUSG00000073415.4	3.351345
ENSMUSG00000073418.4	7.982894
ENSMUSG00000073420.10	0
ENSMUSG00000073421.6	8.718439
ENSMUSG00000073422.11	42.906164
ENSMUSG00000073423.10	30.489677
ENSMUSG00000073424.9	8.081524
ENSMUSG00000073427.4	2.008069
ENSMUSG00000073430.5	0.018552
ENSMUSG00000073433.11	137.482797
ENSMUSG00000073434.12	2.056659
ENSMUSG00000073435.10	83.058151
ENSMUSG00000073436.11	13.919535
ENSMUSG00000073437.10	1.898099
ENSMUSG00000073448.2	0.462575
ENSMUSG00000073457.4	0
ENSMUSG00000073458.2	0
ENSMUSG00000073460.5	1.093401
ENSMUSG00000073468.12	50.175212
ENSMUSG00000073471.3	13.774321
ENSMUSG00000073478.6	10.17692
ENSMUSG00000073481.9	89.490096
ENSMUSG00000073482.2	0.096399
ENSMUSG00000073485.3	0.32864
ENSMUSG00000073486.2	0
ENSMUSG00000073489.6	0.039664
ENSMUSG00000073490.11	0.018879
ENSMUSG00000073491.11	0
ENSMUSG00000073492.2	0
ENSMUSG00000073494.5	0
ENSMUSG00000073497.6	0
ENSMUSG00000073510.2	0
ENSMUSG00000073514.4	3.174063
ENSMUSG00000073528.7	0
ENSMUSG00000073529.9	0.064316
ENSMUSG00000073530.11	0.095985
ENSMUSG00000073532.3	2.132556
ENSMUSG00000073535.5	0.124588
ENSMUSG00000073538.10	0.095091
ENSMUSG00000073542.3	1.730982
ENSMUSG00000073551.5	0.271458
ENSMUSG00000073554.3	0
ENSMUSG00000073555.1	0
ENSMUSG00000073557.12	7.522062
ENSMUSG00000073559.2	0
ENSMUSG00000073563.3	7.974829
ENSMUSG00000073565.5	2.586959
ENSMUSG00000073568.2	0
ENSMUSG00000073569.2	0
ENSMUSG00000073572.2	0
ENSMUSG00000073573.6	0
ENSMUSG00000073574.4	0.092307
ENSMUSG00000073590.3	0.443366
ENSMUSG00000073591.4	1.787578
ENSMUSG00000073594.3	0.029234
ENSMUSG00000073598.3	0.060198
ENSMUSG00000073599.10	3.126449
ENSMUSG00000073600.5	1.445199
ENSMUSG00000073601.2	0
ENSMUSG00000073602.10	0
ENSMUSG00000073607.2	0.239944
ENSMUSG00000073608.4	0
ENSMUSG00000073609.9	3.127387
ENSMUSG00000073616.10	482.620086
ENSMUSG00000073627.7	1.114885
ENSMUSG00000073628.5	0
ENSMUSG00000073631.2	0
ENSMUSG00000073633.9	5.189178
ENSMUSG00000073639.6	43.441957
ENSMUSG00000073640.3	0
ENSMUSG00000073643.11	8.329587
ENSMUSG00000073647.4	2.805712
ENSMUSG00000073650.8	0.528256
ENSMUSG00000073652.10	0
ENSMUSG00000073656.4	0
ENSMUSG00000073658.4	0
ENSMUSG00000073664.11	0.216168
ENSMUSG00000073676.4	161.744286
ENSMUSG00000073678.4	1.177696
ENSMUSG00000073679.2	0
ENSMUSG00000073680.2	51.80698
ENSMUSG00000073682.3	0
ENSMUSG00000073684.13	29.974932
ENSMUSG00000073686.2	0.057255
ENSMUSG00000073699.3	0.07923
ENSMUSG00000073700.3	3.93524
ENSMUSG00000073702.11	1178.178668
ENSMUSG00000073705.10	6.663381
ENSMUSG00000073716.6	0.144544
ENSMUSG00000073721.5	0
ENSMUSG00000073722.3	0
ENSMUSG00000073723.10	0
ENSMUSG00000073724.12	0
ENSMUSG00000073725.8	28.258682
ENSMUSG00000073728.10	0.153674
ENSMUSG00000073730.2	0
ENSMUSG00000073731.12	0
ENSMUSG00000073733.4	0.311985
ENSMUSG00000073735.1	0
ENSMUSG00000073737.3	0
ENSMUSG00000073739.3	0.091342
ENSMUSG00000073747.2	0
ENSMUSG00000073752.2	0.606207
ENSMUSG00000073753.4	0
ENSMUSG00000073755.4	68.321086
ENSMUSG00000073758.10	0.426173
ENSMUSG00000073759.6	0
ENSMUSG00000073761.2	0
ENSMUSG00000073764.2	0
ENSMUSG00000073765.6	0
ENSMUSG00000073768.3	0
ENSMUSG00000073769.4	0
ENSMUSG00000073771.11	7.140594
ENSMUSG00000073774.2	0.151025
ENSMUSG00000073775.4	7.891004
ENSMUSG00000073778.2	0
ENSMUSG00000073779.7	1.80964
ENSMUSG00000073781.4	0.044595
ENSMUSG00000073785.2	0
ENSMUSG00000073786.1	0
ENSMUSG00000073787.4	1.166597
ENSMUSG00000073789.2	0
ENSMUSG00000073791.12	0.562105
ENSMUSG00000073792.11	1.10059
ENSMUSG00000073794.3	0
ENSMUSG00000073795.11	0.641398
ENSMUSG00000073797.5	0
ENSMUSG00000073802.5	0.438785
ENSMUSG00000073803.3	0
ENSMUSG00000073804.5	0.253455
ENSMUSG00000073805.5	2.587833
ENSMUSG00000073807.1	0
ENSMUSG00000073809.1	0
ENSMUSG00000073811.4	0
ENSMUSG00000073821.11	0
ENSMUSG00000073830.11	0
ENSMUSG00000073834.10	0
ENSMUSG00000073835.5	0
ENSMUSG00000073838.10	66.922869
ENSMUSG00000073840.6	0
ENSMUSG00000073842.10	0
ENSMUSG00000073843.3	0
ENSMUSG00000073844.5	0
ENSMUSG00000073846.4	0
ENSMUSG00000073856.11	1.637047
ENSMUSG00000073860.12	0
ENSMUSG00000073862.4	0
ENSMUSG00000073867.2	0.062024
ENSMUSG00000073876.3	0.367808
ENSMUSG00000073877.10	7.172288
ENSMUSG00000073878.3	0.581373
ENSMUSG00000073879.4	0
ENSMUSG00000073888.13	246.963742
ENSMUSG00000073889.10	35.80471
ENSMUSG00000073893.6	0
ENSMUSG00000073894.1	0
ENSMUSG00000073896.5	0
ENSMUSG00000073897.5	0
ENSMUSG00000073898.3	0
ENSMUSG00000073899.3	0
ENSMUSG00000073900.5	0
ENSMUSG00000073901.4	0
ENSMUSG00000073902.5	0
ENSMUSG00000073906.3	0
ENSMUSG00000073907.3	0
ENSMUSG00000073908.5	0
ENSMUSG00000073909.2	0
ENSMUSG00000073910.10	1.258975
ENSMUSG00000073913.2	0
ENSMUSG00000073914.2	0
ENSMUSG00000073915.5	0
ENSMUSG00000073916.3	0
ENSMUSG00000073917.2	0
ENSMUSG00000073920.4	0
ENSMUSG00000073922.2	0
ENSMUSG00000073923.4	0
ENSMUSG00000073924.5	0
ENSMUSG00000073925.5	0
ENSMUSG00000073926.4	0
ENSMUSG00000073927.6	0
ENSMUSG00000073928.5	0
ENSMUSG00000073929.12	0
ENSMUSG00000073931.3	0
ENSMUSG00000073932.2	0
ENSMUSG00000073937.2	0
ENSMUSG00000073938.3	0
ENSMUSG00000073940.3	45.929992
ENSMUSG00000073943.4	0
ENSMUSG00000073944.6	0
ENSMUSG00000073945.2	0
ENSMUSG00000073946.5	0
ENSMUSG00000073947.4	0
ENSMUSG00000073948.3	0
ENSMUSG00000073949.4	0
ENSMUSG00000073950.6	0
ENSMUSG00000073951.4	0
ENSMUSG00000073952.5	0
ENSMUSG00000073953.4	0
ENSMUSG00000073954.5	0
ENSMUSG00000073955.2	0
ENSMUSG00000073956.3	0
ENSMUSG00000073959.5	0
ENSMUSG00000073960.1	0
ENSMUSG00000073961.4	0
ENSMUSG00000073962.9	0
ENSMUSG00000073963.3	0
ENSMUSG00000073964.3	0
ENSMUSG00000073965.1	0
ENSMUSG00000073966.3	0
ENSMUSG00000073967.3	0
ENSMUSG00000073968.4	0.86169
ENSMUSG00000073969.3	0
ENSMUSG00000073970.1	0
ENSMUSG00000073971.3	0
ENSMUSG00000073972.2	0
ENSMUSG00000073973.4	0
ENSMUSG00000073974.4	0
ENSMUSG00000073975.3	0.017584
ENSMUSG00000073976.10	0.058971
ENSMUSG00000073977.2	0
ENSMUSG00000073978.8	0
ENSMUSG00000073979.2	0
ENSMUSG00000073980.5	0
ENSMUSG00000073982.11	60.323141
ENSMUSG00000073985.2	0.312028
ENSMUSG00000073987.4	7.144781
ENSMUSG00000073988.13	1.741979
ENSMUSG00000073991.4	0
ENSMUSG00000073997.3	0
ENSMUSG00000073998.2	0
ENSMUSG00000074001.3	3.62814
ENSMUSG00000074003.4	0
ENSMUSG00000074004.3	0.319233
ENSMUSG00000074006.3	0.384554
ENSMUSG00000074011.4	0
ENSMUSG00000074024.5	0.704573
ENSMUSG00000074026.3	0
ENSMUSG00000074028.4	0
ENSMUSG00000074029.2	0
ENSMUSG00000074030.3	6.362768
ENSMUSG00000074034.1	0.045423
ENSMUSG00000074037.3	0
ENSMUSG00000074039.10	0.491639
ENSMUSG00000074052.7	0.092612
ENSMUSG00000074059.3	0
ENSMUSG00000074060.10	0
ENSMUSG00000074061.4	0
ENSMUSG00000074062.5	0
ENSMUSG00000074063.10	0.235817
ENSMUSG00000074064.6	21.453132
ENSMUSG00000074065.4	0.056305
ENSMUSG00000074067.9	0
ENSMUSG00000074071.11	0.129356
ENSMUSG00000074072.2	0
ENSMUSG00000074088.6	17.521101
ENSMUSG00000074092.5	0
ENSMUSG00000074093.4	15.450129
ENSMUSG00000074102.4	15.794035
ENSMUSG00000074108.1	0
ENSMUSG00000074109.4	0
ENSMUSG00000074111.4	0
ENSMUSG00000074113.4	0.061002
ENSMUSG00000074115.5	0.259143
ENSMUSG00000074121.3	0.191353
ENSMUSG00000074123.1	0
ENSMUSG00000074127.6	0
ENSMUSG00000074128.4	0
ENSMUSG00000074129.14	2079.953453
ENSMUSG00000074136.9	0.230225
ENSMUSG00000074139.8	0
ENSMUSG00000074141.13	0.598937
ENSMUSG00000074146.9	0
ENSMUSG00000074149.9	0
ENSMUSG00000074151.13	0.08984
ENSMUSG00000074155.2	0
ENSMUSG00000074156.6	0
ENSMUSG00000074158.9	0.08959
ENSMUSG00000074164.12	0
ENSMUSG00000074165.10	2.81445
ENSMUSG00000074166.7	0.769506
ENSMUSG00000074170.5	1.151348
ENSMUSG00000074171.2	0.91852
ENSMUSG00000074178.3	0.770472
ENSMUSG00000074179.11	0
ENSMUSG00000074182.8	3.728565
ENSMUSG00000074183.3	0
ENSMUSG00000074184.5	0
ENSMUSG00000074194.4	0.819555
ENSMUSG00000074195.3	0
ENSMUSG00000074196.10	0
ENSMUSG00000074199.7	0.141542
ENSMUSG00000074203.4	0.360317
ENSMUSG00000074206.7	0.036788
ENSMUSG00000074207.10	0.085212
ENSMUSG00000074210.3	0.108025
ENSMUSG00000074211.4	9.096443
ENSMUSG00000074212.7	5.551863
ENSMUSG00000074213.3	0.273688
ENSMUSG00000074215.2	2.081027
ENSMUSG00000074217.8	1.432067
ENSMUSG00000074218.3	17.950892
ENSMUSG00000074219.3	0.427569
ENSMUSG00000074220.10	1.08307
ENSMUSG00000074221.12	0.432492
ENSMUSG00000074224.3	0
ENSMUSG00000074227.12	41.468646
ENSMUSG00000074228.3	0.307473
ENSMUSG00000074232.3	0
ENSMUSG00000074235.4	0.702508
ENSMUSG00000074236.3	0.049059
ENSMUSG00000074237.3	0
ENSMUSG00000074238.6	32.59524
ENSMUSG00000074240.5	0
ENSMUSG00000074243.4	0.139229
ENSMUSG00000074247.10	46.907457
ENSMUSG00000074248.7	0
ENSMUSG00000074250.11	0
ENSMUSG00000074252.2	0
ENSMUSG00000074254.4	0
ENSMUSG00000074256.3	0.048872
ENSMUSG00000074259.10	2.250646
ENSMUSG00000074261.3	0
ENSMUSG00000074264.12	0.614468
ENSMUSG00000074268.4	0
ENSMUSG00000074269.10	2.142226
ENSMUSG00000074272.10	0.525746
ENSMUSG00000074274.7	0.881666
ENSMUSG00000074277.4	0.066831
ENSMUSG00000074280.6	140.137305
ENSMUSG00000074281.3	0.322023
ENSMUSG00000074282.10	4.578175
ENSMUSG00000074283.5	0.532055
ENSMUSG00000074284.6	0.105308
ENSMUSG00000074291.3	0
ENSMUSG00000074292.4	0
ENSMUSG00000074300.4	0
ENSMUSG00000074302.1	0
ENSMUSG00000074305.9	1.523274
ENSMUSG00000074311.3	0
ENSMUSG00000074322.5	0
ENSMUSG00000074336.5	0
ENSMUSG00000074340.9	0.068921
ENSMUSG00000074342.3	0.520533
ENSMUSG00000074343.3	0
ENSMUSG00000074344.7	0.256549
ENSMUSG00000074345.4	1.949169
ENSMUSG00000074346.6	0.909733
ENSMUSG00000074354.11	0.069396
ENSMUSG00000074355.2	0.156468
ENSMUSG00000074357.3	0.05648
ENSMUSG00000074358.9	5.129793
ENSMUSG00000074359.2	0
ENSMUSG00000074361.11	0.026233
ENSMUSG00000074364.6	2.309056
ENSMUSG00000074365.13	0
ENSMUSG00000074366.9	0
ENSMUSG00000074369.12	0
ENSMUSG00000074373.6	0
ENSMUSG00000074375.3	0
ENSMUSG00000074377.12	0
ENSMUSG00000074378.5	0.043421
ENSMUSG00000074384.4	2.06157
ENSMUSG00000074385.3	0.055312
ENSMUSG00000074388.3	0.078453
ENSMUSG00000074397.5	0
ENSMUSG00000074398.5	0.232339
ENSMUSG00000074403.2	0
ENSMUSG00000074404.6	0.052464
ENSMUSG00000074405.8	7.477727
ENSMUSG00000074406.5	5.417541
ENSMUSG00000074412.4	0.108812
ENSMUSG00000074415.14	5.351922
ENSMUSG00000074417.9	0.100405
ENSMUSG00000074418.4	0
ENSMUSG00000074419.11	0.032425
ENSMUSG00000074420.5	0
ENSMUSG00000074424.3	0
ENSMUSG00000074433.4	0
ENSMUSG00000074434.4	0
ENSMUSG00000074435.10	0
ENSMUSG00000074436.2	0
ENSMUSG00000074437.5	0.168714
ENSMUSG00000074439.4	0
ENSMUSG00000074440.3	0
ENSMUSG00000074441.3	0
ENSMUSG00000074442.4	0.682113
ENSMUSG00000074443.1	0
ENSMUSG00000074444.4	0
ENSMUSG00000074445.4	0.110889
ENSMUSG00000074446.3	0
ENSMUSG00000074447.2	0
ENSMUSG00000074448.2	0
ENSMUSG00000074449.3	0
ENSMUSG00000074452.13	0.037031
ENSMUSG00000074454.3	0
ENSMUSG00000074457.10	143.720273
ENSMUSG00000074461.2	5.364964
ENSMUSG00000074465.2	0
ENSMUSG00000074466.12	8.324719
ENSMUSG00000074467.4	2.182436
ENSMUSG00000074469.6	0
ENSMUSG00000074472.10	0
ENSMUSG00000074473.1	0
ENSMUSG00000074476.6	2.354837
ENSMUSG00000074479.3	13.491814
ENSMUSG00000074480.4	0.625292
ENSMUSG00000074482.5	0.118157
ENSMUSG00000074483.2	0
ENSMUSG00000074485.1	0
ENSMUSG00000074486.2	0.18951
ENSMUSG00000074489.9	0
ENSMUSG00000074491.9	0
ENSMUSG00000074500.11	0.404585
ENSMUSG00000074501.6	0
ENSMUSG00000074502.4	0
ENSMUSG00000074505.6	1.98479
ENSMUSG00000074506.4	0.427498
ENSMUSG00000074507.6	0.145239
ENSMUSG00000074508.4	0.015712
ENSMUSG00000074513.9	7.557289
ENSMUSG00000074516.6	0
ENSMUSG00000074517.2	0.428311
ENSMUSG00000074519.11	7.021329
ENSMUSG00000074521.9	3.248838
ENSMUSG00000074527.11	3.903302
ENSMUSG00000074529.10	0.14568
ENSMUSG00000074547.4	0.072551
ENSMUSG00000074553.4	0
ENSMUSG00000074555.5	0.120549
ENSMUSG00000074564.3	0
ENSMUSG00000074569.4	0.017304
ENSMUSG00000074570.14	0.155515
ENSMUSG00000074575.4	9.160167
ENSMUSG00000074576.4	6.036657
ENSMUSG00000074577.9	0.092772
ENSMUSG00000074578.14	51.593502
ENSMUSG00000074579.14	0.196259
ENSMUSG00000074580.11	0.816896
ENSMUSG00000074582.10	5.703328
ENSMUSG00000074589.4	0
ENSMUSG00000074591.8	0.790565
ENSMUSG00000074593.11	0
ENSMUSG00000074594.9	0
ENSMUSG00000074595.9	0
ENSMUSG00000074596.3	0
ENSMUSG00000074603.3	0.024508
ENSMUSG00000074604.9	0.328467
ENSMUSG00000074607.11	30.684984
ENSMUSG00000074619.5	0.012905
ENSMUSG00000074620.6	0
ENSMUSG00000074622.4	6.542582
ENSMUSG00000074623.4	0.134213
ENSMUSG00000074625.10	0.224967
ENSMUSG00000074627.11	0.080748
ENSMUSG00000074628.9	0
ENSMUSG00000074629.3	0
ENSMUSG00000074634.12	11.559039
ENSMUSG00000074635.3	0.20727
ENSMUSG00000074637.7	26.256875
ENSMUSG00000074639.6	0
ENSMUSG00000074643.12	9.10537
ENSMUSG00000074646.10	0.47449
ENSMUSG00000074647.4	0
ENSMUSG00000074649.6	91.736998
ENSMUSG00000074650.2	0
ENSMUSG00000074651.3	0.229221
ENSMUSG00000074652.3	5.20631
ENSMUSG00000074653.10	0
ENSMUSG00000074655.1	0
ENSMUSG00000074656.12	12.381153
ENSMUSG00000074657.5	243.628841
ENSMUSG00000074664.3	1.224856
ENSMUSG00000074665.11	0
ENSMUSG00000074671.6	16.093918
ENSMUSG00000074673.15	0.604429
ENSMUSG00000074676.2	0.41994
ENSMUSG00000074677.11	0
ENSMUSG00000074678.1	0
ENSMUSG00000074679.3	0
ENSMUSG00000074680.1	0
ENSMUSG00000074681.2	0
ENSMUSG00000074682.4	3.724605
ENSMUSG00000074695.3	0.060045
ENSMUSG00000074698.10	28.987969
ENSMUSG00000074704.9	0.133129
ENSMUSG00000074715.3	0.039317
ENSMUSG00000074731.3	0.021913
ENSMUSG00000074733.14	1.882632
ENSMUSG00000074734.3	0
ENSMUSG00000074735.2	0
ENSMUSG00000074736.10	30.528358
ENSMUSG00000074737.2	0.143355
ENSMUSG00000074738.2	31.554857
ENSMUSG00000074739.2	0
ENSMUSG00000074743.4	3.271053
ENSMUSG00000074746.3	5.08719
ENSMUSG00000074748.3	71.578507
ENSMUSG00000074749.10	5.961063
ENSMUSG00000074753.5	0
ENSMUSG00000074754.4	75.235368
ENSMUSG00000074758.10	2.404299
ENSMUSG00000074763.5	0
ENSMUSG00000074764.11	0
ENSMUSG00000074766.10	1.336999
ENSMUSG00000074768.6	0.084787
ENSMUSG00000074771.10	0.120902
ENSMUSG00000074776.4	0.48101
ENSMUSG00000074780.2	0
ENSMUSG00000074781.5	90.590879
ENSMUSG00000074782.3	1.076628
ENSMUSG00000074783.10	0
ENSMUSG00000074785.5	2.921738
ENSMUSG00000074793.10	1.333321
ENSMUSG00000074794.10	7.282835
ENSMUSG00000074796.10	0.408328
ENSMUSG00000074797.11	51.091524
ENSMUSG00000074800.4	5.168042
ENSMUSG00000074802.11	0.127918
ENSMUSG00000074804.3	0
ENSMUSG00000074805.5	0.02298
ENSMUSG00000074807.3	4.332841
ENSMUSG00000074811.3	4.885128
ENSMUSG00000074812.12	0
ENSMUSG00000074813.14	0.545088
ENSMUSG00000074817.2	0.013795
ENSMUSG00000074818.13	0.633315
ENSMUSG00000074824.3	0.066968
ENSMUSG00000074825.4	0.936268
ENSMUSG00000074826.10	0.172282
ENSMUSG00000074829.10	0.832022
ENSMUSG00000074830.4	0
ENSMUSG00000074832.11	0
ENSMUSG00000074837.2	0
ENSMUSG00000074841.2	0
ENSMUSG00000074846.3	2.402808
ENSMUSG00000074847.2	0.109208
ENSMUSG00000074849.2	0
ENSMUSG00000074852.4	0.055289
ENSMUSG00000074862.11	1.493209
ENSMUSG00000074863.5	0.619098
ENSMUSG00000074865.11	1.216154
ENSMUSG00000074867.4	0.039293
ENSMUSG00000074868.2	0
ENSMUSG00000074870.4	0
ENSMUSG00000074871.3	0
ENSMUSG00000074872.3	44.334666
ENSMUSG00000074874.10	0.042115
ENSMUSG00000074876.6	0.622986
ENSMUSG00000074877.3	0
ENSMUSG00000074881.4	0.025893
ENSMUSG00000074882.3	0
ENSMUSG00000074884.12	318.575506
ENSMUSG00000074885.4	0
ENSMUSG00000074886.11	31.760814
ENSMUSG00000074887.4	0
ENSMUSG00000074890.4	3.85235
ENSMUSG00000074892.9	9.223369
ENSMUSG00000074895.10	0.032575
ENSMUSG00000074896.3	2.656014
ENSMUSG00000074899.6	0.585913
ENSMUSG00000074903.5	0.156031
ENSMUSG00000074909.5	2.777563
ENSMUSG00000074912.10	0.397904
ENSMUSG00000074913.3	0
ENSMUSG00000074916.5	0.939144
ENSMUSG00000074918.4	22.415351
ENSMUSG00000074919.2	0
ENSMUSG00000074922.1	14.210072
ENSMUSG00000074923.10	16.073845
ENSMUSG00000074925.4	0.946996
ENSMUSG00000074928.4	0
ENSMUSG00000074930.5	0
ENSMUSG00000074934.3	0.20461
ENSMUSG00000074939.3	0.315206
ENSMUSG00000074945.3	0
ENSMUSG00000074946.5	0
ENSMUSG00000074947.3	0
ENSMUSG00000074952.3	0
ENSMUSG00000074955.3	0
ENSMUSG00000074965.5	0
ENSMUSG00000074966.5	0
ENSMUSG00000074968.11	7.064665
ENSMUSG00000074970.1	0
ENSMUSG00000074971.4	2.65412
ENSMUSG00000074973.4	0
ENSMUSG00000074978.4	0.174893
ENSMUSG00000074981.13	0.212536
ENSMUSG00000074987.9	0
ENSMUSG00000074991.5	0
ENSMUSG00000074994.6	0.678486
ENSMUSG00000074995.2	0
ENSMUSG00000074996.4	0
ENSMUSG00000074997.3	0
ENSMUSG00000074999.2	0
ENSMUSG00000075000.11	13.429739
ENSMUSG00000075002.2	0
ENSMUSG00000075006.2	0
ENSMUSG00000075010.5	1.322304
ENSMUSG00000075012.4	32.877375
ENSMUSG00000075014.1	0
ENSMUSG00000075015.3	0
ENSMUSG00000075020.6	4.158128
ENSMUSG00000075023.11	0
ENSMUSG00000075025.10	0
ENSMUSG00000075027.10	0.026729
ENSMUSG00000075028.12	1.641055
ENSMUSG00000075029.7	0
ENSMUSG00000075031.4	0.511895
ENSMUSG00000075033.4	3.531939
ENSMUSG00000075036.1	0.123905
ENSMUSG00000075040.9	2.476633
ENSMUSG00000075042.10	0
ENSMUSG00000075044.14	0
ENSMUSG00000075045.4	0
ENSMUSG00000075046.7	0
ENSMUSG00000075053.3	0.404637
ENSMUSG00000075054.5	4.859756
ENSMUSG00000075061.2	0
ENSMUSG00000075062.4	0
ENSMUSG00000075063.2	0
ENSMUSG00000075064.5	0
ENSMUSG00000075065.5	0
ENSMUSG00000075066.7	0
ENSMUSG00000075067.4	0
ENSMUSG00000075068.3	0
ENSMUSG00000075069.3	0
ENSMUSG00000075070.6	0
ENSMUSG00000075072.3	0.07684
ENSMUSG00000075073.3	0
ENSMUSG00000075074.3	0
ENSMUSG00000075075.2	0
ENSMUSG00000075078.5	0
ENSMUSG00000075079.3	0
ENSMUSG00000075081.6	0
ENSMUSG00000075084.3	0
ENSMUSG00000075085.6	0
ENSMUSG00000075086.2	0
ENSMUSG00000075088.2	0
ENSMUSG00000075090.4	0
ENSMUSG00000075091.5	0
ENSMUSG00000075092.2	0
ENSMUSG00000075093.3	0
ENSMUSG00000075094.1	0
ENSMUSG00000075095.5	0
ENSMUSG00000075097.3	0
ENSMUSG00000075099.2	0
ENSMUSG00000075100.4	0
ENSMUSG00000075101.4	0
ENSMUSG00000075102.2	0
ENSMUSG00000075104.3	0
ENSMUSG00000075105.3	0
ENSMUSG00000075107.3	0
ENSMUSG00000075110.2	0
ENSMUSG00000075111.11	0
ENSMUSG00000075112.2	0
ENSMUSG00000075113.2	0
ENSMUSG00000075114.4	0
ENSMUSG00000075115.3	0
ENSMUSG00000075117.3	0
ENSMUSG00000075119.2	0
ENSMUSG00000075120.4	0
ENSMUSG00000075121.2	0
ENSMUSG00000075122.5	0.073528
ENSMUSG00000075125.2	0
ENSMUSG00000075126.4	0
ENSMUSG00000075127.2	0
ENSMUSG00000075128.7	0
ENSMUSG00000075132.2	0
ENSMUSG00000075133.2	0
ENSMUSG00000075136.4	0
ENSMUSG00000075137.4	0
ENSMUSG00000075139.3	0
ENSMUSG00000075140.4	0
ENSMUSG00000075141.5	0
ENSMUSG00000075142.1	0
ENSMUSG00000075143.5	0
ENSMUSG00000075144.5	0
ENSMUSG00000075145.2	0
ENSMUSG00000075146.2	0
ENSMUSG00000075148.1	0
ENSMUSG00000075149.2	0
ENSMUSG00000075150.2	0
ENSMUSG00000075151.6	0
ENSMUSG00000075153.2	0
ENSMUSG00000075155.2	0
ENSMUSG00000075156.4	0
ENSMUSG00000075158.5	0
ENSMUSG00000075159.5	0
ENSMUSG00000075160.3	0
ENSMUSG00000075161.3	0
ENSMUSG00000075162.3	0.075773
ENSMUSG00000075163.5	0
ENSMUSG00000075164.2	0
ENSMUSG00000075165.3	0
ENSMUSG00000075166.2	0
ENSMUSG00000075167.3	0
ENSMUSG00000075168.4	0
ENSMUSG00000075169.5	0
ENSMUSG00000075170.4	0
ENSMUSG00000075171.3	0
ENSMUSG00000075172.3	0
ENSMUSG00000075174.2	0
ENSMUSG00000075175.2	0
ENSMUSG00000075176.3	0
ENSMUSG00000075179.3	0
ENSMUSG00000075181.1	0
ENSMUSG00000075184.3	0
ENSMUSG00000075185.1	0
ENSMUSG00000075186.4	0
ENSMUSG00000075187.2	0
ENSMUSG00000075188.4	0
ENSMUSG00000075189.5	0
ENSMUSG00000075190.2	0
ENSMUSG00000075192.4	0
ENSMUSG00000075193.2	0
ENSMUSG00000075194.3	0
ENSMUSG00000075195.3	0
ENSMUSG00000075196.3	0
ENSMUSG00000075197.3	0
ENSMUSG00000075198.2	0
ENSMUSG00000075199.3	0
ENSMUSG00000075200.2	0
ENSMUSG00000075201.2	0
ENSMUSG00000075202.5	0
ENSMUSG00000075203.1	0
ENSMUSG00000075204.3	0
ENSMUSG00000075205.5	0
ENSMUSG00000075206.1	0
ENSMUSG00000075208.6	0
ENSMUSG00000075209.3	0
ENSMUSG00000075210.4	0
ENSMUSG00000075211.4	0
ENSMUSG00000075212.5	0
ENSMUSG00000075214.3	0
ENSMUSG00000075215.2	0
ENSMUSG00000075217.1	0.187217
ENSMUSG00000075218.3	0
ENSMUSG00000075219.3	0
ENSMUSG00000075220.1	0
ENSMUSG00000075221.3	0
ENSMUSG00000075222.5	0
ENSMUSG00000075223.4	0
ENSMUSG00000075224.10	7.140034
ENSMUSG00000075225.15	0.472138
ENSMUSG00000075227.6	39.049745
ENSMUSG00000075228.1	0
ENSMUSG00000075229.11	8.893748
ENSMUSG00000075232.6	29.984296
ENSMUSG00000075245.4	0
ENSMUSG00000075249.12	0
ENSMUSG00000075254.12	3.342837
ENSMUSG00000075256.9	0.621789
ENSMUSG00000075265.4	0
ENSMUSG00000075266.5	2.336192
ENSMUSG00000075267.9	0.026883
ENSMUSG00000075268.2	2.953424
ENSMUSG00000075269.5	0
ENSMUSG00000075270.11	0.33961
ENSMUSG00000075271.4	1.437716
ENSMUSG00000075272.4	0
ENSMUSG00000075273.4	4.652677
ENSMUSG00000075276.5	0
ENSMUSG00000075277.5	0.274939
ENSMUSG00000075279.5	3.718187
ENSMUSG00000075284.10	3.053574
ENSMUSG00000075286.4	0
ENSMUSG00000075288.2	0
ENSMUSG00000075289.5	4.770791
ENSMUSG00000075296.5	1.525524
ENSMUSG00000075297.10	0.155098
ENSMUSG00000075302.10	0.421495
ENSMUSG00000075304.2	0.349646
ENSMUSG00000075307.3	0.095293
ENSMUSG00000075312.4	0
ENSMUSG00000075316.11	0.160295
ENSMUSG00000075318.13	7.838666
ENSMUSG00000075324.13	0.340083
ENSMUSG00000075325.3	0
ENSMUSG00000075327.10	2.550705
ENSMUSG00000075330.4	1.439212
ENSMUSG00000075334.2	65.131474
ENSMUSG00000075335.3	0
ENSMUSG00000075359.2	0
ENSMUSG00000075370.12	0.080829
ENSMUSG00000075376.10	4.641008
ENSMUSG00000075377.2	0
ENSMUSG00000075378.2	0
ENSMUSG00000075379.4	0
ENSMUSG00000075380.2	0
ENSMUSG00000075382.3	0
ENSMUSG00000075383.4	0
ENSMUSG00000075384.2	0
ENSMUSG00000075387.2	0
ENSMUSG00000075389.3	5.776095
ENSMUSG00000075390.5	0
ENSMUSG00000075391.6	20.34495
ENSMUSG00000075394.4	2.524819
ENSMUSG00000075395.11	0
ENSMUSG00000075402.1	0.039366
ENSMUSG00000075405.3	0.169266
ENSMUSG00000075408.5	0.085924
ENSMUSG00000075410.13	7.239317
ENSMUSG00000075415.13	21.488979
ENSMUSG00000075416.5	0.030409
ENSMUSG00000075419.4	15.061722
ENSMUSG00000075420.6	0
ENSMUSG00000075425.10	0
ENSMUSG00000075427.15	0.161144
ENSMUSG00000075431.6	0
ENSMUSG00000075437.4	1.091197
ENSMUSG00000075463.3	0.23557
ENSMUSG00000075465.2	0.020613
ENSMUSG00000075467.4	20.835708
ENSMUSG00000075469.3	0
ENSMUSG00000075470.2	5.263589
ENSMUSG00000075478.3	14.868675
ENSMUSG00000075480.2	0
ENSMUSG00000075486.10	36.5754
ENSMUSG00000075502.2	0.366445
ENSMUSG00000075510.3	0.161696
ENSMUSG00000075511.9	0.678106
ENSMUSG00000075512.5	0
ENSMUSG00000075514.4	11.831631
ENSMUSG00000075517.5	0
ENSMUSG00000075520.5	0
ENSMUSG00000075524.3	0
ENSMUSG00000075525.3	0.063469
ENSMUSG00000075528.13	63.16763
ENSMUSG00000075534.5	0
ENSMUSG00000075538.2	0
ENSMUSG00000075543.4	0
ENSMUSG00000075549.2	0
ENSMUSG00000075551.4	0.014878
ENSMUSG00000075552.4	0
ENSMUSG00000075553.2	0.041552
ENSMUSG00000075555.12	1.19389
ENSMUSG00000075558.3	0
ENSMUSG00000075566.2	0
ENSMUSG00000075567.4	0
ENSMUSG00000075569.10	0.641053
ENSMUSG00000075570.2	0.036638
ENSMUSG00000075571.8	1.18604
ENSMUSG00000075572.1	0
ENSMUSG00000075573.4	0
ENSMUSG00000075574.2	0
ENSMUSG00000075576.12	0.232728
ENSMUSG00000075581.5	0.10424
ENSMUSG00000075585.3	3.664099
ENSMUSG00000075586.4	0
ENSMUSG00000075587.5	0
ENSMUSG00000075588.6	1.40223
ENSMUSG00000075589.3	0
ENSMUSG00000075590.4	21.25742
ENSMUSG00000075591.2	0.115768
ENSMUSG00000075592.10	1.883432
ENSMUSG00000075593.10	2.336796
ENSMUSG00000075595.9	3.809668
ENSMUSG00000075598.5	0
ENSMUSG00000075599.4	0
ENSMUSG00000075600.3	4.967444
ENSMUSG00000075602.10	16.540453
ENSMUSG00000075604.5	0
ENSMUSG00000075605.3	0.151955
ENSMUSG00000075609.3	0.203952
ENSMUSG00000075610.9	0.046533
ENSMUSG00000075611.5	0.137672
ENSMUSG00000075700.9	49.527774
ENSMUSG00000075701.9	35.832815
ENSMUSG00000075702.9	346.148301
ENSMUSG00000075703.15	6.272708
ENSMUSG00000075704.16	20.720483
ENSMUSG00000075705.12	48.082943
ENSMUSG00000075706.10	857.967562
ENSMUSG00000075707.5	1.269983
ENSMUSG00000075719.1	0
ENSMUSG00000075726.1	0
ENSMUSG00000075760.1	0
ENSMUSG00000075770.1	0
ENSMUSG00000075826.1	0
ENSMUSG00000075829.1	0
ENSMUSG00000075832.1	0
ENSMUSG00000075833.1	0
ENSMUSG00000075837.1	0
ENSMUSG00000075864.1	0
ENSMUSG00000075874.1	0
ENSMUSG00000075893.1	0
ENSMUSG00000075903.1	0
ENSMUSG00000075906.1	0
ENSMUSG00000075908.1	0
ENSMUSG00000075918.1	0
ENSMUSG00000075934.1	0
ENSMUSG00000075952.1	0
ENSMUSG00000075958.1	0
ENSMUSG00000075968.1	0
ENSMUSG00000075973.1	0
ENSMUSG00000075983.1	0
ENSMUSG00000076005.1	0
ENSMUSG00000076006.2	0
ENSMUSG00000076009.1	0
ENSMUSG00000076010.1	0
ENSMUSG00000076011.1	0
ENSMUSG00000076012.1	0
ENSMUSG00000076014.1	0
ENSMUSG00000076028.1	0
ENSMUSG00000076030.1	0
ENSMUSG00000076031.1	0
ENSMUSG00000076033.1	0
ENSMUSG00000076036.1	0
ENSMUSG00000076037.1	0
ENSMUSG00000076038.1	0
ENSMUSG00000076039.1	0
ENSMUSG00000076041.1	0
ENSMUSG00000076042.1	0
ENSMUSG00000076049.4	0
ENSMUSG00000076050.1	0
ENSMUSG00000076051.1	0
ENSMUSG00000076052.1	0
ENSMUSG00000076060.1	0
ENSMUSG00000076062.1	0
ENSMUSG00000076063.1	0
ENSMUSG00000076064.1	0
ENSMUSG00000076065.1	0
ENSMUSG00000076066.1	0
ENSMUSG00000076067.1	0
ENSMUSG00000076068.1	0
ENSMUSG00000076117.1	0
ENSMUSG00000076118.1	0
ENSMUSG00000076119.1	0
ENSMUSG00000076120.1	0
ENSMUSG00000076121.1	0
ENSMUSG00000076122.1	0
ENSMUSG00000076123.1	0
ENSMUSG00000076126.1	0
ENSMUSG00000076127.1	0
ENSMUSG00000076128.1	0
ENSMUSG00000076129.1	0
ENSMUSG00000076135.1	0
ENSMUSG00000076136.1	0
ENSMUSG00000076137.1	0
ENSMUSG00000076138.1	0
ENSMUSG00000076140.1	0
ENSMUSG00000076141.1	0
ENSMUSG00000076142.1	0
ENSMUSG00000076143.1	0
ENSMUSG00000076144.1	0
ENSMUSG00000076145.1	0
ENSMUSG00000076146.1	0
ENSMUSG00000076147.1	0
ENSMUSG00000076163.1	0
ENSMUSG00000076180.1	0
ENSMUSG00000076190.1	0
ENSMUSG00000076199.1	0
ENSMUSG00000076212.1	0
ENSMUSG00000076214.1	0
ENSMUSG00000076216.1	0
ENSMUSG00000076217.1	0
ENSMUSG00000076218.1	0
ENSMUSG00000076219.1	0
ENSMUSG00000076222.1	0
ENSMUSG00000076227.1	0
ENSMUSG00000076228.1	0
ENSMUSG00000076229.1	0
ENSMUSG00000076230.1	0
ENSMUSG00000076231.1	0
ENSMUSG00000076232.1	0
ENSMUSG00000076233.1	0
ENSMUSG00000076234.1	0
ENSMUSG00000076236.1	0
ENSMUSG00000076237.1	0
ENSMUSG00000076238.1	0
ENSMUSG00000076240.1	0
ENSMUSG00000076241.2	0
ENSMUSG00000076246.1	0
ENSMUSG00000076251.1	0
ENSMUSG00000076252.1	0
ENSMUSG00000076253.1	0
ENSMUSG00000076255.2	0
ENSMUSG00000076256.1	0
ENSMUSG00000076258.1	0
ENSMUSG00000076269.1	0
ENSMUSG00000076270.1	0
ENSMUSG00000076271.1	0
ENSMUSG00000076272.1	0
ENSMUSG00000076274.1	0
ENSMUSG00000076275.1	0
ENSMUSG00000076281.1	0
ENSMUSG00000076282.1	0
ENSMUSG00000076284.1	0
ENSMUSG00000076286.1	0
ENSMUSG00000076287.1	0
ENSMUSG00000076288.1	0
ENSMUSG00000076294.1	0
ENSMUSG00000076300.1	0
ENSMUSG00000076303.1	0
ENSMUSG00000076304.1	0
ENSMUSG00000076305.1	0
ENSMUSG00000076309.2	0
ENSMUSG00000076312.1	0
ENSMUSG00000076313.1	0
ENSMUSG00000076315.2	0
ENSMUSG00000076316.1	0
ENSMUSG00000076318.1	0
ENSMUSG00000076320.1	0
ENSMUSG00000076323.1	0
ENSMUSG00000076327.1	0
ENSMUSG00000076332.1	0
ENSMUSG00000076333.1	0
ENSMUSG00000076335.1	0
ENSMUSG00000076337.1	0
ENSMUSG00000076338.1	0
ENSMUSG00000076343.1	0
ENSMUSG00000076355.2	0
ENSMUSG00000076357.2	0
ENSMUSG00000076360.1	0
ENSMUSG00000076361.1	0
ENSMUSG00000076364.1	0
ENSMUSG00000076366.1	0
ENSMUSG00000076370.1	0
ENSMUSG00000076371.1	0
ENSMUSG00000076372.2	0
ENSMUSG00000076376.1	0
ENSMUSG00000076377.1	0
ENSMUSG00000076379.2	0
ENSMUSG00000076382.1	0
ENSMUSG00000076385.1	0
ENSMUSG00000076387.1	0
ENSMUSG00000076389.1	0
ENSMUSG00000076392.1	0
ENSMUSG00000076394.1	0
ENSMUSG00000076395.1	0
ENSMUSG00000076396.1	0
ENSMUSG00000076398.1	0
ENSMUSG00000076399.1	0
ENSMUSG00000076407.1	0
ENSMUSG00000076424.1	0
ENSMUSG00000076430.1	0.138671
ENSMUSG00000076431.4	3.804063
ENSMUSG00000076432.13	166.746059
ENSMUSG00000076433.4	0.098294
ENSMUSG00000076434.9	0.427474
ENSMUSG00000076435.3	11.124482
ENSMUSG00000076436.1	0
ENSMUSG00000076437.10	58.84742
ENSMUSG00000076438.5	0.035962
ENSMUSG00000076439.12	87.675396
ENSMUSG00000076441.9	59.569315
ENSMUSG00000076444.1	0
ENSMUSG00000076445.1	0
ENSMUSG00000076448.1	0
ENSMUSG00000076450.1	0
ENSMUSG00000076451.1	0
ENSMUSG00000076453.1	0
ENSMUSG00000076454.1	0
ENSMUSG00000076455.1	0
ENSMUSG00000076456.1	0
ENSMUSG00000076457.1	0
ENSMUSG00000076458.1	0
ENSMUSG00000076459.1	0
ENSMUSG00000076460.1	0
ENSMUSG00000076461.2	0
ENSMUSG00000076462.2	0
ENSMUSG00000076463.2	0
ENSMUSG00000076465.2	0
ENSMUSG00000076467.3	0
ENSMUSG00000076469.3	0.326824
ENSMUSG00000076470.1	0
ENSMUSG00000076471.3	0
ENSMUSG00000076472.2	0
ENSMUSG00000076473.3	0
ENSMUSG00000076474.3	0
ENSMUSG00000076475.2	0
ENSMUSG00000076476.1	0
ENSMUSG00000076477.3	0
ENSMUSG00000076478.7	0
ENSMUSG00000076479.3	0
ENSMUSG00000076480.2	0
ENSMUSG00000076481.7	0
ENSMUSG00000076483.1	0
ENSMUSG00000076484.1	0
ENSMUSG00000076485.2	0
ENSMUSG00000076486.1	0
ENSMUSG00000076487.1	0
ENSMUSG00000076488.1	0
ENSMUSG00000076489.2	0
ENSMUSG00000076490.6	0.055698
ENSMUSG00000076492.1	0
ENSMUSG00000076493.1	0
ENSMUSG00000076494.1	0
ENSMUSG00000076495.1	0
ENSMUSG00000076496.1	0
ENSMUSG00000076497.1	0
ENSMUSG00000076498.2	24.079467
ENSMUSG00000076499.3	0
ENSMUSG00000076500.2	0
ENSMUSG00000076501.2	0
ENSMUSG00000076505.1	0
ENSMUSG00000076508.3	0
ENSMUSG00000076512.2	0
ENSMUSG00000076514.3	0
ENSMUSG00000076518.6	0
ENSMUSG00000076522.2	0.135802
ENSMUSG00000076523.2	0.137672
ENSMUSG00000076525.3	0
ENSMUSG00000076526.6	0
ENSMUSG00000076530.4	0
ENSMUSG00000076531.1	0
ENSMUSG00000076532.3	0
ENSMUSG00000076533.3	0
ENSMUSG00000076534.6	0
ENSMUSG00000076535.1	0
ENSMUSG00000076536.3	0
ENSMUSG00000076538.1	0
ENSMUSG00000076539.3	0
ENSMUSG00000076540.3	0
ENSMUSG00000076541.3	0
ENSMUSG00000076543.2	0
ENSMUSG00000076545.2	0
ENSMUSG00000076547.2	0.135186
ENSMUSG00000076548.1	0
ENSMUSG00000076549.2	0.506242
ENSMUSG00000076550.3	0
ENSMUSG00000076552.3	0.227672
ENSMUSG00000076555.3	0
ENSMUSG00000076556.3	0.461042
ENSMUSG00000076557.2	0
ENSMUSG00000076562.1	0.153681
ENSMUSG00000076563.2	0.147746
ENSMUSG00000076564.2	0.136423
ENSMUSG00000076569.3	0
ENSMUSG00000076570.6	0
ENSMUSG00000076571.2	0
ENSMUSG00000076572.6	0
ENSMUSG00000076573.6	0
ENSMUSG00000076575.6	0
ENSMUSG00000076576.2	1.004979
ENSMUSG00000076577.2	0.568835
ENSMUSG00000076578.3	0
ENSMUSG00000076580.3	0.295492
ENSMUSG00000076581.1	0
ENSMUSG00000076583.1	0
ENSMUSG00000076586.2	0
ENSMUSG00000076587.3	0
ENSMUSG00000076589.2	0
ENSMUSG00000076591.3	0
ENSMUSG00000076594.2	0
ENSMUSG00000076596.3	0
ENSMUSG00000076598.3	0
ENSMUSG00000076604.1	0
ENSMUSG00000076605.2	0
ENSMUSG00000076606.3	0
ENSMUSG00000076607.1	0
ENSMUSG00000076608.2	0
ENSMUSG00000076609.2	7.794358
ENSMUSG00000076612.8	1.829411
ENSMUSG00000076613.4	0.149472
ENSMUSG00000076614.7	0.093473
ENSMUSG00000076615.4	0.061902
ENSMUSG00000076617.9	15.212825
ENSMUSG00000076618.1	0
ENSMUSG00000076619.1	0
ENSMUSG00000076620.2	0
ENSMUSG00000076621.1	0
ENSMUSG00000076630.1	0
ENSMUSG00000076632.1	0
ENSMUSG00000076633.7	0
ENSMUSG00000076646.3	0
ENSMUSG00000076652.4	0
ENSMUSG00000076653.4	0
ENSMUSG00000076655.2	0
ENSMUSG00000076661.2	0
ENSMUSG00000076665.4	0
ENSMUSG00000076666.2	0
ENSMUSG00000076668.4	0
ENSMUSG00000076670.4	0
ENSMUSG00000076671.5	0
ENSMUSG00000076672.7	0
ENSMUSG00000076674.2	0
ENSMUSG00000076676.2	0
ENSMUSG00000076677.1	0.150658
ENSMUSG00000076680.1	0
ENSMUSG00000076688.2	0
ENSMUSG00000076695.7	0
ENSMUSG00000076709.2	0
ENSMUSG00000076710.2	0
ENSMUSG00000076731.3	0.298379
ENSMUSG00000076733.2	0
ENSMUSG00000076744.2	0
ENSMUSG00000076745.4	0
ENSMUSG00000076746.3	0
ENSMUSG00000076747.3	0
ENSMUSG00000076749.2	0
ENSMUSG00000076750.6	0
ENSMUSG00000076752.2	0
ENSMUSG00000076754.2	0
ENSMUSG00000076755.2	0
ENSMUSG00000076757.9	0
ENSMUSG00000076758.6	0
ENSMUSG00000076759.3	0.562509
ENSMUSG00000076760.2	0
ENSMUSG00000076761.1	0
ENSMUSG00000076762.1	0
ENSMUSG00000076764.3	0
ENSMUSG00000076770.3	0
ENSMUSG00000076778.3	0
ENSMUSG00000076795.6	0
ENSMUSG00000076796.1	0
ENSMUSG00000076800.1	0
ENSMUSG00000076802.3	0
ENSMUSG00000076821.3	0
ENSMUSG00000076822.2	0
ENSMUSG00000076823.3	0
ENSMUSG00000076824.3	0
ENSMUSG00000076826.5	0
ENSMUSG00000076831.3	0
ENSMUSG00000076839.3	0
ENSMUSG00000076840.4	0
ENSMUSG00000076846.3	0
ENSMUSG00000076848.3	0
ENSMUSG00000076855.5	0
ENSMUSG00000076858.3	0.099007
ENSMUSG00000076861.10	0
ENSMUSG00000076862.5	0
ENSMUSG00000076863.8	0
ENSMUSG00000076864.9	0
ENSMUSG00000076865.6	0
ENSMUSG00000076866.3	0
ENSMUSG00000076867.2	0
ENSMUSG00000076870.2	0
ENSMUSG00000076871.1	0
ENSMUSG00000076873.2	0
ENSMUSG00000076874.2	0
ENSMUSG00000076875.1	0
ENSMUSG00000076876.3	0
ENSMUSG00000076877.1	0
ENSMUSG00000076878.1	0
ENSMUSG00000076879.1	0
ENSMUSG00000076880.2	0
ENSMUSG00000076881.1	0
ENSMUSG00000076882.3	0
ENSMUSG00000076883.2	0
ENSMUSG00000076884.1	0
ENSMUSG00000076885.1	0
ENSMUSG00000076886.1	0
ENSMUSG00000076887.1	0
ENSMUSG00000076888.1	0
ENSMUSG00000076889.1	0
ENSMUSG00000076890.1	0
ENSMUSG00000076891.1	0
ENSMUSG00000076892.1	0
ENSMUSG00000076893.1	0
ENSMUSG00000076894.1	0
ENSMUSG00000076895.1	0
ENSMUSG00000076896.1	0
ENSMUSG00000076897.1	0
ENSMUSG00000076898.1	0
ENSMUSG00000076899.1	0
ENSMUSG00000076900.1	0
ENSMUSG00000076901.1	0
ENSMUSG00000076902.1	0
ENSMUSG00000076903.1	0
ENSMUSG00000076904.2	0
ENSMUSG00000076905.2	0
ENSMUSG00000076906.1	0
ENSMUSG00000076907.1	0
ENSMUSG00000076908.1	0
ENSMUSG00000076909.2	0
ENSMUSG00000076910.1	0
ENSMUSG00000076911.1	0
ENSMUSG00000076912.1	0
ENSMUSG00000076913.1	0
ENSMUSG00000076914.1	0
ENSMUSG00000076915.3	0
ENSMUSG00000076916.1	0
ENSMUSG00000076917.1	0
ENSMUSG00000076918.1	0
ENSMUSG00000076919.1	0
ENSMUSG00000076920.1	0
ENSMUSG00000076921.1	0
ENSMUSG00000076922.1	0
ENSMUSG00000076923.1	0
ENSMUSG00000076924.1	0
ENSMUSG00000076925.2	0
ENSMUSG00000076926.1	0
ENSMUSG00000076927.3	0
ENSMUSG00000076928.5	3.325548
ENSMUSG00000076934.2	0.256413
ENSMUSG00000076937.3	0.099007
ENSMUSG00000076939.2	0
ENSMUSG00000076940.3	0
ENSMUSG00000076941.1	0
ENSMUSG00000076944.1	0
ENSMUSG00000076946.2	0
ENSMUSG00000076948.2	0
ENSMUSG00000076949.1	0
ENSMUSG00000076950.1	0
ENSMUSG00000076951.1	0
ENSMUSG00000076952.1	0
ENSMUSG00000076956.2	0
ENSMUSG00000076958.1	0
ENSMUSG00000076959.1	0
ENSMUSG00000076961.1	0
ENSMUSG00000076964.1	0
ENSMUSG00000076966.2	0
ENSMUSG00000076972.2	0
ENSMUSG00000076976.2	0
ENSMUSG00000076977.1	0
ENSMUSG00000076983.2	0
ENSMUSG00000076987.1	0
ENSMUSG00000076994.2	0
ENSMUSG00000076999.1	0
ENSMUSG00000077001.2	0
ENSMUSG00000077004.1	0
ENSMUSG00000077010.1	0
ENSMUSG00000077015.1	0
ENSMUSG00000077019.1	0
ENSMUSG00000077021.2	0
ENSMUSG00000077022.1	0
ENSMUSG00000077025.2	0
ENSMUSG00000077038.1	0
ENSMUSG00000077039.1	0
ENSMUSG00000077040.1	0
ENSMUSG00000077042.2	0
ENSMUSG00000077049.2	0
ENSMUSG00000077050.1	0
ENSMUSG00000077055.1	0
ENSMUSG00000077058.1	0
ENSMUSG00000077059.1	0
ENSMUSG00000077065.1	0
ENSMUSG00000077081.1	0
ENSMUSG00000077082.1	0
ENSMUSG00000077085.1	0
ENSMUSG00000077086.1	0
ENSMUSG00000077090.1	0
ENSMUSG00000077092.1	0
ENSMUSG00000077095.1	0
ENSMUSG00000077096.1	0
ENSMUSG00000077104.1	0
ENSMUSG00000077107.1	0
ENSMUSG00000077110.1	0
ENSMUSG00000077111.2	0
ENSMUSG00000077113.2	0
ENSMUSG00000077119.1	0
ENSMUSG00000077125.1	0
ENSMUSG00000077127.1	0
ENSMUSG00000077131.1	0
ENSMUSG00000077138.2	0
ENSMUSG00000077142.1	0
ENSMUSG00000077143.1	0
ENSMUSG00000077144.1	0
ENSMUSG00000077146.1	0
ENSMUSG00000077148.1	0
ENSMUSG00000077149.1	0
ENSMUSG00000077150.1	0
ENSMUSG00000077152.1	0
ENSMUSG00000077153.1	0
ENSMUSG00000077155.1	0
ENSMUSG00000077156.1	0
ENSMUSG00000077158.1	0
ENSMUSG00000077160.1	0
ENSMUSG00000077161.1	0
ENSMUSG00000077163.1	0
ENSMUSG00000077166.1	0
ENSMUSG00000077167.1	0
ENSMUSG00000077169.1	0
ENSMUSG00000077171.1	0
ENSMUSG00000077172.1	0
ENSMUSG00000077174.1	0
ENSMUSG00000077175.1	0
ENSMUSG00000077176.1	0
ENSMUSG00000077177.1	0
ENSMUSG00000077178.1	0
ENSMUSG00000077180.1	0
ENSMUSG00000077181.1	0
ENSMUSG00000077184.1	0
ENSMUSG00000077185.1	0
ENSMUSG00000077188.1	0
ENSMUSG00000077190.1	0
ENSMUSG00000077191.1	0
ENSMUSG00000077192.3	0
ENSMUSG00000077194.1	0
ENSMUSG00000077196.1	0
ENSMUSG00000077197.1	0
ENSMUSG00000077199.2	0
ENSMUSG00000077200.1	0
ENSMUSG00000077201.1	0
ENSMUSG00000077202.1	0
ENSMUSG00000077204.1	0
ENSMUSG00000077205.1	0
ENSMUSG00000077207.1	0
ENSMUSG00000077208.1	0
ENSMUSG00000077209.1	0
ENSMUSG00000077212.1	0
ENSMUSG00000077214.1	0
ENSMUSG00000077215.1	0
ENSMUSG00000077217.1	0
ENSMUSG00000077218.1	0
ENSMUSG00000077220.1	0
ENSMUSG00000077221.1	0
ENSMUSG00000077222.1	0
ENSMUSG00000077223.1	0
ENSMUSG00000077224.1	0
ENSMUSG00000077227.1	0
ENSMUSG00000077228.1	0
ENSMUSG00000077230.1	0
ENSMUSG00000077231.1	0
ENSMUSG00000077235.1	0
ENSMUSG00000077236.1	0
ENSMUSG00000077237.1	0
ENSMUSG00000077239.1	0
ENSMUSG00000077240.1	0
ENSMUSG00000077241.1	0
ENSMUSG00000077243.1	0
ENSMUSG00000077244.1	0
ENSMUSG00000077246.1	0
ENSMUSG00000077248.1	0
ENSMUSG00000077250.1	0
ENSMUSG00000077251.1	0
ENSMUSG00000077252.1	0
ENSMUSG00000077253.1	0
ENSMUSG00000077254.1	0
ENSMUSG00000077255.1	0
ENSMUSG00000077256.1	0
ENSMUSG00000077257.1	0
ENSMUSG00000077258.1	0
ENSMUSG00000077259.1	0
ENSMUSG00000077260.1	0
ENSMUSG00000077261.1	0
ENSMUSG00000077262.1	0
ENSMUSG00000077263.1	0
ENSMUSG00000077264.1	0
ENSMUSG00000077265.1	0
ENSMUSG00000077268.1	0
ENSMUSG00000077269.1	0
ENSMUSG00000077270.1	0
ENSMUSG00000077271.1	0
ENSMUSG00000077272.1	0
ENSMUSG00000077273.1	0
ENSMUSG00000077274.1	0
ENSMUSG00000077275.1	0
ENSMUSG00000077276.1	0
ENSMUSG00000077277.1	0
ENSMUSG00000077278.1	0
ENSMUSG00000077279.1	0
ENSMUSG00000077280.1	0
ENSMUSG00000077281.1	0
ENSMUSG00000077282.1	0
ENSMUSG00000077283.1	0
ENSMUSG00000077285.1	0
ENSMUSG00000077287.1	0
ENSMUSG00000077288.1	0
ENSMUSG00000077289.1	0
ENSMUSG00000077290.1	0
ENSMUSG00000077291.1	0
ENSMUSG00000077292.1	0
ENSMUSG00000077293.1	0
ENSMUSG00000077294.1	0
ENSMUSG00000077295.1	0
ENSMUSG00000077298.1	0
ENSMUSG00000077299.1	0
ENSMUSG00000077302.1	0
ENSMUSG00000077303.1	0
ENSMUSG00000077304.1	0
ENSMUSG00000077305.1	0
ENSMUSG00000077306.1	0
ENSMUSG00000077309.1	0
ENSMUSG00000077312.1	0
ENSMUSG00000077314.1	0
ENSMUSG00000077315.1	0
ENSMUSG00000077316.1	0
ENSMUSG00000077317.1	0
ENSMUSG00000077318.1	0
ENSMUSG00000077320.1	0
ENSMUSG00000077323.1	0
ENSMUSG00000077325.1	0
ENSMUSG00000077327.1	0
ENSMUSG00000077328.1	0
ENSMUSG00000077332.1	0
ENSMUSG00000077333.1	0
ENSMUSG00000077334.1	0
ENSMUSG00000077336.1	0
ENSMUSG00000077337.1	0
ENSMUSG00000077338.1	0
ENSMUSG00000077339.1	0
ENSMUSG00000077342.1	0
ENSMUSG00000077344.1	0
ENSMUSG00000077345.1	0
ENSMUSG00000077347.1	0
ENSMUSG00000077348.1	0
ENSMUSG00000077349.1	0
ENSMUSG00000077350.1	0
ENSMUSG00000077351.2	0
ENSMUSG00000077354.1	0
ENSMUSG00000077356.1	0
ENSMUSG00000077357.1	0
ENSMUSG00000077358.1	0
ENSMUSG00000077359.1	0
ENSMUSG00000077360.1	0
ENSMUSG00000077361.1	0
ENSMUSG00000077366.1	0
ENSMUSG00000077367.1	0
ENSMUSG00000077368.1	0
ENSMUSG00000077369.1	0
ENSMUSG00000077376.1	0
ENSMUSG00000077377.1	0
ENSMUSG00000077378.1	0
ENSMUSG00000077379.1	0
ENSMUSG00000077380.1	0
ENSMUSG00000077381.1	0
ENSMUSG00000077382.1	0
ENSMUSG00000077383.1	0
ENSMUSG00000077384.1	0
ENSMUSG00000077385.1	0
ENSMUSG00000077387.1	0.664957
ENSMUSG00000077391.1	0
ENSMUSG00000077392.1	0
ENSMUSG00000077393.1	0
ENSMUSG00000077394.1	0
ENSMUSG00000077396.1	0
ENSMUSG00000077397.1	0
ENSMUSG00000077398.1	0
ENSMUSG00000077399.1	0
ENSMUSG00000077400.1	0
ENSMUSG00000077401.1	0
ENSMUSG00000077402.1	0
ENSMUSG00000077403.2	0
ENSMUSG00000077404.1	0
ENSMUSG00000077406.1	0
ENSMUSG00000077407.1	0
ENSMUSG00000077408.1	0
ENSMUSG00000077409.1	0
ENSMUSG00000077410.1	0
ENSMUSG00000077411.1	0
ENSMUSG00000077413.1	0
ENSMUSG00000077415.1	0
ENSMUSG00000077416.1	0
ENSMUSG00000077417.1	0
ENSMUSG00000077418.1	0
ENSMUSG00000077419.1	0
ENSMUSG00000077420.1	0
ENSMUSG00000077421.1	0
ENSMUSG00000077422.1	0
ENSMUSG00000077424.1	0
ENSMUSG00000077425.1	0
ENSMUSG00000077426.1	0
ENSMUSG00000077427.1	0
ENSMUSG00000077428.1	0
ENSMUSG00000077430.1	0
ENSMUSG00000077431.1	0
ENSMUSG00000077433.1	0
ENSMUSG00000077435.1	0
ENSMUSG00000077437.1	0
ENSMUSG00000077438.1	0
ENSMUSG00000077439.1	0
ENSMUSG00000077440.1	0
ENSMUSG00000077441.1	0
ENSMUSG00000077442.1	0
ENSMUSG00000077443.1	0
ENSMUSG00000077445.1	0
ENSMUSG00000077447.1	0
ENSMUSG00000077448.1	0
ENSMUSG00000077449.1	0
ENSMUSG00000077450.13	249.404795
ENSMUSG00000077451.1	0
ENSMUSG00000077453.1	0
ENSMUSG00000077454.1	0
ENSMUSG00000077455.1	0
ENSMUSG00000077456.1	0
ENSMUSG00000077457.1	0
ENSMUSG00000077459.1	0
ENSMUSG00000077460.1	0
ENSMUSG00000077461.1	0
ENSMUSG00000077462.1	0
ENSMUSG00000077463.1	0
ENSMUSG00000077464.1	0
ENSMUSG00000077465.1	0
ENSMUSG00000077467.1	0
ENSMUSG00000077468.1	0
ENSMUSG00000077469.1	0
ENSMUSG00000077470.1	0
ENSMUSG00000077471.1	0
ENSMUSG00000077472.1	0
ENSMUSG00000077473.1	0
ENSMUSG00000077474.1	0
ENSMUSG00000077476.1	0
ENSMUSG00000077477.1	0
ENSMUSG00000077480.1	0
ENSMUSG00000077481.1	0
ENSMUSG00000077483.1	0
ENSMUSG00000077484.1	0
ENSMUSG00000077485.1	0
ENSMUSG00000077487.1	0
ENSMUSG00000077488.1	0
ENSMUSG00000077492.1	0
ENSMUSG00000077493.1	0
ENSMUSG00000077494.1	0
ENSMUSG00000077495.1	0
ENSMUSG00000077497.1	0
ENSMUSG00000077499.1	0
ENSMUSG00000077501.1	0
ENSMUSG00000077502.1	0
ENSMUSG00000077503.1	0
ENSMUSG00000077504.1	0
ENSMUSG00000077505.1	0
ENSMUSG00000077506.1	0
ENSMUSG00000077507.1	0
ENSMUSG00000077511.1	0
ENSMUSG00000077514.1	0
ENSMUSG00000077515.1	0
ENSMUSG00000077516.1	0
ENSMUSG00000077517.1	0
ENSMUSG00000077518.1	0
ENSMUSG00000077519.1	0
ENSMUSG00000077521.1	0
ENSMUSG00000077522.1	0
ENSMUSG00000077524.1	0
ENSMUSG00000077526.1	0
ENSMUSG00000077527.1	0
ENSMUSG00000077528.1	0
ENSMUSG00000077535.1	0
ENSMUSG00000077537.1	0
ENSMUSG00000077538.1	0
ENSMUSG00000077539.1	0
ENSMUSG00000077541.1	0
ENSMUSG00000077542.1	0
ENSMUSG00000077543.1	0
ENSMUSG00000077545.1	0
ENSMUSG00000077546.1	0
ENSMUSG00000077547.1	0
ENSMUSG00000077549.1	0
ENSMUSG00000077552.1	0
ENSMUSG00000077553.1	0
ENSMUSG00000077554.1	0
ENSMUSG00000077555.1	0
ENSMUSG00000077557.1	0
ENSMUSG00000077558.1	0
ENSMUSG00000077559.1	0
ENSMUSG00000077561.1	0
ENSMUSG00000077562.1	0
ENSMUSG00000077563.1	0
ENSMUSG00000077564.1	0
ENSMUSG00000077565.1	0
ENSMUSG00000077567.1	0
ENSMUSG00000077569.1	0
ENSMUSG00000077571.1	0
ENSMUSG00000077572.1	0
ENSMUSG00000077574.1	0
ENSMUSG00000077575.1	0
ENSMUSG00000077576.1	0
ENSMUSG00000077577.1	0
ENSMUSG00000077578.1	0
ENSMUSG00000077579.1	0
ENSMUSG00000077581.1	0
ENSMUSG00000077582.1	0
ENSMUSG00000077585.1	0
ENSMUSG00000077586.1	0
ENSMUSG00000077587.1	0
ENSMUSG00000077588.1	0
ENSMUSG00000077590.1	0
ENSMUSG00000077591.1	0
ENSMUSG00000077592.1	0
ENSMUSG00000077593.1	0
ENSMUSG00000077594.1	0
ENSMUSG00000077595.1	0
ENSMUSG00000077597.1	0
ENSMUSG00000077598.1	0
ENSMUSG00000077599.1	0
ENSMUSG00000077601.1	0
ENSMUSG00000077602.1	0
ENSMUSG00000077603.1	0
ENSMUSG00000077604.1	0
ENSMUSG00000077607.1	0
ENSMUSG00000077608.1	0
ENSMUSG00000077609.1	0
ENSMUSG00000077611.1	0
ENSMUSG00000077612.1	0
ENSMUSG00000077613.1	0
ENSMUSG00000077614.1	0
ENSMUSG00000077615.1	0
ENSMUSG00000077616.1	0
ENSMUSG00000077617.1	0
ENSMUSG00000077618.1	0
ENSMUSG00000077619.1	0
ENSMUSG00000077620.1	0
ENSMUSG00000077621.1	0
ENSMUSG00000077622.1	0
ENSMUSG00000077624.1	0
ENSMUSG00000077625.1	0
ENSMUSG00000077627.1	0
ENSMUSG00000077628.1	0
ENSMUSG00000077629.1	0
ENSMUSG00000077630.1	0
ENSMUSG00000077633.1	0
ENSMUSG00000077635.1	0
ENSMUSG00000077637.1	0
ENSMUSG00000077639.1	0
ENSMUSG00000077640.1	0
ENSMUSG00000077641.1	0
ENSMUSG00000077642.1	0
ENSMUSG00000077643.1	0
ENSMUSG00000077644.1	0
ENSMUSG00000077645.1	0
ENSMUSG00000077647.1	0
ENSMUSG00000077648.1	0
ENSMUSG00000077649.1	0
ENSMUSG00000077650.1	0
ENSMUSG00000077652.1	0
ENSMUSG00000077653.1	0
ENSMUSG00000077655.1	0
ENSMUSG00000077659.1	0
ENSMUSG00000077660.1	0
ENSMUSG00000077661.1	0
ENSMUSG00000077663.1	0
ENSMUSG00000077664.1	0
ENSMUSG00000077666.1	0
ENSMUSG00000077667.1	0
ENSMUSG00000077668.1	0
ENSMUSG00000077669.1	0
ENSMUSG00000077671.1	0
ENSMUSG00000077672.1	0
ENSMUSG00000077673.1	0
ENSMUSG00000077674.1	0
ENSMUSG00000077675.1	0
ENSMUSG00000077677.1	0
ENSMUSG00000077678.1	0
ENSMUSG00000077680.1	0
ENSMUSG00000077681.1	0
ENSMUSG00000077682.1	0
ENSMUSG00000077683.1	0
ENSMUSG00000077685.1	0
ENSMUSG00000077687.1	0
ENSMUSG00000077689.1	0
ENSMUSG00000077691.1	0
ENSMUSG00000077693.1	0
ENSMUSG00000077696.1	0
ENSMUSG00000077697.1	0
ENSMUSG00000077698.1	0
ENSMUSG00000077700.1	0
ENSMUSG00000077701.1	0
ENSMUSG00000077702.1	0
ENSMUSG00000077703.1	0
ENSMUSG00000077704.1	0
ENSMUSG00000077705.1	0
ENSMUSG00000077706.1	0
ENSMUSG00000077707.1	0
ENSMUSG00000077708.1	0
ENSMUSG00000077709.1	0
ENSMUSG00000077710.1	0
ENSMUSG00000077711.1	0
ENSMUSG00000077713.1	0
ENSMUSG00000077714.1	0.322299
ENSMUSG00000077716.1	0
ENSMUSG00000077717.1	0
ENSMUSG00000077718.1	0
ENSMUSG00000077719.1	0
ENSMUSG00000077726.1	0
ENSMUSG00000077728.1	0
ENSMUSG00000077730.1	0
ENSMUSG00000077733.1	0
ENSMUSG00000077734.1	3.015104
ENSMUSG00000077735.1	0
ENSMUSG00000077736.1	0
ENSMUSG00000077737.1	0
ENSMUSG00000077738.1	0
ENSMUSG00000077741.1	0
ENSMUSG00000077743.1	0
ENSMUSG00000077744.1	0
ENSMUSG00000077745.1	0
ENSMUSG00000077749.1	0
ENSMUSG00000077750.1	0
ENSMUSG00000077752.1	0
ENSMUSG00000077755.1	0
ENSMUSG00000077756.1	0
ENSMUSG00000077757.1	0
ENSMUSG00000077758.1	0
ENSMUSG00000077759.1	0
ENSMUSG00000077761.1	0
ENSMUSG00000077767.1	0
ENSMUSG00000077768.1	0
ENSMUSG00000077769.1	0
ENSMUSG00000077771.1	0
ENSMUSG00000077772.1	0
ENSMUSG00000077776.1	0
ENSMUSG00000077777.1	0
ENSMUSG00000077780.1	0
ENSMUSG00000077782.1	0
ENSMUSG00000077783.1	0
ENSMUSG00000077784.1	0
ENSMUSG00000077785.1	0
ENSMUSG00000077786.1	0
ENSMUSG00000077787.1	0
ENSMUSG00000077789.1	0
ENSMUSG00000077791.1	0
ENSMUSG00000077792.1	0
ENSMUSG00000077793.1	0
ENSMUSG00000077794.1	0
ENSMUSG00000077795.1	0
ENSMUSG00000077796.1	0
ENSMUSG00000077797.1	0
ENSMUSG00000077799.1	0
ENSMUSG00000077802.1	0
ENSMUSG00000077804.1	0
ENSMUSG00000077815.1	0
ENSMUSG00000077821.3	0
ENSMUSG00000077829.1	0
ENSMUSG00000077830.1	0
ENSMUSG00000077832.1	0
ENSMUSG00000077834.1	0
ENSMUSG00000077836.2	0
ENSMUSG00000077844.1	0
ENSMUSG00000077846.1	0
ENSMUSG00000077847.1	0
ENSMUSG00000077851.1	0
ENSMUSG00000077857.1	0
ENSMUSG00000077858.1	0
ENSMUSG00000077869.1	0
ENSMUSG00000077872.1	0
ENSMUSG00000077879.1	0
ENSMUSG00000077881.1	0
ENSMUSG00000077884.2	0
ENSMUSG00000077886.1	0
ENSMUSG00000077890.1	0
ENSMUSG00000077892.1	0
ENSMUSG00000077896.1	0
ENSMUSG00000077897.1	0
ENSMUSG00000077902.1	0
ENSMUSG00000077903.1	0
ENSMUSG00000077921.1	0
ENSMUSG00000077925.1	0
ENSMUSG00000077928.1	0
ENSMUSG00000077931.1	0
ENSMUSG00000077938.1	0
ENSMUSG00000077939.1	0
ENSMUSG00000077941.1	0
ENSMUSG00000077948.2	0
ENSMUSG00000077954.1	0
ENSMUSG00000077962.1	0
ENSMUSG00000077965.1	0
ENSMUSG00000077971.1	0
ENSMUSG00000077972.1	0
ENSMUSG00000077980.1	0
ENSMUSG00000077981.1	0
ENSMUSG00000077990.1	0
ENSMUSG00000077991.1	0
ENSMUSG00000077996.1	0
ENSMUSG00000077998.1	0
ENSMUSG00000078002.1	0
ENSMUSG00000078006.1	0
ENSMUSG00000078008.1	0
ENSMUSG00000078017.1	0
ENSMUSG00000078024.1	0
ENSMUSG00000078025.1	0
ENSMUSG00000078026.1	0
ENSMUSG00000078027.1	0
ENSMUSG00000078031.1	0
ENSMUSG00000078032.1	0
ENSMUSG00000078034.1	0
ENSMUSG00000078035.1	0
ENSMUSG00000078038.1	0
ENSMUSG00000078041.1	0
ENSMUSG00000078042.1	0
ENSMUSG00000078057.1	0
ENSMUSG00000078060.1	0
ENSMUSG00000078061.1	0
ENSMUSG00000078080.6	0
ENSMUSG00000078087.5	0
ENSMUSG00000078091.2	0.056632
ENSMUSG00000078097.3	0.389572
ENSMUSG00000078116.4	0
ENSMUSG00000078117.2	0.456406
ENSMUSG00000078118.5	0
ENSMUSG00000078122.4	0
ENSMUSG00000078123.3	0
ENSMUSG00000078125.2	0
ENSMUSG00000078126.4	2.135092
ENSMUSG00000078127.3	0
ENSMUSG00000078128.1	0
ENSMUSG00000078129.3	0
ENSMUSG00000078130.4	0
ENSMUSG00000078131.1	0
ENSMUSG00000078132.1	0
ENSMUSG00000078134.1	0
ENSMUSG00000078137.1	8.876698
ENSMUSG00000078139.3	0.363052
ENSMUSG00000078141.3	0
ENSMUSG00000078143.3	0
ENSMUSG00000078144.4	0
ENSMUSG00000078151.3	0
ENSMUSG00000078153.3	0.424344
ENSMUSG00000078154.3	2.173485
ENSMUSG00000078157.1	0.174051
ENSMUSG00000078161.8	1.529808
ENSMUSG00000078162.6	0.042172
ENSMUSG00000078173.3	0.058454
ENSMUSG00000078177.3	0
ENSMUSG00000078179.1	0
ENSMUSG00000078180.4	0.656538
ENSMUSG00000078182.4	0
ENSMUSG00000078183.3	0.983884
ENSMUSG00000078184.1	0.024145
ENSMUSG00000078185.3	0.810844
ENSMUSG00000078190.7	0.007232
ENSMUSG00000078192.5	0
ENSMUSG00000078193.2	9.844753
ENSMUSG00000078197.2	0
ENSMUSG00000078198.2	0
ENSMUSG00000078201.5	15.885826
ENSMUSG00000078202.3	13.012102
ENSMUSG00000078206.1	0
ENSMUSG00000078208.1	0
ENSMUSG00000078210.3	0
ENSMUSG00000078212.4	0
ENSMUSG00000078213.3	0
ENSMUSG00000078214.5	0
ENSMUSG00000078218.2	0
ENSMUSG00000078234.6	2.071091
ENSMUSG00000078235.3	14.243531
ENSMUSG00000078238.4	0
ENSMUSG00000078240.2	0
ENSMUSG00000078247.5	1.457732
ENSMUSG00000078249.5	38.280379
ENSMUSG00000078251.2	0.021775
ENSMUSG00000078252.1	0.191808
ENSMUSG00000078253.3	0
ENSMUSG00000078254.1	0
ENSMUSG00000078255.1	0
ENSMUSG00000078256.3	0
ENSMUSG00000078257.2	0
ENSMUSG00000078258.1	0
ENSMUSG00000078259.3	0
ENSMUSG00000078260.1	0
ENSMUSG00000078261.1	0
ENSMUSG00000078262.5	0
ENSMUSG00000078263.1	0
ENSMUSG00000078269.1	0
ENSMUSG00000078270.3	0
ENSMUSG00000078276.1	0
ENSMUSG00000078280.1	0
ENSMUSG00000078289.2	0.114726
ENSMUSG00000078291.1	0.108721
ENSMUSG00000078300.3	0.101029
ENSMUSG00000078302.5	0.372655
ENSMUSG00000078307.3	35.397393
ENSMUSG00000078308.2	0.058161
ENSMUSG00000078314.2	0
ENSMUSG00000078315.5	0
ENSMUSG00000078317.6	13.0814
ENSMUSG00000078320.4	0
ENSMUSG00000078324.2	0
ENSMUSG00000078346.3	0
ENSMUSG00000078348.4	13.955149
ENSMUSG00000078349.3	2.278898
ENSMUSG00000078350.11	27.933546
ENSMUSG00000078354.1	0
ENSMUSG00000078355.1	0
ENSMUSG00000078365.5	0.022023
ENSMUSG00000078370.1	0.2962
ENSMUSG00000078377.5	0.77542
ENSMUSG00000078380.1	0
ENSMUSG00000078420.6	0
ENSMUSG00000078427.3	19.212526
ENSMUSG00000078429.9	20.587335
ENSMUSG00000078430.3	0
ENSMUSG00000078435.5	0.558729
ENSMUSG00000078439.9	2.455287
ENSMUSG00000078440.10	95.916379
ENSMUSG00000078442.3	0.072907
ENSMUSG00000078444.3	1.318325
ENSMUSG00000078451.5	1.540424
ENSMUSG00000078452.10	0.025605
ENSMUSG00000078453.3	12.565441
ENSMUSG00000078480.3	14.179244
ENSMUSG00000078481.1	0
ENSMUSG00000078485.3	6.720444
ENSMUSG00000078486.3	0.112852
ENSMUSG00000078487.8	0
ENSMUSG00000078488.1	0
ENSMUSG00000078489.2	0
ENSMUSG00000078490.10	5.964444
ENSMUSG00000078491.2	0
ENSMUSG00000078492.3	0
ENSMUSG00000078494.5	0
ENSMUSG00000078495.10	0.167029
ENSMUSG00000078496.9	0
ENSMUSG00000078497.9	0
ENSMUSG00000078498.5	0
ENSMUSG00000078500.3	0
ENSMUSG00000078502.10	0.045692
ENSMUSG00000078503.9	0.079508
ENSMUSG00000078504.2	0
ENSMUSG00000078505.1	0
ENSMUSG00000078506.1	0
ENSMUSG00000078507.1	0
ENSMUSG00000078508.1	0
ENSMUSG00000078509.1	0
ENSMUSG00000078510.3	0
ENSMUSG00000078511.3	0
ENSMUSG00000078512.8	0
ENSMUSG00000078513.2	0
ENSMUSG00000078515.4	3.657315
ENSMUSG00000078517.12	32.337621
ENSMUSG00000078518.1	0
ENSMUSG00000078519.3	0
ENSMUSG00000078520.3	0
ENSMUSG00000078521.2	0.076536
ENSMUSG00000078528.2	0
ENSMUSG00000078531.3	0
ENSMUSG00000078532.9	30.64981
ENSMUSG00000078537.3	0
ENSMUSG00000078546.8	0.408977
ENSMUSG00000078552.10	0.737788
ENSMUSG00000078554.2	1.074256
ENSMUSG00000078566.8	90.859155
ENSMUSG00000078570.10	97.733752
ENSMUSG00000078572.3	52.796553
ENSMUSG00000078575.2	0
ENSMUSG00000078576.1	0
ENSMUSG00000078577.3	0
ENSMUSG00000078578.9	81.411602
ENSMUSG00000078580.3	2.977147
ENSMUSG00000078584.9	5.654619
ENSMUSG00000078586.3	0
ENSMUSG00000078588.10	0.306282
ENSMUSG00000078590.1	0
ENSMUSG00000078591.1	29.709798
ENSMUSG00000078592.2	0.063513
ENSMUSG00000078593.2	0
ENSMUSG00000078597.2	0.189468
ENSMUSG00000078598.11	0
ENSMUSG00000078599.9	0
ENSMUSG00000078600.1	0
ENSMUSG00000078601.4	0.296725
ENSMUSG00000078604.1	0
ENSMUSG00000078605.2	0
ENSMUSG00000078606.8	0.026009
ENSMUSG00000078607.6	3.911078
ENSMUSG00000078611.3	0
ENSMUSG00000078612.9	0.09691
ENSMUSG00000078616.2	0
ENSMUSG00000078618.3	0
ENSMUSG00000078619.10	5.685631
ENSMUSG00000078620.1	0
ENSMUSG00000078621.2	0
ENSMUSG00000078622.8	13.262403
ENSMUSG00000078624.4	0
ENSMUSG00000078625.10	0
ENSMUSG00000078626.2	0
ENSMUSG00000078627.9	0.478218
ENSMUSG00000078630.8	0.0238
ENSMUSG00000078632.4	0
ENSMUSG00000078635.3	0
ENSMUSG00000078636.4	28.931682
ENSMUSG00000078639.1	0.081109
ENSMUSG00000078640.9	4.547178
ENSMUSG00000078648.3	0.402917
ENSMUSG00000078650.2	0
ENSMUSG00000078651.8	0.488193
ENSMUSG00000078652.9	53.503896
ENSMUSG00000078653.4	0.090876
ENSMUSG00000078656.11	82.432765
ENSMUSG00000078657.6	0
ENSMUSG00000078664.2	0
ENSMUSG00000078668.3	0
ENSMUSG00000078670.3	15.260299
ENSMUSG00000078671.11	2.568197
ENSMUSG00000078672.2	0
ENSMUSG00000078673.10	0
ENSMUSG00000078674.2	0
ENSMUSG00000078675.9	0
ENSMUSG00000078676.9	16.18252
ENSMUSG00000078677.1	0
ENSMUSG00000078680.3	0
ENSMUSG00000078681.10	82.232543
ENSMUSG00000078683.9	0
ENSMUSG00000078684.8	1.051243
ENSMUSG00000078685.6	0
ENSMUSG00000078686.11	0
ENSMUSG00000078687.9	0
ENSMUSG00000078688.11	0
ENSMUSG00000078689.8	0
ENSMUSG00000078691.3	0.085178
ENSMUSG00000078695.8	76.116635
ENSMUSG00000078698.3	0
ENSMUSG00000078700.10	1.73924
ENSMUSG00000078706.4	0.028152
ENSMUSG00000078713.8	149.531641
ENSMUSG00000078716.10	21.974582
ENSMUSG00000078719.2	0
ENSMUSG00000078721.1	0.014813
ENSMUSG00000078722.2	0.047278
ENSMUSG00000078735.4	0.159938
ENSMUSG00000078737.3	0
ENSMUSG00000078742.1	0
ENSMUSG00000078746.2	0
ENSMUSG00000078747.9	9.286163
ENSMUSG00000078752.3	0
ENSMUSG00000078753.3	0
ENSMUSG00000078754.2	0
ENSMUSG00000078757.4	0
ENSMUSG00000078759.3	0
ENSMUSG00000078762.10	2.316033
ENSMUSG00000078763.2	0.016606
ENSMUSG00000078765.11	59.953269
ENSMUSG00000078768.2	1.800431
ENSMUSG00000078771.10	16.602753
ENSMUSG00000078772.2	0
ENSMUSG00000078773.11	0.218473
ENSMUSG00000078776.9	0.007291
ENSMUSG00000078779.4	0.558623
ENSMUSG00000078780.7	0
ENSMUSG00000078783.1	0
ENSMUSG00000078784.8	80.100468
ENSMUSG00000078786.9	8.766987
ENSMUSG00000078787.9	0
ENSMUSG00000078789.9	9.008308
ENSMUSG00000078793.10	0
ENSMUSG00000078794.4	46.269384
ENSMUSG00000078795.2	0
ENSMUSG00000078796.4	0.0703
ENSMUSG00000078798.4	0
ENSMUSG00000078799.5	0
ENSMUSG00000078800.5	0
ENSMUSG00000078808.5	0
ENSMUSG00000078810.4	0
ENSMUSG00000078812.10	488.109753
ENSMUSG00000078813.3	4.877047
ENSMUSG00000078815.8	1.226914
ENSMUSG00000078816.9	122.827547
ENSMUSG00000078817.4	0.037352
ENSMUSG00000078838.3	0.472476
ENSMUSG00000078840.1	0
ENSMUSG00000078847.1	0
ENSMUSG00000078850.1	0
ENSMUSG00000078851.4	13.673816
ENSMUSG00000078853.8	1.176154
ENSMUSG00000078861.8	11.182121
ENSMUSG00000078862.10	18.445386
ENSMUSG00000078864.10	4.2402
ENSMUSG00000078865.8	0
ENSMUSG00000078866.10	2.359394
ENSMUSG00000078867.9	5.547985
ENSMUSG00000078868.3	0
ENSMUSG00000078869.2	0
ENSMUSG00000078870.9	9.300913
ENSMUSG00000078872.9	0
ENSMUSG00000078875.10	5.843281
ENSMUSG00000078876.10	0
ENSMUSG00000078877.11	13.722465
ENSMUSG00000078878.9	17.231489
ENSMUSG00000078879.10	1.474805
ENSMUSG00000078880.10	2.01883
ENSMUSG00000078881.10	14.960223
ENSMUSG00000078886.12	2.811878
ENSMUSG00000078887.10	7.378693
ENSMUSG00000078889.11	0.672026
ENSMUSG00000078891.4	0
ENSMUSG00000078894.9	0.735143
ENSMUSG00000078895.4	0
ENSMUSG00000078896.11	6.028623
ENSMUSG00000078897.10	16.249771
ENSMUSG00000078898.9	2.424465
ENSMUSG00000078899.9	4.525924
ENSMUSG00000078901.8	0
ENSMUSG00000078902.3	0.019372
ENSMUSG00000078903.10	1.241121
ENSMUSG00000078905.8	0.147485
ENSMUSG00000078906.9	0.226482
ENSMUSG00000078907.2	0.352851
ENSMUSG00000078908.10	7.613174
ENSMUSG00000078912.2	0
ENSMUSG00000078915.2	0
ENSMUSG00000078917.3	0
ENSMUSG00000078919.10	9.455882
ENSMUSG00000078920.3	0.205301
ENSMUSG00000078921.3	0.159608
ENSMUSG00000078922.9	0
ENSMUSG00000078923.10	237.450033
ENSMUSG00000078924.1	0
ENSMUSG00000078925.11	0
ENSMUSG00000078926.8	0.058729
ENSMUSG00000078931.4	13.934471
ENSMUSG00000078932.8	0.111932
ENSMUSG00000078934.4	0
ENSMUSG00000078935.1	0
ENSMUSG00000078937.8	0.18554
ENSMUSG00000078938.9	0.102534
ENSMUSG00000078940.8	0
ENSMUSG00000078941.9	61.027139
ENSMUSG00000078942.10	0.034336
ENSMUSG00000078945.10	0.173102
ENSMUSG00000078949.2	0.183277
ENSMUSG00000078952.9	0.329734
ENSMUSG00000078953.1	0
ENSMUSG00000078954.9	0
ENSMUSG00000078955.3	0
ENSMUSG00000078956.3	0
ENSMUSG00000078957.3	0
ENSMUSG00000078958.9	9.689079
ENSMUSG00000078962.4	0.009721
ENSMUSG00000078963.3	2.821067
ENSMUSG00000078964.2	0
ENSMUSG00000078965.5	0.039672
ENSMUSG00000078967.5	0.106259
ENSMUSG00000078970.5	3.198493
ENSMUSG00000078972.1	0
ENSMUSG00000078974.10	88.602977
ENSMUSG00000078982.3	0
ENSMUSG00000078984.1	0
ENSMUSG00000078994.9	0.540743
ENSMUSG00000078995.10	0.08236
ENSMUSG00000078998.3	0
ENSMUSG00000079000.3	0
ENSMUSG00000079001.1	0
ENSMUSG00000079003.3	14.088357
ENSMUSG00000079005.3	0
ENSMUSG00000079006.3	0
ENSMUSG00000079007.4	0
ENSMUSG00000079008.2	0
ENSMUSG00000079009.8	0
ENSMUSG00000079010.1	0
ENSMUSG00000079011.9	0
ENSMUSG00000079012.11	0.208073
ENSMUSG00000079013.2	0
ENSMUSG00000079014.4	0
ENSMUSG00000079015.2	0.594382
ENSMUSG00000079016.1	0
ENSMUSG00000079017.3	5.547882
ENSMUSG00000079018.10	38.223955
ENSMUSG00000079019.2	0
ENSMUSG00000079020.9	9.08859
ENSMUSG00000079022.10	0.358266
ENSMUSG00000079024.2	0
ENSMUSG00000079025.9	0
ENSMUSG00000079029.2	0
ENSMUSG00000079031.1	0
ENSMUSG00000079033.10	0.39489
ENSMUSG00000079034.2	0
ENSMUSG00000079036.10	2.774261
ENSMUSG00000079037.9	539.790448
ENSMUSG00000079038.3	0.429534
ENSMUSG00000079039.1	0
ENSMUSG00000079042.10	0.072939
ENSMUSG00000079043.3	1.372207
ENSMUSG00000079045.3	2.925411
ENSMUSG00000079048.8	0
ENSMUSG00000079049.9	0
ENSMUSG00000079051.5	0.02757
ENSMUSG00000079053.3	0
ENSMUSG00000079055.10	6.897748
ENSMUSG00000079056.12	48.011313
ENSMUSG00000079057.4	2.307128
ENSMUSG00000079058.3	0
ENSMUSG00000079061.3	0
ENSMUSG00000079064.2	0
ENSMUSG00000079067.5	0
ENSMUSG00000079069.1	0
ENSMUSG00000079070.10	0
ENSMUSG00000079071.2	0
ENSMUSG00000079076.2	1.182181
ENSMUSG00000079083.3	1.37969
ENSMUSG00000079084.10	1.989133
ENSMUSG00000079091.1	0
ENSMUSG00000079092.4	0
ENSMUSG00000079093.2	0
ENSMUSG00000079101.3	0
ENSMUSG00000079103.3	0.028778
ENSMUSG00000079104.4	2.401664
ENSMUSG00000079105.4	0.269064
ENSMUSG00000079108.6	13.376993
ENSMUSG00000079109.11	4.656827
ENSMUSG00000079110.12	1.952548
ENSMUSG00000079111.3	26.641092
ENSMUSG00000079112.1	0
ENSMUSG00000079113.3	0
ENSMUSG00000079114.3	0
ENSMUSG00000079116.1	0
ENSMUSG00000079120.3	0
ENSMUSG00000079137.3	0
ENSMUSG00000079138.3	0
ENSMUSG00000079139.4	5.787844
ENSMUSG00000079140.3	0
ENSMUSG00000079143.3	0
ENSMUSG00000079144.7	1.475063
ENSMUSG00000079146.2	0
ENSMUSG00000079156.11	0
ENSMUSG00000079157.4	26.918878
ENSMUSG00000079162.8	0
ENSMUSG00000079163.3	0
ENSMUSG00000079164.8	0.046355
ENSMUSG00000079165.10	0
ENSMUSG00000079168.4	0.659806
ENSMUSG00000079169.3	0
ENSMUSG00000079170.3	0
ENSMUSG00000079171.3	0
ENSMUSG00000079173.11	0.029913
ENSMUSG00000079174.3	0
ENSMUSG00000079175.1	0
ENSMUSG00000079177.4	0.039642
ENSMUSG00000079179.9	13.907802
ENSMUSG00000079180.4	0
ENSMUSG00000079183.2	0
ENSMUSG00000079184.10	11.763564
ENSMUSG00000079186.3	0
ENSMUSG00000079197.10	51.697344
ENSMUSG00000079215.8	16.000928
ENSMUSG00000079223.3	0
ENSMUSG00000079224.5	0.181994
ENSMUSG00000079225.3	0.537926
ENSMUSG00000079227.10	0.377966
ENSMUSG00000079230.1	0
ENSMUSG00000079235.10	6.616632
ENSMUSG00000079242.2	0.584118
ENSMUSG00000079243.4	0
ENSMUSG00000079244.3	0
ENSMUSG00000079247.2	0
ENSMUSG00000079258.2	0
ENSMUSG00000079259.2	0.015302
ENSMUSG00000079260.3	1.299641
ENSMUSG00000079261.2	0
ENSMUSG00000079262.3	0
ENSMUSG00000079263.8	0
ENSMUSG00000079264.1	0
ENSMUSG00000079265.10	0
ENSMUSG00000079266.2	0
ENSMUSG00000079267.9	0
ENSMUSG00000079269.2	0
ENSMUSG00000079271.4	0
ENSMUSG00000079272.2	0
ENSMUSG00000079273.2	0
ENSMUSG00000079276.4	0
ENSMUSG00000079277.9	0.241145
ENSMUSG00000079278.2	0.012181
ENSMUSG00000079283.2	28.792156
ENSMUSG00000079286.1	0
ENSMUSG00000079293.11	0.026745
ENSMUSG00000079295.5	0
ENSMUSG00000079297.4	0.059858
ENSMUSG00000079298.9	0
ENSMUSG00000079299.3	0
ENSMUSG00000079304.5	0.375681
ENSMUSG00000079311.1	0.65545
ENSMUSG00000079316.10	20.932727
ENSMUSG00000079317.10	31.405223
ENSMUSG00000079323.9	0
ENSMUSG00000079324.11	0
ENSMUSG00000079330.9	3.560667
ENSMUSG00000079333.3	0
ENSMUSG00000079334.8	8.379131
ENSMUSG00000079339.7	1.431351
ENSMUSG00000079342.11	0
ENSMUSG00000079343.4	0
ENSMUSG00000079344.11	0
ENSMUSG00000079346.4	0
ENSMUSG00000079349.9	0
ENSMUSG00000079350.2	0
ENSMUSG00000079353.2	0
ENSMUSG00000079355.5	0.094835
ENSMUSG00000079356.10	0
ENSMUSG00000079357.9	0
ENSMUSG00000079359.2	0
ENSMUSG00000079362.5	0
ENSMUSG00000079363.7	0.02587
ENSMUSG00000079364.3	2.435369
ENSMUSG00000079371.9	0
ENSMUSG00000079374.2	0
ENSMUSG00000079378.8	0
ENSMUSG00000079379.2	0
ENSMUSG00000079380.4	0
ENSMUSG00000079382.3	0.054795
ENSMUSG00000079383.9	0
ENSMUSG00000079386.8	2.713376
ENSMUSG00000079387.10	0
ENSMUSG00000079388.9	0.045998
ENSMUSG00000079389.10	0
ENSMUSG00000079391.10	0.870071
ENSMUSG00000079392.3	0
ENSMUSG00000079395.3	0
ENSMUSG00000079396.4	5.593785
ENSMUSG00000079402.9	1.466186
ENSMUSG00000079407.9	0
ENSMUSG00000079409.8	0
ENSMUSG00000079410.4	2.467118
ENSMUSG00000079414.3	0.372349
ENSMUSG00000079415.2	1.020961
ENSMUSG00000079416.1	0
ENSMUSG00000079418.3	1.507046
ENSMUSG00000079419.4	0.408127
ENSMUSG00000079421.8	0
ENSMUSG00000079423.6	0
ENSMUSG00000079424.8	0
ENSMUSG00000079426.13	253.207882
ENSMUSG00000079427.10	14.94732
ENSMUSG00000079428.8	2.101104
ENSMUSG00000079429.9	0.057022
ENSMUSG00000079432.1	0.009323
ENSMUSG00000079433.1	0
ENSMUSG00000079434.8	4.47865
ENSMUSG00000079435.9	615.085575
ENSMUSG00000079436.3	3.536767
ENSMUSG00000079438.1	0
ENSMUSG00000079439.1	0
ENSMUSG00000079440.2	0
ENSMUSG00000079442.12	15.056602
ENSMUSG00000079444.9	7.378005
ENSMUSG00000079445.3	0.804271
ENSMUSG00000079450.11	0.966038
ENSMUSG00000079451.9	0
ENSMUSG00000079455.9	0
ENSMUSG00000079457.11	0.027571
ENSMUSG00000079460.11	0
ENSMUSG00000079462.1	0
ENSMUSG00000079465.8	0.013379
ENSMUSG00000079466.2	0.427446
ENSMUSG00000079467.8	0.081916
ENSMUSG00000079469.10	2.813883
ENSMUSG00000079470.8	0.669029
ENSMUSG00000079471.4	0
ENSMUSG00000079476.1	0
ENSMUSG00000079477.9	239.273555
ENSMUSG00000079478.9	69.687641
ENSMUSG00000079479.2	0
ENSMUSG00000079480.3	60.538597
ENSMUSG00000079481.11	2.257101
ENSMUSG00000079484.12	6.50305
ENSMUSG00000079487.11	1.285992
ENSMUSG00000079491.9	1.347926
ENSMUSG00000079492.2	0
ENSMUSG00000079494.2	0.48471
ENSMUSG00000079495.2	0.594737
ENSMUSG00000079497.4	0.245171
ENSMUSG00000079499.9	2.641043
ENSMUSG00000079501.3	0
ENSMUSG00000079502.8	0.339038
ENSMUSG00000079505.2	0.02854
ENSMUSG00000079507.10	0.750747
ENSMUSG00000079508.8	39.502906
ENSMUSG00000079509.10	1.655144
ENSMUSG00000079511.8	0.634137
ENSMUSG00000079513.1	0
ENSMUSG00000079516.2	0.04322
ENSMUSG00000079519.2	0
ENSMUSG00000079521.2	0
ENSMUSG00000079522.2	0
ENSMUSG00000079523.8	962.445884
ENSMUSG00000079524.2	0
ENSMUSG00000079525.1	0
ENSMUSG00000079528.9	0
ENSMUSG00000079531.1	0
ENSMUSG00000079532.1	0
ENSMUSG00000079534.1	0.06968
ENSMUSG00000079536.1	0
ENSMUSG00000079539.2	0
ENSMUSG00000079542.3	0
ENSMUSG00000079543.3	0.472816
ENSMUSG00000079544.2	0
ENSMUSG00000079546.1	0
ENSMUSG00000079547.4	3.69465
ENSMUSG00000079550.9	0.024444
ENSMUSG00000079553.11	0.25395
ENSMUSG00000079554.2	0
ENSMUSG00000079555.2	0.886561
ENSMUSG00000079557.11	93.376263
ENSMUSG00000079559.5	1.160725
ENSMUSG00000079560.13	0.638315
ENSMUSG00000079562.7	62.567217
ENSMUSG00000079563.10	0
ENSMUSG00000079564.3	0
ENSMUSG00000079566.1	0
ENSMUSG00000079575.3	0
ENSMUSG00000079577.1	0
ENSMUSG00000079578.1	0
ENSMUSG00000079579.3	0
ENSMUSG00000079580.9	0.158628
ENSMUSG00000079583.9	0
ENSMUSG00000079584.2	0
ENSMUSG00000079588.3	0.055172
ENSMUSG00000079592.9	29.131083
ENSMUSG00000079593.9	0.14493
ENSMUSG00000079594.2	0
ENSMUSG00000079595.2	0
ENSMUSG00000079597.2	0
ENSMUSG00000079598.4	52.586105
ENSMUSG00000079600.2	0
ENSMUSG00000079602.2	0.398063
ENSMUSG00000079603.3	0
ENSMUSG00000079604.9	0
ENSMUSG00000079605.5	5.317918
ENSMUSG00000079606.1	0
ENSMUSG00000079608.10	0.657079
ENSMUSG00000079610.9	8.836515
ENSMUSG00000079614.4	11.725116
ENSMUSG00000079619.2	0
ENSMUSG00000079620.13	0
ENSMUSG00000079625.2	0
ENSMUSG00000079626.2	0
ENSMUSG00000079627.2	0
ENSMUSG00000079628.3	0
ENSMUSG00000079629.5	0
ENSMUSG00000079630.2	0
ENSMUSG00000079633.3	0
ENSMUSG00000079635.2	0
ENSMUSG00000079636.11	0
ENSMUSG00000079637.10	0
ENSMUSG00000079638.8	0
ENSMUSG00000079639.4	0
ENSMUSG00000079641.3	590.095227
ENSMUSG00000079642.2	0
ENSMUSG00000079644.2	0.140916
ENSMUSG00000079645.2	0.054475
ENSMUSG00000079649.3	0
ENSMUSG00000079652.8	0.137638
ENSMUSG00000079654.3	1.117564
ENSMUSG00000079655.9	0
ENSMUSG00000079657.10	20.31965
ENSMUSG00000079658.9	48.398699
ENSMUSG00000079659.5	9.732286
ENSMUSG00000079666.8	1.026374
ENSMUSG00000079669.2	1.004566
ENSMUSG00000079671.8	0.16192
ENSMUSG00000079677.2	88.960661
ENSMUSG00000079679.3	0
ENSMUSG00000079681.3	0
ENSMUSG00000079685.10	0.019383
ENSMUSG00000079693.3	0
ENSMUSG00000079694.2	0
ENSMUSG00000079697.1	0.416059
ENSMUSG00000079698.7	0
ENSMUSG00000079699.2	0
ENSMUSG00000079700.7	0
ENSMUSG00000079701.7	0
ENSMUSG00000079702.5	0
ENSMUSG00000079703.12	0
ENSMUSG00000079704.2	0
ENSMUSG00000079705.4	0
ENSMUSG00000079707.10	1.018468
ENSMUSG00000079710.10	0.23733
ENSMUSG00000079711.4	0
ENSMUSG00000079722.2	0
ENSMUSG00000079737.4	0.372508
ENSMUSG00000079740.1	0
ENSMUSG00000079741.5	0
ENSMUSG00000079806.2	0
ENSMUSG00000079842.1	0
ENSMUSG00000079845.8	0
ENSMUSG00000079852.4	0
ENSMUSG00000079853.5	0
ENSMUSG00000079871.4	0
ENSMUSG00000079875.5	0
ENSMUSG00000079884.6	0.09864
ENSMUSG00000079889.4	0
ENSMUSG00000079890.2	0
ENSMUSG00000079892.2	0
ENSMUSG00000079893.3	0
ENSMUSG00000079906.2	0
ENSMUSG00000079915.2	0
ENSMUSG00000079941.1	2.020197
ENSMUSG00000079942.5	0.260379
ENSMUSG00000079962.2	0
ENSMUSG00000079963.2	0
ENSMUSG00000079965.2	0
ENSMUSG00000079966.2	0
ENSMUSG00000079988.2	0
ENSMUSG00000079993.2	0
ENSMUSG00000079998.2	0
ENSMUSG00000080002.2	0
ENSMUSG00000080006.4	0.112391
ENSMUSG00000080021.5	0.429171
ENSMUSG00000080046.2	0
ENSMUSG00000080050.2	0
ENSMUSG00000080051.2	0
ENSMUSG00000080054.3	0
ENSMUSG00000080057.2	0
ENSMUSG00000080058.2	7.534649
ENSMUSG00000080059.4	0.713
ENSMUSG00000080065.2	0
ENSMUSG00000080069.2	0
ENSMUSG00000080071.2	0
ENSMUSG00000080072.2	0
ENSMUSG00000080073.2	0
ENSMUSG00000080076.4	0
ENSMUSG00000080078.2	0
ENSMUSG00000080115.3	0
ENSMUSG00000080142.2	0
ENSMUSG00000080152.4	0
ENSMUSG00000080155.2	0
ENSMUSG00000080158.2	0
ENSMUSG00000080175.2	0
ENSMUSG00000080180.3	0
ENSMUSG00000080186.2	0
ENSMUSG00000080193.2	0
ENSMUSG00000080198.2	0
ENSMUSG00000080205.2	0
ENSMUSG00000080222.2	0
ENSMUSG00000080223.2	0
ENSMUSG00000080227.2	0
ENSMUSG00000080237.2	0
ENSMUSG00000080241.3	0
ENSMUSG00000080242.5	1034.574689
ENSMUSG00000080250.2	0
ENSMUSG00000080254.4	0.047972
ENSMUSG00000080266.2	0
ENSMUSG00000080268.4	26.227637
ENSMUSG00000080283.2	0
ENSMUSG00000080298.2	0
ENSMUSG00000080299.2	0
ENSMUSG00000080300.4	0
ENSMUSG00000080303.2	0.056059
ENSMUSG00000080316.11	8.804091
ENSMUSG00000080317.3	0
ENSMUSG00000080321.2	0
ENSMUSG00000080330.1	0
ENSMUSG00000080331.1	0
ENSMUSG00000080334.1	0
ENSMUSG00000080336.1	0
ENSMUSG00000080342.1	0
ENSMUSG00000080345.3	0
ENSMUSG00000080346.1	0
ENSMUSG00000080347.1	0
ENSMUSG00000080348.1	0
ENSMUSG00000080349.1	0
ENSMUSG00000080350.1	0
ENSMUSG00000080352.1	0
ENSMUSG00000080356.1	0
ENSMUSG00000080358.1	0
ENSMUSG00000080359.2	0
ENSMUSG00000080360.1	0
ENSMUSG00000080363.1	0
ENSMUSG00000080364.1	0
ENSMUSG00000080365.1	0
ENSMUSG00000080366.1	0
ENSMUSG00000080367.1	0
ENSMUSG00000080368.1	0
ENSMUSG00000080370.1	0
ENSMUSG00000080374.1	2.523095
ENSMUSG00000080378.1	0
ENSMUSG00000080380.1	0
ENSMUSG00000080383.1	0
ENSMUSG00000080384.1	0
ENSMUSG00000080391.1	0
ENSMUSG00000080394.2	0
ENSMUSG00000080396.1	0
ENSMUSG00000080401.1	0
ENSMUSG00000080402.1	0
ENSMUSG00000080405.1	0
ENSMUSG00000080406.1	0
ENSMUSG00000080408.1	0
ENSMUSG00000080409.1	0
ENSMUSG00000080410.2	0
ENSMUSG00000080411.1	0
ENSMUSG00000080412.1	0
ENSMUSG00000080413.1	0
ENSMUSG00000080415.1	0
ENSMUSG00000080419.1	0
ENSMUSG00000080424.1	0
ENSMUSG00000080425.1	0
ENSMUSG00000080427.1	0
ENSMUSG00000080428.1	0
ENSMUSG00000080430.1	0
ENSMUSG00000080432.1	0
ENSMUSG00000080434.1	0
ENSMUSG00000080437.1	0
ENSMUSG00000080440.1	0
ENSMUSG00000080441.1	0
ENSMUSG00000080443.1	0
ENSMUSG00000080451.1	0
ENSMUSG00000080452.3	0
ENSMUSG00000080454.3	0
ENSMUSG00000080455.1	0
ENSMUSG00000080459.1	0
ENSMUSG00000080461.1	0
ENSMUSG00000080463.1	0
ENSMUSG00000080465.1	13.646799
ENSMUSG00000080468.2	0
ENSMUSG00000080469.1	0
ENSMUSG00000080473.1	0
ENSMUSG00000080474.1	0
ENSMUSG00000080476.1	0
ENSMUSG00000080478.1	0
ENSMUSG00000080480.1	0
ENSMUSG00000080485.2	0
ENSMUSG00000080486.1	0
ENSMUSG00000080487.1	0
ENSMUSG00000080495.1	0
ENSMUSG00000080498.2	0
ENSMUSG00000080499.1	0
ENSMUSG00000080500.1	0
ENSMUSG00000080504.1	0
ENSMUSG00000080506.1	0
ENSMUSG00000080507.2	0
ENSMUSG00000080508.1	0
ENSMUSG00000080511.1	0
ENSMUSG00000080515.1	0
ENSMUSG00000080516.1	0
ENSMUSG00000080517.1	0
ENSMUSG00000080518.1	0
ENSMUSG00000080519.1	0
ENSMUSG00000080522.1	0
ENSMUSG00000080524.1	0
ENSMUSG00000080526.1	0
ENSMUSG00000080527.1	0
ENSMUSG00000080529.1	0
ENSMUSG00000080530.1	0
ENSMUSG00000080533.1	0
ENSMUSG00000080536.1	0
ENSMUSG00000080538.1	1.407286
ENSMUSG00000080539.1	0
ENSMUSG00000080540.2	0
ENSMUSG00000080542.1	2.872145
ENSMUSG00000080543.1	0
ENSMUSG00000080544.1	0
ENSMUSG00000080545.1	0
ENSMUSG00000080549.2	0
ENSMUSG00000080555.2	0
ENSMUSG00000080556.1	0
ENSMUSG00000080558.1	0
ENSMUSG00000080561.1	0
ENSMUSG00000080562.2	0
ENSMUSG00000080566.1	0
ENSMUSG00000080573.1	0
ENSMUSG00000080574.1	0
ENSMUSG00000080575.2	0
ENSMUSG00000080577.1	0
ENSMUSG00000080580.1	0
ENSMUSG00000080582.1	0
ENSMUSG00000080586.1	0
ENSMUSG00000080590.1	0
ENSMUSG00000080592.1	0
ENSMUSG00000080594.1	0
ENSMUSG00000080595.1	0
ENSMUSG00000080596.1	0
ENSMUSG00000080597.2	0
ENSMUSG00000080600.2	0
ENSMUSG00000080601.1	0
ENSMUSG00000080607.1	0
ENSMUSG00000080609.1	0
ENSMUSG00000080610.1	0
ENSMUSG00000080613.1	0
ENSMUSG00000080615.1	0
ENSMUSG00000080616.1	0
ENSMUSG00000080622.1	0
ENSMUSG00000080624.1	0
ENSMUSG00000080625.1	0
ENSMUSG00000080626.1	0
ENSMUSG00000080627.1	0
ENSMUSG00000080631.1	0
ENSMUSG00000080635.1	0
ENSMUSG00000080636.1	0
ENSMUSG00000080645.1	0
ENSMUSG00000080649.1	0
ENSMUSG00000080653.1	0
ENSMUSG00000080655.1	0
ENSMUSG00000080657.1	0
ENSMUSG00000080659.1	0
ENSMUSG00000080662.1	0
ENSMUSG00000080663.2	0
ENSMUSG00000080665.1	0
ENSMUSG00000080666.1	0
ENSMUSG00000080668.1	0
ENSMUSG00000080669.1	0
ENSMUSG00000080671.3	0
ENSMUSG00000080673.1	0
ENSMUSG00000080676.1	0
ENSMUSG00000080678.1	0
ENSMUSG00000080680.1	0
ENSMUSG00000080681.1	0
ENSMUSG00000080683.1	0
ENSMUSG00000080684.1	0
ENSMUSG00000080686.1	0
ENSMUSG00000080687.1	0
ENSMUSG00000080689.1	0
ENSMUSG00000080694.1	0
ENSMUSG00000080695.1	0
ENSMUSG00000080696.1	0
ENSMUSG00000080697.1	0
ENSMUSG00000080698.1	0
ENSMUSG00000080700.2	0
ENSMUSG00000080701.1	0.097564
ENSMUSG00000080703.2	0
ENSMUSG00000080704.1	0
ENSMUSG00000080705.1	0
ENSMUSG00000080706.1	0
ENSMUSG00000080707.1	0
ENSMUSG00000080708.1	0
ENSMUSG00000080709.1	0
ENSMUSG00000080710.1	0
ENSMUSG00000080711.3	0
ENSMUSG00000080712.3	0.902758
ENSMUSG00000080713.3	0
ENSMUSG00000080714.1	0
ENSMUSG00000080715.1	0
ENSMUSG00000080716.1	0
ENSMUSG00000080717.10	4.149522
ENSMUSG00000080718.1	0
ENSMUSG00000080719.1	0
ENSMUSG00000080720.2	0
ENSMUSG00000080722.3	0
ENSMUSG00000080723.1	0
ENSMUSG00000080725.9	0
ENSMUSG00000080726.2	0
ENSMUSG00000080727.2	2.669402
ENSMUSG00000080728.1	0
ENSMUSG00000080729.1	0
ENSMUSG00000080730.1	0
ENSMUSG00000080731.2	0
ENSMUSG00000080732.1	0
ENSMUSG00000080733.2	0
ENSMUSG00000080734.1	0
ENSMUSG00000080735.1	0
ENSMUSG00000080736.1	0
ENSMUSG00000080737.1	0
ENSMUSG00000080738.1	0
ENSMUSG00000080741.3	0
ENSMUSG00000080742.1	0
ENSMUSG00000080743.2	0
ENSMUSG00000080744.1	0
ENSMUSG00000080746.3	0
ENSMUSG00000080747.1	0
ENSMUSG00000080748.1	0
ENSMUSG00000080749.1	0
ENSMUSG00000080750.2	0
ENSMUSG00000080751.1	0
ENSMUSG00000080752.2	0
ENSMUSG00000080753.1	0
ENSMUSG00000080754.1	0
ENSMUSG00000080755.1	0
ENSMUSG00000080756.1	0
ENSMUSG00000080757.1	0
ENSMUSG00000080758.1	0
ENSMUSG00000080759.1	0
ENSMUSG00000080760.1	0
ENSMUSG00000080762.1	0
ENSMUSG00000080763.2	0
ENSMUSG00000080764.1	0
ENSMUSG00000080765.1	0
ENSMUSG00000080766.1	0
ENSMUSG00000080767.1	0
ENSMUSG00000080768.1	0
ENSMUSG00000080770.1	0
ENSMUSG00000080771.1	0
ENSMUSG00000080772.1	0.247914
ENSMUSG00000080773.1	0
ENSMUSG00000080774.1	0
ENSMUSG00000080775.1	0.071105
ENSMUSG00000080776.1	0.371896
ENSMUSG00000080777.1	0
ENSMUSG00000080778.1	0
ENSMUSG00000080779.1	0
ENSMUSG00000080780.1	0
ENSMUSG00000080781.3	0
ENSMUSG00000080782.1	0
ENSMUSG00000080783.1	0
ENSMUSG00000080785.1	0
ENSMUSG00000080788.1	0
ENSMUSG00000080789.1	0
ENSMUSG00000080790.1	0
ENSMUSG00000080791.1	0
ENSMUSG00000080792.1	0
ENSMUSG00000080793.1	0
ENSMUSG00000080794.1	0
ENSMUSG00000080795.1	0
ENSMUSG00000080796.1	0
ENSMUSG00000080797.2	0.027396
ENSMUSG00000080798.3	0
ENSMUSG00000080799.1	0
ENSMUSG00000080800.1	0
ENSMUSG00000080801.2	0
ENSMUSG00000080802.1	0
ENSMUSG00000080803.1	0
ENSMUSG00000080805.1	0
ENSMUSG00000080806.1	0
ENSMUSG00000080807.1	0
ENSMUSG00000080808.1	0
ENSMUSG00000080809.3	0
ENSMUSG00000080810.1	0
ENSMUSG00000080811.1	0
ENSMUSG00000080812.1	0
ENSMUSG00000080813.1	0
ENSMUSG00000080814.1	0
ENSMUSG00000080815.1	0
ENSMUSG00000080816.1	0.192072
ENSMUSG00000080817.1	0
ENSMUSG00000080818.4	0
ENSMUSG00000080819.1	0
ENSMUSG00000080820.1	0
ENSMUSG00000080822.1	0
ENSMUSG00000080823.1	0
ENSMUSG00000080824.1	0
ENSMUSG00000080825.1	0
ENSMUSG00000080826.1	0
ENSMUSG00000080827.1	0
ENSMUSG00000080828.1	0
ENSMUSG00000080829.1	0
ENSMUSG00000080831.1	0
ENSMUSG00000080832.4	0
ENSMUSG00000080833.1	0
ENSMUSG00000080834.1	0
ENSMUSG00000080835.1	0
ENSMUSG00000080836.1	0.198074
ENSMUSG00000080839.1	0
ENSMUSG00000080840.1	0.029857
ENSMUSG00000080841.1	0
ENSMUSG00000080842.2	0
ENSMUSG00000080843.1	0
ENSMUSG00000080844.1	0
ENSMUSG00000080845.1	0
ENSMUSG00000080846.1	0
ENSMUSG00000080847.1	0
ENSMUSG00000080848.3	2.420374
ENSMUSG00000080849.1	0
ENSMUSG00000080850.1	0.144254
ENSMUSG00000080851.1	0.094497
ENSMUSG00000080852.1	0
ENSMUSG00000080855.3	0
ENSMUSG00000080857.1	0
ENSMUSG00000080859.1	0
ENSMUSG00000080860.1	0
ENSMUSG00000080861.1	0
ENSMUSG00000080862.3	0
ENSMUSG00000080863.1	0
ENSMUSG00000080865.1	0
ENSMUSG00000080866.1	0.060464
ENSMUSG00000080868.1	0
ENSMUSG00000080869.1	0
ENSMUSG00000080870.1	0.093455
ENSMUSG00000080871.1	0
ENSMUSG00000080872.1	0
ENSMUSG00000080873.3	0
ENSMUSG00000080874.1	0
ENSMUSG00000080875.4	2.313708
ENSMUSG00000080876.3	0
ENSMUSG00000080877.1	0.262069
ENSMUSG00000080878.1	0
ENSMUSG00000080880.1	0
ENSMUSG00000080884.1	0
ENSMUSG00000080885.1	0
ENSMUSG00000080886.1	0
ENSMUSG00000080887.1	0
ENSMUSG00000080888.3	0
ENSMUSG00000080889.1	0
ENSMUSG00000080890.1	0
ENSMUSG00000080891.4	0
ENSMUSG00000080892.1	0
ENSMUSG00000080893.1	60.260402
ENSMUSG00000080894.1	0
ENSMUSG00000080895.1	0.059313
ENSMUSG00000080896.5	7.021812
ENSMUSG00000080897.1	0
ENSMUSG00000080898.1	0
ENSMUSG00000080899.1	0
ENSMUSG00000080902.1	1.114667
ENSMUSG00000080903.1	0
ENSMUSG00000080904.1	0
ENSMUSG00000080906.1	0
ENSMUSG00000080907.1	0
ENSMUSG00000080910.1	0
ENSMUSG00000080911.1	0
ENSMUSG00000080912.1	0
ENSMUSG00000080913.1	0
ENSMUSG00000080914.1	0
ENSMUSG00000080915.1	0
ENSMUSG00000080916.3	0.166708
ENSMUSG00000080917.2	0
ENSMUSG00000080918.1	0
ENSMUSG00000080919.1	0
ENSMUSG00000080921.4	5.407168
ENSMUSG00000080922.1	0
ENSMUSG00000080923.1	0
ENSMUSG00000080924.1	0
ENSMUSG00000080925.1	0
ENSMUSG00000080927.1	0
ENSMUSG00000080928.1	0.127571
ENSMUSG00000080929.1	0
ENSMUSG00000080930.2	0
ENSMUSG00000080932.3	0
ENSMUSG00000080933.4	0
ENSMUSG00000080934.1	0
ENSMUSG00000080935.3	0.472769
ENSMUSG00000080936.2	0
ENSMUSG00000080937.1	0
ENSMUSG00000080938.1	0
ENSMUSG00000080939.1	0
ENSMUSG00000080941.1	0
ENSMUSG00000080942.1	0
ENSMUSG00000080943.1	0
ENSMUSG00000080944.1	0
ENSMUSG00000080946.1	0
ENSMUSG00000080947.2	0
ENSMUSG00000080948.1	0
ENSMUSG00000080949.1	0
ENSMUSG00000080950.1	0.048476
ENSMUSG00000080951.1	0
ENSMUSG00000080952.1	0
ENSMUSG00000080953.1	0
ENSMUSG00000080954.1	0
ENSMUSG00000080955.1	0
ENSMUSG00000080956.1	0
ENSMUSG00000080957.1	0
ENSMUSG00000080958.1	0
ENSMUSG00000080959.1	0
ENSMUSG00000080960.1	0
ENSMUSG00000080961.1	0
ENSMUSG00000080962.1	0
ENSMUSG00000080964.1	0
ENSMUSG00000080965.1	0
ENSMUSG00000080966.1	0
ENSMUSG00000080967.1	0
ENSMUSG00000080968.3	0.089395
ENSMUSG00000080969.1	0
ENSMUSG00000080970.1	0
ENSMUSG00000080971.1	0.187023
ENSMUSG00000080972.1	0
ENSMUSG00000080974.2	0
ENSMUSG00000080976.1	0
ENSMUSG00000080977.1	0
ENSMUSG00000080978.2	0
ENSMUSG00000080979.3	0
ENSMUSG00000080980.1	0
ENSMUSG00000080981.1	0
ENSMUSG00000080982.1	0
ENSMUSG00000080983.1	0
ENSMUSG00000080984.1	0
ENSMUSG00000080985.1	0
ENSMUSG00000080986.1	0
ENSMUSG00000080987.1	0
ENSMUSG00000080989.1	0.051516
ENSMUSG00000080990.2	0
ENSMUSG00000080992.1	0
ENSMUSG00000080993.1	0
ENSMUSG00000080994.2	0.045725
ENSMUSG00000080995.1	0
ENSMUSG00000080996.3	0
ENSMUSG00000080997.1	0
ENSMUSG00000080998.1	0
ENSMUSG00000080999.1	0
ENSMUSG00000081000.1	0
ENSMUSG00000081001.1	0
ENSMUSG00000081002.1	0
ENSMUSG00000081003.1	0
ENSMUSG00000081004.1	0
ENSMUSG00000081005.1	0
ENSMUSG00000081006.1	0
ENSMUSG00000081007.1	0
ENSMUSG00000081008.2	0
ENSMUSG00000081009.1	0
ENSMUSG00000081010.3	0
ENSMUSG00000081011.1	0
ENSMUSG00000081012.1	0
ENSMUSG00000081013.1	0
ENSMUSG00000081014.1	0
ENSMUSG00000081016.1	0
ENSMUSG00000081017.1	0
ENSMUSG00000081018.1	0
ENSMUSG00000081020.1	0
ENSMUSG00000081021.1	0.104032
ENSMUSG00000081022.1	0
ENSMUSG00000081023.1	0
ENSMUSG00000081024.1	0
ENSMUSG00000081025.1	0
ENSMUSG00000081026.1	0.016557
ENSMUSG00000081029.1	0
ENSMUSG00000081030.1	0.097031
ENSMUSG00000081033.1	0
ENSMUSG00000081034.1	0
ENSMUSG00000081036.1	0
ENSMUSG00000081037.3	0
ENSMUSG00000081038.2	0
ENSMUSG00000081041.1	0
ENSMUSG00000081042.1	0
ENSMUSG00000081043.1	0.057607
ENSMUSG00000081044.8	0.0245
ENSMUSG00000081045.1	0
ENSMUSG00000081046.1	0
ENSMUSG00000081047.2	0
ENSMUSG00000081048.1	0.045021
ENSMUSG00000081049.1	1.488433
ENSMUSG00000081050.1	0
ENSMUSG00000081051.4	2.810569
ENSMUSG00000081052.1	0
ENSMUSG00000081053.1	0
ENSMUSG00000081054.1	0
ENSMUSG00000081055.1	0
ENSMUSG00000081056.1	0
ENSMUSG00000081057.2	0
ENSMUSG00000081058.5	2.196085
ENSMUSG00000081059.3	0
ENSMUSG00000081060.1	0
ENSMUSG00000081061.1	0
ENSMUSG00000081062.1	0
ENSMUSG00000081063.1	0
ENSMUSG00000081064.1	0
ENSMUSG00000081065.1	0
ENSMUSG00000081066.1	0
ENSMUSG00000081067.1	0
ENSMUSG00000081068.1	0
ENSMUSG00000081069.1	0
ENSMUSG00000081070.1	0
ENSMUSG00000081071.1	0
ENSMUSG00000081072.1	0
ENSMUSG00000081073.1	0
ENSMUSG00000081076.3	0.039412
ENSMUSG00000081077.1	0
ENSMUSG00000081078.1	0
ENSMUSG00000081079.1	0
ENSMUSG00000081080.1	0
ENSMUSG00000081081.1	0
ENSMUSG00000081082.1	0
ENSMUSG00000081083.1	0
ENSMUSG00000081084.1	0
ENSMUSG00000081085.1	0
ENSMUSG00000081086.1	0
ENSMUSG00000081087.1	80.859209
ENSMUSG00000081088.1	0
ENSMUSG00000081089.1	0
ENSMUSG00000081092.1	0
ENSMUSG00000081093.1	0
ENSMUSG00000081094.4	5.580579
ENSMUSG00000081095.2	0
ENSMUSG00000081096.2	0.188989
ENSMUSG00000081097.1	0
ENSMUSG00000081098.1	0
ENSMUSG00000081099.2	0
ENSMUSG00000081100.1	0
ENSMUSG00000081101.1	0
ENSMUSG00000081103.1	0
ENSMUSG00000081104.1	0
ENSMUSG00000081106.1	0
ENSMUSG00000081107.1	0
ENSMUSG00000081108.4	0
ENSMUSG00000081110.1	0
ENSMUSG00000081111.3	0
ENSMUSG00000081112.1	0
ENSMUSG00000081113.1	1.235143
ENSMUSG00000081114.1	0
ENSMUSG00000081115.2	0
ENSMUSG00000081116.1	0
ENSMUSG00000081117.1	0
ENSMUSG00000081118.1	0
ENSMUSG00000081119.1	0
ENSMUSG00000081120.1	0
ENSMUSG00000081121.1	0
ENSMUSG00000081122.1	0
ENSMUSG00000081124.1	0
ENSMUSG00000081125.3	0
ENSMUSG00000081126.1	0.257193
ENSMUSG00000081127.1	0
ENSMUSG00000081128.1	0
ENSMUSG00000081129.1	0
ENSMUSG00000081130.1	0
ENSMUSG00000081131.1	0
ENSMUSG00000081132.1	0
ENSMUSG00000081133.2	0
ENSMUSG00000081134.1	0
ENSMUSG00000081135.1	0
ENSMUSG00000081136.1	0
ENSMUSG00000081137.3	0.359162
ENSMUSG00000081138.1	0
ENSMUSG00000081139.1	0
ENSMUSG00000081141.1	0
ENSMUSG00000081142.1	0
ENSMUSG00000081143.2	0
ENSMUSG00000081144.1	0
ENSMUSG00000081145.2	0
ENSMUSG00000081146.1	0
ENSMUSG00000081147.1	0
ENSMUSG00000081148.1	0
ENSMUSG00000081150.1	0
ENSMUSG00000081151.1	0.101807
ENSMUSG00000081152.1	0
ENSMUSG00000081153.1	0
ENSMUSG00000081154.2	0
ENSMUSG00000081155.1	0
ENSMUSG00000081156.1	0
ENSMUSG00000081157.1	0.142848
ENSMUSG00000081158.1	0
ENSMUSG00000081159.1	0
ENSMUSG00000081160.1	0
ENSMUSG00000081161.1	0
ENSMUSG00000081162.2	0
ENSMUSG00000081163.2	0
ENSMUSG00000081164.1	0.141915
ENSMUSG00000081165.1	0
ENSMUSG00000081166.1	0
ENSMUSG00000081167.1	0.206636
ENSMUSG00000081168.1	0
ENSMUSG00000081169.1	0
ENSMUSG00000081170.1	0
ENSMUSG00000081171.1	0
ENSMUSG00000081172.1	0
ENSMUSG00000081173.1	0
ENSMUSG00000081174.1	0
ENSMUSG00000081175.3	0
ENSMUSG00000081176.1	2.793187
ENSMUSG00000081177.1	0
ENSMUSG00000081179.1	0.010169
ENSMUSG00000081180.1	0
ENSMUSG00000081181.1	0
ENSMUSG00000081182.2	0
ENSMUSG00000081183.1	0
ENSMUSG00000081184.1	0
ENSMUSG00000081185.1	0
ENSMUSG00000081186.1	0
ENSMUSG00000081187.1	0.014441
ENSMUSG00000081188.1	0
ENSMUSG00000081189.1	0
ENSMUSG00000081191.1	0
ENSMUSG00000081194.1	0
ENSMUSG00000081195.2	0
ENSMUSG00000081196.1	0
ENSMUSG00000081197.1	0
ENSMUSG00000081199.3	0
ENSMUSG00000081200.1	0
ENSMUSG00000081201.1	0
ENSMUSG00000081202.1	0
ENSMUSG00000081205.4	0
ENSMUSG00000081206.1	0
ENSMUSG00000081207.4	0
ENSMUSG00000081208.1	0.108049
ENSMUSG00000081209.1	0
ENSMUSG00000081210.1	0
ENSMUSG00000081211.1	0
ENSMUSG00000081212.1	0
ENSMUSG00000081214.3	0
ENSMUSG00000081215.1	0
ENSMUSG00000081216.3	0
ENSMUSG00000081217.1	0
ENSMUSG00000081218.1	0
ENSMUSG00000081219.1	4.787341
ENSMUSG00000081220.2	0
ENSMUSG00000081221.4	0
ENSMUSG00000081222.1	0
ENSMUSG00000081223.1	0.056931
ENSMUSG00000081224.1	0
ENSMUSG00000081225.3	1.784246
ENSMUSG00000081226.1	0
ENSMUSG00000081227.1	0.07284
ENSMUSG00000081228.1	0
ENSMUSG00000081229.1	0
ENSMUSG00000081230.1	0
ENSMUSG00000081231.1	0
ENSMUSG00000081232.3	0.014325
ENSMUSG00000081233.1	0
ENSMUSG00000081234.3	0
ENSMUSG00000081235.1	0
ENSMUSG00000081236.1	0
ENSMUSG00000081237.3	0
ENSMUSG00000081238.3	0
ENSMUSG00000081239.3	0.21053
ENSMUSG00000081240.2	0
ENSMUSG00000081242.1	0
ENSMUSG00000081243.1	0
ENSMUSG00000081244.3	0
ENSMUSG00000081245.2	0
ENSMUSG00000081248.1	0
ENSMUSG00000081249.3	1.174137
ENSMUSG00000081250.3	0
ENSMUSG00000081251.1	0
ENSMUSG00000081252.1	0
ENSMUSG00000081253.1	0
ENSMUSG00000081254.1	0
ENSMUSG00000081255.1	0.014301
ENSMUSG00000081256.1	0
ENSMUSG00000081257.1	0
ENSMUSG00000081258.1	0
ENSMUSG00000081259.2	0
ENSMUSG00000081260.1	0
ENSMUSG00000081261.1	0
ENSMUSG00000081262.1	0
ENSMUSG00000081263.1	0
ENSMUSG00000081264.1	0
ENSMUSG00000081265.1	0
ENSMUSG00000081268.1	0
ENSMUSG00000081269.1	0
ENSMUSG00000081270.1	0
ENSMUSG00000081271.1	0
ENSMUSG00000081272.1	36.090733
ENSMUSG00000081273.1	0
ENSMUSG00000081274.2	0
ENSMUSG00000081275.1	0
ENSMUSG00000081276.1	0
ENSMUSG00000081277.1	0.094133
ENSMUSG00000081278.1	0
ENSMUSG00000081279.1	0
ENSMUSG00000081280.1	0
ENSMUSG00000081281.1	0.090859
ENSMUSG00000081282.2	0
ENSMUSG00000081283.1	0
ENSMUSG00000081284.1	0
ENSMUSG00000081285.2	0
ENSMUSG00000081286.1	0
ENSMUSG00000081287.3	0
ENSMUSG00000081288.1	0
ENSMUSG00000081289.1	0
ENSMUSG00000081290.1	0
ENSMUSG00000081292.1	0
ENSMUSG00000081293.1	0
ENSMUSG00000081295.1	0.118565
ENSMUSG00000081296.1	0
ENSMUSG00000081297.1	0
ENSMUSG00000081298.1	0
ENSMUSG00000081299.1	0
ENSMUSG00000081300.1	0
ENSMUSG00000081301.1	0
ENSMUSG00000081302.1	0
ENSMUSG00000081303.2	0.124016
ENSMUSG00000081304.1	0
ENSMUSG00000081305.1	0
ENSMUSG00000081306.1	0
ENSMUSG00000081307.1	0
ENSMUSG00000081308.1	0.108315
ENSMUSG00000081309.3	0
ENSMUSG00000081310.1	0
ENSMUSG00000081312.1	0
ENSMUSG00000081313.1	0
ENSMUSG00000081314.1	0
ENSMUSG00000081315.2	0
ENSMUSG00000081316.1	0
ENSMUSG00000081317.1	0
ENSMUSG00000081318.1	0
ENSMUSG00000081319.1	0
ENSMUSG00000081320.1	0
ENSMUSG00000081321.1	0
ENSMUSG00000081323.1	0
ENSMUSG00000081324.1	0
ENSMUSG00000081325.1	0
ENSMUSG00000081326.1	0
ENSMUSG00000081327.1	0
ENSMUSG00000081329.1	0
ENSMUSG00000081330.1	0
ENSMUSG00000081331.1	0
ENSMUSG00000081332.1	0
ENSMUSG00000081333.1	0
ENSMUSG00000081334.1	0
ENSMUSG00000081335.1	0
ENSMUSG00000081336.1	0
ENSMUSG00000081339.1	0
ENSMUSG00000081340.1	0
ENSMUSG00000081341.1	0
ENSMUSG00000081342.1	0
ENSMUSG00000081343.1	0
ENSMUSG00000081344.5	6.375263
ENSMUSG00000081345.2	0
ENSMUSG00000081346.1	0
ENSMUSG00000081348.1	0
ENSMUSG00000081349.1	0
ENSMUSG00000081350.1	0
ENSMUSG00000081352.1	0
ENSMUSG00000081353.2	0
ENSMUSG00000081354.1	0
ENSMUSG00000081355.1	0.085891
ENSMUSG00000081357.1	0
ENSMUSG00000081358.1	0
ENSMUSG00000081359.1	0.305835
ENSMUSG00000081360.1	0
ENSMUSG00000081361.1	0
ENSMUSG00000081362.3	0
ENSMUSG00000081363.2	0
ENSMUSG00000081364.1	0
ENSMUSG00000081365.1	0
ENSMUSG00000081367.2	0
ENSMUSG00000081369.1	0
ENSMUSG00000081370.1	0
ENSMUSG00000081372.1	0
ENSMUSG00000081373.1	0
ENSMUSG00000081374.1	0
ENSMUSG00000081375.1	0
ENSMUSG00000081376.1	0
ENSMUSG00000081377.1	0
ENSMUSG00000081378.1	0
ENSMUSG00000081379.1	0
ENSMUSG00000081381.1	0
ENSMUSG00000081382.1	0.258843
ENSMUSG00000081383.1	0
ENSMUSG00000081384.1	0
ENSMUSG00000081386.1	0
ENSMUSG00000081388.1	0
ENSMUSG00000081389.2	0
ENSMUSG00000081390.1	0
ENSMUSG00000081391.1	0
ENSMUSG00000081392.1	0
ENSMUSG00000081394.1	0.377838
ENSMUSG00000081395.1	0
ENSMUSG00000081396.1	0
ENSMUSG00000081397.1	0
ENSMUSG00000081398.1	0
ENSMUSG00000081399.2	0
ENSMUSG00000081400.1	0.368594
ENSMUSG00000081402.4	0
ENSMUSG00000081404.1	0.229214
ENSMUSG00000081405.1	0.043962
ENSMUSG00000081406.4	3.537864
ENSMUSG00000081407.1	0
ENSMUSG00000081408.1	0
ENSMUSG00000081409.1	0
ENSMUSG00000081410.1	0
ENSMUSG00000081412.1	0
ENSMUSG00000081413.3	0
ENSMUSG00000081414.2	0
ENSMUSG00000081415.1	0
ENSMUSG00000081416.1	0
ENSMUSG00000081417.1	0.088693
ENSMUSG00000081418.1	0
ENSMUSG00000081421.1	0
ENSMUSG00000081422.1	0
ENSMUSG00000081423.1	0
ENSMUSG00000081424.1	0
ENSMUSG00000081427.1	0
ENSMUSG00000081428.1	0
ENSMUSG00000081429.1	0
ENSMUSG00000081431.1	0
ENSMUSG00000081432.1	0
ENSMUSG00000081433.1	0
ENSMUSG00000081434.3	0.750168
ENSMUSG00000081435.1	0
ENSMUSG00000081436.1	0.022215
ENSMUSG00000081437.1	0
ENSMUSG00000081438.1	0
ENSMUSG00000081439.1	0
ENSMUSG00000081440.2	0
ENSMUSG00000081441.3	0
ENSMUSG00000081442.1	0
ENSMUSG00000081443.2	0
ENSMUSG00000081444.1	0
ENSMUSG00000081445.1	0
ENSMUSG00000081447.1	0
ENSMUSG00000081449.1	0
ENSMUSG00000081450.1	0
ENSMUSG00000081451.1	0
ENSMUSG00000081452.1	0
ENSMUSG00000081453.1	0.047171
ENSMUSG00000081455.1	0
ENSMUSG00000081456.1	0
ENSMUSG00000081457.1	0
ENSMUSG00000081458.2	0
ENSMUSG00000081459.3	0
ENSMUSG00000081460.1	0
ENSMUSG00000081461.3	0
ENSMUSG00000081463.1	0
ENSMUSG00000081464.1	0
ENSMUSG00000081465.1	0
ENSMUSG00000081466.1	0
ENSMUSG00000081467.1	0
ENSMUSG00000081469.1	0
ENSMUSG00000081470.1	0
ENSMUSG00000081471.1	0
ENSMUSG00000081473.3	0.661216
ENSMUSG00000081474.1	0
ENSMUSG00000081475.1	0
ENSMUSG00000081476.1	0.93724
ENSMUSG00000081477.1	0
ENSMUSG00000081478.1	0
ENSMUSG00000081480.1	0
ENSMUSG00000081481.1	0
ENSMUSG00000081483.1	0
ENSMUSG00000081484.1	0
ENSMUSG00000081485.5	0.553012
ENSMUSG00000081486.1	0
ENSMUSG00000081487.1	0
ENSMUSG00000081488.1	0
ENSMUSG00000081490.1	0
ENSMUSG00000081491.1	0
ENSMUSG00000081492.1	0
ENSMUSG00000081494.1	0.035289
ENSMUSG00000081495.1	0
ENSMUSG00000081496.1	0
ENSMUSG00000081497.1	0
ENSMUSG00000081498.2	0
ENSMUSG00000081499.1	0
ENSMUSG00000081500.1	0
ENSMUSG00000081501.5	0
ENSMUSG00000081502.1	0
ENSMUSG00000081504.3	0
ENSMUSG00000081505.1	0
ENSMUSG00000081506.1	0
ENSMUSG00000081507.1	0
ENSMUSG00000081508.1	0
ENSMUSG00000081510.1	0
ENSMUSG00000081511.1	0
ENSMUSG00000081512.1	0
ENSMUSG00000081513.1	0
ENSMUSG00000081514.2	0
ENSMUSG00000081515.1	0
ENSMUSG00000081516.1	0
ENSMUSG00000081517.1	0
ENSMUSG00000081519.1	0
ENSMUSG00000081520.1	0
ENSMUSG00000081522.1	0
ENSMUSG00000081523.1	0
ENSMUSG00000081524.3	0.033706
ENSMUSG00000081525.1	0
ENSMUSG00000081526.1	0
ENSMUSG00000081528.1	0
ENSMUSG00000081529.1	0
ENSMUSG00000081530.1	0
ENSMUSG00000081531.1	0
ENSMUSG00000081532.1	0
ENSMUSG00000081533.1	0
ENSMUSG00000081534.3	114.46036
ENSMUSG00000081536.1	0
ENSMUSG00000081537.2	0
ENSMUSG00000081538.1	0
ENSMUSG00000081539.1	0
ENSMUSG00000081540.3	0
ENSMUSG00000081541.1	0
ENSMUSG00000081542.1	0
ENSMUSG00000081543.1	0
ENSMUSG00000081544.1	0
ENSMUSG00000081546.1	0
ENSMUSG00000081547.1	0
ENSMUSG00000081548.1	0
ENSMUSG00000081550.1	0
ENSMUSG00000081551.1	0
ENSMUSG00000081552.1	0
ENSMUSG00000081553.1	0
ENSMUSG00000081555.1	0
ENSMUSG00000081556.1	0
ENSMUSG00000081557.2	0
ENSMUSG00000081559.3	0.350192
ENSMUSG00000081560.1	0
ENSMUSG00000081561.1	0
ENSMUSG00000081562.1	0
ENSMUSG00000081563.1	0
ENSMUSG00000081564.1	0
ENSMUSG00000081565.1	0
ENSMUSG00000081566.1	0
ENSMUSG00000081567.1	0
ENSMUSG00000081568.1	0
ENSMUSG00000081569.1	0
ENSMUSG00000081570.1	0
ENSMUSG00000081571.1	0
ENSMUSG00000081572.3	0
ENSMUSG00000081573.1	0
ENSMUSG00000081574.1	0
ENSMUSG00000081575.1	0
ENSMUSG00000081576.1	0
ENSMUSG00000081577.1	0
ENSMUSG00000081578.2	0
ENSMUSG00000081579.1	0
ENSMUSG00000081580.1	0
ENSMUSG00000081583.1	0.108721
ENSMUSG00000081584.1	0
ENSMUSG00000081585.1	0
ENSMUSG00000081586.3	0
ENSMUSG00000081587.1	0
ENSMUSG00000081588.1	0
ENSMUSG00000081589.1	0
ENSMUSG00000081590.1	0
ENSMUSG00000081591.1	0
ENSMUSG00000081592.1	0
ENSMUSG00000081593.1	0
ENSMUSG00000081594.1	0
ENSMUSG00000081595.1	0
ENSMUSG00000081596.1	0
ENSMUSG00000081597.1	0
ENSMUSG00000081598.1	0
ENSMUSG00000081599.1	0
ENSMUSG00000081600.3	0.30825
ENSMUSG00000081601.1	0
ENSMUSG00000081602.1	0
ENSMUSG00000081603.1	0
ENSMUSG00000081604.5	4.133492
ENSMUSG00000081605.1	0
ENSMUSG00000081606.1	0
ENSMUSG00000081607.2	0
ENSMUSG00000081608.1	0.129273
ENSMUSG00000081609.1	0
ENSMUSG00000081610.1	0
ENSMUSG00000081611.1	0.060223
ENSMUSG00000081612.1	0
ENSMUSG00000081613.1	0
ENSMUSG00000081614.1	0
ENSMUSG00000081615.1	0
ENSMUSG00000081616.1	0
ENSMUSG00000081617.1	0
ENSMUSG00000081618.2	0
ENSMUSG00000081619.1	0
ENSMUSG00000081620.1	0.100698
ENSMUSG00000081621.1	0
ENSMUSG00000081622.1	0
ENSMUSG00000081623.1	0
ENSMUSG00000081624.1	0
ENSMUSG00000081625.1	0
ENSMUSG00000081626.3	0
ENSMUSG00000081627.1	0
ENSMUSG00000081628.1	0
ENSMUSG00000081629.1	0
ENSMUSG00000081630.1	0
ENSMUSG00000081631.1	0
ENSMUSG00000081632.1	0
ENSMUSG00000081633.1	0
ENSMUSG00000081635.1	0
ENSMUSG00000081636.2	0
ENSMUSG00000081638.4	0
ENSMUSG00000081639.1	0
ENSMUSG00000081640.1	0.257062
ENSMUSG00000081641.3	0
ENSMUSG00000081642.1	0
ENSMUSG00000081643.1	0.122632
ENSMUSG00000081646.1	0
ENSMUSG00000081647.1	0
ENSMUSG00000081648.1	0.078784
ENSMUSG00000081649.2	0
ENSMUSG00000081650.1	0
ENSMUSG00000081651.1	0
ENSMUSG00000081652.1	0
ENSMUSG00000081653.1	0
ENSMUSG00000081654.1	0
ENSMUSG00000081656.1	0
ENSMUSG00000081657.1	0
ENSMUSG00000081658.1	0
ENSMUSG00000081659.1	0
ENSMUSG00000081660.1	0
ENSMUSG00000081661.1	0
ENSMUSG00000081662.1	0
ENSMUSG00000081663.1	0
ENSMUSG00000081664.1	0
ENSMUSG00000081665.2	0
ENSMUSG00000081666.1	0.378521
ENSMUSG00000081667.1	0
ENSMUSG00000081668.2	0
ENSMUSG00000081669.1	0
ENSMUSG00000081670.1	0.020563
ENSMUSG00000081671.1	0
ENSMUSG00000081672.1	0
ENSMUSG00000081673.1	0
ENSMUSG00000081674.1	0
ENSMUSG00000081675.1	0
ENSMUSG00000081676.1	0
ENSMUSG00000081677.1	0
ENSMUSG00000081678.1	0
ENSMUSG00000081679.1	0
ENSMUSG00000081680.1	0
ENSMUSG00000081681.1	0
ENSMUSG00000081683.5	3.838311
ENSMUSG00000081684.4	0
ENSMUSG00000081685.1	0
ENSMUSG00000081686.1	0
ENSMUSG00000081687.1	0
ENSMUSG00000081688.1	0
ENSMUSG00000081689.1	0
ENSMUSG00000081690.1	0
ENSMUSG00000081691.1	0
ENSMUSG00000081692.1	0
ENSMUSG00000081693.2	0
ENSMUSG00000081694.1	0
ENSMUSG00000081695.1	0
ENSMUSG00000081696.2	0
ENSMUSG00000081697.1	0
ENSMUSG00000081698.1	0
ENSMUSG00000081699.1	0
ENSMUSG00000081700.1	1.255881
ENSMUSG00000081701.1	0
ENSMUSG00000081703.1	0
ENSMUSG00000081704.1	0
ENSMUSG00000081705.1	0
ENSMUSG00000081706.1	0
ENSMUSG00000081707.1	0
ENSMUSG00000081709.1	0
ENSMUSG00000081711.1	0
ENSMUSG00000081712.1	0
ENSMUSG00000081713.1	0
ENSMUSG00000081714.1	0
ENSMUSG00000081715.1	0
ENSMUSG00000081716.1	0
ENSMUSG00000081717.1	0
ENSMUSG00000081718.1	0
ENSMUSG00000081719.1	0
ENSMUSG00000081720.1	0
ENSMUSG00000081721.3	0.037812
ENSMUSG00000081722.1	0
ENSMUSG00000081723.1	0
ENSMUSG00000081724.4	0
ENSMUSG00000081728.1	0
ENSMUSG00000081729.1	0
ENSMUSG00000081730.1	0
ENSMUSG00000081731.1	1.358265
ENSMUSG00000081732.1	0
ENSMUSG00000081733.1	0
ENSMUSG00000081734.1	0
ENSMUSG00000081735.1	0
ENSMUSG00000081736.1	0
ENSMUSG00000081737.2	0
ENSMUSG00000081738.1	0.078223
ENSMUSG00000081739.3	0
ENSMUSG00000081740.3	0
ENSMUSG00000081741.1	0
ENSMUSG00000081742.2	0
ENSMUSG00000081743.3	0
ENSMUSG00000081744.1	0
ENSMUSG00000081745.1	0
ENSMUSG00000081746.2	0
ENSMUSG00000081747.1	0
ENSMUSG00000081748.1	0
ENSMUSG00000081749.3	0
ENSMUSG00000081750.3	0.113528
ENSMUSG00000081751.1	0
ENSMUSG00000081752.3	0.106259
ENSMUSG00000081755.1	0
ENSMUSG00000081756.1	0
ENSMUSG00000081757.1	0
ENSMUSG00000081758.1	0
ENSMUSG00000081761.2	0
ENSMUSG00000081762.1	0
ENSMUSG00000081763.1	0
ENSMUSG00000081765.1	0
ENSMUSG00000081766.3	0
ENSMUSG00000081767.1	0
ENSMUSG00000081768.2	0
ENSMUSG00000081769.9	0.799479
ENSMUSG00000081770.1	0
ENSMUSG00000081771.1	0
ENSMUSG00000081772.1	0
ENSMUSG00000081773.1	0
ENSMUSG00000081774.1	0
ENSMUSG00000081775.1	0
ENSMUSG00000081777.1	0
ENSMUSG00000081778.1	0
ENSMUSG00000081779.1	0
ENSMUSG00000081781.1	0
ENSMUSG00000081782.1	0
ENSMUSG00000081783.2	0.072095
ENSMUSG00000081784.1	0
ENSMUSG00000081786.1	0
ENSMUSG00000081787.1	0
ENSMUSG00000081788.2	0.017471
ENSMUSG00000081789.1	0
ENSMUSG00000081791.1	0
ENSMUSG00000081792.4	0.144753
ENSMUSG00000081793.1	0
ENSMUSG00000081796.1	0
ENSMUSG00000081797.1	0
ENSMUSG00000081798.1	0
ENSMUSG00000081799.1	0
ENSMUSG00000081800.3	0
ENSMUSG00000081801.1	0
ENSMUSG00000081803.1	0
ENSMUSG00000081804.1	0
ENSMUSG00000081805.1	0
ENSMUSG00000081806.1	0
ENSMUSG00000081807.1	0
ENSMUSG00000081809.2	0
ENSMUSG00000081810.1	0
ENSMUSG00000081811.1	0
ENSMUSG00000081812.1	0
ENSMUSG00000081813.1	0
ENSMUSG00000081814.1	0
ENSMUSG00000081816.1	0
ENSMUSG00000081817.1	0
ENSMUSG00000081819.1	0
ENSMUSG00000081820.1	0
ENSMUSG00000081821.1	0
ENSMUSG00000081822.1	0
ENSMUSG00000081823.1	0
ENSMUSG00000081824.5	275.152764
ENSMUSG00000081827.1	0
ENSMUSG00000081828.1	0
ENSMUSG00000081829.1	0
ENSMUSG00000081830.1	0
ENSMUSG00000081831.1	0
ENSMUSG00000081832.1	0
ENSMUSG00000081833.1	0
ENSMUSG00000081834.1	0
ENSMUSG00000081835.1	0
ENSMUSG00000081836.3	0
ENSMUSG00000081837.1	0
ENSMUSG00000081838.1	0
ENSMUSG00000081839.1	0
ENSMUSG00000081840.1	0
ENSMUSG00000081841.1	0
ENSMUSG00000081842.1	0
ENSMUSG00000081843.1	0
ENSMUSG00000081844.1	0
ENSMUSG00000081845.1	0
ENSMUSG00000081847.1	0
ENSMUSG00000081848.1	0
ENSMUSG00000081849.2	0
ENSMUSG00000081851.1	0
ENSMUSG00000081852.1	0
ENSMUSG00000081853.1	0
ENSMUSG00000081854.1	0
ENSMUSG00000081855.4	0
ENSMUSG00000081856.1	0
ENSMUSG00000081857.1	0
ENSMUSG00000081858.1	0
ENSMUSG00000081859.3	0
ENSMUSG00000081860.1	0
ENSMUSG00000081861.1	0
ENSMUSG00000081862.1	0
ENSMUSG00000081863.1	0
ENSMUSG00000081864.2	0
ENSMUSG00000081865.1	0
ENSMUSG00000081866.1	0
ENSMUSG00000081868.1	0
ENSMUSG00000081869.1	0
ENSMUSG00000081870.1	0
ENSMUSG00000081871.1	0.040827
ENSMUSG00000081872.1	0
ENSMUSG00000081873.1	0
ENSMUSG00000081874.1	0
ENSMUSG00000081875.1	0
ENSMUSG00000081876.1	0
ENSMUSG00000081877.1	0
ENSMUSG00000081878.1	0
ENSMUSG00000081879.1	0
ENSMUSG00000081880.1	0
ENSMUSG00000081881.1	0
ENSMUSG00000081882.1	0
ENSMUSG00000081883.2	0
ENSMUSG00000081884.1	0
ENSMUSG00000081885.1	0
ENSMUSG00000081886.1	0.123384
ENSMUSG00000081887.1	0
ENSMUSG00000081888.1	0.055445
ENSMUSG00000081889.1	0
ENSMUSG00000081890.1	0
ENSMUSG00000081891.1	0
ENSMUSG00000081892.2	0.100876
ENSMUSG00000081893.1	0
ENSMUSG00000081894.1	0
ENSMUSG00000081895.3	3.027419
ENSMUSG00000081896.1	0
ENSMUSG00000081897.1	0
ENSMUSG00000081898.1	0
ENSMUSG00000081900.1	0
ENSMUSG00000081901.1	0
ENSMUSG00000081903.1	0
ENSMUSG00000081904.2	0
ENSMUSG00000081905.1	0
ENSMUSG00000081906.2	0
ENSMUSG00000081907.1	0
ENSMUSG00000081908.2	0
ENSMUSG00000081909.1	0
ENSMUSG00000081910.1	0
ENSMUSG00000081911.1	0.260757
ENSMUSG00000081912.1	0
ENSMUSG00000081913.1	0
ENSMUSG00000081914.1	0
ENSMUSG00000081916.1	0
ENSMUSG00000081917.1	0
ENSMUSG00000081918.4	0
ENSMUSG00000081919.2	0
ENSMUSG00000081920.2	0
ENSMUSG00000081921.1	0
ENSMUSG00000081923.1	0
ENSMUSG00000081924.1	0
ENSMUSG00000081925.1	0
ENSMUSG00000081926.1	0
ENSMUSG00000081928.1	0
ENSMUSG00000081929.1	0
ENSMUSG00000081931.1	0
ENSMUSG00000081932.1	0
ENSMUSG00000081933.1	0
ENSMUSG00000081934.1	0
ENSMUSG00000081935.1	0
ENSMUSG00000081936.1	0
ENSMUSG00000081937.1	0
ENSMUSG00000081938.1	0
ENSMUSG00000081939.2	0
ENSMUSG00000081940.1	0
ENSMUSG00000081941.1	0
ENSMUSG00000081942.1	0
ENSMUSG00000081943.1	0
ENSMUSG00000081944.1	0.407985
ENSMUSG00000081945.4	0
ENSMUSG00000081946.1	0
ENSMUSG00000081947.2	0
ENSMUSG00000081948.4	0
ENSMUSG00000081949.3	0
ENSMUSG00000081950.1	0
ENSMUSG00000081951.1	0
ENSMUSG00000081952.1	0
ENSMUSG00000081953.1	0
ENSMUSG00000081954.1	0
ENSMUSG00000081955.2	0
ENSMUSG00000081957.5	0
ENSMUSG00000081958.1	0
ENSMUSG00000081959.1	0
ENSMUSG00000081960.3	0
ENSMUSG00000081961.1	0
ENSMUSG00000081962.1	0
ENSMUSG00000081964.1	0
ENSMUSG00000081965.1	0.067182
ENSMUSG00000081966.1	0
ENSMUSG00000081967.1	0.273889
ENSMUSG00000081968.1	0
ENSMUSG00000081969.1	0
ENSMUSG00000081970.1	0
ENSMUSG00000081971.1	0
ENSMUSG00000081972.1	0
ENSMUSG00000081973.1	0
ENSMUSG00000081974.3	0.037655
ENSMUSG00000081975.1	0.061793
ENSMUSG00000081976.1	0
ENSMUSG00000081978.1	0
ENSMUSG00000081979.1	0
ENSMUSG00000081980.1	0
ENSMUSG00000081982.5	0
ENSMUSG00000081984.3	1.794716
ENSMUSG00000081985.1	0
ENSMUSG00000081986.1	0
ENSMUSG00000081987.1	0
ENSMUSG00000081988.1	0
ENSMUSG00000081991.1	0
ENSMUSG00000081992.1	0
ENSMUSG00000081993.1	0
ENSMUSG00000081994.1	0
ENSMUSG00000081995.1	0
ENSMUSG00000081996.1	0
ENSMUSG00000081998.1	0
ENSMUSG00000081999.3	0.365883
ENSMUSG00000082000.1	0
ENSMUSG00000082001.3	0
ENSMUSG00000082002.1	0
ENSMUSG00000082005.1	0
ENSMUSG00000082006.1	0
ENSMUSG00000082007.1	0
ENSMUSG00000082008.1	0
ENSMUSG00000082009.1	0
ENSMUSG00000082010.3	0
ENSMUSG00000082011.1	0
ENSMUSG00000082012.1	0
ENSMUSG00000082013.1	0
ENSMUSG00000082014.2	0
ENSMUSG00000082015.1	0
ENSMUSG00000082016.3	4.419448
ENSMUSG00000082017.1	0
ENSMUSG00000082018.2	0
ENSMUSG00000082019.1	0
ENSMUSG00000082020.1	0
ENSMUSG00000082021.1	0
ENSMUSG00000082022.1	0
ENSMUSG00000082023.3	0
ENSMUSG00000082024.1	0
ENSMUSG00000082025.1	0
ENSMUSG00000082026.1	0
ENSMUSG00000082027.1	0
ENSMUSG00000082028.1	0
ENSMUSG00000082029.1	0.199217
ENSMUSG00000082030.1	0
ENSMUSG00000082031.1	0
ENSMUSG00000082032.1	0
ENSMUSG00000082033.3	0
ENSMUSG00000082035.1	5.386483
ENSMUSG00000082036.1	0
ENSMUSG00000082037.1	0
ENSMUSG00000082038.1	0
ENSMUSG00000082039.2	0
ENSMUSG00000082040.1	0
ENSMUSG00000082042.1	0
ENSMUSG00000082043.1	0
ENSMUSG00000082044.1	16.250368
ENSMUSG00000082045.4	0.99388
ENSMUSG00000082046.1	0
ENSMUSG00000082047.1	0
ENSMUSG00000082048.1	0
ENSMUSG00000082049.1	0
ENSMUSG00000082051.1	0
ENSMUSG00000082052.1	0
ENSMUSG00000082053.1	0
ENSMUSG00000082054.1	0
ENSMUSG00000082056.1	0
ENSMUSG00000082057.1	0.023699
ENSMUSG00000082058.1	0
ENSMUSG00000082059.1	0
ENSMUSG00000082060.1	0
ENSMUSG00000082061.1	0
ENSMUSG00000082062.1	0
ENSMUSG00000082063.1	2.676958
ENSMUSG00000082064.3	0
ENSMUSG00000082065.1	0
ENSMUSG00000082066.1	0
ENSMUSG00000082068.1	0
ENSMUSG00000082069.2	0
ENSMUSG00000082070.1	0
ENSMUSG00000082071.1	0
ENSMUSG00000082072.1	0
ENSMUSG00000082073.1	0
ENSMUSG00000082074.1	0
ENSMUSG00000082076.1	0.025995
ENSMUSG00000082077.1	0
ENSMUSG00000082078.1	0
ENSMUSG00000082079.2	0.069711
ENSMUSG00000082080.3	0
ENSMUSG00000082081.1	0
ENSMUSG00000082082.1	0.140269
ENSMUSG00000082083.2	0
ENSMUSG00000082084.1	0
ENSMUSG00000082085.1	0
ENSMUSG00000082087.4	0
ENSMUSG00000082088.1	0.121216
ENSMUSG00000082089.1	0
ENSMUSG00000082090.1	0
ENSMUSG00000082091.1	0
ENSMUSG00000082092.1	0
ENSMUSG00000082093.2	0.233905
ENSMUSG00000082095.1	0
ENSMUSG00000082096.1	0
ENSMUSG00000082097.1	0
ENSMUSG00000082098.1	0
ENSMUSG00000082099.1	0
ENSMUSG00000082100.1	0.484943
ENSMUSG00000082101.3	0
ENSMUSG00000082103.2	0
ENSMUSG00000082104.1	0
ENSMUSG00000082106.3	0
ENSMUSG00000082107.1	0
ENSMUSG00000082108.3	0
ENSMUSG00000082109.1	0
ENSMUSG00000082110.1	0.266228
ENSMUSG00000082111.1	0
ENSMUSG00000082112.1	0
ENSMUSG00000082113.1	0
ENSMUSG00000082114.2	0
ENSMUSG00000082115.2	0
ENSMUSG00000082116.1	0
ENSMUSG00000082117.1	0
ENSMUSG00000082118.1	0
ENSMUSG00000082119.1	0
ENSMUSG00000082120.1	0.230916
ENSMUSG00000082121.1	0
ENSMUSG00000082122.1	0
ENSMUSG00000082123.1	0
ENSMUSG00000082125.1	0
ENSMUSG00000082126.1	0
ENSMUSG00000082127.2	0
ENSMUSG00000082128.1	0.045208
ENSMUSG00000082129.1	0
ENSMUSG00000082130.1	0
ENSMUSG00000082132.1	0
ENSMUSG00000082134.1	0
ENSMUSG00000082135.1	0
ENSMUSG00000082136.1	0
ENSMUSG00000082138.1	0
ENSMUSG00000082139.1	0
ENSMUSG00000082140.1	0
ENSMUSG00000082141.1	0
ENSMUSG00000082142.1	0
ENSMUSG00000082143.1	0
ENSMUSG00000082144.1	0
ENSMUSG00000082145.1	1.019069
ENSMUSG00000082146.1	0
ENSMUSG00000082147.1	0
ENSMUSG00000082148.1	0
ENSMUSG00000082149.1	0
ENSMUSG00000082151.3	0
ENSMUSG00000082152.1	0
ENSMUSG00000082154.1	0
ENSMUSG00000082155.1	0
ENSMUSG00000082156.1	0
ENSMUSG00000082157.1	0
ENSMUSG00000082158.1	0
ENSMUSG00000082159.2	0
ENSMUSG00000082160.1	0.138625
ENSMUSG00000082161.1	0
ENSMUSG00000082162.1	0
ENSMUSG00000082163.2	0.464118
ENSMUSG00000082164.1	0
ENSMUSG00000082165.1	0
ENSMUSG00000082167.1	0
ENSMUSG00000082168.1	0
ENSMUSG00000082169.1	0.109838
ENSMUSG00000082170.1	0
ENSMUSG00000082171.1	0.123905
ENSMUSG00000082172.1	0
ENSMUSG00000082173.1	0
ENSMUSG00000082174.1	0
ENSMUSG00000082175.1	0
ENSMUSG00000082176.1	0
ENSMUSG00000082177.2	0
ENSMUSG00000082178.1	0
ENSMUSG00000082179.1	0
ENSMUSG00000082180.1	0
ENSMUSG00000082181.1	0
ENSMUSG00000082183.1	0
ENSMUSG00000082185.1	0.054254
ENSMUSG00000082186.2	0.035817
ENSMUSG00000082187.1	0
ENSMUSG00000082188.1	0
ENSMUSG00000082189.1	0
ENSMUSG00000082190.1	0
ENSMUSG00000082191.1	0
ENSMUSG00000082192.2	0.495496
ENSMUSG00000082193.1	0.044953
ENSMUSG00000082194.3	0
ENSMUSG00000082195.3	0
ENSMUSG00000082196.3	0
ENSMUSG00000082197.1	0
ENSMUSG00000082198.1	0
ENSMUSG00000082199.1	0
ENSMUSG00000082200.1	0
ENSMUSG00000082202.3	0
ENSMUSG00000082203.1	0
ENSMUSG00000082204.2	0
ENSMUSG00000082205.1	0
ENSMUSG00000082207.1	0
ENSMUSG00000082208.1	0
ENSMUSG00000082210.1	0
ENSMUSG00000082211.3	0
ENSMUSG00000082212.1	0
ENSMUSG00000082213.1	0
ENSMUSG00000082214.1	0
ENSMUSG00000082215.3	0.033425
ENSMUSG00000082216.4	0
ENSMUSG00000082217.1	0
ENSMUSG00000082218.1	0
ENSMUSG00000082220.3	0
ENSMUSG00000082222.1	0
ENSMUSG00000082223.1	0
ENSMUSG00000082225.1	0
ENSMUSG00000082226.3	4.710585
ENSMUSG00000082227.4	0
ENSMUSG00000082228.1	0
ENSMUSG00000082229.1	31.983345
ENSMUSG00000082233.2	0
ENSMUSG00000082234.1	0
ENSMUSG00000082235.3	0
ENSMUSG00000082236.1	0
ENSMUSG00000082237.2	0
ENSMUSG00000082238.1	0
ENSMUSG00000082239.1	0
ENSMUSG00000082240.1	0
ENSMUSG00000082241.4	0
ENSMUSG00000082242.1	0
ENSMUSG00000082243.1	0
ENSMUSG00000082244.1	0
ENSMUSG00000082245.1	0
ENSMUSG00000082246.1	0
ENSMUSG00000082247.1	0
ENSMUSG00000082248.1	0.07359
ENSMUSG00000082249.1	0
ENSMUSG00000082250.1	0
ENSMUSG00000082251.1	0
ENSMUSG00000082252.1	0
ENSMUSG00000082253.3	0
ENSMUSG00000082254.1	0
ENSMUSG00000082255.1	0
ENSMUSG00000082256.1	0
ENSMUSG00000082258.1	0
ENSMUSG00000082259.1	0
ENSMUSG00000082260.3	0.15918
ENSMUSG00000082261.1	0
ENSMUSG00000082262.1	0
ENSMUSG00000082263.1	0
ENSMUSG00000082264.1	0.043842
ENSMUSG00000082265.1	0
ENSMUSG00000082266.1	0
ENSMUSG00000082267.1	0
ENSMUSG00000082268.1	0
ENSMUSG00000082269.1	0
ENSMUSG00000082270.1	0
ENSMUSG00000082271.1	0
ENSMUSG00000082272.1	0
ENSMUSG00000082274.1	0.093739
ENSMUSG00000082275.1	0
ENSMUSG00000082276.1	0
ENSMUSG00000082277.2	0
ENSMUSG00000082278.1	0
ENSMUSG00000082279.1	0.033385
ENSMUSG00000082280.4	0
ENSMUSG00000082281.1	0
ENSMUSG00000082283.1	0
ENSMUSG00000082284.1	0
ENSMUSG00000082285.1	0
ENSMUSG00000082286.11	5.122758
ENSMUSG00000082287.1	0
ENSMUSG00000082288.1	0
ENSMUSG00000082289.1	0
ENSMUSG00000082291.1	0
ENSMUSG00000082292.3	0.025535
ENSMUSG00000082294.2	0
ENSMUSG00000082295.1	0
ENSMUSG00000082296.1	0
ENSMUSG00000082297.2	0
ENSMUSG00000082301.1	0
ENSMUSG00000082302.1	0
ENSMUSG00000082303.1	0
ENSMUSG00000082304.1	0
ENSMUSG00000082305.4	0
ENSMUSG00000082306.2	0
ENSMUSG00000082307.3	0
ENSMUSG00000082308.1	0
ENSMUSG00000082309.3	0
ENSMUSG00000082310.1	0
ENSMUSG00000082311.1	0
ENSMUSG00000082312.1	0
ENSMUSG00000082313.1	0
ENSMUSG00000082314.2	0
ENSMUSG00000082315.2	0
ENSMUSG00000082316.4	0
ENSMUSG00000082317.2	0
ENSMUSG00000082318.3	0
ENSMUSG00000082319.3	0.06035
ENSMUSG00000082320.1	0
ENSMUSG00000082321.3	0.060658
ENSMUSG00000082322.2	0
ENSMUSG00000082323.2	0
ENSMUSG00000082324.1	0
ENSMUSG00000082325.1	0
ENSMUSG00000082326.1	0
ENSMUSG00000082327.1	0
ENSMUSG00000082328.1	0
ENSMUSG00000082329.1	0
ENSMUSG00000082330.1	0
ENSMUSG00000082332.2	0
ENSMUSG00000082333.1	0
ENSMUSG00000082334.1	0
ENSMUSG00000082336.1	0
ENSMUSG00000082337.1	0
ENSMUSG00000082338.1	0
ENSMUSG00000082339.1	0
ENSMUSG00000082340.1	0
ENSMUSG00000082341.1	0
ENSMUSG00000082342.1	0
ENSMUSG00000082343.1	0
ENSMUSG00000082344.1	0
ENSMUSG00000082345.1	0
ENSMUSG00000082346.1	0
ENSMUSG00000082347.1	0
ENSMUSG00000082348.1	0
ENSMUSG00000082350.1	0
ENSMUSG00000082351.1	0
ENSMUSG00000082352.1	0
ENSMUSG00000082353.1	0
ENSMUSG00000082354.1	0
ENSMUSG00000082356.1	0
ENSMUSG00000082357.1	0
ENSMUSG00000082358.1	0
ENSMUSG00000082359.1	0
ENSMUSG00000082360.1	0
ENSMUSG00000082361.6	0.166086
ENSMUSG00000082362.1	0
ENSMUSG00000082363.1	0
ENSMUSG00000082364.1	0
ENSMUSG00000082365.2	0
ENSMUSG00000082367.1	0
ENSMUSG00000082368.1	0
ENSMUSG00000082369.1	0
ENSMUSG00000082370.1	0
ENSMUSG00000082371.1	0
ENSMUSG00000082372.1	0
ENSMUSG00000082373.2	0
ENSMUSG00000082374.1	0
ENSMUSG00000082375.1	0
ENSMUSG00000082376.1	0
ENSMUSG00000082377.1	0.059987
ENSMUSG00000082378.2	0
ENSMUSG00000082379.1	0
ENSMUSG00000082380.1	0
ENSMUSG00000082381.1	0
ENSMUSG00000082382.1	0
ENSMUSG00000082383.2	0
ENSMUSG00000082388.1	0.151547
ENSMUSG00000082389.2	0
ENSMUSG00000082390.1	0
ENSMUSG00000082392.1	0
ENSMUSG00000082393.2	0
ENSMUSG00000082394.1	0
ENSMUSG00000082395.1	0
ENSMUSG00000082396.4	0.056223
ENSMUSG00000082397.1	0
ENSMUSG00000082398.1	0
ENSMUSG00000082399.1	0
ENSMUSG00000082400.1	0
ENSMUSG00000082402.1	0
ENSMUSG00000082403.1	0
ENSMUSG00000082404.1	0
ENSMUSG00000082405.1	0
ENSMUSG00000082406.1	0.288508
ENSMUSG00000082407.1	0
ENSMUSG00000082408.1	0
ENSMUSG00000082410.1	0
ENSMUSG00000082411.1	0
ENSMUSG00000082412.1	0
ENSMUSG00000082413.1	0
ENSMUSG00000082414.2	0
ENSMUSG00000082415.1	0
ENSMUSG00000082416.1	0
ENSMUSG00000082417.1	0
ENSMUSG00000082418.1	0
ENSMUSG00000082419.3	0
ENSMUSG00000082420.2	0
ENSMUSG00000082421.1	0
ENSMUSG00000082422.1	0
ENSMUSG00000082423.1	0
ENSMUSG00000082424.4	0.183244
ENSMUSG00000082426.1	0
ENSMUSG00000082427.2	0
ENSMUSG00000082428.1	0
ENSMUSG00000082429.1	0
ENSMUSG00000082431.3	0.067625
ENSMUSG00000082432.1	0
ENSMUSG00000082433.2	0
ENSMUSG00000082435.1	0
ENSMUSG00000082436.1	0
ENSMUSG00000082437.1	0
ENSMUSG00000082440.1	0
ENSMUSG00000082442.1	0
ENSMUSG00000082443.1	0
ENSMUSG00000082444.1	0
ENSMUSG00000082446.1	0
ENSMUSG00000082447.1	0
ENSMUSG00000082448.1	0
ENSMUSG00000082449.1	0
ENSMUSG00000082450.1	0
ENSMUSG00000082451.1	0
ENSMUSG00000082453.1	0
ENSMUSG00000082454.3	0.086573
ENSMUSG00000082455.3	0
ENSMUSG00000082456.1	0
ENSMUSG00000082457.1	0
ENSMUSG00000082458.1	0
ENSMUSG00000082459.1	0
ENSMUSG00000082460.1	0
ENSMUSG00000082461.1	0
ENSMUSG00000082462.1	0
ENSMUSG00000082463.1	0
ENSMUSG00000082464.3	0
ENSMUSG00000082465.1	0
ENSMUSG00000082467.1	0
ENSMUSG00000082468.1	0
ENSMUSG00000082472.1	0
ENSMUSG00000082473.1	0
ENSMUSG00000082474.3	1.051635
ENSMUSG00000082475.2	0.190337
ENSMUSG00000082476.1	0
ENSMUSG00000082478.1	0
ENSMUSG00000082479.3	0
ENSMUSG00000082480.1	0.103033
ENSMUSG00000082481.1	0.125411
ENSMUSG00000082482.2	0
ENSMUSG00000082483.1	0
ENSMUSG00000082484.1	0
ENSMUSG00000082485.1	0
ENSMUSG00000082486.1	0
ENSMUSG00000082487.1	0
ENSMUSG00000082488.2	0
ENSMUSG00000082489.1	0
ENSMUSG00000082490.1	0
ENSMUSG00000082491.1	0
ENSMUSG00000082492.1	0
ENSMUSG00000082494.1	0
ENSMUSG00000082495.2	0
ENSMUSG00000082496.3	0
ENSMUSG00000082497.1	0
ENSMUSG00000082498.1	0
ENSMUSG00000082499.1	0
ENSMUSG00000082500.1	0
ENSMUSG00000082501.1	0
ENSMUSG00000082502.1	0
ENSMUSG00000082503.1	0
ENSMUSG00000082504.1	0
ENSMUSG00000082505.1	0
ENSMUSG00000082507.1	0
ENSMUSG00000082508.1	0
ENSMUSG00000082510.1	0
ENSMUSG00000082511.1	0
ENSMUSG00000082512.1	0
ENSMUSG00000082513.1	0
ENSMUSG00000082514.1	0
ENSMUSG00000082515.1	0
ENSMUSG00000082516.1	0
ENSMUSG00000082517.1	0
ENSMUSG00000082519.1	0
ENSMUSG00000082520.2	0
ENSMUSG00000082523.1	0
ENSMUSG00000082524.3	0
ENSMUSG00000082526.1	0
ENSMUSG00000082527.1	0
ENSMUSG00000082528.1	0
ENSMUSG00000082529.1	0.25383
ENSMUSG00000082530.1	0
ENSMUSG00000082531.1	0
ENSMUSG00000082532.1	0
ENSMUSG00000082533.1	0
ENSMUSG00000082534.1	0
ENSMUSG00000082535.1	0
ENSMUSG00000082536.1	19.995655
ENSMUSG00000082537.1	0
ENSMUSG00000082538.1	0
ENSMUSG00000082539.1	0
ENSMUSG00000082540.1	0
ENSMUSG00000082541.1	0
ENSMUSG00000082542.2	0
ENSMUSG00000082543.1	0.093518
ENSMUSG00000082544.1	0
ENSMUSG00000082545.1	0
ENSMUSG00000082546.1	0
ENSMUSG00000082547.2	0
ENSMUSG00000082548.1	0
ENSMUSG00000082549.1	0
ENSMUSG00000082550.1	0
ENSMUSG00000082551.1	0
ENSMUSG00000082552.1	0
ENSMUSG00000082553.1	0
ENSMUSG00000082554.1	0
ENSMUSG00000082555.1	0
ENSMUSG00000082556.1	0
ENSMUSG00000082558.1	0
ENSMUSG00000082560.1	0
ENSMUSG00000082561.1	0
ENSMUSG00000082562.1	0
ENSMUSG00000082563.1	0
ENSMUSG00000082564.1	0
ENSMUSG00000082565.1	0
ENSMUSG00000082566.1	0
ENSMUSG00000082567.1	0
ENSMUSG00000082569.1	0
ENSMUSG00000082570.1	0
ENSMUSG00000082571.1	0
ENSMUSG00000082573.1	0
ENSMUSG00000082574.3	0
ENSMUSG00000082575.1	0.216148
ENSMUSG00000082576.1	0
ENSMUSG00000082577.2	0
ENSMUSG00000082578.1	0
ENSMUSG00000082579.1	0
ENSMUSG00000082580.3	0
ENSMUSG00000082581.2	0
ENSMUSG00000082583.2	0
ENSMUSG00000082584.1	0
ENSMUSG00000082585.3	0
ENSMUSG00000082586.2	0
ENSMUSG00000082587.1	0
ENSMUSG00000082588.1	0.261334
ENSMUSG00000082589.1	0
ENSMUSG00000082590.1	0
ENSMUSG00000082591.1	0
ENSMUSG00000082592.1	0
ENSMUSG00000082593.1	0
ENSMUSG00000082594.1	0
ENSMUSG00000082595.1	0
ENSMUSG00000082596.1	0.123858
ENSMUSG00000082597.1	0
ENSMUSG00000082598.1	0
ENSMUSG00000082599.3	0
ENSMUSG00000082600.1	0
ENSMUSG00000082601.1	0
ENSMUSG00000082602.1	0
ENSMUSG00000082604.3	0.095867
ENSMUSG00000082605.1	0
ENSMUSG00000082606.1	0
ENSMUSG00000082607.1	0
ENSMUSG00000082608.1	0
ENSMUSG00000082609.1	0
ENSMUSG00000082610.1	0
ENSMUSG00000082611.1	0
ENSMUSG00000082612.1	0
ENSMUSG00000082613.1	0
ENSMUSG00000082614.1	0
ENSMUSG00000082615.1	0
ENSMUSG00000082616.1	0
ENSMUSG00000082617.3	0
ENSMUSG00000082618.1	0
ENSMUSG00000082619.1	0
ENSMUSG00000082620.1	0
ENSMUSG00000082621.1	0
ENSMUSG00000082622.1	0
ENSMUSG00000082623.1	0
ENSMUSG00000082624.1	0
ENSMUSG00000082625.1	0
ENSMUSG00000082626.1	0
ENSMUSG00000082628.1	0
ENSMUSG00000082629.3	0
ENSMUSG00000082630.1	0
ENSMUSG00000082632.2	0
ENSMUSG00000082633.1	0
ENSMUSG00000082634.1	0
ENSMUSG00000082635.2	0
ENSMUSG00000082636.1	0
ENSMUSG00000082637.2	0
ENSMUSG00000082638.1	0
ENSMUSG00000082639.8	0
ENSMUSG00000082641.1	0
ENSMUSG00000082644.1	0
ENSMUSG00000082645.3	0
ENSMUSG00000082646.1	0
ENSMUSG00000082647.1	0
ENSMUSG00000082648.1	0
ENSMUSG00000082649.1	0
ENSMUSG00000082650.1	0
ENSMUSG00000082651.1	0
ENSMUSG00000082652.1	0
ENSMUSG00000082653.1	0
ENSMUSG00000082655.1	0
ENSMUSG00000082656.1	0
ENSMUSG00000082657.1	0
ENSMUSG00000082658.1	0
ENSMUSG00000082660.1	0
ENSMUSG00000082661.1	0
ENSMUSG00000082662.1	0
ENSMUSG00000082663.2	0
ENSMUSG00000082664.1	0
ENSMUSG00000082665.1	0
ENSMUSG00000082666.1	0
ENSMUSG00000082667.1	0
ENSMUSG00000082669.1	0
ENSMUSG00000082670.1	0
ENSMUSG00000082671.2	0
ENSMUSG00000082672.1	0
ENSMUSG00000082673.1	0
ENSMUSG00000082674.1	0
ENSMUSG00000082675.1	0
ENSMUSG00000082676.1	0
ENSMUSG00000082677.1	0
ENSMUSG00000082678.1	0
ENSMUSG00000082679.1	0
ENSMUSG00000082680.1	0
ENSMUSG00000082681.1	0
ENSMUSG00000082682.1	0
ENSMUSG00000082683.1	0
ENSMUSG00000082684.1	0
ENSMUSG00000082686.1	0
ENSMUSG00000082687.1	0
ENSMUSG00000082688.1	0
ENSMUSG00000082689.1	0
ENSMUSG00000082690.1	0
ENSMUSG00000082691.6	0.51048
ENSMUSG00000082692.2	0
ENSMUSG00000082693.3	0.240477
ENSMUSG00000082696.1	0
ENSMUSG00000082698.1	0
ENSMUSG00000082699.1	0
ENSMUSG00000082700.1	0
ENSMUSG00000082701.1	0
ENSMUSG00000082703.1	0
ENSMUSG00000082704.1	0
ENSMUSG00000082705.1	0
ENSMUSG00000082706.1	0.218779
ENSMUSG00000082707.1	0
ENSMUSG00000082708.1	0
ENSMUSG00000082709.1	0
ENSMUSG00000082710.1	0
ENSMUSG00000082711.1	0
ENSMUSG00000082712.2	0
ENSMUSG00000082713.1	0
ENSMUSG00000082714.1	0
ENSMUSG00000082715.1	0
ENSMUSG00000082716.1	0
ENSMUSG00000082717.1	0
ENSMUSG00000082718.1	0
ENSMUSG00000082720.1	0
ENSMUSG00000082721.1	0
ENSMUSG00000082722.1	0
ENSMUSG00000082723.1	0
ENSMUSG00000082724.3	0.039963
ENSMUSG00000082725.1	0
ENSMUSG00000082726.1	0
ENSMUSG00000082727.2	0
ENSMUSG00000082728.1	0
ENSMUSG00000082729.3	0
ENSMUSG00000082730.2	0
ENSMUSG00000082732.1	0
ENSMUSG00000082733.1	0
ENSMUSG00000082734.2	0
ENSMUSG00000082735.1	0
ENSMUSG00000082736.1	0
ENSMUSG00000082737.3	0
ENSMUSG00000082738.1	0
ENSMUSG00000082739.3	0
ENSMUSG00000082740.1	0
ENSMUSG00000082741.2	0
ENSMUSG00000082743.1	0
ENSMUSG00000082744.1	0
ENSMUSG00000082745.1	0
ENSMUSG00000082746.1	1.049751
ENSMUSG00000082749.1	0
ENSMUSG00000082750.1	0
ENSMUSG00000082751.1	0
ENSMUSG00000082752.1	0
ENSMUSG00000082754.2	0
ENSMUSG00000082755.1	0.212798
ENSMUSG00000082757.1	0
ENSMUSG00000082758.1	0
ENSMUSG00000082759.1	0
ENSMUSG00000082760.2	0
ENSMUSG00000082762.1	0
ENSMUSG00000082763.1	0
ENSMUSG00000082765.3	0
ENSMUSG00000082766.1	0.759363
ENSMUSG00000082767.1	0
ENSMUSG00000082768.1	0
ENSMUSG00000082769.3	0.181906
ENSMUSG00000082770.1	0
ENSMUSG00000082771.1	0
ENSMUSG00000082772.3	0
ENSMUSG00000082773.1	0
ENSMUSG00000082774.1	0
ENSMUSG00000082775.1	0
ENSMUSG00000082776.3	0.067828
ENSMUSG00000082777.1	0
ENSMUSG00000082778.1	0.202021
ENSMUSG00000082779.1	0
ENSMUSG00000082780.2	0
ENSMUSG00000082781.1	0
ENSMUSG00000082782.1	0
ENSMUSG00000082783.2	0
ENSMUSG00000082784.1	0
ENSMUSG00000082785.3	0
ENSMUSG00000082786.1	0
ENSMUSG00000082788.1	0
ENSMUSG00000082789.3	0
ENSMUSG00000082790.1	0
ENSMUSG00000082791.3	0
ENSMUSG00000082792.1	0
ENSMUSG00000082793.2	0
ENSMUSG00000082794.1	0
ENSMUSG00000082795.1	0
ENSMUSG00000082796.1	0
ENSMUSG00000082797.3	0
ENSMUSG00000082798.1	0
ENSMUSG00000082799.1	0
ENSMUSG00000082800.1	0
ENSMUSG00000082802.2	0
ENSMUSG00000082804.3	0
ENSMUSG00000082806.1	0.114044
ENSMUSG00000082807.1	0
ENSMUSG00000082809.3	52.435449
ENSMUSG00000082810.1	0
ENSMUSG00000082812.1	0
ENSMUSG00000082814.1	0
ENSMUSG00000082815.2	0.112111
ENSMUSG00000082816.1	0.115729
ENSMUSG00000082817.1	0
ENSMUSG00000082818.1	0
ENSMUSG00000082819.2	0
ENSMUSG00000082820.3	0.447051
ENSMUSG00000082821.1	0
ENSMUSG00000082822.1	0
ENSMUSG00000082823.3	0
ENSMUSG00000082824.1	0
ENSMUSG00000082825.1	0
ENSMUSG00000082826.1	0
ENSMUSG00000082827.3	0
ENSMUSG00000082828.1	0
ENSMUSG00000082829.1	0
ENSMUSG00000082831.1	0
ENSMUSG00000082832.1	0
ENSMUSG00000082833.1	0
ENSMUSG00000082835.1	0
ENSMUSG00000082836.1	0
ENSMUSG00000082837.1	0
ENSMUSG00000082838.1	0
ENSMUSG00000082839.1	0
ENSMUSG00000082840.1	0
ENSMUSG00000082841.1	0
ENSMUSG00000082842.1	0
ENSMUSG00000082843.2	0
ENSMUSG00000082844.1	0
ENSMUSG00000082845.1	0
ENSMUSG00000082846.1	0
ENSMUSG00000082847.1	0
ENSMUSG00000082848.1	0.092445
ENSMUSG00000082849.1	0
ENSMUSG00000082850.1	0
ENSMUSG00000082851.1	0
ENSMUSG00000082852.2	0
ENSMUSG00000082853.1	0
ENSMUSG00000082855.1	0
ENSMUSG00000082856.1	0
ENSMUSG00000082857.1	0
ENSMUSG00000082858.1	0
ENSMUSG00000082859.1	0
ENSMUSG00000082860.1	0
ENSMUSG00000082861.3	0
ENSMUSG00000082862.1	0
ENSMUSG00000082863.1	0
ENSMUSG00000082864.1	0
ENSMUSG00000082865.1	0
ENSMUSG00000082867.1	0
ENSMUSG00000082868.1	0
ENSMUSG00000082869.1	0
ENSMUSG00000082870.1	0
ENSMUSG00000082871.2	0
ENSMUSG00000082872.1	0
ENSMUSG00000082873.1	0
ENSMUSG00000082874.4	0
ENSMUSG00000082875.1	0
ENSMUSG00000082876.1	0
ENSMUSG00000082877.1	0
ENSMUSG00000082878.1	0
ENSMUSG00000082879.1	0.092609
ENSMUSG00000082882.2	0
ENSMUSG00000082884.1	0.71752
ENSMUSG00000082886.1	0
ENSMUSG00000082887.1	0
ENSMUSG00000082888.1	0
ENSMUSG00000082889.1	0
ENSMUSG00000082890.1	0
ENSMUSG00000082891.1	0
ENSMUSG00000082892.2	0
ENSMUSG00000082893.1	0
ENSMUSG00000082894.1	0
ENSMUSG00000082895.1	0
ENSMUSG00000082896.1	0
ENSMUSG00000082897.1	0
ENSMUSG00000082898.1	0
ENSMUSG00000082899.1	0
ENSMUSG00000082900.1	0
ENSMUSG00000082901.1	0.844596
ENSMUSG00000082902.3	0.700947
ENSMUSG00000082903.1	0
ENSMUSG00000082905.1	0
ENSMUSG00000082906.1	0
ENSMUSG00000082907.1	0
ENSMUSG00000082908.4	0.316293
ENSMUSG00000082910.1	0
ENSMUSG00000082911.1	0
ENSMUSG00000082912.1	0
ENSMUSG00000082913.1	0
ENSMUSG00000082915.1	0
ENSMUSG00000082917.1	0
ENSMUSG00000082918.3	0
ENSMUSG00000082919.1	0
ENSMUSG00000082920.1	0
ENSMUSG00000082922.3	0
ENSMUSG00000082924.1	0
ENSMUSG00000082925.1	0
ENSMUSG00000082926.3	0.114124
ENSMUSG00000082927.3	0.033843
ENSMUSG00000082928.1	0
ENSMUSG00000082929.1	0
ENSMUSG00000082930.1	0
ENSMUSG00000082931.1	0
ENSMUSG00000082932.3	0
ENSMUSG00000082933.1	0
ENSMUSG00000082934.1	0
ENSMUSG00000082935.3	0.720579
ENSMUSG00000082936.1	0
ENSMUSG00000082937.1	0
ENSMUSG00000082938.1	0.103675
ENSMUSG00000082939.1	0
ENSMUSG00000082940.1	0
ENSMUSG00000082941.1	0
ENSMUSG00000082943.1	0
ENSMUSG00000082945.1	0
ENSMUSG00000082947.1	0
ENSMUSG00000082949.1	0
ENSMUSG00000082950.1	0
ENSMUSG00000082951.1	0
ENSMUSG00000082952.1	0
ENSMUSG00000082953.3	0
ENSMUSG00000082954.1	0
ENSMUSG00000082955.1	0
ENSMUSG00000082956.4	0
ENSMUSG00000082957.1	0
ENSMUSG00000082958.1	0
ENSMUSG00000082960.1	0
ENSMUSG00000082961.1	0
ENSMUSG00000082962.3	0
ENSMUSG00000082963.1	0
ENSMUSG00000082964.3	0
ENSMUSG00000082965.1	0
ENSMUSG00000082966.1	0
ENSMUSG00000082967.2	0
ENSMUSG00000082968.1	0
ENSMUSG00000082969.1	0
ENSMUSG00000082970.1	0
ENSMUSG00000082971.1	0
ENSMUSG00000082973.1	0
ENSMUSG00000082974.1	0
ENSMUSG00000082975.1	0
ENSMUSG00000082976.10	0
ENSMUSG00000082977.1	0
ENSMUSG00000082978.1	0.039357
ENSMUSG00000082980.5	0
ENSMUSG00000082981.1	0
ENSMUSG00000082982.2	0
ENSMUSG00000082983.1	0
ENSMUSG00000082985.2	0
ENSMUSG00000082986.1	0
ENSMUSG00000082987.1	0
ENSMUSG00000082988.3	0.014225
ENSMUSG00000082989.1	0
ENSMUSG00000082990.1	0
ENSMUSG00000082991.1	0
ENSMUSG00000082993.1	0
ENSMUSG00000082994.1	0
ENSMUSG00000082995.1	0
ENSMUSG00000082996.1	0
ENSMUSG00000082997.1	0
ENSMUSG00000082998.3	0
ENSMUSG00000083000.1	0
ENSMUSG00000083001.1	0
ENSMUSG00000083004.1	0
ENSMUSG00000083005.1	0
ENSMUSG00000083006.1	0
ENSMUSG00000083007.1	0
ENSMUSG00000083008.1	0
ENSMUSG00000083009.1	0
ENSMUSG00000083010.1	0
ENSMUSG00000083011.1	0.028075
ENSMUSG00000083012.9	5.820884
ENSMUSG00000083013.1	0
ENSMUSG00000083014.1	0
ENSMUSG00000083015.1	0
ENSMUSG00000083016.4	0
ENSMUSG00000083017.1	0
ENSMUSG00000083018.1	0
ENSMUSG00000083019.2	0.193377
ENSMUSG00000083020.1	0
ENSMUSG00000083022.1	25.383685
ENSMUSG00000083023.1	0
ENSMUSG00000083024.1	0
ENSMUSG00000083025.1	0
ENSMUSG00000083026.1	0
ENSMUSG00000083027.1	0
ENSMUSG00000083029.1	0
ENSMUSG00000083030.1	0
ENSMUSG00000083031.1	0
ENSMUSG00000083032.1	0
ENSMUSG00000083033.1	0.087427
ENSMUSG00000083034.2	0
ENSMUSG00000083036.1	0
ENSMUSG00000083037.1	0
ENSMUSG00000083038.1	0.320096
ENSMUSG00000083039.1	0
ENSMUSG00000083041.2	0
ENSMUSG00000083042.1	0
ENSMUSG00000083043.1	0
ENSMUSG00000083044.1	0.789024
ENSMUSG00000083045.1	0
ENSMUSG00000083046.1	0
ENSMUSG00000083047.1	0
ENSMUSG00000083049.1	0
ENSMUSG00000083050.1	0
ENSMUSG00000083052.1	0
ENSMUSG00000083053.1	0
ENSMUSG00000083054.1	0
ENSMUSG00000083055.1	0
ENSMUSG00000083057.1	0
ENSMUSG00000083058.1	0
ENSMUSG00000083059.3	0
ENSMUSG00000083060.1	0
ENSMUSG00000083061.1	256.497845
ENSMUSG00000083062.1	0
ENSMUSG00000083063.1	0
ENSMUSG00000083064.1	0.23503
ENSMUSG00000083065.1	0
ENSMUSG00000083066.1	0
ENSMUSG00000083067.1	0
ENSMUSG00000083068.1	0
ENSMUSG00000083069.1	0
ENSMUSG00000083070.2	0
ENSMUSG00000083072.2	0
ENSMUSG00000083073.1	0
ENSMUSG00000083074.1	0
ENSMUSG00000083075.1	0
ENSMUSG00000083076.1	0
ENSMUSG00000083077.1	0
ENSMUSG00000083078.1	0
ENSMUSG00000083079.4	0
ENSMUSG00000083080.1	0
ENSMUSG00000083081.1	0
ENSMUSG00000083083.1	0
ENSMUSG00000083084.1	0
ENSMUSG00000083085.2	0
ENSMUSG00000083086.1	0
ENSMUSG00000083087.1	0
ENSMUSG00000083088.1	0
ENSMUSG00000083089.1	0
ENSMUSG00000083090.1	0
ENSMUSG00000083091.1	0
ENSMUSG00000083093.2	0
ENSMUSG00000083094.2	0.033828
ENSMUSG00000083096.2	0
ENSMUSG00000083097.3	1.818581
ENSMUSG00000083098.1	0
ENSMUSG00000083099.1	0
ENSMUSG00000083100.1	0
ENSMUSG00000083101.1	0
ENSMUSG00000083103.1	0
ENSMUSG00000083104.1	0
ENSMUSG00000083105.1	0
ENSMUSG00000083106.1	0
ENSMUSG00000083107.1	0
ENSMUSG00000083109.3	0
ENSMUSG00000083110.1	0
ENSMUSG00000083111.1	0.021109
ENSMUSG00000083112.1	0
ENSMUSG00000083113.1	0
ENSMUSG00000083114.1	0
ENSMUSG00000083115.1	0
ENSMUSG00000083116.1	0.09086
ENSMUSG00000083117.1	0
ENSMUSG00000083118.1	0
ENSMUSG00000083119.1	0
ENSMUSG00000083120.3	0
ENSMUSG00000083121.3	0.141399
ENSMUSG00000083122.1	0
ENSMUSG00000083123.1	0
ENSMUSG00000083124.1	0
ENSMUSG00000083126.1	0
ENSMUSG00000083127.1	0
ENSMUSG00000083128.1	0
ENSMUSG00000083129.1	0
ENSMUSG00000083130.1	0
ENSMUSG00000083135.1	0
ENSMUSG00000083136.1	0
ENSMUSG00000083137.1	0
ENSMUSG00000083138.3	0
ENSMUSG00000083139.1	0
ENSMUSG00000083140.1	0
ENSMUSG00000083141.1	0
ENSMUSG00000083142.1	0
ENSMUSG00000083143.2	0
ENSMUSG00000083144.1	0
ENSMUSG00000083145.1	0.36869
ENSMUSG00000083147.2	0
ENSMUSG00000083149.2	0
ENSMUSG00000083150.1	0
ENSMUSG00000083151.1	0
ENSMUSG00000083152.1	0
ENSMUSG00000083153.1	0
ENSMUSG00000083154.1	0
ENSMUSG00000083155.1	0
ENSMUSG00000083156.1	0
ENSMUSG00000083157.1	0
ENSMUSG00000083158.1	0
ENSMUSG00000083159.1	0
ENSMUSG00000083160.1	0
ENSMUSG00000083161.2	0.081906
ENSMUSG00000083162.1	0
ENSMUSG00000083163.1	0
ENSMUSG00000083165.1	0
ENSMUSG00000083166.1	0
ENSMUSG00000083167.1	0
ENSMUSG00000083168.1	0
ENSMUSG00000083169.1	0
ENSMUSG00000083170.1	0
ENSMUSG00000083171.1	0
ENSMUSG00000083172.1	0
ENSMUSG00000083173.1	0
ENSMUSG00000083174.1	0
ENSMUSG00000083175.1	0
ENSMUSG00000083176.1	0
ENSMUSG00000083177.1	0
ENSMUSG00000083178.1	0.023383
ENSMUSG00000083179.3	0.44933
ENSMUSG00000083180.1	0
ENSMUSG00000083181.1	0
ENSMUSG00000083182.1	0
ENSMUSG00000083183.1	0
ENSMUSG00000083185.2	0
ENSMUSG00000083186.1	0
ENSMUSG00000083188.2	0
ENSMUSG00000083190.1	0
ENSMUSG00000083191.1	0
ENSMUSG00000083193.1	0.043692
ENSMUSG00000083195.1	0
ENSMUSG00000083196.1	0
ENSMUSG00000083197.1	0
ENSMUSG00000083199.1	0
ENSMUSG00000083200.1	0
ENSMUSG00000083201.1	0
ENSMUSG00000083202.1	0
ENSMUSG00000083203.1	0
ENSMUSG00000083204.1	0
ENSMUSG00000083205.1	0
ENSMUSG00000083206.1	0
ENSMUSG00000083207.1	0
ENSMUSG00000083208.1	0
ENSMUSG00000083209.1	0
ENSMUSG00000083210.1	0
ENSMUSG00000083211.1	0
ENSMUSG00000083212.3	0
ENSMUSG00000083213.2	0
ENSMUSG00000083214.1	0
ENSMUSG00000083215.3	0
ENSMUSG00000083216.2	0
ENSMUSG00000083218.2	0.151894
ENSMUSG00000083219.1	0.028997
ENSMUSG00000083220.1	0
ENSMUSG00000083221.1	0
ENSMUSG00000083222.1	0
ENSMUSG00000083223.1	0
ENSMUSG00000083224.1	0
ENSMUSG00000083225.1	0
ENSMUSG00000083226.2	0.453422
ENSMUSG00000083227.1	0
ENSMUSG00000083228.1	0
ENSMUSG00000083229.1	0
ENSMUSG00000083230.1	0
ENSMUSG00000083231.1	0
ENSMUSG00000083232.1	0
ENSMUSG00000083233.1	0
ENSMUSG00000083234.1	0
ENSMUSG00000083235.1	0
ENSMUSG00000083236.1	0
ENSMUSG00000083237.1	0
ENSMUSG00000083238.1	0
ENSMUSG00000083239.1	0
ENSMUSG00000083240.3	0
ENSMUSG00000083241.1	0
ENSMUSG00000083242.1	0
ENSMUSG00000083243.1	0
ENSMUSG00000083244.1	0
ENSMUSG00000083245.1	0.100157
ENSMUSG00000083246.1	0
ENSMUSG00000083248.1	0
ENSMUSG00000083249.1	0
ENSMUSG00000083250.1	0
ENSMUSG00000083251.1	0
ENSMUSG00000083252.1	0
ENSMUSG00000083253.1	0
ENSMUSG00000083254.1	0
ENSMUSG00000083255.1	0
ENSMUSG00000083256.1	0
ENSMUSG00000083257.1	0
ENSMUSG00000083258.3	0.020852
ENSMUSG00000083260.1	0
ENSMUSG00000083261.4	0.076228
ENSMUSG00000083262.1	0
ENSMUSG00000083263.1	0
ENSMUSG00000083264.1	0
ENSMUSG00000083267.2	0
ENSMUSG00000083268.1	0
ENSMUSG00000083269.1	0
ENSMUSG00000083270.1	0
ENSMUSG00000083271.1	0
ENSMUSG00000083272.1	0
ENSMUSG00000083274.1	0
ENSMUSG00000083275.1	0
ENSMUSG00000083276.1	0
ENSMUSG00000083277.1	0
ENSMUSG00000083278.1	0
ENSMUSG00000083279.1	0
ENSMUSG00000083280.1	0
ENSMUSG00000083281.1	0
ENSMUSG00000083282.3	67.24731
ENSMUSG00000083283.3	0.208237
ENSMUSG00000083284.1	3.116892
ENSMUSG00000083285.2	0
ENSMUSG00000083287.4	0
ENSMUSG00000083288.1	0
ENSMUSG00000083289.1	0
ENSMUSG00000083290.1	0
ENSMUSG00000083291.3	0
ENSMUSG00000083292.1	0
ENSMUSG00000083293.1	0
ENSMUSG00000083294.3	0
ENSMUSG00000083296.1	0
ENSMUSG00000083297.1	0
ENSMUSG00000083298.1	0
ENSMUSG00000083299.1	0
ENSMUSG00000083300.1	0
ENSMUSG00000083303.1	0
ENSMUSG00000083304.1	0
ENSMUSG00000083305.2	0
ENSMUSG00000083306.1	0
ENSMUSG00000083307.1	4.098071
ENSMUSG00000083309.1	0
ENSMUSG00000083310.2	0
ENSMUSG00000083311.3	0
ENSMUSG00000083312.1	0
ENSMUSG00000083314.1	0
ENSMUSG00000083315.1	0
ENSMUSG00000083316.1	0
ENSMUSG00000083317.1	0
ENSMUSG00000083318.1	0
ENSMUSG00000083319.1	0
ENSMUSG00000083320.1	0
ENSMUSG00000083321.1	0
ENSMUSG00000083324.1	0
ENSMUSG00000083325.3	0.076583
ENSMUSG00000083326.4	0.39832
ENSMUSG00000083327.1	0.446123
ENSMUSG00000083328.3	0
ENSMUSG00000083329.1	0
ENSMUSG00000083330.1	0
ENSMUSG00000083331.1	0
ENSMUSG00000083332.1	0
ENSMUSG00000083333.3	0
ENSMUSG00000083334.1	0
ENSMUSG00000083335.1	0
ENSMUSG00000083336.2	0
ENSMUSG00000083337.1	0
ENSMUSG00000083338.1	0
ENSMUSG00000083339.1	0
ENSMUSG00000083340.1	0
ENSMUSG00000083341.1	0
ENSMUSG00000083342.1	0
ENSMUSG00000083343.1	0
ENSMUSG00000083344.2	0
ENSMUSG00000083345.1	0
ENSMUSG00000083346.3	0
ENSMUSG00000083347.1	0
ENSMUSG00000083348.1	0
ENSMUSG00000083350.1	0
ENSMUSG00000083351.1	0
ENSMUSG00000083352.1	0
ENSMUSG00000083353.1	0
ENSMUSG00000083355.1	0
ENSMUSG00000083356.1	0
ENSMUSG00000083358.2	0
ENSMUSG00000083359.1	0
ENSMUSG00000083361.4	0
ENSMUSG00000083362.1	0
ENSMUSG00000083363.1	0
ENSMUSG00000083364.4	8.41573
ENSMUSG00000083365.1	0
ENSMUSG00000083366.1	0
ENSMUSG00000083367.1	0.04597
ENSMUSG00000083368.1	0
ENSMUSG00000083369.1	0
ENSMUSG00000083371.1	0
ENSMUSG00000083372.1	0
ENSMUSG00000083373.1	0
ENSMUSG00000083374.1	0
ENSMUSG00000083375.1	0
ENSMUSG00000083376.1	0
ENSMUSG00000083377.1	0
ENSMUSG00000083378.3	0
ENSMUSG00000083379.1	0.06554
ENSMUSG00000083380.1	335.116372
ENSMUSG00000083381.1	0
ENSMUSG00000083382.1	0.047452
ENSMUSG00000083383.2	0
ENSMUSG00000083384.1	0
ENSMUSG00000083385.1	0
ENSMUSG00000083386.1	0
ENSMUSG00000083387.1	0
ENSMUSG00000083388.1	0
ENSMUSG00000083389.1	0
ENSMUSG00000083390.1	0
ENSMUSG00000083391.2	0
ENSMUSG00000083392.1	0
ENSMUSG00000083393.1	0
ENSMUSG00000083394.2	0.507228
ENSMUSG00000083395.1	0
ENSMUSG00000083396.1	0.238932
ENSMUSG00000083397.1	0.016354
ENSMUSG00000083398.1	0
ENSMUSG00000083399.1	0
ENSMUSG00000083401.1	0
ENSMUSG00000083402.1	0
ENSMUSG00000083403.1	0
ENSMUSG00000083404.1	0
ENSMUSG00000083405.1	0
ENSMUSG00000083406.1	0
ENSMUSG00000083407.1	0
ENSMUSG00000083409.1	0
ENSMUSG00000083410.1	0
ENSMUSG00000083411.3	0
ENSMUSG00000083412.1	0
ENSMUSG00000083413.1	0
ENSMUSG00000083414.1	0
ENSMUSG00000083416.1	0
ENSMUSG00000083417.1	0
ENSMUSG00000083418.2	0
ENSMUSG00000083419.1	0
ENSMUSG00000083420.1	0
ENSMUSG00000083421.1	0
ENSMUSG00000083422.1	0
ENSMUSG00000083423.1	0
ENSMUSG00000083424.3	0.000572
ENSMUSG00000083425.1	0
ENSMUSG00000083427.1	0
ENSMUSG00000083428.1	0
ENSMUSG00000083429.2	0
ENSMUSG00000083430.1	0
ENSMUSG00000083431.1	0
ENSMUSG00000083432.1	0
ENSMUSG00000083434.1	0
ENSMUSG00000083435.2	0
ENSMUSG00000083436.1	0
ENSMUSG00000083437.1	0
ENSMUSG00000083438.1	0
ENSMUSG00000083439.1	0
ENSMUSG00000083440.1	0
ENSMUSG00000083441.1	0
ENSMUSG00000083443.1	0.040732
ENSMUSG00000083444.1	0
ENSMUSG00000083445.1	0
ENSMUSG00000083446.1	0
ENSMUSG00000083447.1	0
ENSMUSG00000083448.1	0
ENSMUSG00000083449.1	0
ENSMUSG00000083450.1	0
ENSMUSG00000083451.1	0
ENSMUSG00000083452.1	0
ENSMUSG00000083453.1	0
ENSMUSG00000083454.1	0
ENSMUSG00000083455.1	0
ENSMUSG00000083456.1	0
ENSMUSG00000083457.1	0
ENSMUSG00000083458.1	0.27682
ENSMUSG00000083460.1	0.101119
ENSMUSG00000083461.1	0
ENSMUSG00000083462.1	0.07939
ENSMUSG00000083463.1	0
ENSMUSG00000083465.1	0
ENSMUSG00000083466.1	0
ENSMUSG00000083467.1	0
ENSMUSG00000083468.1	0
ENSMUSG00000083469.1	0
ENSMUSG00000083470.1	0
ENSMUSG00000083471.1	0
ENSMUSG00000083472.1	0
ENSMUSG00000083473.1	0
ENSMUSG00000083474.1	0.252245
ENSMUSG00000083475.1	0
ENSMUSG00000083477.2	0.064007
ENSMUSG00000083478.1	0
ENSMUSG00000083481.4	0
ENSMUSG00000083482.1	0
ENSMUSG00000083483.3	0
ENSMUSG00000083484.1	0
ENSMUSG00000083485.1	0
ENSMUSG00000083486.1	0
ENSMUSG00000083487.1	0
ENSMUSG00000083488.1	0
ENSMUSG00000083489.1	0
ENSMUSG00000083490.1	0
ENSMUSG00000083491.1	0
ENSMUSG00000083492.1	0
ENSMUSG00000083493.1	0
ENSMUSG00000083494.1	0
ENSMUSG00000083495.1	0
ENSMUSG00000083496.1	0.106245
ENSMUSG00000083498.1	0
ENSMUSG00000083499.1	0
ENSMUSG00000083500.1	0
ENSMUSG00000083501.2	0
ENSMUSG00000083502.1	0
ENSMUSG00000083503.1	0
ENSMUSG00000083505.1	0
ENSMUSG00000083507.1	0
ENSMUSG00000083508.1	0
ENSMUSG00000083509.1	0
ENSMUSG00000083510.1	0
ENSMUSG00000083512.1	0
ENSMUSG00000083513.2	0
ENSMUSG00000083514.1	0
ENSMUSG00000083515.1	0
ENSMUSG00000083516.1	0
ENSMUSG00000083517.1	0
ENSMUSG00000083518.1	0
ENSMUSG00000083519.1	0
ENSMUSG00000083520.1	0
ENSMUSG00000083522.1	0
ENSMUSG00000083524.1	0
ENSMUSG00000083527.1	0
ENSMUSG00000083528.1	0
ENSMUSG00000083530.1	0
ENSMUSG00000083533.2	0
ENSMUSG00000083534.1	0
ENSMUSG00000083535.1	0
ENSMUSG00000083536.1	0
ENSMUSG00000083537.3	0
ENSMUSG00000083538.1	0
ENSMUSG00000083539.1	0
ENSMUSG00000083541.1	0
ENSMUSG00000083542.2	0
ENSMUSG00000083543.1	0
ENSMUSG00000083544.1	0
ENSMUSG00000083545.2	0
ENSMUSG00000083546.1	0
ENSMUSG00000083547.2	0
ENSMUSG00000083548.1	0
ENSMUSG00000083549.1	0.18951
ENSMUSG00000083550.1	0
ENSMUSG00000083551.1	0
ENSMUSG00000083553.1	0
ENSMUSG00000083554.1	0
ENSMUSG00000083555.1	0
ENSMUSG00000083556.1	0
ENSMUSG00000083557.1	0
ENSMUSG00000083558.1	8.965033
ENSMUSG00000083560.1	0
ENSMUSG00000083561.3	0
ENSMUSG00000083562.1	0
ENSMUSG00000083563.1	0.665356
ENSMUSG00000083564.1	0
ENSMUSG00000083565.1	0
ENSMUSG00000083566.1	0
ENSMUSG00000083567.3	1.076884
ENSMUSG00000083568.3	0
ENSMUSG00000083569.1	0
ENSMUSG00000083570.1	0
ENSMUSG00000083572.1	0
ENSMUSG00000083573.1	0
ENSMUSG00000083574.1	0
ENSMUSG00000083576.1	0
ENSMUSG00000083577.1	0
ENSMUSG00000083579.2	0
ENSMUSG00000083580.1	0
ENSMUSG00000083581.1	0
ENSMUSG00000083582.1	0.382944
ENSMUSG00000083584.1	0
ENSMUSG00000083585.1	0
ENSMUSG00000083586.2	0
ENSMUSG00000083587.1	0
ENSMUSG00000083588.1	0
ENSMUSG00000083590.1	0
ENSMUSG00000083592.1	0
ENSMUSG00000083594.1	0
ENSMUSG00000083595.1	0.024421
ENSMUSG00000083596.4	0
ENSMUSG00000083597.1	0
ENSMUSG00000083598.1	0
ENSMUSG00000083599.1	0
ENSMUSG00000083601.1	0
ENSMUSG00000083602.1	0
ENSMUSG00000083603.1	0
ENSMUSG00000083605.1	0
ENSMUSG00000083606.3	0
ENSMUSG00000083607.1	0
ENSMUSG00000083608.1	0.393383
ENSMUSG00000083609.1	0
ENSMUSG00000083610.1	1.233732
ENSMUSG00000083611.1	0
ENSMUSG00000083613.1	0
ENSMUSG00000083614.1	0
ENSMUSG00000083615.1	0
ENSMUSG00000083616.3	0
ENSMUSG00000083617.1	0
ENSMUSG00000083618.1	0
ENSMUSG00000083619.3	0.422571
ENSMUSG00000083620.1	0
ENSMUSG00000083621.1	1.640805
ENSMUSG00000083622.1	0
ENSMUSG00000083623.1	0.169695
ENSMUSG00000083624.1	0
ENSMUSG00000083625.1	0
ENSMUSG00000083626.1	1.242434
ENSMUSG00000083627.1	0
ENSMUSG00000083628.1	0
ENSMUSG00000083629.1	0
ENSMUSG00000083630.2	0
ENSMUSG00000083631.2	0
ENSMUSG00000083632.1	0
ENSMUSG00000083633.2	0
ENSMUSG00000083635.1	0
ENSMUSG00000083636.1	0
ENSMUSG00000083637.1	0
ENSMUSG00000083640.1	0
ENSMUSG00000083641.1	0
ENSMUSG00000083642.1	0
ENSMUSG00000083643.1	0
ENSMUSG00000083644.1	0
ENSMUSG00000083645.1	0
ENSMUSG00000083646.1	0
ENSMUSG00000083648.1	0
ENSMUSG00000083649.5	0.100514
ENSMUSG00000083650.1	0
ENSMUSG00000083651.1	0
ENSMUSG00000083653.2	0
ENSMUSG00000083654.1	0
ENSMUSG00000083655.1	0
ENSMUSG00000083657.1	4.945441
ENSMUSG00000083658.1	0
ENSMUSG00000083659.1	0
ENSMUSG00000083660.1	0
ENSMUSG00000083661.1	0
ENSMUSG00000083662.1	0
ENSMUSG00000083663.1	0
ENSMUSG00000083664.1	0
ENSMUSG00000083665.1	0
ENSMUSG00000083666.1	0
ENSMUSG00000083667.1	0
ENSMUSG00000083668.1	0
ENSMUSG00000083669.5	1.502377
ENSMUSG00000083670.1	0
ENSMUSG00000083671.1	0
ENSMUSG00000083672.1	0.060375
ENSMUSG00000083673.3	0
ENSMUSG00000083674.3	1.397428
ENSMUSG00000083676.2	0
ENSMUSG00000083677.1	0
ENSMUSG00000083678.3	0.101147
ENSMUSG00000083679.1	1.328787
ENSMUSG00000083680.1	0
ENSMUSG00000083681.1	0
ENSMUSG00000083682.1	0
ENSMUSG00000083683.1	0
ENSMUSG00000083684.1	0
ENSMUSG00000083685.1	0
ENSMUSG00000083686.2	0
ENSMUSG00000083687.1	0
ENSMUSG00000083688.1	0
ENSMUSG00000083689.1	0.129302
ENSMUSG00000083691.1	0
ENSMUSG00000083692.1	0.027064
ENSMUSG00000083693.1	0
ENSMUSG00000083695.6	1.049746
ENSMUSG00000083697.1	0
ENSMUSG00000083698.1	0
ENSMUSG00000083699.1	0
ENSMUSG00000083700.1	0
ENSMUSG00000083701.3	0
ENSMUSG00000083702.1	0
ENSMUSG00000083704.1	0
ENSMUSG00000083705.2	2.227592
ENSMUSG00000083706.3	0
ENSMUSG00000083707.1	0
ENSMUSG00000083708.1	3.468358
ENSMUSG00000083709.1	0
ENSMUSG00000083710.1	0
ENSMUSG00000083711.1	0
ENSMUSG00000083713.1	0
ENSMUSG00000083714.3	0
ENSMUSG00000083715.1	0
ENSMUSG00000083716.4	0.23431
ENSMUSG00000083717.1	0
ENSMUSG00000083718.2	0.039664
ENSMUSG00000083719.1	0
ENSMUSG00000083720.1	0
ENSMUSG00000083721.1	0
ENSMUSG00000083722.2	0
ENSMUSG00000083723.1	0
ENSMUSG00000083725.1	0
ENSMUSG00000083728.1	0
ENSMUSG00000083729.1	0
ENSMUSG00000083731.1	0
ENSMUSG00000083732.1	0.032122
ENSMUSG00000083733.3	0
ENSMUSG00000083734.1	0
ENSMUSG00000083735.1	0
ENSMUSG00000083736.1	0.027012
ENSMUSG00000083737.1	0
ENSMUSG00000083738.1	0
ENSMUSG00000083740.1	0
ENSMUSG00000083741.1	0
ENSMUSG00000083742.2	0
ENSMUSG00000083743.1	0
ENSMUSG00000083744.1	0
ENSMUSG00000083745.1	0
ENSMUSG00000083747.1	0
ENSMUSG00000083748.1	0
ENSMUSG00000083749.1	0
ENSMUSG00000083750.1	0
ENSMUSG00000083751.1	0
ENSMUSG00000083752.1	0
ENSMUSG00000083753.1	0
ENSMUSG00000083754.3	0
ENSMUSG00000083755.1	0
ENSMUSG00000083757.2	1.65409
ENSMUSG00000083760.1	0
ENSMUSG00000083761.1	0.098205
ENSMUSG00000083763.1	0
ENSMUSG00000083764.1	0
ENSMUSG00000083766.1	0.117943
ENSMUSG00000083767.1	0
ENSMUSG00000083768.1	0
ENSMUSG00000083769.1	0
ENSMUSG00000083771.1	0
ENSMUSG00000083772.1	0
ENSMUSG00000083773.4	0.143523
ENSMUSG00000083774.1	0.250444
ENSMUSG00000083775.1	0
ENSMUSG00000083776.1	0
ENSMUSG00000083777.1	0
ENSMUSG00000083778.1	0
ENSMUSG00000083779.1	0
ENSMUSG00000083780.8	0
ENSMUSG00000083781.1	0
ENSMUSG00000083782.1	0
ENSMUSG00000083783.1	0
ENSMUSG00000083784.1	0
ENSMUSG00000083785.1	0
ENSMUSG00000083786.1	0
ENSMUSG00000083787.1	0
ENSMUSG00000083789.1	0
ENSMUSG00000083791.1	0
ENSMUSG00000083792.1	0
ENSMUSG00000083793.1	0
ENSMUSG00000083794.1	0
ENSMUSG00000083795.1	0
ENSMUSG00000083796.3	0
ENSMUSG00000083798.1	0
ENSMUSG00000083801.1	0
ENSMUSG00000083803.1	0
ENSMUSG00000083804.1	0
ENSMUSG00000083805.2	0
ENSMUSG00000083806.1	0
ENSMUSG00000083807.1	0
ENSMUSG00000083808.1	0
ENSMUSG00000083809.3	0
ENSMUSG00000083810.1	0
ENSMUSG00000083811.1	0
ENSMUSG00000083812.3	0
ENSMUSG00000083813.1	0.855168
ENSMUSG00000083814.1	0
ENSMUSG00000083815.1	0
ENSMUSG00000083816.3	0.09549
ENSMUSG00000083817.1	0
ENSMUSG00000083818.1	0
ENSMUSG00000083819.1	0
ENSMUSG00000083820.1	0.470414
ENSMUSG00000083821.1	0
ENSMUSG00000083822.1	0
ENSMUSG00000083823.3	0
ENSMUSG00000083825.2	0
ENSMUSG00000083826.1	0.045566
ENSMUSG00000083827.1	0
ENSMUSG00000083828.1	0
ENSMUSG00000083829.1	0
ENSMUSG00000083830.1	0
ENSMUSG00000083831.1	0
ENSMUSG00000083832.1	0
ENSMUSG00000083833.4	322.65314
ENSMUSG00000083834.1	0
ENSMUSG00000083835.1	0
ENSMUSG00000083836.1	0.031861
ENSMUSG00000083837.1	0
ENSMUSG00000083838.1	0
ENSMUSG00000083839.1	0
ENSMUSG00000083841.1	0
ENSMUSG00000083842.1	0
ENSMUSG00000083843.1	0
ENSMUSG00000083844.8	19.343254
ENSMUSG00000083845.1	0
ENSMUSG00000083846.1	0
ENSMUSG00000083847.1	0
ENSMUSG00000083848.1	0
ENSMUSG00000083849.1	0
ENSMUSG00000083851.1	0
ENSMUSG00000083852.1	0.142395
ENSMUSG00000083853.1	0
ENSMUSG00000083854.3	0
ENSMUSG00000083855.6	0
ENSMUSG00000083856.1	0
ENSMUSG00000083857.1	0
ENSMUSG00000083858.1	0
ENSMUSG00000083859.1	0.030188
ENSMUSG00000083860.2	0
ENSMUSG00000083861.1	0
ENSMUSG00000083863.1	0.87388
ENSMUSG00000083864.1	0
ENSMUSG00000083866.1	0
ENSMUSG00000083867.1	0
ENSMUSG00000083868.1	0
ENSMUSG00000083869.1	0
ENSMUSG00000083870.1	0
ENSMUSG00000083871.1	0
ENSMUSG00000083872.1	0
ENSMUSG00000083873.1	0
ENSMUSG00000083874.1	0
ENSMUSG00000083875.1	0
ENSMUSG00000083876.1	0
ENSMUSG00000083877.1	0
ENSMUSG00000083878.3	0.498109
ENSMUSG00000083879.4	0.046148
ENSMUSG00000083880.1	0
ENSMUSG00000083882.1	0
ENSMUSG00000083884.1	0
ENSMUSG00000083885.1	0
ENSMUSG00000083886.2	0
ENSMUSG00000083887.1	0
ENSMUSG00000083888.1	0
ENSMUSG00000083889.4	0.202549
ENSMUSG00000083890.1	0.03984
ENSMUSG00000083892.3	0.045908
ENSMUSG00000083893.1	0
ENSMUSG00000083894.1	0
ENSMUSG00000083895.1	0
ENSMUSG00000083896.8	0
ENSMUSG00000083897.1	0
ENSMUSG00000083898.2	0
ENSMUSG00000083899.2	0.123731
ENSMUSG00000083900.2	0
ENSMUSG00000083901.1	0
ENSMUSG00000083902.2	0.569498
ENSMUSG00000083903.1	0
ENSMUSG00000083904.1	0
ENSMUSG00000083905.1	0
ENSMUSG00000083906.1	0
ENSMUSG00000083907.2	0
ENSMUSG00000083908.1	0
ENSMUSG00000083909.1	0
ENSMUSG00000083910.1	0
ENSMUSG00000083911.1	0.089957
ENSMUSG00000083912.1	0
ENSMUSG00000083913.1	0
ENSMUSG00000083914.3	0.127046
ENSMUSG00000083915.1	0
ENSMUSG00000083916.2	0
ENSMUSG00000083917.1	0
ENSMUSG00000083918.1	0
ENSMUSG00000083919.1	0
ENSMUSG00000083920.1	0
ENSMUSG00000083921.2	0
ENSMUSG00000083922.1	0
ENSMUSG00000083923.1	0
ENSMUSG00000083924.1	0
ENSMUSG00000083925.1	0
ENSMUSG00000083926.1	0
ENSMUSG00000083927.1	0
ENSMUSG00000083928.1	0
ENSMUSG00000083929.4	0
ENSMUSG00000083930.1	0
ENSMUSG00000083931.1	0
ENSMUSG00000083932.1	0
ENSMUSG00000083933.1	0
ENSMUSG00000083934.1	0
ENSMUSG00000083935.1	0
ENSMUSG00000083936.1	0
ENSMUSG00000083937.3	0
ENSMUSG00000083938.2	0
ENSMUSG00000083939.1	0.102614
ENSMUSG00000083940.3	0
ENSMUSG00000083941.1	0
ENSMUSG00000083942.4	0
ENSMUSG00000083943.1	0
ENSMUSG00000083944.1	0
ENSMUSG00000083945.1	0
ENSMUSG00000083946.1	0
ENSMUSG00000083947.5	0
ENSMUSG00000083948.1	0
ENSMUSG00000083949.1	0
ENSMUSG00000083950.1	0
ENSMUSG00000083951.1	0
ENSMUSG00000083953.1	0
ENSMUSG00000083954.1	0
ENSMUSG00000083955.1	0
ENSMUSG00000083956.1	0
ENSMUSG00000083957.1	0
ENSMUSG00000083958.1	0
ENSMUSG00000083960.1	0
ENSMUSG00000083961.1	0
ENSMUSG00000083962.1	0
ENSMUSG00000083963.1	0
ENSMUSG00000083964.1	0.035232
ENSMUSG00000083966.1	0
ENSMUSG00000083967.1	0
ENSMUSG00000083969.1	0
ENSMUSG00000083970.1	0
ENSMUSG00000083971.3	0
ENSMUSG00000083972.1	0
ENSMUSG00000083973.1	0
ENSMUSG00000083974.1	0
ENSMUSG00000083975.1	0
ENSMUSG00000083976.1	0
ENSMUSG00000083977.3	0
ENSMUSG00000083978.1	0
ENSMUSG00000083979.1	0
ENSMUSG00000083981.4	0
ENSMUSG00000083982.1	0
ENSMUSG00000083983.1	0
ENSMUSG00000083985.3	0
ENSMUSG00000083986.1	0
ENSMUSG00000083987.1	0
ENSMUSG00000083988.1	0
ENSMUSG00000083989.2	0
ENSMUSG00000083990.1	0.257525
ENSMUSG00000083991.1	0
ENSMUSG00000083992.1	1.129214
ENSMUSG00000083993.1	0
ENSMUSG00000083994.1	0
ENSMUSG00000083995.1	0
ENSMUSG00000083996.1	0
ENSMUSG00000083997.1	0
ENSMUSG00000083998.1	0
ENSMUSG00000083999.1	0
ENSMUSG00000084000.1	0
ENSMUSG00000084001.1	0
ENSMUSG00000084004.1	0
ENSMUSG00000084006.1	0
ENSMUSG00000084007.3	0
ENSMUSG00000084009.1	0
ENSMUSG00000084010.1	0
ENSMUSG00000084011.1	0
ENSMUSG00000084012.1	0
ENSMUSG00000084013.1	0.134702
ENSMUSG00000084014.3	0
ENSMUSG00000084015.1	0
ENSMUSG00000084017.1	0
ENSMUSG00000084018.1	0
ENSMUSG00000084019.1	0
ENSMUSG00000084020.3	0
ENSMUSG00000084021.1	0
ENSMUSG00000084022.1	0
ENSMUSG00000084024.1	0
ENSMUSG00000084025.1	0
ENSMUSG00000084026.1	0
ENSMUSG00000084027.1	0
ENSMUSG00000084028.1	0.122125
ENSMUSG00000084029.1	0
ENSMUSG00000084030.1	0
ENSMUSG00000084031.1	0
ENSMUSG00000084032.1	0
ENSMUSG00000084033.3	0
ENSMUSG00000084034.1	0
ENSMUSG00000084038.2	0
ENSMUSG00000084039.1	0
ENSMUSG00000084041.1	0
ENSMUSG00000084043.1	0
ENSMUSG00000084044.1	0
ENSMUSG00000084045.1	0
ENSMUSG00000084046.1	0
ENSMUSG00000084047.1	0
ENSMUSG00000084048.1	0
ENSMUSG00000084050.3	0
ENSMUSG00000084052.1	0
ENSMUSG00000084053.1	0
ENSMUSG00000084054.1	0
ENSMUSG00000084055.1	0
ENSMUSG00000084056.2	0
ENSMUSG00000084057.1	0
ENSMUSG00000084058.1	0
ENSMUSG00000084059.1	0
ENSMUSG00000084060.3	0
ENSMUSG00000084061.1	0
ENSMUSG00000084063.1	0
ENSMUSG00000084064.1	0
ENSMUSG00000084065.1	0
ENSMUSG00000084066.1	0
ENSMUSG00000084067.3	0.197882
ENSMUSG00000084068.1	0
ENSMUSG00000084069.1	0
ENSMUSG00000084070.1	0
ENSMUSG00000084071.1	0
ENSMUSG00000084072.1	0
ENSMUSG00000084073.1	0
ENSMUSG00000084074.1	0
ENSMUSG00000084076.1	0
ENSMUSG00000084077.1	0
ENSMUSG00000084078.2	0
ENSMUSG00000084079.1	0
ENSMUSG00000084080.1	0
ENSMUSG00000084081.3	0
ENSMUSG00000084082.1	0
ENSMUSG00000084083.1	0
ENSMUSG00000084085.2	0
ENSMUSG00000084086.1	0
ENSMUSG00000084087.1	0
ENSMUSG00000084088.1	0
ENSMUSG00000084089.1	0
ENSMUSG00000084090.1	0
ENSMUSG00000084092.1	0
ENSMUSG00000084093.1	2.659826
ENSMUSG00000084094.1	0
ENSMUSG00000084095.1	0
ENSMUSG00000084096.1	0
ENSMUSG00000084097.1	0
ENSMUSG00000084098.1	0.085374
ENSMUSG00000084099.1	0
ENSMUSG00000084101.1	0
ENSMUSG00000084102.2	0
ENSMUSG00000084103.1	0
ENSMUSG00000084104.1	0.069351
ENSMUSG00000084105.1	0.362397
ENSMUSG00000084106.4	1.683164
ENSMUSG00000084107.1	0
ENSMUSG00000084108.2	0
ENSMUSG00000084110.4	0
ENSMUSG00000084111.4	0
ENSMUSG00000084112.1	0
ENSMUSG00000084113.1	0
ENSMUSG00000084114.1	0
ENSMUSG00000084115.1	0
ENSMUSG00000084116.1	0
ENSMUSG00000084117.3	0
ENSMUSG00000084118.1	0
ENSMUSG00000084119.1	0
ENSMUSG00000084120.1	0
ENSMUSG00000084123.1	0
ENSMUSG00000084124.1	0
ENSMUSG00000084125.1	0
ENSMUSG00000084126.1	0
ENSMUSG00000084127.1	0.470543
ENSMUSG00000084128.10	0.016682
ENSMUSG00000084129.1	0
ENSMUSG00000084130.1	0
ENSMUSG00000084131.1	0.137929
ENSMUSG00000084132.2	0
ENSMUSG00000084133.1	0
ENSMUSG00000084134.1	0
ENSMUSG00000084135.4	0
ENSMUSG00000084136.4	0
ENSMUSG00000084137.1	0
ENSMUSG00000084138.1	0.981142
ENSMUSG00000084139.1	0
ENSMUSG00000084140.1	0
ENSMUSG00000084142.1	0
ENSMUSG00000084143.1	0
ENSMUSG00000084144.1	0
ENSMUSG00000084145.3	0.236128
ENSMUSG00000084146.1	0
ENSMUSG00000084147.1	0
ENSMUSG00000084148.1	0
ENSMUSG00000084149.1	0
ENSMUSG00000084150.1	0
ENSMUSG00000084151.1	0
ENSMUSG00000084152.1	0
ENSMUSG00000084153.2	0
ENSMUSG00000084154.1	0
ENSMUSG00000084155.1	0
ENSMUSG00000084157.2	0
ENSMUSG00000084158.1	0
ENSMUSG00000084159.1	0
ENSMUSG00000084160.1	0
ENSMUSG00000084161.1	0
ENSMUSG00000084162.1	0
ENSMUSG00000084163.1	0
ENSMUSG00000084164.1	0
ENSMUSG00000084166.1	0.160137
ENSMUSG00000084167.1	0
ENSMUSG00000084168.3	0
ENSMUSG00000084169.1	0
ENSMUSG00000084170.1	0
ENSMUSG00000084171.1	0
ENSMUSG00000084172.1	0
ENSMUSG00000084173.1	0
ENSMUSG00000084174.3	0
ENSMUSG00000084175.1	0
ENSMUSG00000084177.1	0
ENSMUSG00000084178.1	0
ENSMUSG00000084179.1	0
ENSMUSG00000084180.1	0
ENSMUSG00000084181.1	0
ENSMUSG00000084182.1	0
ENSMUSG00000084183.1	0.030348
ENSMUSG00000084184.1	0
ENSMUSG00000084185.1	0
ENSMUSG00000084186.1	0
ENSMUSG00000084188.1	0
ENSMUSG00000084189.1	0
ENSMUSG00000084190.1	0
ENSMUSG00000084191.1	0
ENSMUSG00000084192.1	0
ENSMUSG00000084193.1	0
ENSMUSG00000084195.2	0
ENSMUSG00000084196.1	0
ENSMUSG00000084197.1	0
ENSMUSG00000084198.1	0
ENSMUSG00000084199.1	0
ENSMUSG00000084200.1	0
ENSMUSG00000084201.1	0
ENSMUSG00000084202.1	0
ENSMUSG00000084203.1	0
ENSMUSG00000084204.2	0
ENSMUSG00000084205.1	0
ENSMUSG00000084206.1	0
ENSMUSG00000084207.1	0
ENSMUSG00000084208.1	0
ENSMUSG00000084209.1	0
ENSMUSG00000084210.1	0
ENSMUSG00000084211.1	0
ENSMUSG00000084212.1	0
ENSMUSG00000084213.1	0
ENSMUSG00000084214.1	0
ENSMUSG00000084215.3	0
ENSMUSG00000084216.1	0
ENSMUSG00000084217.2	0
ENSMUSG00000084218.1	0
ENSMUSG00000084219.1	0
ENSMUSG00000084220.1	0
ENSMUSG00000084221.1	0
ENSMUSG00000084222.1	0
ENSMUSG00000084223.1	0
ENSMUSG00000084224.1	0
ENSMUSG00000084226.1	0
ENSMUSG00000084228.1	0
ENSMUSG00000084230.1	0
ENSMUSG00000084231.1	0
ENSMUSG00000084234.2	0
ENSMUSG00000084235.2	1.368351
ENSMUSG00000084236.2	0
ENSMUSG00000084237.1	0
ENSMUSG00000084238.1	0
ENSMUSG00000084239.1	0
ENSMUSG00000084240.1	0
ENSMUSG00000084241.1	0.019645
ENSMUSG00000084243.1	0
ENSMUSG00000084244.1	0
ENSMUSG00000084245.1	0
ENSMUSG00000084246.1	0
ENSMUSG00000084247.1	0
ENSMUSG00000084248.1	0
ENSMUSG00000084249.1	0
ENSMUSG00000084250.1	0
ENSMUSG00000084251.1	0
ENSMUSG00000084252.1	0
ENSMUSG00000084253.1	0
ENSMUSG00000084254.1	0
ENSMUSG00000084256.1	0
ENSMUSG00000084257.1	0
ENSMUSG00000084259.1	0
ENSMUSG00000084260.1	0.22807
ENSMUSG00000084261.1	0
ENSMUSG00000084262.5	0
ENSMUSG00000084264.1	0
ENSMUSG00000084265.1	0
ENSMUSG00000084267.1	0
ENSMUSG00000084269.1	0
ENSMUSG00000084270.1	0
ENSMUSG00000084271.1	0
ENSMUSG00000084272.1	0
ENSMUSG00000084273.1	0
ENSMUSG00000084274.2	0
ENSMUSG00000084275.3	0
ENSMUSG00000084276.1	0
ENSMUSG00000084277.1	0
ENSMUSG00000084278.1	0
ENSMUSG00000084279.1	0
ENSMUSG00000084280.1	0
ENSMUSG00000084281.1	0
ENSMUSG00000084282.1	0
ENSMUSG00000084283.1	0
ENSMUSG00000084284.1	0
ENSMUSG00000084285.1	0
ENSMUSG00000084286.1	0
ENSMUSG00000084287.1	0
ENSMUSG00000084288.1	0
ENSMUSG00000084289.1	0.083557
ENSMUSG00000084291.3	0
ENSMUSG00000084292.1	0
ENSMUSG00000084293.1	0
ENSMUSG00000084294.1	0
ENSMUSG00000084295.2	0
ENSMUSG00000084296.1	0
ENSMUSG00000084297.1	0
ENSMUSG00000084298.1	0
ENSMUSG00000084299.3	0
ENSMUSG00000084300.1	0
ENSMUSG00000084301.1	0
ENSMUSG00000084302.1	0
ENSMUSG00000084303.1	0
ENSMUSG00000084304.1	0.177196
ENSMUSG00000084305.1	0
ENSMUSG00000084306.1	0
ENSMUSG00000084307.1	0
ENSMUSG00000084308.1	0
ENSMUSG00000084309.1	0
ENSMUSG00000084310.1	0
ENSMUSG00000084311.1	0
ENSMUSG00000084312.1	0
ENSMUSG00000084313.1	0
ENSMUSG00000084314.1	2.166874
ENSMUSG00000084315.2	0
ENSMUSG00000084316.1	0
ENSMUSG00000084318.1	0
ENSMUSG00000084319.3	4.538309
ENSMUSG00000084320.2	0
ENSMUSG00000084323.4	0
ENSMUSG00000084324.1	0
ENSMUSG00000084325.2	0
ENSMUSG00000084326.1	0
ENSMUSG00000084327.1	0
ENSMUSG00000084328.1	0.084106
ENSMUSG00000084329.1	0.129751
ENSMUSG00000084330.1	0
ENSMUSG00000084331.1	0
ENSMUSG00000084332.1	0
ENSMUSG00000084333.1	0
ENSMUSG00000084334.1	0
ENSMUSG00000084335.1	0
ENSMUSG00000084336.2	0
ENSMUSG00000084337.1	0
ENSMUSG00000084338.5	0
ENSMUSG00000084339.1	0
ENSMUSG00000084340.1	0
ENSMUSG00000084341.1	0
ENSMUSG00000084342.1	0.060747
ENSMUSG00000084343.1	0
ENSMUSG00000084344.1	0
ENSMUSG00000084345.3	0.222179
ENSMUSG00000084346.4	0
ENSMUSG00000084347.3	0.114062
ENSMUSG00000084348.1	0.059566
ENSMUSG00000084349.3	158.561832
ENSMUSG00000084350.1	0.050292
ENSMUSG00000084351.1	0
ENSMUSG00000084352.1	0
ENSMUSG00000084353.1	0
ENSMUSG00000084355.1	0
ENSMUSG00000084356.2	0
ENSMUSG00000084357.1	0
ENSMUSG00000084358.1	0
ENSMUSG00000084359.1	0
ENSMUSG00000084360.1	0
ENSMUSG00000084361.1	0
ENSMUSG00000084362.1	0
ENSMUSG00000084363.1	0
ENSMUSG00000084366.1	0
ENSMUSG00000084367.3	0
ENSMUSG00000084368.1	0
ENSMUSG00000084369.1	0
ENSMUSG00000084370.3	0.623238
ENSMUSG00000084371.1	0.630996
ENSMUSG00000084372.1	0
ENSMUSG00000084373.1	0.061712
ENSMUSG00000084374.1	0
ENSMUSG00000084375.1	0.809128
ENSMUSG00000084376.1	0
ENSMUSG00000084377.1	0
ENSMUSG00000084378.1	0
ENSMUSG00000084379.1	0
ENSMUSG00000084380.1	0
ENSMUSG00000084381.1	0
ENSMUSG00000084382.1	0
ENSMUSG00000084383.1	0
ENSMUSG00000084384.3	0.196735
ENSMUSG00000084385.1	0
ENSMUSG00000084386.1	0
ENSMUSG00000084387.4	0
ENSMUSG00000084390.1	0
ENSMUSG00000084391.1	0
ENSMUSG00000084392.1	0
ENSMUSG00000084393.1	0
ENSMUSG00000084394.1	0
ENSMUSG00000084395.1	0
ENSMUSG00000084396.1	0
ENSMUSG00000084397.1	0
ENSMUSG00000084399.2	0
ENSMUSG00000084400.1	0
ENSMUSG00000084401.1	0
ENSMUSG00000084403.1	34.252606
ENSMUSG00000084404.1	0
ENSMUSG00000084405.2	0
ENSMUSG00000084407.1	0
ENSMUSG00000084408.1	0
ENSMUSG00000084411.2	0
ENSMUSG00000084412.1	0
ENSMUSG00000084413.1	0.101731
ENSMUSG00000084414.3	0
ENSMUSG00000084415.1	0
ENSMUSG00000084416.3	1.854388
ENSMUSG00000084417.1	0
ENSMUSG00000084418.1	0
ENSMUSG00000084419.1	0
ENSMUSG00000084421.1	0
ENSMUSG00000084422.1	0
ENSMUSG00000084423.1	0
ENSMUSG00000084425.1	0
ENSMUSG00000084426.1	0
ENSMUSG00000084428.1	0
ENSMUSG00000084431.1	0
ENSMUSG00000084432.1	0
ENSMUSG00000084433.1	0
ENSMUSG00000084435.1	0
ENSMUSG00000084437.1	0
ENSMUSG00000084439.1	0
ENSMUSG00000084440.1	0
ENSMUSG00000084441.1	0
ENSMUSG00000084442.1	0
ENSMUSG00000084443.1	0
ENSMUSG00000084444.1	0
ENSMUSG00000084445.1	0
ENSMUSG00000084446.1	0
ENSMUSG00000084447.1	0
ENSMUSG00000084448.1	0
ENSMUSG00000084449.1	0
ENSMUSG00000084450.1	0
ENSMUSG00000084451.1	0
ENSMUSG00000084452.1	0
ENSMUSG00000084453.1	0
ENSMUSG00000084454.1	0
ENSMUSG00000084456.1	0
ENSMUSG00000084457.1	0
ENSMUSG00000084458.1	0
ENSMUSG00000084459.1	0
ENSMUSG00000084460.1	0
ENSMUSG00000084461.1	0
ENSMUSG00000084462.1	0
ENSMUSG00000084463.1	0
ENSMUSG00000084465.1	0
ENSMUSG00000084466.1	0
ENSMUSG00000084467.1	0
ENSMUSG00000084468.1	0
ENSMUSG00000084469.1	0
ENSMUSG00000084472.1	0
ENSMUSG00000084473.1	0
ENSMUSG00000084474.1	0
ENSMUSG00000084475.1	0
ENSMUSG00000084476.1	0
ENSMUSG00000084477.1	0
ENSMUSG00000084478.1	0
ENSMUSG00000084479.1	0
ENSMUSG00000084480.1	0
ENSMUSG00000084484.1	0
ENSMUSG00000084485.1	0
ENSMUSG00000084487.1	0
ENSMUSG00000084492.1	0
ENSMUSG00000084493.1	0
ENSMUSG00000084496.1	0
ENSMUSG00000084497.1	0
ENSMUSG00000084498.1	0
ENSMUSG00000084500.1	0
ENSMUSG00000084501.1	0
ENSMUSG00000084502.1	0
ENSMUSG00000084503.1	0
ENSMUSG00000084504.1	0
ENSMUSG00000084505.1	0
ENSMUSG00000084506.1	0
ENSMUSG00000084507.1	0
ENSMUSG00000084508.1	0
ENSMUSG00000084511.1	0
ENSMUSG00000084512.1	0
ENSMUSG00000084513.1	0
ENSMUSG00000084514.1	0
ENSMUSG00000084515.1	0
ENSMUSG00000084516.1	0
ENSMUSG00000084517.1	0
ENSMUSG00000084518.1	0
ENSMUSG00000084519.1	0
ENSMUSG00000084521.1	0
ENSMUSG00000084522.1	0
ENSMUSG00000084523.1	0
ENSMUSG00000084524.1	0
ENSMUSG00000084526.1	0
ENSMUSG00000084527.1	0
ENSMUSG00000084530.2	0
ENSMUSG00000084531.1	0
ENSMUSG00000084532.1	0
ENSMUSG00000084535.1	0
ENSMUSG00000084536.1	0
ENSMUSG00000084537.1	0
ENSMUSG00000084539.1	0
ENSMUSG00000084540.1	0
ENSMUSG00000084541.1	0
ENSMUSG00000084543.1	0
ENSMUSG00000084544.1	0
ENSMUSG00000084545.1	0
ENSMUSG00000084546.1	0
ENSMUSG00000084547.1	0
ENSMUSG00000084548.1	0
ENSMUSG00000084549.1	0
ENSMUSG00000084550.1	0
ENSMUSG00000084551.1	0
ENSMUSG00000084552.1	0
ENSMUSG00000084555.1	0
ENSMUSG00000084557.1	0
ENSMUSG00000084558.1	0
ENSMUSG00000084559.1	0
ENSMUSG00000084560.1	0
ENSMUSG00000084562.1	0
ENSMUSG00000084564.1	0
ENSMUSG00000084565.1	0
ENSMUSG00000084566.1	0
ENSMUSG00000084567.1	0
ENSMUSG00000084568.1	0
ENSMUSG00000084569.1	0
ENSMUSG00000084571.1	0
ENSMUSG00000084572.1	0
ENSMUSG00000084573.1	0
ENSMUSG00000084574.1	0
ENSMUSG00000084575.1	0
ENSMUSG00000084576.1	0
ENSMUSG00000084579.1	0
ENSMUSG00000084581.1	0
ENSMUSG00000084582.1	0
ENSMUSG00000084583.1	0
ENSMUSG00000084584.1	0
ENSMUSG00000084587.1	0
ENSMUSG00000084588.1	0
ENSMUSG00000084589.1	0
ENSMUSG00000084590.1	0
ENSMUSG00000084591.1	0
ENSMUSG00000084592.1	0
ENSMUSG00000084593.1	0
ENSMUSG00000084595.1	0
ENSMUSG00000084596.1	0
ENSMUSG00000084597.1	0
ENSMUSG00000084598.1	0
ENSMUSG00000084599.1	0
ENSMUSG00000084600.1	0
ENSMUSG00000084601.1	0
ENSMUSG00000084602.1	0
ENSMUSG00000084603.1	0
ENSMUSG00000084604.1	0
ENSMUSG00000084605.1	0
ENSMUSG00000084606.1	0
ENSMUSG00000084607.1	0
ENSMUSG00000084608.1	0
ENSMUSG00000084609.2	0
ENSMUSG00000084610.1	0
ENSMUSG00000084611.1	0
ENSMUSG00000084612.1	0
ENSMUSG00000084613.1	0
ENSMUSG00000084616.1	0
ENSMUSG00000084617.1	0
ENSMUSG00000084619.1	0
ENSMUSG00000084620.1	0
ENSMUSG00000084621.1	0
ENSMUSG00000084622.1	0
ENSMUSG00000084624.1	0
ENSMUSG00000084625.1	0
ENSMUSG00000084627.1	0
ENSMUSG00000084628.1	0
ENSMUSG00000084629.1	0
ENSMUSG00000084630.1	0
ENSMUSG00000084631.1	0
ENSMUSG00000084632.1	0
ENSMUSG00000084633.1	0
ENSMUSG00000084635.1	0
ENSMUSG00000084636.1	0
ENSMUSG00000084637.1	0
ENSMUSG00000084638.1	0
ENSMUSG00000084639.1	0
ENSMUSG00000084640.1	0
ENSMUSG00000084641.1	0
ENSMUSG00000084642.1	0
ENSMUSG00000084643.1	0
ENSMUSG00000084644.1	0
ENSMUSG00000084645.1	0
ENSMUSG00000084646.1	0
ENSMUSG00000084647.1	0
ENSMUSG00000084648.1	0
ENSMUSG00000084649.1	0
ENSMUSG00000084650.1	0
ENSMUSG00000084651.1	0
ENSMUSG00000084652.1	0
ENSMUSG00000084653.1	0
ENSMUSG00000084654.1	0
ENSMUSG00000084658.1	0
ENSMUSG00000084659.1	0
ENSMUSG00000084660.1	0
ENSMUSG00000084661.1	0
ENSMUSG00000084663.1	0
ENSMUSG00000084664.1	0
ENSMUSG00000084665.1	0
ENSMUSG00000084666.1	0
ENSMUSG00000084667.1	0
ENSMUSG00000084668.1	0
ENSMUSG00000084669.1	0
ENSMUSG00000084671.1	0
ENSMUSG00000084673.1	0
ENSMUSG00000084674.1	0
ENSMUSG00000084675.1	0
ENSMUSG00000084678.1	0
ENSMUSG00000084682.1	0
ENSMUSG00000084683.1	0
ENSMUSG00000084684.1	0
ENSMUSG00000084686.1	0
ENSMUSG00000084688.1	0
ENSMUSG00000084689.1	0
ENSMUSG00000084690.1	0
ENSMUSG00000084691.1	0
ENSMUSG00000084693.1	0
ENSMUSG00000084694.1	0
ENSMUSG00000084696.1	0
ENSMUSG00000084700.1	0
ENSMUSG00000084701.1	0
ENSMUSG00000084702.1	0
ENSMUSG00000084703.1	0
ENSMUSG00000084704.1	0
ENSMUSG00000084705.1	0
ENSMUSG00000084706.1	0
ENSMUSG00000084708.1	4.950692
ENSMUSG00000084710.1	0
ENSMUSG00000084711.1	0
ENSMUSG00000084713.2	0
ENSMUSG00000084714.1	0
ENSMUSG00000084717.1	0
ENSMUSG00000084718.1	0
ENSMUSG00000084719.1	0
ENSMUSG00000084722.1	0
ENSMUSG00000084725.2	0
ENSMUSG00000084728.1	0
ENSMUSG00000084729.1	0
ENSMUSG00000084731.1	0
ENSMUSG00000084732.1	0
ENSMUSG00000084733.1	0
ENSMUSG00000084734.1	0
ENSMUSG00000084737.1	0
ENSMUSG00000084738.2	0
ENSMUSG00000084739.1	0
ENSMUSG00000084740.1	0
ENSMUSG00000084741.1	0
ENSMUSG00000084742.1	0
ENSMUSG00000084743.1	0
ENSMUSG00000084744.1	2.003511
ENSMUSG00000084745.1	0
ENSMUSG00000084746.1	0
ENSMUSG00000084747.1	0
ENSMUSG00000084748.1	0
ENSMUSG00000084749.1	0
ENSMUSG00000084750.1	0
ENSMUSG00000084751.1	0
ENSMUSG00000084752.1	0
ENSMUSG00000084753.1	0
ENSMUSG00000084754.1	0
ENSMUSG00000084755.1	0
ENSMUSG00000084756.1	0
ENSMUSG00000084757.7	0
ENSMUSG00000084758.1	0
ENSMUSG00000084760.1	0
ENSMUSG00000084761.1	0.053847
ENSMUSG00000084762.1	0
ENSMUSG00000084764.1	0
ENSMUSG00000084766.1	0
ENSMUSG00000084768.2	0
ENSMUSG00000084769.1	0
ENSMUSG00000084771.8	0.419634
ENSMUSG00000084772.1	0
ENSMUSG00000084773.1	0
ENSMUSG00000084774.1	0
ENSMUSG00000084775.2	0
ENSMUSG00000084776.1	0
ENSMUSG00000084780.7	0
ENSMUSG00000084781.1	0.082956
ENSMUSG00000084782.2	0
ENSMUSG00000084783.1	0
ENSMUSG00000084785.1	0
ENSMUSG00000084786.9	646.85731
ENSMUSG00000084787.1	0
ENSMUSG00000084788.2	0
ENSMUSG00000084789.1	0
ENSMUSG00000084790.1	1.240143
ENSMUSG00000084791.1	0
ENSMUSG00000084792.1	0.905645
ENSMUSG00000084793.1	0
ENSMUSG00000084794.1	0
ENSMUSG00000084795.1	0
ENSMUSG00000084796.1	0
ENSMUSG00000084797.1	0.617797
ENSMUSG00000084798.1	0
ENSMUSG00000084799.7	1.108985
ENSMUSG00000084800.1	0
ENSMUSG00000084802.1	0
ENSMUSG00000084803.8	0.076014
ENSMUSG00000084804.1	0
ENSMUSG00000084805.1	0
ENSMUSG00000084806.1	0
ENSMUSG00000084807.1	0
ENSMUSG00000084808.7	0.409143
ENSMUSG00000084809.1	0.060855
ENSMUSG00000084811.2	0
ENSMUSG00000084816.1	0
ENSMUSG00000084817.3	1.842246
ENSMUSG00000084818.1	0
ENSMUSG00000084819.1	0
ENSMUSG00000084821.1	0.01035
ENSMUSG00000084822.1	0
ENSMUSG00000084823.2	0
ENSMUSG00000084824.1	0
ENSMUSG00000084825.1	0
ENSMUSG00000084826.7	0.645175
ENSMUSG00000084828.1	0.072654
ENSMUSG00000084829.7	0
ENSMUSG00000084830.2	1.935103
ENSMUSG00000084831.1	0
ENSMUSG00000084833.1	0
ENSMUSG00000084834.1	0
ENSMUSG00000084835.1	0.144103
ENSMUSG00000084836.1	0.134855
ENSMUSG00000084837.1	0.113547
ENSMUSG00000084838.3	2.261577
ENSMUSG00000084839.1	0
ENSMUSG00000084840.1	0
ENSMUSG00000084842.3	28.520092
ENSMUSG00000084843.1	0.403876
ENSMUSG00000084844.3	0.220627
ENSMUSG00000084845.9	53.159539
ENSMUSG00000084846.1	0.2164
ENSMUSG00000084847.7	0
ENSMUSG00000084848.1	0
ENSMUSG00000084849.1	0.053847
ENSMUSG00000084850.1	0.132314
ENSMUSG00000084851.1	0
ENSMUSG00000084852.1	0
ENSMUSG00000084853.1	0
ENSMUSG00000084854.1	0
ENSMUSG00000084855.2	0
ENSMUSG00000084856.1	0
ENSMUSG00000084858.1	0
ENSMUSG00000084859.7	0
ENSMUSG00000084860.1	0
ENSMUSG00000084861.1	0
ENSMUSG00000084862.1	0.325415
ENSMUSG00000084863.1	0
ENSMUSG00000084864.1	0.495037
ENSMUSG00000084865.1	1.521614
ENSMUSG00000084866.2	0.553397
ENSMUSG00000084869.1	0.113813
ENSMUSG00000084870.1	0
ENSMUSG00000084871.1	0.180995
ENSMUSG00000084873.3	0
ENSMUSG00000084874.4	0
ENSMUSG00000084875.2	0
ENSMUSG00000084876.7	0.576755
ENSMUSG00000084878.1	0
ENSMUSG00000084880.1	1.123906
ENSMUSG00000084883.2	19.627952
ENSMUSG00000084884.1	0
ENSMUSG00000084885.7	1.546282
ENSMUSG00000084887.1	0
ENSMUSG00000084889.1	0
ENSMUSG00000084890.1	0.135403
ENSMUSG00000084891.1	0
ENSMUSG00000084892.1	0
ENSMUSG00000084893.3	0
ENSMUSG00000084895.1	0
ENSMUSG00000084896.1	0
ENSMUSG00000084897.1	0
ENSMUSG00000084898.1	2.482356
ENSMUSG00000084899.1	0
ENSMUSG00000084901.6	0
ENSMUSG00000084902.2	0
ENSMUSG00000084904.1	0.038485
ENSMUSG00000084905.1	0
ENSMUSG00000084906.1	0
ENSMUSG00000084907.1	0.042823
ENSMUSG00000084908.2	0
ENSMUSG00000084909.1	0.018121
ENSMUSG00000084910.1	1.28194
ENSMUSG00000084911.1	0
ENSMUSG00000084913.3	0
ENSMUSG00000084915.2	2.594098
ENSMUSG00000084916.1	0
ENSMUSG00000084917.3	0
ENSMUSG00000084918.1	0.064466
ENSMUSG00000084919.1	0
ENSMUSG00000084920.1	0
ENSMUSG00000084921.1	0
ENSMUSG00000084923.1	0
ENSMUSG00000084924.3	0
ENSMUSG00000084925.8	1.646319
ENSMUSG00000084927.1	0
ENSMUSG00000084929.1	0.410827
ENSMUSG00000084930.1	0
ENSMUSG00000084932.1	2.879067
ENSMUSG00000084933.1	0
ENSMUSG00000084934.1	0
ENSMUSG00000084935.1	0
ENSMUSG00000084936.1	0.289041
ENSMUSG00000084937.1	0
ENSMUSG00000084938.1	0.243573
ENSMUSG00000084939.2	0
ENSMUSG00000084940.2	0
ENSMUSG00000084941.1	0.080481
ENSMUSG00000084942.1	0
ENSMUSG00000084944.1	0
ENSMUSG00000084945.1	0
ENSMUSG00000084946.2	5.95642
ENSMUSG00000084947.1	0
ENSMUSG00000084948.1	0
ENSMUSG00000084949.1	0
ENSMUSG00000084950.7	0.840908
ENSMUSG00000084951.1	0
ENSMUSG00000084954.2	0
ENSMUSG00000084955.1	0
ENSMUSG00000084957.3	45.530061
ENSMUSG00000084959.1	0
ENSMUSG00000084960.1	0
ENSMUSG00000084962.1	0
ENSMUSG00000084963.1	0
ENSMUSG00000084964.2	0
ENSMUSG00000084965.1	0
ENSMUSG00000084966.1	0
ENSMUSG00000084967.1	0.009207
ENSMUSG00000084968.1	0.015905
ENSMUSG00000084969.1	0
ENSMUSG00000084970.1	0
ENSMUSG00000084971.1	0
ENSMUSG00000084973.2	0.172311
ENSMUSG00000084974.1	0.014345
ENSMUSG00000084978.1	0
ENSMUSG00000084979.1	0
ENSMUSG00000084980.1	0
ENSMUSG00000084981.7	0
ENSMUSG00000084982.1	0
ENSMUSG00000084983.7	0
ENSMUSG00000084984.8	0
ENSMUSG00000084985.1	0
ENSMUSG00000084986.1	0
ENSMUSG00000084987.1	0
ENSMUSG00000084989.3	0.0282
ENSMUSG00000084990.1	0
ENSMUSG00000084991.1	0
ENSMUSG00000084992.1	0
ENSMUSG00000084993.1	0
ENSMUSG00000084995.8	0.051006
ENSMUSG00000084996.1	0
ENSMUSG00000084997.7	0
ENSMUSG00000084998.1	0.06073
ENSMUSG00000084999.2	0
ENSMUSG00000085000.1	0
ENSMUSG00000085001.1	0
ENSMUSG00000085002.1	0
ENSMUSG00000085003.1	0
ENSMUSG00000085004.2	0
ENSMUSG00000085006.7	0
ENSMUSG00000085007.3	11.861529
ENSMUSG00000085008.1	0.029162
ENSMUSG00000085009.1	0
ENSMUSG00000085010.1	0
ENSMUSG00000085012.1	0.19571
ENSMUSG00000085014.1	0
ENSMUSG00000085015.1	0
ENSMUSG00000085016.1	0
ENSMUSG00000085017.1	0
ENSMUSG00000085019.2	0
ENSMUSG00000085020.1	0
ENSMUSG00000085021.1	0
ENSMUSG00000085022.2	0
ENSMUSG00000085023.1	0.408399
ENSMUSG00000085024.1	0.373869
ENSMUSG00000085025.1	0.117943
ENSMUSG00000085026.1	0
ENSMUSG00000085027.1	0
ENSMUSG00000085028.2	0.030029
ENSMUSG00000085029.1	0
ENSMUSG00000085030.1	3.978246
ENSMUSG00000085032.1	0
ENSMUSG00000085033.1	0
ENSMUSG00000085034.1	0
ENSMUSG00000085035.1	0
ENSMUSG00000085036.1	0
ENSMUSG00000085037.1	1.458124
ENSMUSG00000085039.2	0.087614
ENSMUSG00000085041.1	0.249722
ENSMUSG00000085042.8	22.855206
ENSMUSG00000085043.1	0
ENSMUSG00000085044.1	0
ENSMUSG00000085046.1	0
ENSMUSG00000085047.1	0
ENSMUSG00000085048.1	0.362204
ENSMUSG00000085049.1	0.151691
ENSMUSG00000085051.1	0
ENSMUSG00000085053.1	0
ENSMUSG00000085054.2	0
ENSMUSG00000085055.2	0.060636
ENSMUSG00000085057.7	0
ENSMUSG00000085058.2	2.559341
ENSMUSG00000085059.1	0
ENSMUSG00000085060.1	0
ENSMUSG00000085063.1	0
ENSMUSG00000085066.2	0
ENSMUSG00000085067.2	0.545686
ENSMUSG00000085068.1	0.303276
ENSMUSG00000085069.2	3.988178
ENSMUSG00000085070.1	0
ENSMUSG00000085071.1	0.059607
ENSMUSG00000085072.1	0
ENSMUSG00000085073.3	0
ENSMUSG00000085074.1	0.053839
ENSMUSG00000085075.1	0
ENSMUSG00000085077.1	0
ENSMUSG00000085078.1	0
ENSMUSG00000085079.3	0
ENSMUSG00000085080.1	0.253875
ENSMUSG00000085081.1	0
ENSMUSG00000085082.1	0
ENSMUSG00000085083.1	0
ENSMUSG00000085084.7	4.959306
ENSMUSG00000085085.2	0.87531
ENSMUSG00000085087.1	0.236833
ENSMUSG00000085088.1	0
ENSMUSG00000085089.1	0
ENSMUSG00000085090.1	0
ENSMUSG00000085091.1	0
ENSMUSG00000085093.1	0
ENSMUSG00000085094.2	0
ENSMUSG00000085095.2	0
ENSMUSG00000085097.1	0
ENSMUSG00000085099.1	0
ENSMUSG00000085100.1	0
ENSMUSG00000085101.7	0
ENSMUSG00000085102.1	0
ENSMUSG00000085103.3	0
ENSMUSG00000085104.1	0
ENSMUSG00000085105.2	0.063071
ENSMUSG00000085106.1	0
ENSMUSG00000085107.3	0
ENSMUSG00000085108.1	0
ENSMUSG00000085109.1	0
ENSMUSG00000085110.1	0.018852
ENSMUSG00000085111.3	0.185275
ENSMUSG00000085112.1	0.117077
ENSMUSG00000085113.1	0.009058
ENSMUSG00000085114.1	0
ENSMUSG00000085115.1	0
ENSMUSG00000085116.1	0
ENSMUSG00000085118.2	0
ENSMUSG00000085120.1	0
ENSMUSG00000085121.2	0
ENSMUSG00000085122.1	0
ENSMUSG00000085123.2	0
ENSMUSG00000085124.1	0
ENSMUSG00000085125.7	0
ENSMUSG00000085126.1	0
ENSMUSG00000085127.1	0
ENSMUSG00000085129.1	0
ENSMUSG00000085130.1	0
ENSMUSG00000085132.1	0
ENSMUSG00000085133.2	6.667958
ENSMUSG00000085134.1	0
ENSMUSG00000085135.7	0
ENSMUSG00000085139.1	0.068034
ENSMUSG00000085141.1	0.054369
ENSMUSG00000085142.1	0
ENSMUSG00000085143.1	0.494341
ENSMUSG00000085145.1	0
ENSMUSG00000085146.1	0
ENSMUSG00000085147.1	0
ENSMUSG00000085148.1	13.250223
ENSMUSG00000085150.1	0
ENSMUSG00000085151.7	4.071363
ENSMUSG00000085152.1	0
ENSMUSG00000085154.7	0
ENSMUSG00000085155.3	0
ENSMUSG00000085156.8	4.242483
ENSMUSG00000085157.1	0
ENSMUSG00000085158.1	0
ENSMUSG00000085160.1	0
ENSMUSG00000085161.1	0
ENSMUSG00000085162.7	0
ENSMUSG00000085165.1	0
ENSMUSG00000085166.1	0
ENSMUSG00000085167.1	0.20819
ENSMUSG00000085168.2	0
ENSMUSG00000085169.2	0
ENSMUSG00000085170.1	0
ENSMUSG00000085171.7	0
ENSMUSG00000085172.1	0.0481
ENSMUSG00000085173.1	0
ENSMUSG00000085174.1	0
ENSMUSG00000085175.7	1.265223
ENSMUSG00000085176.1	0
ENSMUSG00000085177.1	0
ENSMUSG00000085178.1	0
ENSMUSG00000085179.1	0
ENSMUSG00000085180.1	0
ENSMUSG00000085181.1	0
ENSMUSG00000085182.1	0
ENSMUSG00000085183.1	0
ENSMUSG00000085184.9	0.049672
ENSMUSG00000085185.10	0.086307
ENSMUSG00000085187.1	0
ENSMUSG00000085188.1	0
ENSMUSG00000085189.1	0.518491
ENSMUSG00000085192.1	0
ENSMUSG00000085193.1	0.903824
ENSMUSG00000085194.1	0
ENSMUSG00000085196.1	0.011767
ENSMUSG00000085197.7	0
ENSMUSG00000085198.1	0
ENSMUSG00000085199.1	0
ENSMUSG00000085201.1	0.059818
ENSMUSG00000085202.1	0
ENSMUSG00000085203.1	0
ENSMUSG00000085204.1	0.096023
ENSMUSG00000085205.1	0
ENSMUSG00000085206.1	0
ENSMUSG00000085207.1	1.147876
ENSMUSG00000085208.3	2.540461
ENSMUSG00000085209.1	0
ENSMUSG00000085211.2	0.042563
ENSMUSG00000085213.1	0.476925
ENSMUSG00000085217.1	0
ENSMUSG00000085218.7	1.914227
ENSMUSG00000085221.2	0
ENSMUSG00000085222.1	0.021937
ENSMUSG00000085223.1	0
ENSMUSG00000085224.2	0.05911
ENSMUSG00000085225.1	0.20803
ENSMUSG00000085226.1	0
ENSMUSG00000085227.1	5.774065
ENSMUSG00000085228.1	0
ENSMUSG00000085229.1	0
ENSMUSG00000085230.1	0
ENSMUSG00000085232.3	0
ENSMUSG00000085234.1	0
ENSMUSG00000085235.1	0
ENSMUSG00000085236.3	0.036382
ENSMUSG00000085237.2	0.330196
ENSMUSG00000085238.1	0.397912
ENSMUSG00000085239.1	0
ENSMUSG00000085240.1	0
ENSMUSG00000085241.7	23.832711
ENSMUSG00000085242.1	0
ENSMUSG00000085244.8	0
ENSMUSG00000085245.1	0
ENSMUSG00000085246.1	0.081082
ENSMUSG00000085247.1	0
ENSMUSG00000085248.2	0
ENSMUSG00000085250.1	0
ENSMUSG00000085251.1	0.95203
ENSMUSG00000085252.1	0
ENSMUSG00000085253.3	0
ENSMUSG00000085254.1	0
ENSMUSG00000085255.1	1.438686
ENSMUSG00000085256.1	0.37484
ENSMUSG00000085257.2	0
ENSMUSG00000085260.7	2.74798
ENSMUSG00000085261.1	0
ENSMUSG00000085262.1	0.109267
ENSMUSG00000085263.1	0
ENSMUSG00000085264.1	0
ENSMUSG00000085265.1	0
ENSMUSG00000085267.1	0
ENSMUSG00000085269.1	0
ENSMUSG00000085271.7	0.693127
ENSMUSG00000085272.7	0.48885
ENSMUSG00000085274.1	0
ENSMUSG00000085275.1	0
ENSMUSG00000085276.3	0
ENSMUSG00000085277.1	0
ENSMUSG00000085278.1	0
ENSMUSG00000085279.1	0
ENSMUSG00000085280.1	0
ENSMUSG00000085281.3	0
ENSMUSG00000085282.8	1.575545
ENSMUSG00000085284.1	0
ENSMUSG00000085285.1	0
ENSMUSG00000085286.1	0
ENSMUSG00000085287.8	0.534377
ENSMUSG00000085288.1	0
ENSMUSG00000085289.1	0.166096
ENSMUSG00000085290.1	0
ENSMUSG00000085292.1	0
ENSMUSG00000085293.2	0
ENSMUSG00000085295.7	0
ENSMUSG00000085297.1	0
ENSMUSG00000085298.2	0
ENSMUSG00000085300.1	0
ENSMUSG00000085301.1	0
ENSMUSG00000085302.3	0
ENSMUSG00000085303.3	0
ENSMUSG00000085304.1	0
ENSMUSG00000085305.1	0
ENSMUSG00000085307.1	0.106648
ENSMUSG00000085310.7	0.161852
ENSMUSG00000085311.1	0
ENSMUSG00000085312.1	0
ENSMUSG00000085314.1	0.057734
ENSMUSG00000085315.7	1.426363
ENSMUSG00000085316.1	0.834996
ENSMUSG00000085317.1	0.056336
ENSMUSG00000085318.1	0
ENSMUSG00000085319.1	0
ENSMUSG00000085320.1	0
ENSMUSG00000085321.1	0
ENSMUSG00000085322.2	0.067017
ENSMUSG00000085323.1	0.061495
ENSMUSG00000085324.1	0.10593
ENSMUSG00000085325.7	0
ENSMUSG00000085326.1	0
ENSMUSG00000085327.1	0.122867
ENSMUSG00000085328.2	0
ENSMUSG00000085329.1	0
ENSMUSG00000085330.1	0
ENSMUSG00000085331.1	0.091715
ENSMUSG00000085333.1	0.078784
ENSMUSG00000085334.7	2.034715
ENSMUSG00000085335.1	0
ENSMUSG00000085336.1	0.429614
ENSMUSG00000085337.1	0.032729
ENSMUSG00000085338.1	0.748825
ENSMUSG00000085340.1	0
ENSMUSG00000085342.1	2.197144
ENSMUSG00000085345.1	0
ENSMUSG00000085347.1	1.334706
ENSMUSG00000085348.1	0.635957
ENSMUSG00000085350.1	0
ENSMUSG00000085351.1	0
ENSMUSG00000085352.1	0
ENSMUSG00000085353.2	0
ENSMUSG00000085354.1	0
ENSMUSG00000085355.2	0.089218
ENSMUSG00000085357.1	0.034034
ENSMUSG00000085358.1	0
ENSMUSG00000085359.1	0
ENSMUSG00000085360.1	1.478012
ENSMUSG00000085361.2	0
ENSMUSG00000085363.1	0
ENSMUSG00000085366.1	0
ENSMUSG00000085368.1	0
ENSMUSG00000085369.1	0
ENSMUSG00000085371.1	0
ENSMUSG00000085372.1	0
ENSMUSG00000085375.1	0
ENSMUSG00000085376.1	0
ENSMUSG00000085377.1	0
ENSMUSG00000085378.1	0
ENSMUSG00000085379.1	0.333534
ENSMUSG00000085380.1	0
ENSMUSG00000085382.1	1.667291
ENSMUSG00000085383.1	0
ENSMUSG00000085385.7	1.561592
ENSMUSG00000085386.1	0.016134
ENSMUSG00000085387.1	0
ENSMUSG00000085388.1	0
ENSMUSG00000085389.7	2.445126
ENSMUSG00000085390.1	0
ENSMUSG00000085391.1	0.338695
ENSMUSG00000085393.1	0
ENSMUSG00000085394.1	0
ENSMUSG00000085395.1	0
ENSMUSG00000085396.7	0.570559
ENSMUSG00000085397.1	0.461808
ENSMUSG00000085398.1	0
ENSMUSG00000085399.7	0.120791
ENSMUSG00000085400.1	0.081773
ENSMUSG00000085401.2	0
ENSMUSG00000085402.1	0
ENSMUSG00000085403.1	0.207767
ENSMUSG00000085404.1	0
ENSMUSG00000085405.1	0
ENSMUSG00000085407.1	0.240469
ENSMUSG00000085408.1	1.860292
ENSMUSG00000085409.1	0.165136
ENSMUSG00000085411.1	0
ENSMUSG00000085412.7	0
ENSMUSG00000085413.1	0
ENSMUSG00000085414.1	0
ENSMUSG00000085415.1	0
ENSMUSG00000085416.1	0.428158
ENSMUSG00000085417.1	0.020374
ENSMUSG00000085418.1	0
ENSMUSG00000085419.1	0.152463
ENSMUSG00000085420.1	0
ENSMUSG00000085421.1	0
ENSMUSG00000085423.1	0.082875
ENSMUSG00000085424.1	0
ENSMUSG00000085426.1	0
ENSMUSG00000085427.7	0.033465
ENSMUSG00000085428.1	0
ENSMUSG00000085429.1	0
ENSMUSG00000085430.2	0
ENSMUSG00000085431.7	0
ENSMUSG00000085433.2	1.314019
ENSMUSG00000085434.1	0
ENSMUSG00000085436.1	3.361334
ENSMUSG00000085437.8	0
ENSMUSG00000085438.1	21.349198
ENSMUSG00000085439.1	0
ENSMUSG00000085440.1	0
ENSMUSG00000085441.1	0
ENSMUSG00000085442.1	1.037145
ENSMUSG00000085443.1	0
ENSMUSG00000085444.1	0
ENSMUSG00000085445.1	0
ENSMUSG00000085447.1	0
ENSMUSG00000085448.1	0
ENSMUSG00000085449.1	0
ENSMUSG00000085450.1	0
ENSMUSG00000085451.2	0
ENSMUSG00000085452.1	0
ENSMUSG00000085453.1	0
ENSMUSG00000085454.1	0
ENSMUSG00000085456.2	0
ENSMUSG00000085457.3	9.37669
ENSMUSG00000085459.1	0
ENSMUSG00000085463.1	0.104483
ENSMUSG00000085464.1	0
ENSMUSG00000085465.1	0
ENSMUSG00000085466.2	0
ENSMUSG00000085467.1	0
ENSMUSG00000085468.1	0
ENSMUSG00000085469.1	0
ENSMUSG00000085470.1	0.446559
ENSMUSG00000085471.1	0
ENSMUSG00000085472.1	0
ENSMUSG00000085476.1	0
ENSMUSG00000085477.7	0
ENSMUSG00000085478.1	0
ENSMUSG00000085479.1	0
ENSMUSG00000085481.1	0
ENSMUSG00000085482.1	0
ENSMUSG00000085483.1	0
ENSMUSG00000085484.2	0
ENSMUSG00000085485.1	0
ENSMUSG00000085486.2	0
ENSMUSG00000085487.1	0
ENSMUSG00000085488.1	0
ENSMUSG00000085489.7	0
ENSMUSG00000085491.1	0
ENSMUSG00000085492.7	11.747385
ENSMUSG00000085495.1	0.074836
ENSMUSG00000085496.1	0
ENSMUSG00000085497.2	0
ENSMUSG00000085498.1	0.069862
ENSMUSG00000085499.1	0
ENSMUSG00000085500.9	0.125621
ENSMUSG00000085501.1	1.023502
ENSMUSG00000085502.1	0.055744
ENSMUSG00000085504.1	0
ENSMUSG00000085505.1	0
ENSMUSG00000085507.1	0
ENSMUSG00000085509.1	0
ENSMUSG00000085510.1	0
ENSMUSG00000085511.1	0.311126
ENSMUSG00000085512.1	0
ENSMUSG00000085513.1	0.041071
ENSMUSG00000085514.1	0
ENSMUSG00000085515.1	0
ENSMUSG00000085516.1	0
ENSMUSG00000085517.7	0.389669
ENSMUSG00000085519.1	0.102169
ENSMUSG00000085521.4	0.671176
ENSMUSG00000085522.1	0
ENSMUSG00000085523.1	0
ENSMUSG00000085524.1	0
ENSMUSG00000085525.7	0.238858
ENSMUSG00000085526.1	0.035463
ENSMUSG00000085527.1	0.283793
ENSMUSG00000085528.1	0
ENSMUSG00000085530.1	0
ENSMUSG00000085531.1	0
ENSMUSG00000085532.1	0
ENSMUSG00000085533.1	0
ENSMUSG00000085534.7	0
ENSMUSG00000085536.1	0
ENSMUSG00000085538.1	0
ENSMUSG00000085539.1	0
ENSMUSG00000085540.1	0
ENSMUSG00000085541.1	0.006592
ENSMUSG00000085542.1	0
ENSMUSG00000085543.1	0
ENSMUSG00000085545.1	0
ENSMUSG00000085546.1	0.064555
ENSMUSG00000085547.4	0
ENSMUSG00000085548.1	0
ENSMUSG00000085549.7	0.225537
ENSMUSG00000085551.1	0.243856
ENSMUSG00000085552.1	0
ENSMUSG00000085553.1	0
ENSMUSG00000085555.9	0.065037
ENSMUSG00000085556.1	0
ENSMUSG00000085558.7	0.448261
ENSMUSG00000085559.1	0
ENSMUSG00000085560.2	0.102707
ENSMUSG00000085561.1	0
ENSMUSG00000085562.7	0.20438
ENSMUSG00000085563.2	0
ENSMUSG00000085564.1	0.61797
ENSMUSG00000085565.1	0.51005
ENSMUSG00000085566.1	1.642131
ENSMUSG00000085568.7	0.058939
ENSMUSG00000085569.1	0
ENSMUSG00000085572.1	0
ENSMUSG00000085573.1	0.279991
ENSMUSG00000085574.1	0
ENSMUSG00000085575.1	0
ENSMUSG00000085576.3	0.034324
ENSMUSG00000085577.1	0
ENSMUSG00000085578.1	0.066786
ENSMUSG00000085579.1	0
ENSMUSG00000085580.1	0
ENSMUSG00000085581.1	0
ENSMUSG00000085582.7	0.045426
ENSMUSG00000085584.3	0.378133
ENSMUSG00000085585.1	0
ENSMUSG00000085586.1	7.370745
ENSMUSG00000085587.1	0.229167
ENSMUSG00000085588.1	0
ENSMUSG00000085589.7	0.013626
ENSMUSG00000085591.1	0
ENSMUSG00000085592.1	0
ENSMUSG00000085593.1	0
ENSMUSG00000085594.1	0
ENSMUSG00000085595.1	0.018346
ENSMUSG00000085596.1	0.045627
ENSMUSG00000085598.1	0
ENSMUSG00000085599.1	0
ENSMUSG00000085600.7	0
ENSMUSG00000085601.7	0.196022
ENSMUSG00000085603.3	0.042209
ENSMUSG00000085604.1	0.257008
ENSMUSG00000085606.1	0
ENSMUSG00000085608.1	0
ENSMUSG00000085609.1	0.122481
ENSMUSG00000085610.1	0
ENSMUSG00000085611.3	0.154062
ENSMUSG00000085612.1	0.081445
ENSMUSG00000085614.1	2.587002
ENSMUSG00000085615.2	0.294108
ENSMUSG00000085616.1	0
ENSMUSG00000085618.1	0
ENSMUSG00000085619.1	0
ENSMUSG00000085620.2	0.072778
ENSMUSG00000085622.9	1.376795
ENSMUSG00000085623.1	0
ENSMUSG00000085624.1	0
ENSMUSG00000085625.1	0
ENSMUSG00000085626.1	0
ENSMUSG00000085627.2	0
ENSMUSG00000085628.4	0
ENSMUSG00000085629.1	0
ENSMUSG00000085630.1	0
ENSMUSG00000085631.1	0
ENSMUSG00000085632.1	0
ENSMUSG00000085633.1	0
ENSMUSG00000085634.2	0
ENSMUSG00000085635.1	0
ENSMUSG00000085636.1	0
ENSMUSG00000085637.2	0
ENSMUSG00000085638.1	0
ENSMUSG00000085639.1	0
ENSMUSG00000085640.1	0
ENSMUSG00000085641.1	0
ENSMUSG00000085642.8	0.263575
ENSMUSG00000085643.1	0
ENSMUSG00000085645.1	0.200359
ENSMUSG00000085646.1	0
ENSMUSG00000085648.1	0
ENSMUSG00000085649.7	0
ENSMUSG00000085651.1	0
ENSMUSG00000085652.1	0
ENSMUSG00000085653.7	0.216283
ENSMUSG00000085654.1	0
ENSMUSG00000085655.5	1.15868
ENSMUSG00000085656.1	0
ENSMUSG00000085657.7	0
ENSMUSG00000085658.1	0.010608
ENSMUSG00000085659.2	0
ENSMUSG00000085660.1	0
ENSMUSG00000085662.1	0
ENSMUSG00000085663.1	0
ENSMUSG00000085664.1	0
ENSMUSG00000085665.1	0.392312
ENSMUSG00000085666.3	6.116168
ENSMUSG00000085667.1	1.10029
ENSMUSG00000085668.2	0
ENSMUSG00000085669.1	0.120147
ENSMUSG00000085672.1	0
ENSMUSG00000085673.1	0
ENSMUSG00000085675.1	0
ENSMUSG00000085676.1	0
ENSMUSG00000085677.7	0
ENSMUSG00000085678.1	0
ENSMUSG00000085679.2	0
ENSMUSG00000085680.1	0.109268
ENSMUSG00000085681.1	0
ENSMUSG00000085682.2	0.9615
ENSMUSG00000085683.2	0
ENSMUSG00000085684.2	0.308892
ENSMUSG00000085686.1	0
ENSMUSG00000085687.1	0
ENSMUSG00000085688.1	0
ENSMUSG00000085689.1	0.131485
ENSMUSG00000085690.1	0
ENSMUSG00000085691.1	0
ENSMUSG00000085693.1	0
ENSMUSG00000085695.1	0
ENSMUSG00000085696.8	0.18202
ENSMUSG00000085699.1	0
ENSMUSG00000085700.1	0
ENSMUSG00000085701.1	0
ENSMUSG00000085702.8	0
ENSMUSG00000085704.1	0.859254
ENSMUSG00000085705.1	0
ENSMUSG00000085706.1	0
ENSMUSG00000085707.1	0
ENSMUSG00000085708.1	0
ENSMUSG00000085709.1	0
ENSMUSG00000085710.1	0
ENSMUSG00000085711.4	0.025826
ENSMUSG00000085712.1	0
ENSMUSG00000085713.1	0
ENSMUSG00000085714.1	0
ENSMUSG00000085715.2	0
ENSMUSG00000085716.1	0
ENSMUSG00000085717.1	0
ENSMUSG00000085718.2	0
ENSMUSG00000085719.1	0
ENSMUSG00000085720.8	0.711777
ENSMUSG00000085721.1	0
ENSMUSG00000085722.4	0
ENSMUSG00000085723.2	0
ENSMUSG00000085724.1	0
ENSMUSG00000085725.2	0
ENSMUSG00000085728.1	0.112502
ENSMUSG00000085730.7	0.706385
ENSMUSG00000085731.1	0.053103
ENSMUSG00000085732.1	0.065093
ENSMUSG00000085733.1	0.56317
ENSMUSG00000085734.1	0
ENSMUSG00000085735.1	0.228552
ENSMUSG00000085737.1	0.057607
ENSMUSG00000085738.2	0
ENSMUSG00000085739.1	0
ENSMUSG00000085740.1	0
ENSMUSG00000085741.8	4.042285
ENSMUSG00000085742.1	0.142636
ENSMUSG00000085743.1	0
ENSMUSG00000085744.1	0
ENSMUSG00000085745.1	0
ENSMUSG00000085747.1	0
ENSMUSG00000085748.1	0
ENSMUSG00000085749.1	0.298152
ENSMUSG00000085750.1	0
ENSMUSG00000085751.1	0
ENSMUSG00000085753.1	0
ENSMUSG00000085754.7	0
ENSMUSG00000085755.1	0.226813
ENSMUSG00000085756.1	0
ENSMUSG00000085757.7	0
ENSMUSG00000085759.1	0
ENSMUSG00000085760.1	0
ENSMUSG00000085761.1	0.370756
ENSMUSG00000085762.1	0
ENSMUSG00000085763.1	1.683205
ENSMUSG00000085765.1	0
ENSMUSG00000085766.1	0
ENSMUSG00000085767.1	0.252655
ENSMUSG00000085768.1	0
ENSMUSG00000085770.1	0
ENSMUSG00000085771.1	0
ENSMUSG00000085772.7	0.41865
ENSMUSG00000085773.3	0
ENSMUSG00000085774.1	0
ENSMUSG00000085775.1	0
ENSMUSG00000085776.8	0.146834
ENSMUSG00000085779.1	0.143288
ENSMUSG00000085781.1	0
ENSMUSG00000085782.2	0.789943
ENSMUSG00000085783.3	0.329508
ENSMUSG00000085784.1	0
ENSMUSG00000085785.7	0
ENSMUSG00000085786.1	0
ENSMUSG00000085787.3	0
ENSMUSG00000085788.1	0.037026
ENSMUSG00000085790.1	0
ENSMUSG00000085791.4	0
ENSMUSG00000085792.2	0
ENSMUSG00000085793.2	15.875125
ENSMUSG00000085794.5	0
ENSMUSG00000085795.8	16.492996
ENSMUSG00000085796.1	0
ENSMUSG00000085797.1	0
ENSMUSG00000085798.1	0
ENSMUSG00000085799.1	0
ENSMUSG00000085800.7	0
ENSMUSG00000085801.1	0
ENSMUSG00000085802.1	0
ENSMUSG00000085803.1	0
ENSMUSG00000085804.1	0
ENSMUSG00000085805.1	0
ENSMUSG00000085806.1	0
ENSMUSG00000085807.1	0
ENSMUSG00000085808.1	0
ENSMUSG00000085810.7	0.009348
ENSMUSG00000085811.1	0
ENSMUSG00000085812.1	0
ENSMUSG00000085813.1	0.539507
ENSMUSG00000085815.1	0
ENSMUSG00000085816.1	0
ENSMUSG00000085817.1	0
ENSMUSG00000085818.7	0
ENSMUSG00000085819.7	0
ENSMUSG00000085820.7	0
ENSMUSG00000085822.2	0
ENSMUSG00000085823.7	0
ENSMUSG00000085824.7	0
ENSMUSG00000085826.1	0
ENSMUSG00000085827.8	0
ENSMUSG00000085828.1	0.085737
ENSMUSG00000085829.1	2.279271
ENSMUSG00000085830.1	0.030969
ENSMUSG00000085831.7	0
ENSMUSG00000085833.2	0.041095
ENSMUSG00000085834.1	0
ENSMUSG00000085835.1	0
ENSMUSG00000085836.1	0
ENSMUSG00000085837.8	5.258557
ENSMUSG00000085838.1	1.280738
ENSMUSG00000085839.1	0
ENSMUSG00000085840.1	0
ENSMUSG00000085841.1	0
ENSMUSG00000085842.7	0
ENSMUSG00000085843.1	0
ENSMUSG00000085844.1	0
ENSMUSG00000085845.7	0
ENSMUSG00000085846.1	0
ENSMUSG00000085847.1	0
ENSMUSG00000085851.1	0
ENSMUSG00000085852.1	0
ENSMUSG00000085853.1	0
ENSMUSG00000085856.1	0
ENSMUSG00000085857.1	0
ENSMUSG00000085858.1	0
ENSMUSG00000085860.1	0.193022
ENSMUSG00000085861.1	0
ENSMUSG00000085862.2	0.236833
ENSMUSG00000085863.1	0
ENSMUSG00000085864.1	0
ENSMUSG00000085865.2	0
ENSMUSG00000085866.1	0
ENSMUSG00000085867.1	0
ENSMUSG00000085868.1	0
ENSMUSG00000085869.1	0
ENSMUSG00000085870.1	0.074478
ENSMUSG00000085871.1	0
ENSMUSG00000085872.1	0
ENSMUSG00000085873.1	2.305015
ENSMUSG00000085875.3	0.066468
ENSMUSG00000085876.1	0
ENSMUSG00000085877.4	0
ENSMUSG00000085878.1	0
ENSMUSG00000085880.4	0
ENSMUSG00000085881.2	6.763673
ENSMUSG00000085882.1	0.378871
ENSMUSG00000085883.2	0
ENSMUSG00000085884.1	0
ENSMUSG00000085885.1	0
ENSMUSG00000085886.1	0.011876
ENSMUSG00000085887.2	0.021956
ENSMUSG00000085888.7	0
ENSMUSG00000085889.1	0
ENSMUSG00000085890.7	0
ENSMUSG00000085891.7	0.266337
ENSMUSG00000085892.1	0
ENSMUSG00000085893.1	0
ENSMUSG00000085894.1	0.199823
ENSMUSG00000085895.1	0
ENSMUSG00000085896.2	0.44989
ENSMUSG00000085897.2	0
ENSMUSG00000085898.1	0
ENSMUSG00000085899.1	0
ENSMUSG00000085900.1	0
ENSMUSG00000085902.1	0
ENSMUSG00000085903.1	0
ENSMUSG00000085905.1	0
ENSMUSG00000085908.1	0
ENSMUSG00000085909.1	0
ENSMUSG00000085910.1	0
ENSMUSG00000085911.1	0.033747
ENSMUSG00000085912.2	0.128983
ENSMUSG00000085913.2	0
ENSMUSG00000085914.1	0.033109
ENSMUSG00000085915.1	0
ENSMUSG00000085917.1	0.202994
ENSMUSG00000085918.1	0
ENSMUSG00000085919.1	0
ENSMUSG00000085920.1	0
ENSMUSG00000085921.1	0
ENSMUSG00000085922.1	0
ENSMUSG00000085923.1	0
ENSMUSG00000085924.1	0
ENSMUSG00000085925.3	0.208516
ENSMUSG00000085926.1	0
ENSMUSG00000085927.1	0
ENSMUSG00000085928.1	0.116623
ENSMUSG00000085929.1	0.089475
ENSMUSG00000085931.1	0
ENSMUSG00000085932.1	0
ENSMUSG00000085933.3	0.012128
ENSMUSG00000085934.1	0
ENSMUSG00000085936.7	0
ENSMUSG00000085937.1	0
ENSMUSG00000085938.1	0
ENSMUSG00000085939.3	0.281474
ENSMUSG00000085940.1	0.214638
ENSMUSG00000085941.1	0
ENSMUSG00000085944.1	0
ENSMUSG00000085945.3	0.404239
ENSMUSG00000085946.1	0.028012
ENSMUSG00000085949.1	0
ENSMUSG00000085950.1	0.411423
ENSMUSG00000085951.1	0
ENSMUSG00000085952.1	0.114475
ENSMUSG00000085953.2	0.417966
ENSMUSG00000085955.1	0
ENSMUSG00000085956.1	5.102537
ENSMUSG00000085957.4	0.212122
ENSMUSG00000085958.1	0.035863
ENSMUSG00000085961.1	0
ENSMUSG00000085962.8	0
ENSMUSG00000085965.1	0
ENSMUSG00000085966.1	0
ENSMUSG00000085967.1	0.053125
ENSMUSG00000085968.1	0
ENSMUSG00000085969.1	0
ENSMUSG00000085970.1	0
ENSMUSG00000085971.4	0.612896
ENSMUSG00000085972.1	0.084869
ENSMUSG00000085973.1	0
ENSMUSG00000085975.1	0
ENSMUSG00000085976.1	0
ENSMUSG00000085977.1	0
ENSMUSG00000085978.1	0
ENSMUSG00000085979.1	0
ENSMUSG00000085980.2	0.627382
ENSMUSG00000085982.1	0.059514
ENSMUSG00000085984.7	0.143122
ENSMUSG00000085985.1	0
ENSMUSG00000085987.2	0.01613
ENSMUSG00000085989.1	0
ENSMUSG00000085990.1	0
ENSMUSG00000085991.1	0
ENSMUSG00000085992.1	0
ENSMUSG00000085993.2	0
ENSMUSG00000085995.2	0
ENSMUSG00000085996.1	0.05648
ENSMUSG00000085998.8	2.697669
ENSMUSG00000085999.1	0
ENSMUSG00000086000.1	0
ENSMUSG00000086001.1	0
ENSMUSG00000086003.7	14.039904
ENSMUSG00000086004.1	0
ENSMUSG00000086006.2	1.246797
ENSMUSG00000086007.1	0
ENSMUSG00000086008.8	0
ENSMUSG00000086009.1	0
ENSMUSG00000086010.8	0
ENSMUSG00000086012.2	0
ENSMUSG00000086013.1	5.624863
ENSMUSG00000086014.1	0
ENSMUSG00000086015.1	0.102609
ENSMUSG00000086016.1	0.048872
ENSMUSG00000086017.1	0.027439
ENSMUSG00000086018.7	0
ENSMUSG00000086019.1	0
ENSMUSG00000086020.1	0
ENSMUSG00000086021.1	0
ENSMUSG00000086022.1	0.317736
ENSMUSG00000086025.1	0
ENSMUSG00000086026.1	0
ENSMUSG00000086027.1	0
ENSMUSG00000086028.1	0
ENSMUSG00000086029.7	0.087923
ENSMUSG00000086030.1	0
ENSMUSG00000086031.1	0
ENSMUSG00000086032.1	0
ENSMUSG00000086034.1	0.488105
ENSMUSG00000086035.1	0
ENSMUSG00000086036.1	0
ENSMUSG00000086037.1	0
ENSMUSG00000086039.1	0
ENSMUSG00000086040.8	35.539948
ENSMUSG00000086041.1	0
ENSMUSG00000086042.1	0
ENSMUSG00000086043.1	0.208795
ENSMUSG00000086044.1	0.269326
ENSMUSG00000086046.1	0
ENSMUSG00000086047.1	0
ENSMUSG00000086048.7	0
ENSMUSG00000086049.1	0
ENSMUSG00000086050.1	0.030104
ENSMUSG00000086052.1	0
ENSMUSG00000086053.1	0
ENSMUSG00000086054.2	0
ENSMUSG00000086055.1	0
ENSMUSG00000086056.1	0
ENSMUSG00000086057.1	0
ENSMUSG00000086058.1	0
ENSMUSG00000086060.1	0
ENSMUSG00000086061.7	0
ENSMUSG00000086063.1	0
ENSMUSG00000086064.1	0
ENSMUSG00000086065.1	0
ENSMUSG00000086066.7	0
ENSMUSG00000086067.1	0
ENSMUSG00000086068.1	0
ENSMUSG00000086069.1	0
ENSMUSG00000086070.1	0
ENSMUSG00000086071.7	0
ENSMUSG00000086072.1	0
ENSMUSG00000086074.2	0
ENSMUSG00000086075.1	0.819807
ENSMUSG00000086076.1	0
ENSMUSG00000086077.7	0
ENSMUSG00000086078.1	0
ENSMUSG00000086080.7	0
ENSMUSG00000086081.4	0
ENSMUSG00000086083.1	0.040473
ENSMUSG00000086087.1	0
ENSMUSG00000086089.1	0
ENSMUSG00000086090.1	0
ENSMUSG00000086092.1	0
ENSMUSG00000086095.2	0.010006
ENSMUSG00000086096.1	0.427493
ENSMUSG00000086097.1	0
ENSMUSG00000086098.1	0.446663
ENSMUSG00000086103.1	0
ENSMUSG00000086104.1	0
ENSMUSG00000086105.1	0
ENSMUSG00000086107.1	0
ENSMUSG00000086108.2	1.148135
ENSMUSG00000086109.2	0.131485
ENSMUSG00000086111.1	0.0225
ENSMUSG00000086112.1	0
ENSMUSG00000086114.1	0
ENSMUSG00000086115.1	0
ENSMUSG00000086117.1	0
ENSMUSG00000086118.1	0.801486
ENSMUSG00000086119.2	25.929738
ENSMUSG00000086121.1	0
ENSMUSG00000086122.1	0
ENSMUSG00000086123.3	0
ENSMUSG00000086124.2	0.079267
ENSMUSG00000086125.1	0
ENSMUSG00000086126.1	0.255719
ENSMUSG00000086127.1	0.041227
ENSMUSG00000086128.8	0
ENSMUSG00000086129.1	2.077074
ENSMUSG00000086130.1	0
ENSMUSG00000086132.1	0.058692
ENSMUSG00000086133.1	0
ENSMUSG00000086134.1	0.109125
ENSMUSG00000086135.1	0
ENSMUSG00000086136.1	0
ENSMUSG00000086137.1	0.308892
ENSMUSG00000086139.1	0
ENSMUSG00000086140.1	0
ENSMUSG00000086141.7	0
ENSMUSG00000086142.3	0
ENSMUSG00000086144.2	0.267943
ENSMUSG00000086145.1	0
ENSMUSG00000086146.1	0
ENSMUSG00000086147.2	0
ENSMUSG00000086148.1	0
ENSMUSG00000086150.1	0
ENSMUSG00000086152.1	0.365011
ENSMUSG00000086153.1	0
ENSMUSG00000086154.2	0.267195
ENSMUSG00000086155.7	0.657785
ENSMUSG00000086156.1	0
ENSMUSG00000086157.1	0
ENSMUSG00000086158.2	7.27896
ENSMUSG00000086159.1	0.795456
ENSMUSG00000086160.1	0
ENSMUSG00000086161.1	0
ENSMUSG00000086162.1	0
ENSMUSG00000086163.1	0
ENSMUSG00000086164.1	0
ENSMUSG00000086165.1	0.108721
ENSMUSG00000086166.1	0.07213
ENSMUSG00000086167.3	0
ENSMUSG00000086168.1	0
ENSMUSG00000086170.1	0.125616
ENSMUSG00000086171.7	1.615757
ENSMUSG00000086172.1	0.049584
ENSMUSG00000086173.7	0
ENSMUSG00000086174.1	0
ENSMUSG00000086175.2	0
ENSMUSG00000086176.4	0
ENSMUSG00000086177.1	0
ENSMUSG00000086179.1	0.130598
ENSMUSG00000086181.1	0.084292
ENSMUSG00000086184.1	0.127225
ENSMUSG00000086185.1	0
ENSMUSG00000086186.1	0
ENSMUSG00000086187.1	0.035909
ENSMUSG00000086188.1	0
ENSMUSG00000086189.1	0.050907
ENSMUSG00000086190.1	0
ENSMUSG00000086191.1	12.268764
ENSMUSG00000086192.1	0
ENSMUSG00000086193.1	0.527713
ENSMUSG00000086194.1	0
ENSMUSG00000086195.1	0
ENSMUSG00000086196.7	0.0698
ENSMUSG00000086197.1	0
ENSMUSG00000086199.7	0
ENSMUSG00000086201.1	0
ENSMUSG00000086202.1	0
ENSMUSG00000086203.1	0
ENSMUSG00000086204.1	0
ENSMUSG00000086205.1	0.121975
ENSMUSG00000086206.1	0
ENSMUSG00000086207.1	0
ENSMUSG00000086209.1	0
ENSMUSG00000086211.1	0.06812
ENSMUSG00000086212.7	2.344049
ENSMUSG00000086213.2	0.032183
ENSMUSG00000086214.1	0
ENSMUSG00000086216.1	0.072374
ENSMUSG00000086219.7	0
ENSMUSG00000086220.1	0
ENSMUSG00000086221.1	0
ENSMUSG00000086222.1	0
ENSMUSG00000086224.8	0.564853
ENSMUSG00000086225.1	0
ENSMUSG00000086226.1	0
ENSMUSG00000086227.1	0
ENSMUSG00000086228.3	0.209573
ENSMUSG00000086229.3	0
ENSMUSG00000086231.1	0
ENSMUSG00000086232.2	0.035499
ENSMUSG00000086233.1	0.052144
ENSMUSG00000086234.3	0
ENSMUSG00000086235.1	0.616479
ENSMUSG00000086236.9	0.252014
ENSMUSG00000086237.1	0
ENSMUSG00000086238.1	0
ENSMUSG00000086239.1	0
ENSMUSG00000086240.4	5.688845
ENSMUSG00000086241.2	0
ENSMUSG00000086243.1	0
ENSMUSG00000086244.1	0
ENSMUSG00000086245.1	0.039163
ENSMUSG00000086246.2	0
ENSMUSG00000086247.7	0.245296
ENSMUSG00000086248.2	0
ENSMUSG00000086249.1	0
ENSMUSG00000086250.1	0
ENSMUSG00000086251.1	0
ENSMUSG00000086253.1	0
ENSMUSG00000086254.1	0.172468
ENSMUSG00000086255.1	0.285207
ENSMUSG00000086256.1	0.111145
ENSMUSG00000086257.1	0
ENSMUSG00000086258.1	0
ENSMUSG00000086259.7	0.02696
ENSMUSG00000086260.1	0
ENSMUSG00000086261.1	0
ENSMUSG00000086262.7	0
ENSMUSG00000086263.1	0
ENSMUSG00000086264.9	0.089793
ENSMUSG00000086265.1	0
ENSMUSG00000086266.1	0.091343
ENSMUSG00000086267.1	0
ENSMUSG00000086268.1	0
ENSMUSG00000086269.2	0
ENSMUSG00000086272.1	1.829984
ENSMUSG00000086273.7	0
ENSMUSG00000086275.1	0
ENSMUSG00000086277.2	0
ENSMUSG00000086278.5	0
ENSMUSG00000086279.1	0
ENSMUSG00000086282.1	0
ENSMUSG00000086283.7	0.981117
ENSMUSG00000086284.1	1.044674
ENSMUSG00000086286.1	0
ENSMUSG00000086287.1	0.917693
ENSMUSG00000086288.1	0.219828
ENSMUSG00000086289.3	0.112512
ENSMUSG00000086290.9	35.947198
ENSMUSG00000086291.1	0.241498
ENSMUSG00000086293.1	0
ENSMUSG00000086296.2	0.641799
ENSMUSG00000086297.1	0
ENSMUSG00000086298.1	0.380276
ENSMUSG00000086302.1	0
ENSMUSG00000086306.1	0
ENSMUSG00000086308.1	0.220414
ENSMUSG00000086310.1	0
ENSMUSG00000086311.1	0
ENSMUSG00000086312.1	0
ENSMUSG00000086313.1	0
ENSMUSG00000086315.1	0
ENSMUSG00000086316.8	60.080732
ENSMUSG00000086319.1	0.03559
ENSMUSG00000086320.1	0
ENSMUSG00000086321.1	0.021817
ENSMUSG00000086322.7	0.06759
ENSMUSG00000086324.8	1.590808
ENSMUSG00000086326.1	0
ENSMUSG00000086327.2	0
ENSMUSG00000086328.1	0.617687
ENSMUSG00000086329.1	0
ENSMUSG00000086330.7	0
ENSMUSG00000086331.1	0
ENSMUSG00000086332.2	0
ENSMUSG00000086333.1	0
ENSMUSG00000086335.1	0
ENSMUSG00000086336.1	0
ENSMUSG00000086337.1	0
ENSMUSG00000086338.2	0
ENSMUSG00000086339.1	0
ENSMUSG00000086340.1	0.179956
ENSMUSG00000086341.2	0.62464
ENSMUSG00000086342.1	0
ENSMUSG00000086346.1	0
ENSMUSG00000086347.1	0
ENSMUSG00000086348.1	0
ENSMUSG00000086349.1	0
ENSMUSG00000086350.1	1.046345
ENSMUSG00000086352.1	0
ENSMUSG00000086353.1	0
ENSMUSG00000086354.2	0
ENSMUSG00000086355.1	0
ENSMUSG00000086356.1	0
ENSMUSG00000086358.2	0.114334
ENSMUSG00000086359.1	0
ENSMUSG00000086360.1	0
ENSMUSG00000086361.1	0.353388
ENSMUSG00000086363.7	3.94304
ENSMUSG00000086364.1	0
ENSMUSG00000086365.2	0.06808
ENSMUSG00000086366.1	0
ENSMUSG00000086367.1	0
ENSMUSG00000086368.2	1.111602
ENSMUSG00000086369.7	0
ENSMUSG00000086370.9	0.278968
ENSMUSG00000086371.1	0
ENSMUSG00000086372.1	0
ENSMUSG00000086373.8	0.049756
ENSMUSG00000086375.1	0
ENSMUSG00000086376.2	0
ENSMUSG00000086377.1	0
ENSMUSG00000086379.7	0
ENSMUSG00000086380.1	0
ENSMUSG00000086381.1	0
ENSMUSG00000086382.1	3.576246
ENSMUSG00000086384.1	0.471457
ENSMUSG00000086385.1	0
ENSMUSG00000086386.1	0.139384
ENSMUSG00000086387.1	0
ENSMUSG00000086389.1	0
ENSMUSG00000086390.7	0
ENSMUSG00000086391.1	0
ENSMUSG00000086392.9	0.314658
ENSMUSG00000086395.1	0.09981
ENSMUSG00000086396.1	0
ENSMUSG00000086399.1	0
ENSMUSG00000086401.1	0.86078
ENSMUSG00000086402.1	0
ENSMUSG00000086404.1	0.06581
ENSMUSG00000086405.1	0.052359
ENSMUSG00000086407.1	0.067754
ENSMUSG00000086408.1	0
ENSMUSG00000086409.3	0
ENSMUSG00000086410.7	0
ENSMUSG00000086411.1	0.120895
ENSMUSG00000086413.1	0
ENSMUSG00000086414.2	0.124146
ENSMUSG00000086415.1	0
ENSMUSG00000086416.1	0
ENSMUSG00000086417.1	0.182963
ENSMUSG00000086418.1	0
ENSMUSG00000086420.1	0
ENSMUSG00000086421.1	0
ENSMUSG00000086422.1	0
ENSMUSG00000086423.1	0
ENSMUSG00000086424.1	0
ENSMUSG00000086425.7	0.007955
ENSMUSG00000086426.1	0
ENSMUSG00000086427.8	0
ENSMUSG00000086428.1	0
ENSMUSG00000086429.9	11.901345
ENSMUSG00000086430.1	0
ENSMUSG00000086431.1	0
ENSMUSG00000086432.1	0
ENSMUSG00000086433.1	0
ENSMUSG00000086434.1	0
ENSMUSG00000086436.2	0.278362
ENSMUSG00000086437.2	0
ENSMUSG00000086438.2	0
ENSMUSG00000086439.1	0
ENSMUSG00000086441.1	0
ENSMUSG00000086442.1	0
ENSMUSG00000086443.1	0.076698
ENSMUSG00000086444.2	0
ENSMUSG00000086445.1	0
ENSMUSG00000086446.1	0
ENSMUSG00000086447.2	0
ENSMUSG00000086448.1	0.620226
ENSMUSG00000086449.1	0
ENSMUSG00000086450.1	0
ENSMUSG00000086451.8	0.059598
ENSMUSG00000086452.1	0
ENSMUSG00000086453.7	0
ENSMUSG00000086454.7	0.16867
ENSMUSG00000086455.1	0
ENSMUSG00000086458.1	0
ENSMUSG00000086459.2	0.065237
ENSMUSG00000086460.1	0
ENSMUSG00000086462.1	0
ENSMUSG00000086464.2	0
ENSMUSG00000086467.2	0
ENSMUSG00000086468.1	0.649448
ENSMUSG00000086470.1	0
ENSMUSG00000086472.1	0
ENSMUSG00000086473.1	0
ENSMUSG00000086474.2	0
ENSMUSG00000086475.1	0
ENSMUSG00000086477.3	0.813339
ENSMUSG00000086478.1	0
ENSMUSG00000086479.2	0
ENSMUSG00000086480.1	0
ENSMUSG00000086481.1	0
ENSMUSG00000086482.1	0.644951
ENSMUSG00000086483.1	0
ENSMUSG00000086484.1	0
ENSMUSG00000086485.2	0
ENSMUSG00000086486.1	0
ENSMUSG00000086487.1	0.077925
ENSMUSG00000086489.1	0
ENSMUSG00000086490.1	0
ENSMUSG00000086491.1	0
ENSMUSG00000086493.1	0
ENSMUSG00000086494.1	0.224904
ENSMUSG00000086495.7	0.310602
ENSMUSG00000086496.1	3.130472
ENSMUSG00000086497.1	0
ENSMUSG00000086498.1	0
ENSMUSG00000086499.1	0
ENSMUSG00000086500.1	0
ENSMUSG00000086501.1	0
ENSMUSG00000086502.1	0.367461
ENSMUSG00000086503.4	0
ENSMUSG00000086504.1	0
ENSMUSG00000086505.1	0
ENSMUSG00000086506.1	0
ENSMUSG00000086507.1	0
ENSMUSG00000086509.2	0.362992
ENSMUSG00000086512.1	0
ENSMUSG00000086513.3	0
ENSMUSG00000086514.1	0
ENSMUSG00000086515.1	0.194806
ENSMUSG00000086517.1	0
ENSMUSG00000086518.1	0
ENSMUSG00000086519.1	0
ENSMUSG00000086521.3	0
ENSMUSG00000086522.1	0
ENSMUSG00000086523.1	0
ENSMUSG00000086524.3	6.605815
ENSMUSG00000086525.1	0
ENSMUSG00000086526.2	0.182259
ENSMUSG00000086527.1	0.056876
ENSMUSG00000086528.1	0
ENSMUSG00000086529.1	0
ENSMUSG00000086530.1	0
ENSMUSG00000086531.2	0
ENSMUSG00000086533.2	0
ENSMUSG00000086534.2	0.106849
ENSMUSG00000086536.1	0.086415
ENSMUSG00000086537.7	0.309169
ENSMUSG00000086539.8	0.244054
ENSMUSG00000086540.2	0
ENSMUSG00000086541.8	0.033545
ENSMUSG00000086542.1	0
ENSMUSG00000086544.1	0
ENSMUSG00000086545.4	0
ENSMUSG00000086546.1	0
ENSMUSG00000086547.1	0
ENSMUSG00000086548.1	0
ENSMUSG00000086549.1	0
ENSMUSG00000086550.2	0
ENSMUSG00000086552.3	0.113036
ENSMUSG00000086554.1	0
ENSMUSG00000086555.2	4.56778
ENSMUSG00000086556.2	0.389669
ENSMUSG00000086557.1	0
ENSMUSG00000086558.1	0
ENSMUSG00000086559.1	0
ENSMUSG00000086560.1	0
ENSMUSG00000086561.1	0
ENSMUSG00000086562.1	0
ENSMUSG00000086563.1	0
ENSMUSG00000086564.9	0.055188
ENSMUSG00000086565.1	0
ENSMUSG00000086567.1	0
ENSMUSG00000086569.1	0
ENSMUSG00000086573.1	0
ENSMUSG00000086575.1	0
ENSMUSG00000086576.1	0
ENSMUSG00000086577.1	0
ENSMUSG00000086578.2	0
ENSMUSG00000086580.1	0
ENSMUSG00000086582.1	0
ENSMUSG00000086583.3	21.519817
ENSMUSG00000086584.8	0.086146
ENSMUSG00000086585.1	0
ENSMUSG00000086586.1	0
ENSMUSG00000086587.7	3.544209
ENSMUSG00000086588.1	0.104483
ENSMUSG00000086589.1	0.211902
ENSMUSG00000086591.1	0.041066
ENSMUSG00000086592.1	0
ENSMUSG00000086593.2	0.053407
ENSMUSG00000086594.2	0
ENSMUSG00000086595.1	0
ENSMUSG00000086596.2	1.778888
ENSMUSG00000086598.9	0
ENSMUSG00000086600.8	0.48056
ENSMUSG00000086601.1	0
ENSMUSG00000086602.1	0.151006
ENSMUSG00000086603.1	0
ENSMUSG00000086604.2	0.315801
ENSMUSG00000086606.1	21.868301
ENSMUSG00000086607.7	0.011324
ENSMUSG00000086608.1	0
ENSMUSG00000086610.1	0.372884
ENSMUSG00000086612.1	0
ENSMUSG00000086613.1	0
ENSMUSG00000086614.2	0
ENSMUSG00000086617.1	0
ENSMUSG00000086618.1	0
ENSMUSG00000086620.1	0
ENSMUSG00000086621.1	0
ENSMUSG00000086624.1	0
ENSMUSG00000086625.1	0
ENSMUSG00000086628.7	0
ENSMUSG00000086629.8	1.258834
ENSMUSG00000086630.1	0
ENSMUSG00000086631.2	0.015731
ENSMUSG00000086632.1	0
ENSMUSG00000086633.1	0
ENSMUSG00000086636.1	0
ENSMUSG00000086637.1	0
ENSMUSG00000086638.7	0.863389
ENSMUSG00000086641.1	0
ENSMUSG00000086643.1	0
ENSMUSG00000086644.1	0.113375
ENSMUSG00000086645.2	1.072496
ENSMUSG00000086646.7	0
ENSMUSG00000086648.1	0
ENSMUSG00000086649.1	0.049476
ENSMUSG00000086650.1	0
ENSMUSG00000086652.1	0.191376
ENSMUSG00000086653.1	0
ENSMUSG00000086654.1	0
ENSMUSG00000086655.1	0.630412
ENSMUSG00000086656.1	0
ENSMUSG00000086657.2	0.179524
ENSMUSG00000086658.1	0
ENSMUSG00000086659.1	0
ENSMUSG00000086660.1	0
ENSMUSG00000086662.7	0.024181
ENSMUSG00000086665.1	0.121346
ENSMUSG00000086666.1	0
ENSMUSG00000086668.1	0
ENSMUSG00000086669.1	0
ENSMUSG00000086670.1	0.768095
ENSMUSG00000086671.1	0
ENSMUSG00000086674.1	0
ENSMUSG00000086675.1	0
ENSMUSG00000086676.2	0
ENSMUSG00000086677.1	0.705286
ENSMUSG00000086679.2	0
ENSMUSG00000086680.2	0.304276
ENSMUSG00000086681.1	0
ENSMUSG00000086682.1	0.04845
ENSMUSG00000086683.1	0
ENSMUSG00000086684.1	0
ENSMUSG00000086685.1	0
ENSMUSG00000086686.1	0
ENSMUSG00000086687.1	0
ENSMUSG00000086688.4	0
ENSMUSG00000086689.1	0
ENSMUSG00000086690.1	0
ENSMUSG00000086691.2	0
ENSMUSG00000086693.1	2.066229
ENSMUSG00000086694.1	0
ENSMUSG00000086695.1	0.365542
ENSMUSG00000086696.1	0
ENSMUSG00000086697.2	0
ENSMUSG00000086698.1	0
ENSMUSG00000086699.3	0
ENSMUSG00000086700.2	0
ENSMUSG00000086701.1	0
ENSMUSG00000086702.1	0
ENSMUSG00000086703.1	0
ENSMUSG00000086704.1	0
ENSMUSG00000086706.7	0
ENSMUSG00000086707.1	0
ENSMUSG00000086708.1	0
ENSMUSG00000086709.1	0
ENSMUSG00000086710.1	0
ENSMUSG00000086711.1	0.012876
ENSMUSG00000086712.2	0.254646
ENSMUSG00000086713.1	0.053744
ENSMUSG00000086714.1	1.325202
ENSMUSG00000086715.1	0
ENSMUSG00000086716.1	2.115162
ENSMUSG00000086717.1	0.105543
ENSMUSG00000086718.1	0
ENSMUSG00000086719.1	0
ENSMUSG00000086720.1	0
ENSMUSG00000086721.2	0
ENSMUSG00000086722.1	0
ENSMUSG00000086724.1	0
ENSMUSG00000086725.1	0.802026
ENSMUSG00000086726.3	0
ENSMUSG00000086727.8	0.039337
ENSMUSG00000086728.2	0.754157
ENSMUSG00000086729.1	0
ENSMUSG00000086730.2	0
ENSMUSG00000086731.1	0
ENSMUSG00000086732.1	0.121162
ENSMUSG00000086733.1	0
ENSMUSG00000086735.1	0
ENSMUSG00000086736.1	0.033747
ENSMUSG00000086738.1	0
ENSMUSG00000086739.1	0.016082
ENSMUSG00000086740.1	0.260517
ENSMUSG00000086741.1	0.315183
ENSMUSG00000086742.8	0.260833
ENSMUSG00000086743.2	0
ENSMUSG00000086745.1	0.27101
ENSMUSG00000086746.2	0
ENSMUSG00000086748.1	0
ENSMUSG00000086749.1	0
ENSMUSG00000086750.1	0
ENSMUSG00000086752.1	0
ENSMUSG00000086753.1	0.016626
ENSMUSG00000086754.1	0.045243
ENSMUSG00000086755.1	0
ENSMUSG00000086756.1	0.682113
ENSMUSG00000086757.1	0
ENSMUSG00000086758.1	0
ENSMUSG00000086760.1	0
ENSMUSG00000086761.1	0
ENSMUSG00000086762.1	0.038114
ENSMUSG00000086763.1	0.202331
ENSMUSG00000086764.1	0
ENSMUSG00000086765.7	0.029958
ENSMUSG00000086766.1	0
ENSMUSG00000086767.1	0
ENSMUSG00000086769.7	0.157902
ENSMUSG00000086770.1	0.618464
ENSMUSG00000086773.1	0
ENSMUSG00000086774.1	0.596759
ENSMUSG00000086775.7	0.254722
ENSMUSG00000086777.3	0
ENSMUSG00000086779.1	0.18068
ENSMUSG00000086781.1	0
ENSMUSG00000086782.2	0.54616
ENSMUSG00000086783.1	0
ENSMUSG00000086784.2	18.46025
ENSMUSG00000086785.1	0
ENSMUSG00000086786.1	0
ENSMUSG00000086788.2	0
ENSMUSG00000086789.1	0
ENSMUSG00000086790.1	0
ENSMUSG00000086791.1	0
ENSMUSG00000086792.1	0
ENSMUSG00000086794.1	2.638565
ENSMUSG00000086795.1	0
ENSMUSG00000086796.2	0
ENSMUSG00000086798.1	0
ENSMUSG00000086799.1	0
ENSMUSG00000086800.1	0
ENSMUSG00000086801.1	0.015377
ENSMUSG00000086804.8	0.501608
ENSMUSG00000086805.9	0.09515
ENSMUSG00000086806.1	0.087111
ENSMUSG00000086807.8	0
ENSMUSG00000086808.1	0
ENSMUSG00000086810.1	0.112518
ENSMUSG00000086812.2	0
ENSMUSG00000086813.1	0
ENSMUSG00000086814.1	0.142636
ENSMUSG00000086815.4	1.566345
ENSMUSG00000086816.1	0
ENSMUSG00000086817.1	0
ENSMUSG00000086818.1	0
ENSMUSG00000086819.1	0
ENSMUSG00000086820.1	0.107508
ENSMUSG00000086821.3	0
ENSMUSG00000086822.2	0.227189
ENSMUSG00000086823.7	0
ENSMUSG00000086824.1	0
ENSMUSG00000086825.1	0
ENSMUSG00000086826.1	0
ENSMUSG00000086827.1	0.0747
ENSMUSG00000086828.1	0
ENSMUSG00000086830.1	0
ENSMUSG00000086831.1	0
ENSMUSG00000086833.2	0
ENSMUSG00000086834.1	0
ENSMUSG00000086835.2	0
ENSMUSG00000086836.1	0
ENSMUSG00000086837.1	0
ENSMUSG00000086838.1	0
ENSMUSG00000086839.7	0.191405
ENSMUSG00000086840.1	0
ENSMUSG00000086841.1	96.002296
ENSMUSG00000086842.2	0
ENSMUSG00000086843.3	0.467484
ENSMUSG00000086844.1	0.370537
ENSMUSG00000086845.1	0
ENSMUSG00000086846.2	0
ENSMUSG00000086847.1	0.095934
ENSMUSG00000086848.3	0
ENSMUSG00000086849.1	0
ENSMUSG00000086850.1	0
ENSMUSG00000086851.1	1.008679
ENSMUSG00000086854.1	0
ENSMUSG00000086855.1	0
ENSMUSG00000086856.1	0
ENSMUSG00000086858.2	0
ENSMUSG00000086859.4	8.999633
ENSMUSG00000086860.1	0
ENSMUSG00000086861.1	0
ENSMUSG00000086862.1	0
ENSMUSG00000086863.1	0
ENSMUSG00000086866.2	0
ENSMUSG00000086867.1	0
ENSMUSG00000086868.1	0
ENSMUSG00000086870.1	0
ENSMUSG00000086872.1	0
ENSMUSG00000086873.1	0.261801
ENSMUSG00000086874.1	0
ENSMUSG00000086875.2	0
ENSMUSG00000086876.1	0
ENSMUSG00000086877.7	3.067202
ENSMUSG00000086881.1	0.466068
ENSMUSG00000086882.4	0
ENSMUSG00000086884.1	0
ENSMUSG00000086887.1	0
ENSMUSG00000086889.1	0.608614
ENSMUSG00000086890.1	0
ENSMUSG00000086891.2	0
ENSMUSG00000086892.1	0
ENSMUSG00000086893.1	0
ENSMUSG00000086894.2	0.039235
ENSMUSG00000086896.1	0.230135
ENSMUSG00000086898.1	0
ENSMUSG00000086900.1	0
ENSMUSG00000086902.7	0
ENSMUSG00000086903.4	0
ENSMUSG00000086904.1	0.078562
ENSMUSG00000086905.1	0
ENSMUSG00000086906.1	0
ENSMUSG00000086907.1	0
ENSMUSG00000086908.1	0
ENSMUSG00000086909.1	0.019549
ENSMUSG00000086910.1	0
ENSMUSG00000086911.1	0
ENSMUSG00000086912.3	0
ENSMUSG00000086913.1	0.243695
ENSMUSG00000086914.1	1.071114
ENSMUSG00000086915.7	0.496014
ENSMUSG00000086916.2	0.016772
ENSMUSG00000086917.1	0
ENSMUSG00000086918.1	0
ENSMUSG00000086919.1	0
ENSMUSG00000086920.1	0
ENSMUSG00000086921.1	0
ENSMUSG00000086922.2	6.562985
ENSMUSG00000086923.1	0
ENSMUSG00000086924.1	0
ENSMUSG00000086925.1	0
ENSMUSG00000086926.2	0
ENSMUSG00000086927.1	0
ENSMUSG00000086928.1	0
ENSMUSG00000086929.1	0
ENSMUSG00000086930.1	0.255451
ENSMUSG00000086931.1	0
ENSMUSG00000086932.1	0
ENSMUSG00000086933.1	0
ENSMUSG00000086935.1	0
ENSMUSG00000086936.1	0
ENSMUSG00000086937.1	0
ENSMUSG00000086938.9	1.72804
ENSMUSG00000086939.1	3.734115
ENSMUSG00000086940.1	0.063902
ENSMUSG00000086941.1	0
ENSMUSG00000086942.1	0
ENSMUSG00000086943.2	1.202495
ENSMUSG00000086944.1	0
ENSMUSG00000086945.1	0
ENSMUSG00000086946.7	0.047225
ENSMUSG00000086947.1	0
ENSMUSG00000086948.1	0
ENSMUSG00000086949.1	0.237689
ENSMUSG00000086951.1	0.023699
ENSMUSG00000086952.1	0
ENSMUSG00000086953.1	0
ENSMUSG00000086954.1	0
ENSMUSG00000086955.1	0.204024
ENSMUSG00000086957.1	0
ENSMUSG00000086959.1	0
ENSMUSG00000086960.1	0
ENSMUSG00000086961.1	0
ENSMUSG00000086962.4	0
ENSMUSG00000086963.1	0
ENSMUSG00000086964.1	0
ENSMUSG00000086965.1	1.612956
ENSMUSG00000086968.8	28.539327
ENSMUSG00000086969.1	0
ENSMUSG00000086970.1	0.131883
ENSMUSG00000086971.1	0
ENSMUSG00000086974.1	0
ENSMUSG00000086975.1	0
ENSMUSG00000086976.1	0
ENSMUSG00000086978.1	0
ENSMUSG00000086980.1	0.714288
ENSMUSG00000086981.2	0
ENSMUSG00000086984.4	0
ENSMUSG00000086986.3	0
ENSMUSG00000086987.1	0
ENSMUSG00000086989.3	0
ENSMUSG00000086991.1	0
ENSMUSG00000086992.7	0.121185
ENSMUSG00000086993.1	0
ENSMUSG00000086994.1	0
ENSMUSG00000086995.1	0.101399
ENSMUSG00000086996.1	0.445642
ENSMUSG00000086997.1	0
ENSMUSG00000086998.1	0
ENSMUSG00000086999.1	0.112383
ENSMUSG00000087001.2	0
ENSMUSG00000087002.1	0.173178
ENSMUSG00000087003.1	0
ENSMUSG00000087004.1	0
ENSMUSG00000087006.3	29.421621
ENSMUSG00000087007.1	0
ENSMUSG00000087008.4	0
ENSMUSG00000087009.1	0.048215
ENSMUSG00000087010.1	0
ENSMUSG00000087011.1	0.224441
ENSMUSG00000087013.7	0
ENSMUSG00000087014.1	0.098636
ENSMUSG00000087015.1	0
ENSMUSG00000087016.1	0
ENSMUSG00000087017.7	0
ENSMUSG00000087018.1	0
ENSMUSG00000087020.1	0.242939
ENSMUSG00000087021.3	0
ENSMUSG00000087022.4	5.297529
ENSMUSG00000087024.1	0.069848
ENSMUSG00000087026.7	2.208477
ENSMUSG00000087027.2	0
ENSMUSG00000087028.7	0.056736
ENSMUSG00000087029.1	0.102141
ENSMUSG00000087030.1	0
ENSMUSG00000087031.1	0
ENSMUSG00000087032.1	0
ENSMUSG00000087033.1	0
ENSMUSG00000087034.4	0
ENSMUSG00000087035.1	0.462551
ENSMUSG00000087036.1	0.042413
ENSMUSG00000087037.1	0
ENSMUSG00000087038.9	12.09325
ENSMUSG00000087039.1	0
ENSMUSG00000087040.1	0.013417
ENSMUSG00000087041.1	0.18022
ENSMUSG00000087042.1	1.183781
ENSMUSG00000087043.1	0
ENSMUSG00000087044.1	0
ENSMUSG00000087045.1	0
ENSMUSG00000087047.8	0
ENSMUSG00000087049.1	0
ENSMUSG00000087050.1	0.186607
ENSMUSG00000087051.1	0
ENSMUSG00000087052.1	0.215695
ENSMUSG00000087053.1	0
ENSMUSG00000087054.1	0
ENSMUSG00000087055.1	0
ENSMUSG00000087056.1	1.219544
ENSMUSG00000087057.7	0.340322
ENSMUSG00000087058.1	0
ENSMUSG00000087059.7	0
ENSMUSG00000087060.7	0
ENSMUSG00000087061.1	0
ENSMUSG00000087063.1	0.320319
ENSMUSG00000087064.1	0.15457
ENSMUSG00000087066.1	0
ENSMUSG00000087067.1	0.010998
ENSMUSG00000087069.1	0
ENSMUSG00000087070.1	0
ENSMUSG00000087071.1	0
ENSMUSG00000087072.1	0
ENSMUSG00000087074.1	0
ENSMUSG00000087075.2	10.620044
ENSMUSG00000087076.2	0
ENSMUSG00000087077.1	0
ENSMUSG00000087079.1	0
ENSMUSG00000087080.1	0
ENSMUSG00000087082.1	0.089427
ENSMUSG00000087083.2	0.045329
ENSMUSG00000087084.1	0.163402
ENSMUSG00000087085.1	0
ENSMUSG00000087086.7	0
ENSMUSG00000087088.2	0.696176
ENSMUSG00000087089.1	0
ENSMUSG00000087090.7	0
ENSMUSG00000087093.2	0
ENSMUSG00000087094.1	0.072832
ENSMUSG00000087095.2	0.086725
ENSMUSG00000087097.1	0
ENSMUSG00000087098.1	0
ENSMUSG00000087099.1	0
ENSMUSG00000087100.1	0
ENSMUSG00000087102.1	0.92165
ENSMUSG00000087103.1	0
ENSMUSG00000087104.7	0
ENSMUSG00000087106.1	0
ENSMUSG00000087107.8	0.067178
ENSMUSG00000087108.1	0
ENSMUSG00000087109.1	0.059477
ENSMUSG00000087110.1	0
ENSMUSG00000087111.1	0
ENSMUSG00000087112.1	0
ENSMUSG00000087113.1	0
ENSMUSG00000087114.1	0.908347
ENSMUSG00000087115.7	0
ENSMUSG00000087116.1	0
ENSMUSG00000087117.8	0.621558
ENSMUSG00000087119.4	0.01512
ENSMUSG00000087120.1	0.852862
ENSMUSG00000087121.1	0
ENSMUSG00000087122.1	0
ENSMUSG00000087123.1	0
ENSMUSG00000087124.1	0
ENSMUSG00000087125.1	0
ENSMUSG00000087127.1	0
ENSMUSG00000087128.7	1.010997
ENSMUSG00000087129.1	0.008712
ENSMUSG00000087131.7	0
ENSMUSG00000087132.8	0.090002
ENSMUSG00000087133.2	0
ENSMUSG00000087135.7	0
ENSMUSG00000087136.1	0
ENSMUSG00000087137.1	0
ENSMUSG00000087138.1	1.092678
ENSMUSG00000087139.1	0
ENSMUSG00000087140.2	0
ENSMUSG00000087141.1	7.774166
ENSMUSG00000087142.7	0.174839
ENSMUSG00000087143.9	8.746285
ENSMUSG00000087144.1	0
ENSMUSG00000087145.7	0
ENSMUSG00000087147.1	0
ENSMUSG00000087148.1	0.048366
ENSMUSG00000087149.8	0
ENSMUSG00000087150.7	2.468873
ENSMUSG00000087151.1	0.054475
ENSMUSG00000087152.3	0
ENSMUSG00000087153.8	0.624868
ENSMUSG00000087155.1	0
ENSMUSG00000087157.1	0
ENSMUSG00000087158.1	0
ENSMUSG00000087159.7	0
ENSMUSG00000087160.1	0
ENSMUSG00000087162.1	0
ENSMUSG00000087163.1	0.081212
ENSMUSG00000087164.1	0.037394
ENSMUSG00000087165.7	15.248829
ENSMUSG00000087166.9	0.035463
ENSMUSG00000087167.1	0
ENSMUSG00000087168.1	0.018127
ENSMUSG00000087170.7	0
ENSMUSG00000087171.1	0
ENSMUSG00000087172.1	0.036041
ENSMUSG00000087173.1	0
ENSMUSG00000087174.7	3.90966
ENSMUSG00000087175.7	0
ENSMUSG00000087176.1	0
ENSMUSG00000087177.7	16.4046
ENSMUSG00000087178.7	0.042023
ENSMUSG00000087179.8	0.101807
ENSMUSG00000087180.1	0
ENSMUSG00000087181.3	0
ENSMUSG00000087184.1	0.260435
ENSMUSG00000087185.1	0
ENSMUSG00000087187.1	0
ENSMUSG00000087190.2	0
ENSMUSG00000087192.7	0
ENSMUSG00000087193.7	0
ENSMUSG00000087194.9	0
ENSMUSG00000087195.1	0
ENSMUSG00000087196.1	0.17571
ENSMUSG00000087197.1	0
ENSMUSG00000087198.4	0
ENSMUSG00000087199.1	0
ENSMUSG00000087200.1	1.037575
ENSMUSG00000087201.1	0
ENSMUSG00000087202.1	0
ENSMUSG00000087203.7	0.011747
ENSMUSG00000087204.1	0
ENSMUSG00000087205.1	0
ENSMUSG00000087206.1	0
ENSMUSG00000087207.8	0
ENSMUSG00000087208.1	0
ENSMUSG00000087210.1	0
ENSMUSG00000087211.7	2.074874
ENSMUSG00000087213.2	0.734118
ENSMUSG00000087214.2	0
ENSMUSG00000087215.1	0
ENSMUSG00000087216.1	0
ENSMUSG00000087217.1	0
ENSMUSG00000087219.1	0
ENSMUSG00000087220.1	0
ENSMUSG00000087221.3	0.24168
ENSMUSG00000087222.1	0
ENSMUSG00000087223.2	0
ENSMUSG00000087224.1	0
ENSMUSG00000087225.1	0
ENSMUSG00000087226.1	0.051994
ENSMUSG00000087228.1	0.173894
ENSMUSG00000087230.10	0.020331
ENSMUSG00000087231.7	1.208725
ENSMUSG00000087232.1	0
ENSMUSG00000087233.1	0
ENSMUSG00000087235.1	0.083092
ENSMUSG00000087236.3	0.147973
ENSMUSG00000087238.1	0
ENSMUSG00000087239.1	0
ENSMUSG00000087240.1	0
ENSMUSG00000087241.1	0
ENSMUSG00000087242.2	0.121061
ENSMUSG00000087244.1	0
ENSMUSG00000087245.1	0
ENSMUSG00000087246.1	0
ENSMUSG00000087247.3	0.035276
ENSMUSG00000087248.7	0
ENSMUSG00000087249.1	2.40443
ENSMUSG00000087250.2	0
ENSMUSG00000087252.1	0.230575
ENSMUSG00000087253.1	0.02146
ENSMUSG00000087254.1	0
ENSMUSG00000087255.2	0
ENSMUSG00000087256.1	0
ENSMUSG00000087258.1	0
ENSMUSG00000087259.7	10.644906
ENSMUSG00000087260.5	118.186888
ENSMUSG00000087261.2	0.171902
ENSMUSG00000087263.1	0
ENSMUSG00000087264.1	0.275357
ENSMUSG00000087265.1	0
ENSMUSG00000087266.2	0.036613
ENSMUSG00000087267.1	0
ENSMUSG00000087268.1	0.179836
ENSMUSG00000087269.1	9.299735
ENSMUSG00000087270.2	0
ENSMUSG00000087272.1	0.081445
ENSMUSG00000087273.1	0
ENSMUSG00000087276.1	0
ENSMUSG00000087277.1	0.147386
ENSMUSG00000087278.1	0.027306
ENSMUSG00000087279.10	0
ENSMUSG00000087281.1	0
ENSMUSG00000087283.1	0
ENSMUSG00000087286.1	0
ENSMUSG00000087288.1	0
ENSMUSG00000087289.2	0.182086
ENSMUSG00000087290.2	0
ENSMUSG00000087291.1	0
ENSMUSG00000087292.1	1.45481
ENSMUSG00000087293.1	0
ENSMUSG00000087294.2	0
ENSMUSG00000087295.1	0
ENSMUSG00000087296.1	0
ENSMUSG00000087298.3	0
ENSMUSG00000087299.1	0.048787
ENSMUSG00000087300.1	0
ENSMUSG00000087301.7	3.109968
ENSMUSG00000087302.1	0
ENSMUSG00000087303.3	0.224436
ENSMUSG00000087305.8	1.482711
ENSMUSG00000087306.7	0.006529
ENSMUSG00000087307.1	0.275632
ENSMUSG00000087308.1	0
ENSMUSG00000087309.1	0
ENSMUSG00000087312.1	0
ENSMUSG00000087314.1	0
ENSMUSG00000087316.1	0
ENSMUSG00000087317.1	0
ENSMUSG00000087318.1	0
ENSMUSG00000087319.1	0
ENSMUSG00000087321.1	0
ENSMUSG00000087322.1	0.294068
ENSMUSG00000087323.1	0
ENSMUSG00000087325.3	0
ENSMUSG00000087326.1	0
ENSMUSG00000087327.1	0
ENSMUSG00000087328.1	0
ENSMUSG00000087329.3	0
ENSMUSG00000087330.1	0
ENSMUSG00000087331.8	3.73385
ENSMUSG00000087332.1	0
ENSMUSG00000087333.1	0
ENSMUSG00000087334.1	1.986049
ENSMUSG00000087335.2	0
ENSMUSG00000087336.2	6.324441
ENSMUSG00000087337.1	0
ENSMUSG00000087338.2	0
ENSMUSG00000087339.1	0
ENSMUSG00000087340.1	0
ENSMUSG00000087341.4	0.292094
ENSMUSG00000087342.1	0
ENSMUSG00000087343.1	0
ENSMUSG00000087344.1	1.067135
ENSMUSG00000087345.1	0
ENSMUSG00000087347.1	0.039503
ENSMUSG00000087348.1	0
ENSMUSG00000087350.1	0
ENSMUSG00000087351.1	0
ENSMUSG00000087352.1	1.086612
ENSMUSG00000087353.1	0
ENSMUSG00000087354.1	0
ENSMUSG00000087355.7	0.158412
ENSMUSG00000087356.1	0
ENSMUSG00000087357.1	0
ENSMUSG00000087358.8	0
ENSMUSG00000087360.2	0.228139
ENSMUSG00000087361.7	0.139585
ENSMUSG00000087362.7	0
ENSMUSG00000087363.1	0
ENSMUSG00000087364.1	0.010533
ENSMUSG00000087365.7	0.210485
ENSMUSG00000087366.7	0.638036
ENSMUSG00000087367.1	0
ENSMUSG00000087368.7	0.641788
ENSMUSG00000087369.1	0
ENSMUSG00000087370.3	3.851477
ENSMUSG00000087371.1	0.033142
ENSMUSG00000087373.7	0
ENSMUSG00000087374.1	0
ENSMUSG00000087376.3	0.296929
ENSMUSG00000087377.1	0.150582
ENSMUSG00000087378.1	0
ENSMUSG00000087379.1	0
ENSMUSG00000087380.7	11.824863
ENSMUSG00000087381.8	1.654585
ENSMUSG00000087382.7	0
ENSMUSG00000087383.7	0
ENSMUSG00000087384.1	0
ENSMUSG00000087385.8	2.547002
ENSMUSG00000087386.1	0.131279
ENSMUSG00000087387.2	0.12989
ENSMUSG00000087388.1	0
ENSMUSG00000087389.1	0
ENSMUSG00000087390.1	0.057061
ENSMUSG00000087393.1	0
ENSMUSG00000087394.1	0
ENSMUSG00000087395.1	0
ENSMUSG00000087396.7	0.114104
ENSMUSG00000087397.1	0.527747
ENSMUSG00000087398.1	0
ENSMUSG00000087399.1	0.147904
ENSMUSG00000087400.8	0.610425
ENSMUSG00000087401.1	0
ENSMUSG00000087402.1	0
ENSMUSG00000087403.9	8.252092
ENSMUSG00000087404.1	0.251572
ENSMUSG00000087405.1	0.103269
ENSMUSG00000087406.1	0.257297
ENSMUSG00000087407.1	0
ENSMUSG00000087408.10	33.350047
ENSMUSG00000087409.1	0
ENSMUSG00000087410.7	0.098998
ENSMUSG00000087411.1	0.172822
ENSMUSG00000087412.4	2.802849
ENSMUSG00000087413.1	0.793765
ENSMUSG00000087415.4	0
ENSMUSG00000087416.1	0
ENSMUSG00000087417.1	0
ENSMUSG00000087422.1	0
ENSMUSG00000087424.1	0.181798
ENSMUSG00000087425.1	0
ENSMUSG00000087428.1	0
ENSMUSG00000087429.1	0
ENSMUSG00000087430.1	0.105466
ENSMUSG00000087431.1	0.051184
ENSMUSG00000087432.1	0
ENSMUSG00000087433.1	0.108315
ENSMUSG00000087434.1	0
ENSMUSG00000087435.1	2.361382
ENSMUSG00000087436.1	0
ENSMUSG00000087437.7	0.881048
ENSMUSG00000087439.1	0
ENSMUSG00000087440.2	0.34824
ENSMUSG00000087441.1	0
ENSMUSG00000087442.1	0
ENSMUSG00000087443.1	0.184546
ENSMUSG00000087444.1	0
ENSMUSG00000087445.1	0.58201
ENSMUSG00000087449.1	0
ENSMUSG00000087450.1	0
ENSMUSG00000087451.1	0
ENSMUSG00000087452.1	0
ENSMUSG00000087454.1	0
ENSMUSG00000087455.7	0.019214
ENSMUSG00000087456.1	0
ENSMUSG00000087457.1	0
ENSMUSG00000087458.1	0
ENSMUSG00000087459.8	0
ENSMUSG00000087460.2	0
ENSMUSG00000087461.2	0.435723
ENSMUSG00000087462.1	0
ENSMUSG00000087464.1	0
ENSMUSG00000087465.1	0
ENSMUSG00000087466.3	3.858818
ENSMUSG00000087467.1	0.121346
ENSMUSG00000087468.1	0
ENSMUSG00000087469.1	0.010481
ENSMUSG00000087470.2	0
ENSMUSG00000087473.7	0.028612
ENSMUSG00000087474.1	0.015954
ENSMUSG00000087475.3	0.231153
ENSMUSG00000087476.1	0
ENSMUSG00000087477.1	0
ENSMUSG00000087478.1	3.068821
ENSMUSG00000087479.1	0.936722
ENSMUSG00000087480.1	0.070192
ENSMUSG00000087482.1	0
ENSMUSG00000087484.1	0.451746
ENSMUSG00000087485.1	0.197264
ENSMUSG00000087486.1	0
ENSMUSG00000087487.1	0
ENSMUSG00000087489.1	0
ENSMUSG00000087491.7	0
ENSMUSG00000087492.2	0
ENSMUSG00000087495.7	0
ENSMUSG00000087496.1	0.448466
ENSMUSG00000087497.7	15.551387
ENSMUSG00000087500.1	0
ENSMUSG00000087501.1	0.010805
ENSMUSG00000087502.1	0
ENSMUSG00000087504.1	0
ENSMUSG00000087505.1	0.3753
ENSMUSG00000087507.1	0.091371
ENSMUSG00000087508.1	0
ENSMUSG00000087510.1	0
ENSMUSG00000087512.2	0
ENSMUSG00000087513.1	0
ENSMUSG00000087514.1	0
ENSMUSG00000087515.1	0.09291
ENSMUSG00000087516.7	0.300932
ENSMUSG00000087517.1	0
ENSMUSG00000087518.1	0.016989
ENSMUSG00000087519.8	0.146502
ENSMUSG00000087520.2	0
ENSMUSG00000087521.2	0
ENSMUSG00000087522.3	0
ENSMUSG00000087523.1	3.598093
ENSMUSG00000087524.1	0.807455
ENSMUSG00000087525.1	0
ENSMUSG00000087526.2	0
ENSMUSG00000087527.1	0
ENSMUSG00000087528.1	0.068015
ENSMUSG00000087530.2	0
ENSMUSG00000087531.7	0
ENSMUSG00000087532.1	0.183361
ENSMUSG00000087534.1	0
ENSMUSG00000087535.2	0.416
ENSMUSG00000087536.1	0.278324
ENSMUSG00000087537.1	0
ENSMUSG00000087538.1	0
ENSMUSG00000087539.1	0
ENSMUSG00000087540.1	0
ENSMUSG00000087541.1	0.018877
ENSMUSG00000087542.1	0
ENSMUSG00000087543.1	0.107205
ENSMUSG00000087544.1	0
ENSMUSG00000087545.1	0
ENSMUSG00000087547.1	0
ENSMUSG00000087549.1	0
ENSMUSG00000087550.1	0
ENSMUSG00000087552.2	0
ENSMUSG00000087553.1	0
ENSMUSG00000087555.1	0
ENSMUSG00000087556.1	0.056563
ENSMUSG00000087559.1	0
ENSMUSG00000087561.7	0
ENSMUSG00000087563.1	0.39862
ENSMUSG00000087564.1	0
ENSMUSG00000087565.1	0.301646
ENSMUSG00000087568.1	0
ENSMUSG00000087569.1	0
ENSMUSG00000087570.1	0
ENSMUSG00000087571.1	0
ENSMUSG00000087574.1	1.057726
ENSMUSG00000087575.7	0.352416
ENSMUSG00000087577.1	0
ENSMUSG00000087578.1	1.552042
ENSMUSG00000087579.7	0.254976
ENSMUSG00000087581.1	0
ENSMUSG00000087582.6	0
ENSMUSG00000087584.1	0
ENSMUSG00000087585.1	0
ENSMUSG00000087586.1	0
ENSMUSG00000087587.1	0
ENSMUSG00000087588.1	0
ENSMUSG00000087589.3	1.017307
ENSMUSG00000087590.2	20.383661
ENSMUSG00000087591.7	0
ENSMUSG00000087592.1	0
ENSMUSG00000087593.1	0
ENSMUSG00000087595.1	0
ENSMUSG00000087596.1	0
ENSMUSG00000087597.1	0.057607
ENSMUSG00000087598.9	1.363724
ENSMUSG00000087600.1	0
ENSMUSG00000087601.3	0.837328
ENSMUSG00000087602.1	0
ENSMUSG00000087603.1	0
ENSMUSG00000087604.7	0
ENSMUSG00000087605.1	0.11617
ENSMUSG00000087606.1	0
ENSMUSG00000087607.1	0
ENSMUSG00000087608.1	0
ENSMUSG00000087609.1	0
ENSMUSG00000087610.1	0
ENSMUSG00000087611.1	0.058409
ENSMUSG00000087612.1	0.527234
ENSMUSG00000087613.1	0
ENSMUSG00000087614.1	0
ENSMUSG00000087615.2	0
ENSMUSG00000087616.1	0
ENSMUSG00000087617.1	0
ENSMUSG00000087618.1	0
ENSMUSG00000087620.7	0.724513
ENSMUSG00000087621.7	0
ENSMUSG00000087622.1	0.072391
ENSMUSG00000087623.1	0.037755
ENSMUSG00000087624.1	0.044174
ENSMUSG00000087625.1	0.031794
ENSMUSG00000087626.1	0.372864
ENSMUSG00000087627.2	0
ENSMUSG00000087628.1	0
ENSMUSG00000087629.1	0
ENSMUSG00000087630.1	0
ENSMUSG00000087632.1	0
ENSMUSG00000087633.1	0.128054
ENSMUSG00000087635.3	0.261929
ENSMUSG00000087636.1	0
ENSMUSG00000087637.1	0
ENSMUSG00000087638.1	0
ENSMUSG00000087639.1	0.134691
ENSMUSG00000087640.1	0
ENSMUSG00000087641.1	0
ENSMUSG00000087642.3	0
ENSMUSG00000087643.1	0
ENSMUSG00000087644.1	4.79131
ENSMUSG00000087646.1	0
ENSMUSG00000087647.2	0
ENSMUSG00000087648.1	0.049492
ENSMUSG00000087649.2	0
ENSMUSG00000087651.3	19.005752
ENSMUSG00000087652.1	0
ENSMUSG00000087654.1	0
ENSMUSG00000087657.8	0
ENSMUSG00000087658.2	7.074257
ENSMUSG00000087659.7	0
ENSMUSG00000087660.1	0.07865
ENSMUSG00000087662.2	0
ENSMUSG00000087663.1	0
ENSMUSG00000087666.3	0
ENSMUSG00000087667.8	0
ENSMUSG00000087668.1	0
ENSMUSG00000087669.1	0
ENSMUSG00000087670.1	0
ENSMUSG00000087672.1	0
ENSMUSG00000087674.7	0.555239
ENSMUSG00000087675.1	0.330011
ENSMUSG00000087677.1	0
ENSMUSG00000087678.1	0
ENSMUSG00000087679.2	68.314979
ENSMUSG00000087681.1	0
ENSMUSG00000087682.1	0
ENSMUSG00000087683.1	0
ENSMUSG00000087684.1	0.012299
ENSMUSG00000087685.1	0
ENSMUSG00000087687.3	100.967447
ENSMUSG00000087688.1	0
ENSMUSG00000087689.1	0
ENSMUSG00000087690.1	0
ENSMUSG00000087691.1	0
ENSMUSG00000087692.1	0.575813
ENSMUSG00000087693.1	0
ENSMUSG00000087694.8	2.504459
ENSMUSG00000087695.1	0
ENSMUSG00000087698.1	0.599911
ENSMUSG00000087700.2	0
ENSMUSG00000087701.4	0
ENSMUSG00000087702.1	0
ENSMUSG00000087703.1	0
ENSMUSG00000087704.1	0
ENSMUSG00000087707.1	0
ENSMUSG00000087708.1	0
ENSMUSG00000087710.1	0
ENSMUSG00000087712.1	0
ENSMUSG00000087714.1	0
ENSMUSG00000087715.1	0
ENSMUSG00000087716.2	0
ENSMUSG00000087717.1	0
ENSMUSG00000087718.1	0
ENSMUSG00000087719.1	0
ENSMUSG00000087720.1	0
ENSMUSG00000087721.1	0
ENSMUSG00000087722.1	0
ENSMUSG00000087723.1	0
ENSMUSG00000087724.1	0
ENSMUSG00000087726.1	0
ENSMUSG00000087728.1	0
ENSMUSG00000087730.1	0
ENSMUSG00000087731.1	0
ENSMUSG00000087732.1	0
ENSMUSG00000087734.1	0
ENSMUSG00000087736.1	0
ENSMUSG00000087737.1	0
ENSMUSG00000087739.1	0
ENSMUSG00000087741.1	0
ENSMUSG00000087742.1	0
ENSMUSG00000087743.1	0
ENSMUSG00000087744.1	0
ENSMUSG00000087746.1	0
ENSMUSG00000087747.1	0
ENSMUSG00000087748.1	0
ENSMUSG00000087750.1	0
ENSMUSG00000087752.1	0
ENSMUSG00000087754.1	0
ENSMUSG00000087756.1	0
ENSMUSG00000087758.1	0
ENSMUSG00000087759.1	0
ENSMUSG00000087760.1	0
ENSMUSG00000087761.1	0
ENSMUSG00000087764.1	0
ENSMUSG00000087765.1	0
ENSMUSG00000087766.1	0
ENSMUSG00000087767.1	0
ENSMUSG00000087768.1	0
ENSMUSG00000087769.1	0
ENSMUSG00000087772.1	0
ENSMUSG00000087774.1	0
ENSMUSG00000087775.1	0
ENSMUSG00000087776.1	0
ENSMUSG00000087777.1	0
ENSMUSG00000087779.1	0
ENSMUSG00000087780.1	0
ENSMUSG00000087781.1	0
ENSMUSG00000087782.1	0
ENSMUSG00000087783.1	0
ENSMUSG00000087784.1	0
ENSMUSG00000087785.1	0
ENSMUSG00000087786.1	0
ENSMUSG00000087789.1	0
ENSMUSG00000087790.1	0
ENSMUSG00000087791.1	0
ENSMUSG00000087792.1	0
ENSMUSG00000087793.1	0
ENSMUSG00000087794.1	0
ENSMUSG00000087795.1	0
ENSMUSG00000087796.1	0
ENSMUSG00000087798.1	0
ENSMUSG00000087799.1	0
ENSMUSG00000087800.1	0
ENSMUSG00000087801.1	0
ENSMUSG00000087802.1	0
ENSMUSG00000087804.1	0
ENSMUSG00000087805.2	0
ENSMUSG00000087806.1	0
ENSMUSG00000087807.1	0
ENSMUSG00000087808.1	0
ENSMUSG00000087810.1	0
ENSMUSG00000087812.1	0
ENSMUSG00000087813.1	0
ENSMUSG00000087815.1	0
ENSMUSG00000087816.1	0
ENSMUSG00000087817.1	0
ENSMUSG00000087819.1	3.005267
ENSMUSG00000087820.1	0
ENSMUSG00000087823.1	0
ENSMUSG00000087825.1	0
ENSMUSG00000087829.1	0
ENSMUSG00000087830.1	0
ENSMUSG00000087831.1	0
ENSMUSG00000087832.1	0
ENSMUSG00000087833.1	0
ENSMUSG00000087834.1	0
ENSMUSG00000087835.1	0
ENSMUSG00000087836.1	0
ENSMUSG00000087838.1	0
ENSMUSG00000087839.1	0
ENSMUSG00000087841.1	0
ENSMUSG00000087842.1	0
ENSMUSG00000087843.1	0
ENSMUSG00000087844.1	0
ENSMUSG00000087845.2	0
ENSMUSG00000087846.1	0
ENSMUSG00000087847.1	0
ENSMUSG00000087848.1	0
ENSMUSG00000087850.1	0
ENSMUSG00000087852.1	0
ENSMUSG00000087853.1	0
ENSMUSG00000087854.1	0
ENSMUSG00000087855.1	0
ENSMUSG00000087857.1	0
ENSMUSG00000087858.1	0
ENSMUSG00000087859.1	0
ENSMUSG00000087860.1	0
ENSMUSG00000087861.1	0
ENSMUSG00000087862.1	0
ENSMUSG00000087863.1	0
ENSMUSG00000087867.1	0
ENSMUSG00000087869.1	0
ENSMUSG00000087870.1	0
ENSMUSG00000087871.1	0
ENSMUSG00000087872.1	0
ENSMUSG00000087873.1	0
ENSMUSG00000087875.1	0
ENSMUSG00000087876.1	0
ENSMUSG00000087877.1	0
ENSMUSG00000087878.1	0
ENSMUSG00000087879.1	0
ENSMUSG00000087880.1	0
ENSMUSG00000087881.1	0
ENSMUSG00000087883.1	0
ENSMUSG00000087884.1	0
ENSMUSG00000087885.1	0
ENSMUSG00000087886.1	0
ENSMUSG00000087887.1	0
ENSMUSG00000087890.1	0
ENSMUSG00000087891.1	0
ENSMUSG00000087892.1	0
ENSMUSG00000087893.1	0
ENSMUSG00000087894.1	0
ENSMUSG00000087895.1	0
ENSMUSG00000087896.1	0
ENSMUSG00000087897.1	0
ENSMUSG00000087898.1	0
ENSMUSG00000087899.1	0
ENSMUSG00000087902.1	0
ENSMUSG00000087903.1	0
ENSMUSG00000087904.1	0
ENSMUSG00000087905.1	0
ENSMUSG00000087908.1	0
ENSMUSG00000087909.1	0
ENSMUSG00000087910.1	0
ENSMUSG00000087911.1	0
ENSMUSG00000087912.1	0
ENSMUSG00000087913.1	0
ENSMUSG00000087914.1	0
ENSMUSG00000087915.1	0
ENSMUSG00000087916.1	0
ENSMUSG00000087917.1	0
ENSMUSG00000087919.1	0
ENSMUSG00000087921.1	0
ENSMUSG00000087922.1	0
ENSMUSG00000087923.1	0
ENSMUSG00000087924.1	0
ENSMUSG00000087925.1	0
ENSMUSG00000087926.1	0
ENSMUSG00000087929.1	0
ENSMUSG00000087930.1	0
ENSMUSG00000087932.1	0
ENSMUSG00000087933.1	0
ENSMUSG00000087935.1	2.213215
ENSMUSG00000087936.1	0
ENSMUSG00000087937.1	0
ENSMUSG00000087938.1	0
ENSMUSG00000087939.1	0
ENSMUSG00000087940.1	0
ENSMUSG00000087941.2	0
ENSMUSG00000087942.1	0
ENSMUSG00000087943.1	0
ENSMUSG00000087945.1	0
ENSMUSG00000087946.1	0
ENSMUSG00000087947.1	0
ENSMUSG00000087949.1	0
ENSMUSG00000087950.1	0
ENSMUSG00000087951.1	0
ENSMUSG00000087954.1	0
ENSMUSG00000087956.1	0
ENSMUSG00000087957.1	0
ENSMUSG00000087958.1	0
ENSMUSG00000087959.1	0
ENSMUSG00000087960.1	0
ENSMUSG00000087961.1	0
ENSMUSG00000087963.1	0
ENSMUSG00000087964.1	0
ENSMUSG00000087965.1	0
ENSMUSG00000087966.1	0
ENSMUSG00000087967.1	0
ENSMUSG00000087968.1	0.494603
ENSMUSG00000087973.1	0
ENSMUSG00000087975.1	0
ENSMUSG00000087979.1	0
ENSMUSG00000087980.1	0
ENSMUSG00000087981.1	0
ENSMUSG00000087982.1	0
ENSMUSG00000087983.1	0
ENSMUSG00000087985.1	0
ENSMUSG00000087987.1	0
ENSMUSG00000087989.1	0
ENSMUSG00000087990.2	0
ENSMUSG00000087991.1	0
ENSMUSG00000087992.1	0
ENSMUSG00000087993.1	0
ENSMUSG00000087994.1	0
ENSMUSG00000087995.1	0
ENSMUSG00000087997.1	0
ENSMUSG00000087999.1	0
ENSMUSG00000088000.1	0
ENSMUSG00000088001.1	0
ENSMUSG00000088002.1	0
ENSMUSG00000088004.1	0
ENSMUSG00000088005.1	0
ENSMUSG00000088008.1	0
ENSMUSG00000088009.1	0
ENSMUSG00000088010.1	0
ENSMUSG00000088014.1	0
ENSMUSG00000088015.1	0
ENSMUSG00000088016.1	0
ENSMUSG00000088017.1	0
ENSMUSG00000088018.1	0
ENSMUSG00000088019.1	0
ENSMUSG00000088020.1	0
ENSMUSG00000088021.1	0
ENSMUSG00000088022.1	0
ENSMUSG00000088025.1	2.782569
ENSMUSG00000088026.1	0
ENSMUSG00000088027.1	0
ENSMUSG00000088028.1	0
ENSMUSG00000088030.1	0
ENSMUSG00000088031.1	0
ENSMUSG00000088036.1	0
ENSMUSG00000088037.1	0
ENSMUSG00000088039.1	0
ENSMUSG00000088040.1	0
ENSMUSG00000088041.1	0
ENSMUSG00000088043.1	0
ENSMUSG00000088044.1	0
ENSMUSG00000088045.1	0
ENSMUSG00000088046.1	0
ENSMUSG00000088047.1	0
ENSMUSG00000088048.1	0
ENSMUSG00000088049.1	0
ENSMUSG00000088050.1	0
ENSMUSG00000088051.1	0
ENSMUSG00000088052.1	0
ENSMUSG00000088054.1	0
ENSMUSG00000088055.1	0
ENSMUSG00000088056.1	0
ENSMUSG00000088057.1	0
ENSMUSG00000088058.1	0
ENSMUSG00000088059.1	0
ENSMUSG00000088060.1	0
ENSMUSG00000088062.1	0
ENSMUSG00000088063.1	0
ENSMUSG00000088064.1	0
ENSMUSG00000088066.1	0
ENSMUSG00000088067.1	0
ENSMUSG00000088068.1	0
ENSMUSG00000088069.1	0
ENSMUSG00000088070.1	0
ENSMUSG00000088071.1	0
ENSMUSG00000088073.1	0
ENSMUSG00000088075.1	0
ENSMUSG00000088076.1	0
ENSMUSG00000088077.1	0
ENSMUSG00000088083.1	0
ENSMUSG00000088084.1	0
ENSMUSG00000088085.1	0
ENSMUSG00000088086.1	0
ENSMUSG00000088088.1	31.057082
ENSMUSG00000088090.1	0
ENSMUSG00000088091.1	0
ENSMUSG00000088093.1	0
ENSMUSG00000088094.1	0
ENSMUSG00000088095.1	0
ENSMUSG00000088096.1	0
ENSMUSG00000088097.1	0
ENSMUSG00000088098.1	0
ENSMUSG00000088099.1	0
ENSMUSG00000088102.1	0
ENSMUSG00000088103.1	0
ENSMUSG00000088104.1	0
ENSMUSG00000088105.1	0
ENSMUSG00000088106.1	0
ENSMUSG00000088108.1	0
ENSMUSG00000088111.1	0
ENSMUSG00000088112.1	0
ENSMUSG00000088113.1	0
ENSMUSG00000088114.1	0
ENSMUSG00000088115.1	0
ENSMUSG00000088116.1	0
ENSMUSG00000088118.1	0
ENSMUSG00000088119.1	0
ENSMUSG00000088121.1	0
ENSMUSG00000088122.2	0
ENSMUSG00000088123.1	0
ENSMUSG00000088124.1	0
ENSMUSG00000088125.1	0
ENSMUSG00000088126.1	0
ENSMUSG00000088128.1	0
ENSMUSG00000088132.1	0
ENSMUSG00000088133.1	0
ENSMUSG00000088134.1	0
ENSMUSG00000088135.1	0
ENSMUSG00000088136.1	0
ENSMUSG00000088138.1	0
ENSMUSG00000088139.2	0
ENSMUSG00000088141.1	0
ENSMUSG00000088143.1	0
ENSMUSG00000088144.1	0
ENSMUSG00000088145.1	0
ENSMUSG00000088146.1	0
ENSMUSG00000088147.1	0
ENSMUSG00000088148.1	0
ENSMUSG00000088149.1	0
ENSMUSG00000088150.1	0
ENSMUSG00000088151.1	0
ENSMUSG00000088152.1	0
ENSMUSG00000088153.1	0
ENSMUSG00000088154.1	0
ENSMUSG00000088155.1	0
ENSMUSG00000088156.1	0
ENSMUSG00000088157.1	0
ENSMUSG00000088158.1	0
ENSMUSG00000088159.1	0
ENSMUSG00000088160.1	0
ENSMUSG00000088161.1	0
ENSMUSG00000088162.1	0
ENSMUSG00000088164.1	0
ENSMUSG00000088165.1	0
ENSMUSG00000088166.1	0
ENSMUSG00000088167.1	0
ENSMUSG00000088168.1	0
ENSMUSG00000088169.1	0
ENSMUSG00000088170.1	0
ENSMUSG00000088171.1	0
ENSMUSG00000088172.1	0
ENSMUSG00000088175.1	0
ENSMUSG00000088176.1	0
ENSMUSG00000088177.1	0
ENSMUSG00000088179.1	0
ENSMUSG00000088180.1	0
ENSMUSG00000088181.1	0
ENSMUSG00000088182.1	0
ENSMUSG00000088183.1	0
ENSMUSG00000088184.1	0
ENSMUSG00000088185.1	0
ENSMUSG00000088187.1	0
ENSMUSG00000088188.1	0
ENSMUSG00000088189.1	0
ENSMUSG00000088191.1	0
ENSMUSG00000088192.1	0
ENSMUSG00000088193.1	0
ENSMUSG00000088194.1	0
ENSMUSG00000088195.1	0
ENSMUSG00000088196.1	0
ENSMUSG00000088197.1	0
ENSMUSG00000088198.1	0
ENSMUSG00000088200.1	0
ENSMUSG00000088201.1	0
ENSMUSG00000088203.1	0
ENSMUSG00000088204.1	0
ENSMUSG00000088205.1	0
ENSMUSG00000088207.1	0
ENSMUSG00000088208.1	0
ENSMUSG00000088209.1	0
ENSMUSG00000088210.1	0
ENSMUSG00000088211.1	0
ENSMUSG00000088212.1	0
ENSMUSG00000088213.1	0
ENSMUSG00000088216.1	0
ENSMUSG00000088217.1	0
ENSMUSG00000088218.1	0
ENSMUSG00000088219.1	0
ENSMUSG00000088220.1	0
ENSMUSG00000088221.1	0
ENSMUSG00000088222.1	0
ENSMUSG00000088223.1	0
ENSMUSG00000088224.1	0
ENSMUSG00000088225.1	0
ENSMUSG00000088226.1	0
ENSMUSG00000088227.1	0
ENSMUSG00000088228.1	0
ENSMUSG00000088229.1	0
ENSMUSG00000088230.1	0
ENSMUSG00000088231.1	0
ENSMUSG00000088232.1	0
ENSMUSG00000088233.1	0
ENSMUSG00000088234.1	0
ENSMUSG00000088236.1	0
ENSMUSG00000088237.1	0
ENSMUSG00000088239.1	0
ENSMUSG00000088240.1	0
ENSMUSG00000088241.1	0
ENSMUSG00000088242.1	0
ENSMUSG00000088243.1	0
ENSMUSG00000088244.1	0
ENSMUSG00000088245.1	0
ENSMUSG00000088246.1	0
ENSMUSG00000088248.1	0
ENSMUSG00000088249.1	0
ENSMUSG00000088250.1	0
ENSMUSG00000088252.1	0
ENSMUSG00000088253.1	0
ENSMUSG00000088254.1	0
ENSMUSG00000088255.1	0
ENSMUSG00000088257.1	0
ENSMUSG00000088258.1	0
ENSMUSG00000088259.1	0
ENSMUSG00000088260.1	0
ENSMUSG00000088261.1	0
ENSMUSG00000088264.1	0
ENSMUSG00000088265.1	0
ENSMUSG00000088266.1	0
ENSMUSG00000088268.1	0
ENSMUSG00000088269.1	0
ENSMUSG00000088270.1	0
ENSMUSG00000088273.1	0
ENSMUSG00000088275.1	0
ENSMUSG00000088276.1	0
ENSMUSG00000088278.1	0
ENSMUSG00000088279.1	0
ENSMUSG00000088280.1	0
ENSMUSG00000088281.1	0
ENSMUSG00000088282.1	0
ENSMUSG00000088283.1	0
ENSMUSG00000088284.1	0
ENSMUSG00000088285.1	0
ENSMUSG00000088286.1	0
ENSMUSG00000088288.1	0
ENSMUSG00000088291.1	0
ENSMUSG00000088293.1	0
ENSMUSG00000088294.1	0
ENSMUSG00000088295.1	0
ENSMUSG00000088296.1	0
ENSMUSG00000088297.1	0
ENSMUSG00000088298.1	0
ENSMUSG00000088299.1	0
ENSMUSG00000088301.1	0
ENSMUSG00000088302.1	0
ENSMUSG00000088303.1	0
ENSMUSG00000088304.1	0
ENSMUSG00000088307.1	0
ENSMUSG00000088308.1	0
ENSMUSG00000088310.1	0
ENSMUSG00000088311.1	0
ENSMUSG00000088312.1	0
ENSMUSG00000088313.1	0
ENSMUSG00000088314.1	0
ENSMUSG00000088317.1	0
ENSMUSG00000088318.1	0
ENSMUSG00000088320.1	0
ENSMUSG00000088322.1	0
ENSMUSG00000088323.1	0
ENSMUSG00000088324.1	0
ENSMUSG00000088325.1	0
ENSMUSG00000088326.1	0
ENSMUSG00000088327.1	0
ENSMUSG00000088329.1	0
ENSMUSG00000088331.1	0
ENSMUSG00000088332.1	0
ENSMUSG00000088333.2	0
ENSMUSG00000088334.2	0
ENSMUSG00000088335.1	0
ENSMUSG00000088337.1	0
ENSMUSG00000088338.1	0
ENSMUSG00000088339.1	0
ENSMUSG00000088340.1	0
ENSMUSG00000088342.1	0
ENSMUSG00000088343.1	0
ENSMUSG00000088344.1	0
ENSMUSG00000088346.1	0
ENSMUSG00000088348.1	0
ENSMUSG00000088349.1	0
ENSMUSG00000088350.1	0
ENSMUSG00000088351.1	0
ENSMUSG00000088352.1	0
ENSMUSG00000088353.1	0
ENSMUSG00000088354.2	0
ENSMUSG00000088356.1	0
ENSMUSG00000088357.1	0
ENSMUSG00000088358.1	0
ENSMUSG00000088359.1	0
ENSMUSG00000088360.1	0
ENSMUSG00000088361.1	0
ENSMUSG00000088362.1	0
ENSMUSG00000088363.1	0
ENSMUSG00000088364.2	0
ENSMUSG00000088365.1	0
ENSMUSG00000088366.1	0
ENSMUSG00000088367.1	0
ENSMUSG00000088368.1	0
ENSMUSG00000088369.1	0
ENSMUSG00000088370.1	0
ENSMUSG00000088371.1	0
ENSMUSG00000088372.1	0
ENSMUSG00000088373.3	0
ENSMUSG00000088374.1	0
ENSMUSG00000088377.1	0
ENSMUSG00000088378.1	1.801695
ENSMUSG00000088379.1	0
ENSMUSG00000088380.1	0
ENSMUSG00000088383.1	0
ENSMUSG00000088384.1	0
ENSMUSG00000088385.1	0
ENSMUSG00000088386.1	0
ENSMUSG00000088387.1	0
ENSMUSG00000088389.1	0
ENSMUSG00000088391.1	0
ENSMUSG00000088392.1	0
ENSMUSG00000088393.1	0
ENSMUSG00000088394.1	0
ENSMUSG00000088395.1	0
ENSMUSG00000088397.1	0
ENSMUSG00000088398.1	0
ENSMUSG00000088400.1	0
ENSMUSG00000088402.1	0
ENSMUSG00000088403.1	0
ENSMUSG00000088404.1	0
ENSMUSG00000088405.1	0
ENSMUSG00000088406.1	0
ENSMUSG00000088407.1	0
ENSMUSG00000088408.1	0
ENSMUSG00000088409.1	0
ENSMUSG00000088410.1	0
ENSMUSG00000088412.1	0
ENSMUSG00000088414.1	0
ENSMUSG00000088415.1	0
ENSMUSG00000088416.1	0
ENSMUSG00000088417.1	0
ENSMUSG00000088418.1	0
ENSMUSG00000088419.1	0
ENSMUSG00000088420.1	0
ENSMUSG00000088421.1	0
ENSMUSG00000088422.1	0
ENSMUSG00000088423.1	0
ENSMUSG00000088425.1	0
ENSMUSG00000088426.1	0
ENSMUSG00000088428.1	0
ENSMUSG00000088429.1	0
ENSMUSG00000088432.1	0
ENSMUSG00000088433.1	0
ENSMUSG00000088435.1	0
ENSMUSG00000088436.1	0
ENSMUSG00000088437.1	0
ENSMUSG00000088438.1	0
ENSMUSG00000088439.1	0
ENSMUSG00000088440.1	0
ENSMUSG00000088441.1	0
ENSMUSG00000088442.1	0
ENSMUSG00000088443.1	0
ENSMUSG00000088444.1	0
ENSMUSG00000088445.1	0
ENSMUSG00000088446.1	0
ENSMUSG00000088447.1	0
ENSMUSG00000088448.1	0
ENSMUSG00000088449.1	0
ENSMUSG00000088450.1	0
ENSMUSG00000088451.1	0
ENSMUSG00000088453.1	0.597679
ENSMUSG00000088454.1	0
ENSMUSG00000088456.1	0
ENSMUSG00000088458.1	0
ENSMUSG00000088459.1	0
ENSMUSG00000088460.1	0
ENSMUSG00000088461.1	0
ENSMUSG00000088463.1	0
ENSMUSG00000088464.1	0
ENSMUSG00000088465.1	0
ENSMUSG00000088468.1	0
ENSMUSG00000088469.1	0
ENSMUSG00000088470.1	0
ENSMUSG00000088471.1	0
ENSMUSG00000088472.1	0
ENSMUSG00000088473.1	0
ENSMUSG00000088474.1	0
ENSMUSG00000088475.1	0
ENSMUSG00000088476.1	0
ENSMUSG00000088477.1	0
ENSMUSG00000088478.1	0
ENSMUSG00000088479.1	0
ENSMUSG00000088480.1	0
ENSMUSG00000088481.1	0
ENSMUSG00000088482.1	0
ENSMUSG00000088483.1	0
ENSMUSG00000088484.1	0
ENSMUSG00000088485.1	0
ENSMUSG00000088487.1	0
ENSMUSG00000088490.1	0
ENSMUSG00000088491.1	0
ENSMUSG00000088493.1	0
ENSMUSG00000088494.1	0
ENSMUSG00000088495.1	0
ENSMUSG00000088497.1	0
ENSMUSG00000088498.1	0
ENSMUSG00000088499.1	0
ENSMUSG00000088500.1	0
ENSMUSG00000088501.1	0
ENSMUSG00000088502.1	0
ENSMUSG00000088504.1	0
ENSMUSG00000088505.1	0
ENSMUSG00000088506.1	0
ENSMUSG00000088509.1	0
ENSMUSG00000088510.1	0
ENSMUSG00000088511.1	0
ENSMUSG00000088512.1	0
ENSMUSG00000088514.1	0
ENSMUSG00000088515.1	0
ENSMUSG00000088516.1	0
ENSMUSG00000088517.1	0
ENSMUSG00000088518.1	0
ENSMUSG00000088519.1	0
ENSMUSG00000088521.1	0
ENSMUSG00000088522.1	0
ENSMUSG00000088523.1	0
ENSMUSG00000088524.1	0
ENSMUSG00000088525.1	0
ENSMUSG00000088526.1	0
ENSMUSG00000088527.1	0
ENSMUSG00000088528.1	0
ENSMUSG00000088529.1	1.366243
ENSMUSG00000088530.1	0
ENSMUSG00000088532.1	0
ENSMUSG00000088533.1	0
ENSMUSG00000088535.1	0
ENSMUSG00000088536.1	0
ENSMUSG00000088537.1	0
ENSMUSG00000088538.1	0
ENSMUSG00000088539.1	0
ENSMUSG00000088541.1	0
ENSMUSG00000088542.1	0
ENSMUSG00000088543.1	0
ENSMUSG00000088544.1	0
ENSMUSG00000088545.1	0
ENSMUSG00000088546.1	0
ENSMUSG00000088547.1	0
ENSMUSG00000088548.1	0
ENSMUSG00000088549.1	0
ENSMUSG00000088550.1	0
ENSMUSG00000088551.1	0
ENSMUSG00000088552.1	0
ENSMUSG00000088553.1	0
ENSMUSG00000088554.1	0
ENSMUSG00000088555.1	0
ENSMUSG00000088558.1	0
ENSMUSG00000088559.1	0
ENSMUSG00000088562.2	0
ENSMUSG00000088563.1	0
ENSMUSG00000088564.1	0
ENSMUSG00000088565.1	0
ENSMUSG00000088566.1	0
ENSMUSG00000088570.1	0
ENSMUSG00000088571.1	0
ENSMUSG00000088572.1	0
ENSMUSG00000088573.1	0
ENSMUSG00000088574.1	0
ENSMUSG00000088575.1	0
ENSMUSG00000088576.1	0
ENSMUSG00000088577.1	0
ENSMUSG00000088578.1	0
ENSMUSG00000088579.1	0
ENSMUSG00000088580.1	0
ENSMUSG00000088581.1	0
ENSMUSG00000088582.1	0
ENSMUSG00000088583.1	0
ENSMUSG00000088585.1	0
ENSMUSG00000088587.1	0
ENSMUSG00000088589.1	0
ENSMUSG00000088591.1	0
ENSMUSG00000088594.1	0
ENSMUSG00000088595.1	10.187511
ENSMUSG00000088596.1	0
ENSMUSG00000088597.1	0
ENSMUSG00000088598.1	0
ENSMUSG00000088600.1	0
ENSMUSG00000088601.1	0
ENSMUSG00000088602.2	0
ENSMUSG00000088603.1	0
ENSMUSG00000088605.1	0
ENSMUSG00000088606.1	0
ENSMUSG00000088608.1	0
ENSMUSG00000088609.1	0
ENSMUSG00000088611.1	0
ENSMUSG00000088614.1	0
ENSMUSG00000088615.1	0
ENSMUSG00000088616.1	0
ENSMUSG00000088617.1	0
ENSMUSG00000088618.1	0
ENSMUSG00000088620.1	0
ENSMUSG00000088621.1	0
ENSMUSG00000088622.1	0
ENSMUSG00000088623.1	0
ENSMUSG00000088624.1	0
ENSMUSG00000088625.1	0
ENSMUSG00000088626.2	0
ENSMUSG00000088627.1	0
ENSMUSG00000088628.1	0
ENSMUSG00000088629.1	0
ENSMUSG00000088630.1	0
ENSMUSG00000088631.1	0
ENSMUSG00000088632.1	0
ENSMUSG00000088633.1	0
ENSMUSG00000088634.1	0
ENSMUSG00000088635.1	0
ENSMUSG00000088637.1	0
ENSMUSG00000088638.1	0
ENSMUSG00000088639.1	0
ENSMUSG00000088640.1	0
ENSMUSG00000088641.1	0
ENSMUSG00000088643.1	0
ENSMUSG00000088644.1	0
ENSMUSG00000088646.1	0
ENSMUSG00000088647.1	0
ENSMUSG00000088649.1	0
ENSMUSG00000088650.1	0
ENSMUSG00000088651.1	0
ENSMUSG00000088653.1	0
ENSMUSG00000088654.1	0
ENSMUSG00000088656.1	0
ENSMUSG00000088657.1	0
ENSMUSG00000088658.1	0
ENSMUSG00000088659.1	0
ENSMUSG00000088660.1	0
ENSMUSG00000088661.1	0
ENSMUSG00000088663.1	0
ENSMUSG00000088666.1	0
ENSMUSG00000088668.1	0
ENSMUSG00000088669.1	0
ENSMUSG00000088670.1	0
ENSMUSG00000088671.1	0
ENSMUSG00000088672.1	0
ENSMUSG00000088674.1	0
ENSMUSG00000088675.1	0
ENSMUSG00000088677.1	0
ENSMUSG00000088678.1	0
ENSMUSG00000088679.1	0
ENSMUSG00000088680.1	0
ENSMUSG00000088682.1	0
ENSMUSG00000088683.1	0
ENSMUSG00000088684.1	0
ENSMUSG00000088685.1	0
ENSMUSG00000088686.1	0
ENSMUSG00000088687.1	0
ENSMUSG00000088688.1	0
ENSMUSG00000088689.1	0
ENSMUSG00000088691.1	0
ENSMUSG00000088692.1	0
ENSMUSG00000088693.1	0
ENSMUSG00000088695.1	0
ENSMUSG00000088696.1	0
ENSMUSG00000088697.1	0
ENSMUSG00000088699.1	0
ENSMUSG00000088700.1	0
ENSMUSG00000088701.1	0
ENSMUSG00000088702.1	0
ENSMUSG00000088703.1	0
ENSMUSG00000088704.1	0
ENSMUSG00000088705.1	0
ENSMUSG00000088706.1	0
ENSMUSG00000088707.1	0
ENSMUSG00000088708.1	0
ENSMUSG00000088709.1	0
ENSMUSG00000088710.1	0
ENSMUSG00000088711.1	0
ENSMUSG00000088712.1	0
ENSMUSG00000088713.1	0
ENSMUSG00000088714.1	0
ENSMUSG00000088715.1	0
ENSMUSG00000088716.1	0
ENSMUSG00000088717.1	0
ENSMUSG00000088718.1	0
ENSMUSG00000088719.1	0
ENSMUSG00000088721.2	0
ENSMUSG00000088722.1	0
ENSMUSG00000088726.1	0
ENSMUSG00000088730.1	0
ENSMUSG00000088731.1	0
ENSMUSG00000088732.1	0
ENSMUSG00000088733.1	0
ENSMUSG00000088734.1	0
ENSMUSG00000088735.1	0
ENSMUSG00000088736.1	0
ENSMUSG00000088737.1	0
ENSMUSG00000088738.2	0
ENSMUSG00000088739.1	0
ENSMUSG00000088740.1	0
ENSMUSG00000088742.1	0
ENSMUSG00000088743.1	0
ENSMUSG00000088744.1	0
ENSMUSG00000088746.1	0
ENSMUSG00000088747.1	0
ENSMUSG00000088748.1	0
ENSMUSG00000088749.1	0
ENSMUSG00000088750.1	0
ENSMUSG00000088751.1	0
ENSMUSG00000088752.1	0
ENSMUSG00000088753.1	0
ENSMUSG00000088754.1	0
ENSMUSG00000088756.1	0
ENSMUSG00000088758.1	0
ENSMUSG00000088760.1	0
ENSMUSG00000088761.1	0
ENSMUSG00000088763.1	0
ENSMUSG00000088764.1	0
ENSMUSG00000088766.1	0
ENSMUSG00000088767.1	0
ENSMUSG00000088768.1	0
ENSMUSG00000088769.1	0
ENSMUSG00000088772.1	0
ENSMUSG00000088773.1	0
ENSMUSG00000088774.1	0
ENSMUSG00000088775.1	0
ENSMUSG00000088776.1	0
ENSMUSG00000088777.1	0
ENSMUSG00000088779.1	0
ENSMUSG00000088781.1	0
ENSMUSG00000088782.1	0
ENSMUSG00000088783.1	0
ENSMUSG00000088784.1	0
ENSMUSG00000088786.1	0
ENSMUSG00000088787.1	0
ENSMUSG00000088789.1	0.968645
ENSMUSG00000088790.1	0
ENSMUSG00000088791.1	0
ENSMUSG00000088792.1	0
ENSMUSG00000088793.1	0
ENSMUSG00000088794.1	0
ENSMUSG00000088796.1	0
ENSMUSG00000088797.1	0
ENSMUSG00000088798.1	0
ENSMUSG00000088799.1	0
ENSMUSG00000088800.1	0
ENSMUSG00000088802.1	0
ENSMUSG00000088803.1	0
ENSMUSG00000088804.1	0
ENSMUSG00000088808.1	0
ENSMUSG00000088809.1	0
ENSMUSG00000088810.1	0
ENSMUSG00000088811.1	0
ENSMUSG00000088812.1	0
ENSMUSG00000088813.1	0
ENSMUSG00000088814.1	0
ENSMUSG00000088816.1	0
ENSMUSG00000088817.1	0
ENSMUSG00000088818.1	0.611978
ENSMUSG00000088819.1	0
ENSMUSG00000088820.1	0
ENSMUSG00000088822.1	0
ENSMUSG00000088823.1	0
ENSMUSG00000088824.1	0
ENSMUSG00000088825.1	0
ENSMUSG00000088829.1	0
ENSMUSG00000088830.1	0
ENSMUSG00000088832.1	0
ENSMUSG00000088833.1	0
ENSMUSG00000088835.1	5.977337
ENSMUSG00000088836.1	0
ENSMUSG00000088839.2	0
ENSMUSG00000088840.1	0
ENSMUSG00000088842.1	0
ENSMUSG00000088843.1	0
ENSMUSG00000088845.1	0
ENSMUSG00000088846.1	0
ENSMUSG00000088848.1	0
ENSMUSG00000088849.1	0
ENSMUSG00000088850.1	0
ENSMUSG00000088851.1	0
ENSMUSG00000088852.1	0
ENSMUSG00000088853.1	0
ENSMUSG00000088854.1	0
ENSMUSG00000088855.1	0
ENSMUSG00000088856.1	2.003511
ENSMUSG00000088857.1	0
ENSMUSG00000088858.1	0
ENSMUSG00000088860.1	0
ENSMUSG00000088861.1	0
ENSMUSG00000088862.1	0
ENSMUSG00000088863.1	0
ENSMUSG00000088864.1	0
ENSMUSG00000088865.1	0
ENSMUSG00000088867.1	0
ENSMUSG00000088868.1	0
ENSMUSG00000088870.1	0
ENSMUSG00000088872.1	0
ENSMUSG00000088873.1	0
ENSMUSG00000088874.1	0
ENSMUSG00000088875.1	0
ENSMUSG00000088876.1	0
ENSMUSG00000088877.1	0
ENSMUSG00000088878.1	0
ENSMUSG00000088879.1	0
ENSMUSG00000088880.1	0
ENSMUSG00000088883.1	0
ENSMUSG00000088884.1	0
ENSMUSG00000088885.1	0
ENSMUSG00000088888.1	0
ENSMUSG00000088889.1	0
ENSMUSG00000088890.1	0
ENSMUSG00000088891.1	0
ENSMUSG00000088892.1	0
ENSMUSG00000088894.1	0
ENSMUSG00000088895.1	0
ENSMUSG00000088896.1	0
ENSMUSG00000088897.1	0
ENSMUSG00000088898.1	0
ENSMUSG00000088900.1	0
ENSMUSG00000088901.1	0
ENSMUSG00000088902.1	0
ENSMUSG00000088903.1	0
ENSMUSG00000088904.1	0
ENSMUSG00000088905.1	0
ENSMUSG00000088906.1	0
ENSMUSG00000088907.1	0
ENSMUSG00000088908.1	0
ENSMUSG00000088909.1	0
ENSMUSG00000088910.1	0
ENSMUSG00000088911.1	0
ENSMUSG00000088913.1	0
ENSMUSG00000088914.1	0
ENSMUSG00000088915.1	0
ENSMUSG00000088916.1	0
ENSMUSG00000088918.1	0
ENSMUSG00000088920.1	0
ENSMUSG00000088922.1	0
ENSMUSG00000088923.1	0
ENSMUSG00000088924.1	0
ENSMUSG00000088925.1	0
ENSMUSG00000088926.1	0
ENSMUSG00000088928.1	0
ENSMUSG00000088929.1	0
ENSMUSG00000088930.1	0
ENSMUSG00000088932.1	0
ENSMUSG00000088933.1	0
ENSMUSG00000088935.1	0
ENSMUSG00000088937.1	0
ENSMUSG00000088938.1	0
ENSMUSG00000088939.1	0
ENSMUSG00000088940.1	0
ENSMUSG00000088941.1	0
ENSMUSG00000088942.1	0
ENSMUSG00000088943.1	0
ENSMUSG00000088944.1	0
ENSMUSG00000088947.1	3.742228
ENSMUSG00000088948.1	0
ENSMUSG00000088949.1	0
ENSMUSG00000088950.1	0
ENSMUSG00000088951.1	0
ENSMUSG00000088953.1	0
ENSMUSG00000088954.1	0
ENSMUSG00000088955.1	0
ENSMUSG00000088956.1	0
ENSMUSG00000088957.1	0
ENSMUSG00000088958.1	0
ENSMUSG00000088959.1	0
ENSMUSG00000088960.1	0
ENSMUSG00000088961.1	0
ENSMUSG00000088964.1	0
ENSMUSG00000088966.1	0
ENSMUSG00000088969.1	0
ENSMUSG00000088970.1	0
ENSMUSG00000088971.1	0
ENSMUSG00000088972.2	0
ENSMUSG00000088973.1	0
ENSMUSG00000088975.1	0
ENSMUSG00000088976.1	0
ENSMUSG00000088978.1	0
ENSMUSG00000088979.1	0
ENSMUSG00000088980.1	0
ENSMUSG00000088981.1	0
ENSMUSG00000088982.1	0
ENSMUSG00000088983.1	0
ENSMUSG00000088984.1	0
ENSMUSG00000088985.1	0
ENSMUSG00000088986.1	0
ENSMUSG00000088987.1	0
ENSMUSG00000088988.1	0
ENSMUSG00000088989.1	0
ENSMUSG00000088990.1	0.722615
ENSMUSG00000088991.1	0
ENSMUSG00000088992.1	0
ENSMUSG00000088993.1	0
ENSMUSG00000088994.1	0
ENSMUSG00000088995.1	0
ENSMUSG00000088996.2	0
ENSMUSG00000088997.1	0
ENSMUSG00000088999.1	0
ENSMUSG00000089000.1	0
ENSMUSG00000089001.1	0
ENSMUSG00000089002.1	0
ENSMUSG00000089003.1	0
ENSMUSG00000089004.1	0
ENSMUSG00000089005.1	0
ENSMUSG00000089007.1	0
ENSMUSG00000089008.1	0
ENSMUSG00000089009.1	0
ENSMUSG00000089011.1	0
ENSMUSG00000089014.1	0
ENSMUSG00000089015.1	0
ENSMUSG00000089016.1	0
ENSMUSG00000089017.1	0
ENSMUSG00000089018.1	0
ENSMUSG00000089019.1	0
ENSMUSG00000089021.1	0
ENSMUSG00000089023.1	0
ENSMUSG00000089024.1	0
ENSMUSG00000089025.1	0
ENSMUSG00000089026.2	0
ENSMUSG00000089027.1	0
ENSMUSG00000089028.1	0
ENSMUSG00000089029.1	0
ENSMUSG00000089030.1	0
ENSMUSG00000089033.1	0
ENSMUSG00000089034.1	0
ENSMUSG00000089035.1	0
ENSMUSG00000089036.1	0
ENSMUSG00000089037.1	0
ENSMUSG00000089038.1	0
ENSMUSG00000089039.1	0
ENSMUSG00000089040.1	0
ENSMUSG00000089041.1	0
ENSMUSG00000089043.1	0
ENSMUSG00000089044.1	0
ENSMUSG00000089045.1	0
ENSMUSG00000089046.1	0
ENSMUSG00000089047.1	0
ENSMUSG00000089048.1	0
ENSMUSG00000089049.1	0
ENSMUSG00000089050.1	0
ENSMUSG00000089051.1	0
ENSMUSG00000089052.1	0
ENSMUSG00000089053.1	0
ENSMUSG00000089054.1	0
ENSMUSG00000089055.1	0
ENSMUSG00000089057.1	0
ENSMUSG00000089060.1	0
ENSMUSG00000089061.1	0
ENSMUSG00000089062.1	0
ENSMUSG00000089065.1	0
ENSMUSG00000089066.1	0
ENSMUSG00000089068.1	0
ENSMUSG00000089069.1	0
ENSMUSG00000089070.1	0
ENSMUSG00000089071.1	0
ENSMUSG00000089072.1	0
ENSMUSG00000089073.1	0
ENSMUSG00000089074.1	0
ENSMUSG00000089075.1	0
ENSMUSG00000089077.1	0
ENSMUSG00000089078.1	0
ENSMUSG00000089079.1	0
ENSMUSG00000089080.1	0
ENSMUSG00000089081.1	0
ENSMUSG00000089082.1	0
ENSMUSG00000089083.1	0
ENSMUSG00000089084.1	0
ENSMUSG00000089085.1	0
ENSMUSG00000089087.1	0
ENSMUSG00000089088.1	0
ENSMUSG00000089090.1	0
ENSMUSG00000089091.1	0
ENSMUSG00000089092.1	0
ENSMUSG00000089093.3	0
ENSMUSG00000089094.1	0
ENSMUSG00000089095.1	0
ENSMUSG00000089096.1	0
ENSMUSG00000089097.1	0
ENSMUSG00000089098.1	0
ENSMUSG00000089102.1	0
ENSMUSG00000089103.1	0
ENSMUSG00000089105.1	0
ENSMUSG00000089106.1	0
ENSMUSG00000089107.1	0
ENSMUSG00000089109.1	0
ENSMUSG00000089111.1	0
ENSMUSG00000089113.1	0
ENSMUSG00000089114.1	0
ENSMUSG00000089115.1	0
ENSMUSG00000089116.1	0
ENSMUSG00000089117.1	0
ENSMUSG00000089118.1	0
ENSMUSG00000089119.1	0
ENSMUSG00000089120.1	0
ENSMUSG00000089123.1	0
ENSMUSG00000089124.1	0
ENSMUSG00000089125.1	0
ENSMUSG00000089127.1	0
ENSMUSG00000089128.1	0
ENSMUSG00000089129.1	0
ENSMUSG00000089130.1	0
ENSMUSG00000089131.1	0
ENSMUSG00000089132.1	0
ENSMUSG00000089133.1	0
ENSMUSG00000089134.1	0
ENSMUSG00000089136.1	0
ENSMUSG00000089137.1	0
ENSMUSG00000089138.1	0
ENSMUSG00000089139.1	0
ENSMUSG00000089141.1	0
ENSMUSG00000089143.2	0
ENSMUSG00000089144.1	0
ENSMUSG00000089145.1	0
ENSMUSG00000089146.1	0
ENSMUSG00000089147.1	0
ENSMUSG00000089148.1	0
ENSMUSG00000089149.1	0
ENSMUSG00000089151.1	0
ENSMUSG00000089152.1	0
ENSMUSG00000089153.1	0
ENSMUSG00000089155.1	0
ENSMUSG00000089156.1	0
ENSMUSG00000089157.1	0
ENSMUSG00000089158.1	0
ENSMUSG00000089161.1	0
ENSMUSG00000089162.1	0
ENSMUSG00000089164.1	0
ENSMUSG00000089168.1	0
ENSMUSG00000089169.1	0
ENSMUSG00000089170.1	0
ENSMUSG00000089171.1	0
ENSMUSG00000089174.1	0
ENSMUSG00000089175.1	0
ENSMUSG00000089177.1	0
ENSMUSG00000089178.1	0
ENSMUSG00000089179.1	0
ENSMUSG00000089182.1	0
ENSMUSG00000089183.1	0
ENSMUSG00000089184.1	0
ENSMUSG00000089185.1	0
ENSMUSG00000089186.1	0
ENSMUSG00000089187.1	0
ENSMUSG00000089188.1	0
ENSMUSG00000089189.1	0
ENSMUSG00000089190.1	0
ENSMUSG00000089191.1	0
ENSMUSG00000089194.1	0
ENSMUSG00000089195.1	0
ENSMUSG00000089197.1	0
ENSMUSG00000089199.1	0
ENSMUSG00000089203.1	0
ENSMUSG00000089204.1	0
ENSMUSG00000089205.1	0
ENSMUSG00000089206.1	0
ENSMUSG00000089207.1	0
ENSMUSG00000089208.1	0
ENSMUSG00000089209.1	0
ENSMUSG00000089210.1	0
ENSMUSG00000089211.1	0
ENSMUSG00000089213.1	0
ENSMUSG00000089214.1	0
ENSMUSG00000089217.1	0
ENSMUSG00000089218.1	0
ENSMUSG00000089219.1	0
ENSMUSG00000089220.1	0
ENSMUSG00000089222.1	0
ENSMUSG00000089223.1	0
ENSMUSG00000089224.1	0
ENSMUSG00000089226.1	0
ENSMUSG00000089227.1	0
ENSMUSG00000089228.1	0
ENSMUSG00000089229.1	0
ENSMUSG00000089230.1	0
ENSMUSG00000089231.1	0
ENSMUSG00000089233.1	0
ENSMUSG00000089234.1	0
ENSMUSG00000089235.1	4.301195
ENSMUSG00000089237.1	0
ENSMUSG00000089239.1	0
ENSMUSG00000089241.1	0
ENSMUSG00000089242.1	0
ENSMUSG00000089244.1	0
ENSMUSG00000089245.1	0
ENSMUSG00000089247.1	0
ENSMUSG00000089248.1	0
ENSMUSG00000089250.1	0
ENSMUSG00000089251.1	0
ENSMUSG00000089252.1	0
ENSMUSG00000089253.1	0
ENSMUSG00000089255.1	1.350981
ENSMUSG00000089256.1	0
ENSMUSG00000089257.1	0
ENSMUSG00000089258.1	0
ENSMUSG00000089259.1	0
ENSMUSG00000089260.1	0
ENSMUSG00000089261.1	0
ENSMUSG00000089262.1	0
ENSMUSG00000089263.1	0
ENSMUSG00000089264.1	0
ENSMUSG00000089265.1	0
ENSMUSG00000089266.1	0
ENSMUSG00000089267.1	0
ENSMUSG00000089268.1	0
ENSMUSG00000089269.1	0
ENSMUSG00000089270.1	0
ENSMUSG00000089271.1	0
ENSMUSG00000089272.1	0
ENSMUSG00000089273.1	0
ENSMUSG00000089274.1	0
ENSMUSG00000089275.1	0
ENSMUSG00000089276.1	0
ENSMUSG00000089277.1	0
ENSMUSG00000089278.1	0
ENSMUSG00000089279.1	0
ENSMUSG00000089280.1	0
ENSMUSG00000089281.1	0
ENSMUSG00000089282.1	0
ENSMUSG00000089284.1	0
ENSMUSG00000089285.1	0
ENSMUSG00000089286.1	0
ENSMUSG00000089287.1	0
ENSMUSG00000089288.1	0
ENSMUSG00000089289.1	0
ENSMUSG00000089290.1	0
ENSMUSG00000089291.1	0
ENSMUSG00000089292.1	0
ENSMUSG00000089293.1	0
ENSMUSG00000089294.1	0
ENSMUSG00000089296.1	0
ENSMUSG00000089297.1	0
ENSMUSG00000089298.1	0
ENSMUSG00000089299.1	0
ENSMUSG00000089301.1	0
ENSMUSG00000089302.1	0
ENSMUSG00000089304.1	0
ENSMUSG00000089305.1	0
ENSMUSG00000089306.1	0
ENSMUSG00000089307.1	0
ENSMUSG00000089308.1	0
ENSMUSG00000089309.1	0
ENSMUSG00000089310.1	0
ENSMUSG00000089311.1	0
ENSMUSG00000089312.1	0
ENSMUSG00000089313.2	0
ENSMUSG00000089314.1	0
ENSMUSG00000089316.1	0
ENSMUSG00000089317.1	0
ENSMUSG00000089318.1	0
ENSMUSG00000089320.1	0
ENSMUSG00000089321.1	0
ENSMUSG00000089322.1	0
ENSMUSG00000089323.1	0
ENSMUSG00000089324.1	0
ENSMUSG00000089326.1	0
ENSMUSG00000089327.1	0
ENSMUSG00000089331.1	0
ENSMUSG00000089333.1	0
ENSMUSG00000089334.1	0
ENSMUSG00000089335.1	0
ENSMUSG00000089336.1	0
ENSMUSG00000089337.1	0
ENSMUSG00000089338.1	0
ENSMUSG00000089341.1	0
ENSMUSG00000089342.1	0
ENSMUSG00000089343.1	0
ENSMUSG00000089344.1	0
ENSMUSG00000089345.1	0
ENSMUSG00000089346.1	0
ENSMUSG00000089348.1	0
ENSMUSG00000089349.1	0
ENSMUSG00000089350.1	0
ENSMUSG00000089351.1	0
ENSMUSG00000089352.1	0
ENSMUSG00000089353.1	0
ENSMUSG00000089357.1	0
ENSMUSG00000089358.1	0
ENSMUSG00000089359.1	0
ENSMUSG00000089363.1	0
ENSMUSG00000089364.1	0
ENSMUSG00000089365.1	0
ENSMUSG00000089366.1	0
ENSMUSG00000089369.1	0
ENSMUSG00000089370.1	0
ENSMUSG00000089371.1	0
ENSMUSG00000089372.1	0
ENSMUSG00000089373.1	0
ENSMUSG00000089375.1	0
ENSMUSG00000089376.1	0
ENSMUSG00000089377.1	0
ENSMUSG00000089380.1	0
ENSMUSG00000089381.1	0
ENSMUSG00000089382.1	0
ENSMUSG00000089383.1	0
ENSMUSG00000089384.1	0
ENSMUSG00000089385.1	0
ENSMUSG00000089387.1	0
ENSMUSG00000089389.1	0
ENSMUSG00000089390.1	0
ENSMUSG00000089391.1	0
ENSMUSG00000089392.1	0
ENSMUSG00000089393.1	0
ENSMUSG00000089394.1	0
ENSMUSG00000089395.1	0
ENSMUSG00000089396.1	1.602212
ENSMUSG00000089397.1	0
ENSMUSG00000089398.1	0
ENSMUSG00000089399.1	0
ENSMUSG00000089401.1	0
ENSMUSG00000089404.1	0
ENSMUSG00000089405.1	0
ENSMUSG00000089406.1	0
ENSMUSG00000089407.1	0
ENSMUSG00000089408.1	0
ENSMUSG00000089409.1	0
ENSMUSG00000089410.1	0
ENSMUSG00000089413.1	0
ENSMUSG00000089414.1	0
ENSMUSG00000089415.1	0
ENSMUSG00000089416.1	0
ENSMUSG00000089417.1	15.283024
ENSMUSG00000089418.2	0
ENSMUSG00000089420.2	0
ENSMUSG00000089422.1	0
ENSMUSG00000089423.1	0
ENSMUSG00000089424.1	0
ENSMUSG00000089425.1	0
ENSMUSG00000089427.1	0
ENSMUSG00000089429.1	0
ENSMUSG00000089431.1	0
ENSMUSG00000089432.1	0
ENSMUSG00000089434.1	0
ENSMUSG00000089436.1	0
ENSMUSG00000089437.1	0
ENSMUSG00000089438.1	0
ENSMUSG00000089439.1	0
ENSMUSG00000089441.1	0
ENSMUSG00000089442.1	0
ENSMUSG00000089443.1	0
ENSMUSG00000089444.1	0
ENSMUSG00000089445.1	0
ENSMUSG00000089446.1	0
ENSMUSG00000089447.1	0
ENSMUSG00000089450.1	0
ENSMUSG00000089451.1	0
ENSMUSG00000089452.1	0
ENSMUSG00000089453.1	0
ENSMUSG00000089454.1	0
ENSMUSG00000089455.1	0
ENSMUSG00000089458.1	0
ENSMUSG00000089459.1	0
ENSMUSG00000089460.1	0
ENSMUSG00000089461.1	0
ENSMUSG00000089462.1	0
ENSMUSG00000089464.1	0
ENSMUSG00000089465.1	0
ENSMUSG00000089467.1	0
ENSMUSG00000089468.2	0
ENSMUSG00000089469.1	0
ENSMUSG00000089470.1	0
ENSMUSG00000089471.1	0
ENSMUSG00000089472.1	0
ENSMUSG00000089473.1	0
ENSMUSG00000089475.1	0
ENSMUSG00000089476.1	0
ENSMUSG00000089477.1	0
ENSMUSG00000089479.1	0
ENSMUSG00000089480.1	0
ENSMUSG00000089481.1	0
ENSMUSG00000089482.1	0
ENSMUSG00000089484.1	0
ENSMUSG00000089485.1	0
ENSMUSG00000089486.1	0
ENSMUSG00000089487.1	0
ENSMUSG00000089488.1	0
ENSMUSG00000089489.1	0
ENSMUSG00000089490.1	0
ENSMUSG00000089491.1	0
ENSMUSG00000089493.1	0
ENSMUSG00000089497.1	0
ENSMUSG00000089498.1	0
ENSMUSG00000089499.1	0
ENSMUSG00000089501.1	0
ENSMUSG00000089504.1	0
ENSMUSG00000089506.1	0
ENSMUSG00000089507.1	0
ENSMUSG00000089508.1	0
ENSMUSG00000089509.1	0
ENSMUSG00000089510.1	0
ENSMUSG00000089512.3	0
ENSMUSG00000089513.1	0
ENSMUSG00000089514.1	0
ENSMUSG00000089516.1	0
ENSMUSG00000089517.1	0
ENSMUSG00000089520.1	0
ENSMUSG00000089522.1	0
ENSMUSG00000089524.1	0
ENSMUSG00000089525.1	0
ENSMUSG00000089528.1	0
ENSMUSG00000089529.1	0
ENSMUSG00000089530.1	0
ENSMUSG00000089531.1	0
ENSMUSG00000089533.1	0
ENSMUSG00000089534.1	0
ENSMUSG00000089536.1	0
ENSMUSG00000089538.1	0
ENSMUSG00000089539.1	0
ENSMUSG00000089541.1	0
ENSMUSG00000089542.1	0
ENSMUSG00000089543.1	0
ENSMUSG00000089544.1	0
ENSMUSG00000089545.1	0
ENSMUSG00000089546.1	0
ENSMUSG00000089548.1	0
ENSMUSG00000089549.1	0
ENSMUSG00000089550.1	0
ENSMUSG00000089551.1	0
ENSMUSG00000089552.1	0
ENSMUSG00000089553.1	0
ENSMUSG00000089555.1	0
ENSMUSG00000089556.1	0
ENSMUSG00000089558.1	0
ENSMUSG00000089560.1	0
ENSMUSG00000089561.1	0
ENSMUSG00000089562.1	0
ENSMUSG00000089563.1	0
ENSMUSG00000089564.1	0
ENSMUSG00000089570.1	0
ENSMUSG00000089571.1	0
ENSMUSG00000089575.1	0
ENSMUSG00000089576.1	0
ENSMUSG00000089578.1	0
ENSMUSG00000089580.1	0
ENSMUSG00000089581.1	0
ENSMUSG00000089583.1	0
ENSMUSG00000089584.1	0
ENSMUSG00000089585.1	0
ENSMUSG00000089586.1	0
ENSMUSG00000089587.1	0
ENSMUSG00000089588.1	0
ENSMUSG00000089589.1	0
ENSMUSG00000089590.1	0
ENSMUSG00000089591.1	0
ENSMUSG00000089593.1	0
ENSMUSG00000089596.1	0
ENSMUSG00000089597.1	0
ENSMUSG00000089598.1	0
ENSMUSG00000089599.1	0
ENSMUSG00000089601.1	0
ENSMUSG00000089603.1	0
ENSMUSG00000089605.1	0
ENSMUSG00000089606.1	0
ENSMUSG00000089607.1	0
ENSMUSG00000089608.1	0
ENSMUSG00000089609.1	0
ENSMUSG00000089610.1	0
ENSMUSG00000089612.1	0
ENSMUSG00000089613.1	0
ENSMUSG00000089614.1	0
ENSMUSG00000089615.1	0
ENSMUSG00000089616.1	0
ENSMUSG00000089617.1	0.885978
ENSMUSG00000089618.1	0
ENSMUSG00000089619.1	0
ENSMUSG00000089621.1	0
ENSMUSG00000089622.1	0
ENSMUSG00000089624.1	0
ENSMUSG00000089625.1	0
ENSMUSG00000089627.1	0
ENSMUSG00000089628.1	0.07779
ENSMUSG00000089630.1	0
ENSMUSG00000089631.2	0
ENSMUSG00000089633.2	4.217656
ENSMUSG00000089634.1	0
ENSMUSG00000089635.1	0
ENSMUSG00000089636.1	0
ENSMUSG00000089639.1	0
ENSMUSG00000089640.1	0
ENSMUSG00000089643.2	0
ENSMUSG00000089645.3	0
ENSMUSG00000089646.1	0
ENSMUSG00000089647.2	0
ENSMUSG00000089648.1	0
ENSMUSG00000089651.1	0
ENSMUSG00000089652.1	0
ENSMUSG00000089653.1	0
ENSMUSG00000089654.1	0
ENSMUSG00000089655.1	0
ENSMUSG00000089656.1	0
ENSMUSG00000089657.1	0
ENSMUSG00000089659.2	0
ENSMUSG00000089661.9	5.10565
ENSMUSG00000089662.1	0.731371
ENSMUSG00000089663.1	0.084169
ENSMUSG00000089664.2	0
ENSMUSG00000089665.2	27.828632
ENSMUSG00000089666.1	0
ENSMUSG00000089667.1	0
ENSMUSG00000089669.7	1.630387
ENSMUSG00000089670.1	0
ENSMUSG00000089671.1	0.053335
ENSMUSG00000089673.1	0
ENSMUSG00000089675.1	0
ENSMUSG00000089678.8	0
ENSMUSG00000089679.1	0.021643
ENSMUSG00000089680.1	0
ENSMUSG00000089682.10	51.849364
ENSMUSG00000089683.2	0
ENSMUSG00000089684.1	0
ENSMUSG00000089685.7	0.363358
ENSMUSG00000089686.2	0
ENSMUSG00000089687.2	1.246753
ENSMUSG00000089689.1	0
ENSMUSG00000089690.1	0
ENSMUSG00000089694.2	1.302968
ENSMUSG00000089695.2	0
ENSMUSG00000089696.3	0
ENSMUSG00000089697.1	0
ENSMUSG00000089698.1	0
ENSMUSG00000089699.1	0
ENSMUSG00000089700.1	0
ENSMUSG00000089701.1	0.099832
ENSMUSG00000089702.1	0
ENSMUSG00000089703.1	0
ENSMUSG00000089704.9	5.791343
ENSMUSG00000089705.1	0
ENSMUSG00000089706.7	1.0915
ENSMUSG00000089707.1	0
ENSMUSG00000089708.1	0
ENSMUSG00000089709.1	0.017798
ENSMUSG00000089710.1	0
ENSMUSG00000089711.1	0
ENSMUSG00000089712.2	0.092751
ENSMUSG00000089713.1	0
ENSMUSG00000089714.1	0.050298
ENSMUSG00000089715.12	93.085103
ENSMUSG00000089716.7	0
ENSMUSG00000089717.2	0
ENSMUSG00000089718.1	0.176213
ENSMUSG00000089719.1	0
ENSMUSG00000089722.2	0.705362
ENSMUSG00000089723.1	0
ENSMUSG00000089724.1	0
ENSMUSG00000089726.2	0.008341
ENSMUSG00000089727.2	0
ENSMUSG00000089728.3	0
ENSMUSG00000089729.1	0
ENSMUSG00000089730.2	0.390182
ENSMUSG00000089731.3	0
ENSMUSG00000089732.5	0
ENSMUSG00000089733.1	0
ENSMUSG00000089735.1	0
ENSMUSG00000089736.2	0.297592
ENSMUSG00000089737.1	0.32504
ENSMUSG00000089739.2	0
ENSMUSG00000089742.1	0
ENSMUSG00000089743.7	0
ENSMUSG00000089744.2	0
ENSMUSG00000089745.1	0
ENSMUSG00000089746.1	0
ENSMUSG00000089748.2	0
ENSMUSG00000089749.1	0
ENSMUSG00000089753.9	0
ENSMUSG00000089754.1	0
ENSMUSG00000089755.1	0
ENSMUSG00000089756.2	0.163903
ENSMUSG00000089759.7	0.161876
ENSMUSG00000089760.1	0.140773
ENSMUSG00000089761.3	0
ENSMUSG00000089762.3	7.512762
ENSMUSG00000089764.2	0.099066
ENSMUSG00000089766.1	0.419095
ENSMUSG00000089767.1	0
ENSMUSG00000089768.2	8.236073
ENSMUSG00000089769.1	0
ENSMUSG00000089771.1	0
ENSMUSG00000089773.7	0
ENSMUSG00000089774.2	1.322667
ENSMUSG00000089775.1	0
ENSMUSG00000089776.1	0
ENSMUSG00000089779.1	0
ENSMUSG00000089780.1	0
ENSMUSG00000089781.2	0
ENSMUSG00000089782.1	0.18157
ENSMUSG00000089783.2	0
ENSMUSG00000089785.2	0
ENSMUSG00000089787.2	0
ENSMUSG00000089789.1	0.007666
ENSMUSG00000089790.1	0
ENSMUSG00000089791.1	0.613766
ENSMUSG00000089792.3	0
ENSMUSG00000089793.1	0
ENSMUSG00000089794.1	0
ENSMUSG00000089795.1	0
ENSMUSG00000089796.1	0
ENSMUSG00000089797.1	0.055665
ENSMUSG00000089798.10	0.022096
ENSMUSG00000089800.1	0
ENSMUSG00000089802.1	0
ENSMUSG00000089803.3	0
ENSMUSG00000089804.2	0
ENSMUSG00000089806.1	0
ENSMUSG00000089807.1	0
ENSMUSG00000089808.3	0
ENSMUSG00000089809.9	22.662423
ENSMUSG00000089810.1	4.364768
ENSMUSG00000089811.2	0
ENSMUSG00000089812.2	0.909227
ENSMUSG00000089814.1	0.183893
ENSMUSG00000089815.7	0.091539
ENSMUSG00000089816.1	0
ENSMUSG00000089817.1	0
ENSMUSG00000089818.1	0.249578
ENSMUSG00000089819.1	0
ENSMUSG00000089820.1	0
ENSMUSG00000089821.1	0
ENSMUSG00000089822.1	0
ENSMUSG00000089824.10	2.14842
ENSMUSG00000089826.1	0
ENSMUSG00000089827.1	0
ENSMUSG00000089828.2	0
ENSMUSG00000089829.2	0.055919
ENSMUSG00000089830.1	0.064341
ENSMUSG00000089831.1	0
ENSMUSG00000089832.8	4.342072
ENSMUSG00000089833.2	0
ENSMUSG00000089834.2	0
ENSMUSG00000089835.1	0
ENSMUSG00000089836.2	0
ENSMUSG00000089837.9	0.879688
ENSMUSG00000089838.1	0.333776
ENSMUSG00000089839.1	0
ENSMUSG00000089840.1	0.24975
ENSMUSG00000089842.2	0
ENSMUSG00000089844.7	0
ENSMUSG00000089847.8	68.652659
ENSMUSG00000089849.1	0
ENSMUSG00000089851.1	0
ENSMUSG00000089854.2	0
ENSMUSG00000089857.9	0.748923
ENSMUSG00000089859.5	0
ENSMUSG00000089861.1	0
ENSMUSG00000089862.8	22.864056
ENSMUSG00000089865.2	0
ENSMUSG00000089866.1	0
ENSMUSG00000089868.1	0
ENSMUSG00000089870.1	0
ENSMUSG00000089871.1	0.061834
ENSMUSG00000089872.10	14.759728
ENSMUSG00000089873.8	0
ENSMUSG00000089874.1	0
ENSMUSG00000089875.2	0.735891
ENSMUSG00000089876.3	0.223354
ENSMUSG00000089877.1	0
ENSMUSG00000089879.1	0
ENSMUSG00000089881.1	0
ENSMUSG00000089883.1	0.298408
ENSMUSG00000089885.2	0
ENSMUSG00000089886.1	0
ENSMUSG00000089887.2	0
ENSMUSG00000089888.1	0
ENSMUSG00000089889.2	9.015532
ENSMUSG00000089890.1	0
ENSMUSG00000089891.1	0
ENSMUSG00000089892.3	0
ENSMUSG00000089893.1	0
ENSMUSG00000089894.2	0
ENSMUSG00000089898.2	0
ENSMUSG00000089900.2	0
ENSMUSG00000089901.1	0.011146
ENSMUSG00000089902.1	0.092011
ENSMUSG00000089904.1	0
ENSMUSG00000089905.1	0
ENSMUSG00000089906.1	0
ENSMUSG00000089907.2	0
ENSMUSG00000089908.1	0
ENSMUSG00000089909.1	0
ENSMUSG00000089910.1	0
ENSMUSG00000089911.4	20.625799
ENSMUSG00000089914.2	0
ENSMUSG00000089916.1	0
ENSMUSG00000089917.7	11.49905
ENSMUSG00000089922.2	0.060825
ENSMUSG00000089924.1	0
ENSMUSG00000089926.1	0
ENSMUSG00000089927.1	0
ENSMUSG00000089929.1	0.648091
ENSMUSG00000089931.1	0
ENSMUSG00000089932.1	0
ENSMUSG00000089933.1	0
ENSMUSG00000089934.1	0
ENSMUSG00000089935.1	0
ENSMUSG00000089936.1	0
ENSMUSG00000089937.1	0
ENSMUSG00000089938.1	0
ENSMUSG00000089940.1	0.020924
ENSMUSG00000089941.1	0.213295
ENSMUSG00000089942.9	0
ENSMUSG00000089943.1	0
ENSMUSG00000089945.13	0.189278
ENSMUSG00000089947.1	0
ENSMUSG00000089948.1	0.22196
ENSMUSG00000089949.2	0
ENSMUSG00000089950.2	0
ENSMUSG00000089951.8	8.24733
ENSMUSG00000089952.1	0
ENSMUSG00000089953.3	0
ENSMUSG00000089956.1	0
ENSMUSG00000089957.2	0.476945
ENSMUSG00000089958.1	0
ENSMUSG00000089959.1	0.085749
ENSMUSG00000089960.1	0
ENSMUSG00000089961.1	0
ENSMUSG00000089963.3	0
ENSMUSG00000089964.1	0
ENSMUSG00000089965.1	0
ENSMUSG00000089966.1	0
ENSMUSG00000089967.1	0
ENSMUSG00000089968.1	0
ENSMUSG00000089972.3	0
ENSMUSG00000089973.3	0
ENSMUSG00000089975.2	0
ENSMUSG00000089976.1	0
ENSMUSG00000089978.1	0
ENSMUSG00000089982.7	0
ENSMUSG00000089983.2	0.256895
ENSMUSG00000089984.7	0.084724
ENSMUSG00000089987.2	0
ENSMUSG00000089988.2	0.139396
ENSMUSG00000089989.10	0
ENSMUSG00000089990.1	0.493369
ENSMUSG00000089991.2	0
ENSMUSG00000089992.3	0
ENSMUSG00000089993.1	0.023325
ENSMUSG00000089994.1	0
ENSMUSG00000089995.2	0
ENSMUSG00000089996.6	15.201272
ENSMUSG00000089997.2	0.315746
ENSMUSG00000089998.2	0.123106
ENSMUSG00000089999.1	0.105981
ENSMUSG00000090000.2	36.916888
ENSMUSG00000090001.1	0
ENSMUSG00000090002.1	0.719106
ENSMUSG00000090003.1	0
ENSMUSG00000090004.1	0
ENSMUSG00000090005.1	0
ENSMUSG00000090006.1	0
ENSMUSG00000090007.1	0
ENSMUSG00000090008.1	0
ENSMUSG00000090009.1	0
ENSMUSG00000090012.1	0
ENSMUSG00000090013.1	0
ENSMUSG00000090015.8	0.615802
ENSMUSG00000090016.1	0
ENSMUSG00000090017.1	0
ENSMUSG00000090019.5	0.909348
ENSMUSG00000090021.2	0
ENSMUSG00000090023.1	0
ENSMUSG00000090024.1	0
ENSMUSG00000090026.1	0
ENSMUSG00000090027.1	0
ENSMUSG00000090030.1	0
ENSMUSG00000090031.2	0.144065
ENSMUSG00000090033.1	0
ENSMUSG00000090034.1	0.089978
ENSMUSG00000090035.3	0.553285
ENSMUSG00000090036.1	0
ENSMUSG00000090038.7	0
ENSMUSG00000090039.1	0.059292
ENSMUSG00000090040.1	0
ENSMUSG00000090041.1	0.192798
ENSMUSG00000090042.1	0
ENSMUSG00000090043.1	0
ENSMUSG00000090044.1	0
ENSMUSG00000090047.1	0
ENSMUSG00000090048.1	0
ENSMUSG00000090050.1	1.750525
ENSMUSG00000090051.1	0
ENSMUSG00000090053.9	1.930047
ENSMUSG00000090054.1	0
ENSMUSG00000090057.1	0
ENSMUSG00000090059.4	0
ENSMUSG00000090061.9	3.881993
ENSMUSG00000090062.2	0
ENSMUSG00000090063.6	1.991915
ENSMUSG00000090066.2	0.011718
ENSMUSG00000090067.1	0
ENSMUSG00000090069.2	0.906476
ENSMUSG00000090070.1	0
ENSMUSG00000090071.4	156.815378
ENSMUSG00000090073.1	0
ENSMUSG00000090074.1	0
ENSMUSG00000090075.1	2.807315
ENSMUSG00000090077.9	2.662712
ENSMUSG00000090078.2	0
ENSMUSG00000090079.1	0
ENSMUSG00000090080.2	0
ENSMUSG00000090081.1	0
ENSMUSG00000090083.11	15.142572
ENSMUSG00000090084.7	0.036543
ENSMUSG00000090086.7	1.754565
ENSMUSG00000090087.1	0.014221
ENSMUSG00000090088.1	0.160582
ENSMUSG00000090089.3	0
ENSMUSG00000090090.1	0
ENSMUSG00000090093.8	3.4669
ENSMUSG00000090095.1	0
ENSMUSG00000090097.8	0
ENSMUSG00000090098.7	0.032824
ENSMUSG00000090099.2	0
ENSMUSG00000090100.7	4.027802
ENSMUSG00000090101.1	10.787161
ENSMUSG00000090102.1	0
ENSMUSG00000090103.1	0.332368
ENSMUSG00000090104.1	0
ENSMUSG00000090105.2	0.09445
ENSMUSG00000090106.1	0
ENSMUSG00000090109.1	0
ENSMUSG00000090110.8	4.763831
ENSMUSG00000090111.1	0
ENSMUSG00000090112.8	1.103
ENSMUSG00000090113.7	0.185344
ENSMUSG00000090114.1	0.2487
ENSMUSG00000090115.7	1.07392
ENSMUSG00000090116.1	0
ENSMUSG00000090117.7	0
ENSMUSG00000090118.1	0.031088
ENSMUSG00000090119.1	0
ENSMUSG00000090120.1	0
ENSMUSG00000090121.10	0.048462
ENSMUSG00000090122.3	9.618167
ENSMUSG00000090124.7	0.013322
ENSMUSG00000090125.3	13.154118
ENSMUSG00000090126.1	0
ENSMUSG00000090128.1	0
ENSMUSG00000090129.10	1.050523
ENSMUSG00000090131.1	0
ENSMUSG00000090132.2	0
ENSMUSG00000090135.1	0
ENSMUSG00000090136.4	0.841047
ENSMUSG00000090137.8	1740.156412
ENSMUSG00000090138.2	0
ENSMUSG00000090141.1	0
ENSMUSG00000090142.2	0.297514
ENSMUSG00000090145.7	0.074006
ENSMUSG00000090146.1	0
ENSMUSG00000090147.1	0
ENSMUSG00000090150.10	5.523228
ENSMUSG00000090151.1	0.063757
ENSMUSG00000090152.1	0
ENSMUSG00000090157.7	0.121071
ENSMUSG00000090159.1	0
ENSMUSG00000090160.1	0
ENSMUSG00000090162.1	0
ENSMUSG00000090163.1	0
ENSMUSG00000090164.8	0.624319
ENSMUSG00000090165.8	0
ENSMUSG00000090166.2	0
ENSMUSG00000090168.1	0
ENSMUSG00000090171.1	0
ENSMUSG00000090173.8	0.119299
ENSMUSG00000090174.1	0
ENSMUSG00000090175.1	0
ENSMUSG00000090176.1	0.124667
ENSMUSG00000090179.1	0
ENSMUSG00000090180.1	0
ENSMUSG00000090185.1	0
ENSMUSG00000090186.7	0
ENSMUSG00000090188.1	0
ENSMUSG00000090191.1	0
ENSMUSG00000090192.1	0
ENSMUSG00000090193.1	0
ENSMUSG00000090194.1	0
ENSMUSG00000090197.1	0
ENSMUSG00000090199.1	0
ENSMUSG00000090200.1	0
ENSMUSG00000090202.1	0
ENSMUSG00000090203.2	0
ENSMUSG00000090206.8	1.079721
ENSMUSG00000090207.2	0.189571
ENSMUSG00000090208.1	0
ENSMUSG00000090210.7	0.092278
ENSMUSG00000090211.3	0.012255
ENSMUSG00000090212.1	0
ENSMUSG00000090213.1	37.936282
ENSMUSG00000090214.8	0
ENSMUSG00000090215.9	0.147616
ENSMUSG00000090216.1	0
ENSMUSG00000090217.1	0
ENSMUSG00000090219.3	0
ENSMUSG00000090220.1	0
ENSMUSG00000090222.2	0.011776
ENSMUSG00000090223.2	578.291069
ENSMUSG00000090224.1	0
ENSMUSG00000090225.1	0
ENSMUSG00000090226.1	0
ENSMUSG00000090227.1	0
ENSMUSG00000090228.1	0
ENSMUSG00000090230.1	0.046213
ENSMUSG00000090231.10	0
ENSMUSG00000090232.1	0
ENSMUSG00000090235.1	0.482133
ENSMUSG00000090236.3	2.725799
ENSMUSG00000090237.1	0
ENSMUSG00000090242.1	0
ENSMUSG00000090243.1	0
ENSMUSG00000090244.1	0
ENSMUSG00000090246.1	0
ENSMUSG00000090247.7	212.251637
ENSMUSG00000090248.1	0
ENSMUSG00000090249.9	0
ENSMUSG00000090252.1	0
ENSMUSG00000090254.7	0
ENSMUSG00000090255.7	0
ENSMUSG00000090256.1	0
ENSMUSG00000090257.1	0.08511
ENSMUSG00000090258.7	98.132062
ENSMUSG00000090259.1	0
ENSMUSG00000090260.1	0.316628
ENSMUSG00000090263.1	0
ENSMUSG00000090264.1	0
ENSMUSG00000090265.1	0
ENSMUSG00000090266.10	20.466998
ENSMUSG00000090268.1	0
ENSMUSG00000090270.1	0
ENSMUSG00000090272.9	0.075758
ENSMUSG00000090273.3	0.19105
ENSMUSG00000090277.1	0
ENSMUSG00000090284.2	0
ENSMUSG00000090290.2	0.293456
ENSMUSG00000090291.3	15.302275
ENSMUSG00000090292.1	0
ENSMUSG00000090293.1	0
ENSMUSG00000090298.2	0
ENSMUSG00000090300.1	0
ENSMUSG00000090302.1	0
ENSMUSG00000090303.3	0
ENSMUSG00000090304.4	0
ENSMUSG00000090305.2	0
ENSMUSG00000090306.5	0
ENSMUSG00000090307.7	0
ENSMUSG00000090308.2	0
ENSMUSG00000090314.2	0
ENSMUSG00000090315.2	0
ENSMUSG00000090317.1	0.07519
ENSMUSG00000090318.1	0
ENSMUSG00000090319.2	0.023932
ENSMUSG00000090322.1	0
ENSMUSG00000090323.2	0
ENSMUSG00000090326.2	0
ENSMUSG00000090327.1	0
ENSMUSG00000090328.1	0
ENSMUSG00000090329.1	0
ENSMUSG00000090330.2	5.319312
ENSMUSG00000090331.1	0.231233
ENSMUSG00000090332.1	0
ENSMUSG00000090333.1	0
ENSMUSG00000090334.1	0
ENSMUSG00000090336.5	1.187493
ENSMUSG00000090338.2	0.051998
ENSMUSG00000090341.1	0
ENSMUSG00000090342.2	0
ENSMUSG00000090346.2	0
ENSMUSG00000090350.1	0
ENSMUSG00000090351.1	0
ENSMUSG00000090352.3	0
ENSMUSG00000090353.2	0
ENSMUSG00000090355.3	0
ENSMUSG00000090356.2	0.310851
ENSMUSG00000090357.1	0
ENSMUSG00000090358.1	0.010251
ENSMUSG00000090362.2	0
ENSMUSG00000090363.8	0.59353
ENSMUSG00000090364.1	0
ENSMUSG00000090365.1	0
ENSMUSG00000090369.3	0.046572
ENSMUSG00000090370.4	0
ENSMUSG00000090374.1	0
ENSMUSG00000090379.1	0
ENSMUSG00000090381.2	0
ENSMUSG00000090383.2	0
ENSMUSG00000090385.1	0
ENSMUSG00000090386.10	0.800917
ENSMUSG00000090387.1	0
ENSMUSG00000090389.2	0
ENSMUSG00000090394.8	0.547581
ENSMUSG00000090395.1	0
ENSMUSG00000090396.1	0
ENSMUSG00000090397.1	0
ENSMUSG00000090404.7	0
ENSMUSG00000090406.1	0
ENSMUSG00000090408.1	0
ENSMUSG00000090411.2	0
ENSMUSG00000090417.4	0
ENSMUSG00000090427.1	0.087212
ENSMUSG00000090429.3	0
ENSMUSG00000090436.2	0
ENSMUSG00000090439.3	0.50781
ENSMUSG00000090440.2	0
ENSMUSG00000090441.2	0
ENSMUSG00000090448.1	0
ENSMUSG00000090449.1	0
ENSMUSG00000090451.1	0.036406
ENSMUSG00000090455.2	0
ENSMUSG00000090457.3	0
ENSMUSG00000090458.1	0
ENSMUSG00000090459.1	0
ENSMUSG00000090460.3	0
ENSMUSG00000090461.2	0
ENSMUSG00000090462.7	0
ENSMUSG00000090464.1	0
ENSMUSG00000090465.1	0
ENSMUSG00000090466.1	0
ENSMUSG00000090467.3	0
ENSMUSG00000090468.3	0
ENSMUSG00000090470.2	0.051246
ENSMUSG00000090471.2	0
ENSMUSG00000090472.8	0
ENSMUSG00000090474.3	0
ENSMUSG00000090475.1	0
ENSMUSG00000090476.1	0
ENSMUSG00000090478.1	0
ENSMUSG00000090481.1	0
ENSMUSG00000090482.3	0
ENSMUSG00000090485.2	0
ENSMUSG00000090486.2	1.194062
ENSMUSG00000090487.8	0
ENSMUSG00000090489.3	0
ENSMUSG00000090494.1	0
ENSMUSG00000090497.2	0
ENSMUSG00000090500.1	0
ENSMUSG00000090505.2	0
ENSMUSG00000090509.2	0.118626
ENSMUSG00000090512.8	0.051506
ENSMUSG00000090515.2	0
ENSMUSG00000090516.1	0.471583
ENSMUSG00000090519.1	0
ENSMUSG00000090523.2	1.09097
ENSMUSG00000090527.2	0
ENSMUSG00000090533.2	0.463348
ENSMUSG00000090534.1	0.248159
ENSMUSG00000090535.1	0
ENSMUSG00000090538.2	0
ENSMUSG00000090539.8	0
ENSMUSG00000090544.3	0
ENSMUSG00000090546.2	0
ENSMUSG00000090547.1	0
ENSMUSG00000090549.2	0
ENSMUSG00000090550.2	0.721432
ENSMUSG00000090552.1	0
ENSMUSG00000090553.8	100.918428
ENSMUSG00000090555.1	0.219882
ENSMUSG00000090556.5	0
ENSMUSG00000090558.1	0
ENSMUSG00000090559.1	0
ENSMUSG00000090561.2	0
ENSMUSG00000090564.9	0.292597
ENSMUSG00000090565.7	0
ENSMUSG00000090570.1	0
ENSMUSG00000090572.2	0
ENSMUSG00000090574.1	0
ENSMUSG00000090576.2	0.012097
ENSMUSG00000090577.1	0
ENSMUSG00000090578.1	0
ENSMUSG00000090581.9	0
ENSMUSG00000090582.1	0
ENSMUSG00000090584.1	0
ENSMUSG00000090585.8	0.044211
ENSMUSG00000090588.2	0
ENSMUSG00000090589.1	0
ENSMUSG00000090592.2	0
ENSMUSG00000090594.1	0
ENSMUSG00000090598.1	0
ENSMUSG00000090602.3	0
ENSMUSG00000090603.1	0
ENSMUSG00000090607.1	0
ENSMUSG00000090608.1	0
ENSMUSG00000090610.3	0.264261
ENSMUSG00000090618.1	0
ENSMUSG00000090619.2	0
ENSMUSG00000090622.1	1.655713
ENSMUSG00000090623.3	0
ENSMUSG00000090624.1	0
ENSMUSG00000090625.1	6.344278
ENSMUSG00000090626.9	1.175962
ENSMUSG00000090627.8	0.030989
ENSMUSG00000090628.1	0
ENSMUSG00000090629.2	0
ENSMUSG00000090631.3	0
ENSMUSG00000090634.1	0.035305
ENSMUSG00000090635.1	0
ENSMUSG00000090636.1	0
ENSMUSG00000090637.2	0
ENSMUSG00000090638.1	0
ENSMUSG00000090641.2	0.384307
ENSMUSG00000090642.2	0
ENSMUSG00000090643.8	0.462175
ENSMUSG00000090655.2	0
ENSMUSG00000090657.1	0
ENSMUSG00000090658.7	0
ENSMUSG00000090659.9	0.501771
ENSMUSG00000090660.1	0
ENSMUSG00000090662.3	0
ENSMUSG00000090665.2	0
ENSMUSG00000090667.2	0.559388
ENSMUSG00000090671.1	0.49403
ENSMUSG00000090674.1	0
ENSMUSG00000090675.2	0
ENSMUSG00000090681.1	0
ENSMUSG00000090682.4	0
ENSMUSG00000090684.1	0
ENSMUSG00000090685.1	0.055445
ENSMUSG00000090688.2	0
ENSMUSG00000090690.1	0
ENSMUSG00000090691.3	0.199468
ENSMUSG00000090692.1	0
ENSMUSG00000090693.4	0.093177
ENSMUSG00000090698.2	0.702496
ENSMUSG00000090699.1	0
ENSMUSG00000090700.2	0
ENSMUSG00000090701.1	0
ENSMUSG00000090704.2	0.085317
ENSMUSG00000090706.1	0
ENSMUSG00000090707.8	0.033039
ENSMUSG00000090708.1	0
ENSMUSG00000090709.2	0.010415
ENSMUSG00000090710.3	0
ENSMUSG00000090713.2	0
ENSMUSG00000090714.10	0
ENSMUSG00000090715.2	0
ENSMUSG00000090716.2	0
ENSMUSG00000090718.1	0
ENSMUSG00000090722.8	0
ENSMUSG00000090724.1	0
ENSMUSG00000090726.4	0
ENSMUSG00000090727.2	0
ENSMUSG00000090728.1	0
ENSMUSG00000090731.1	0
ENSMUSG00000090732.1	0
ENSMUSG00000090733.6	2376.881124
ENSMUSG00000090736.1	0
ENSMUSG00000090737.1	0
ENSMUSG00000090738.2	0
ENSMUSG00000090740.2	0
ENSMUSG00000090742.1	0
ENSMUSG00000090743.1	0
ENSMUSG00000090744.7	0
ENSMUSG00000090747.3	0
ENSMUSG00000090750.1	0
ENSMUSG00000090751.2	0
ENSMUSG00000090753.1	0.129705
ENSMUSG00000090758.1	0
ENSMUSG00000090761.1	0
ENSMUSG00000090762.2	0
ENSMUSG00000090764.8	0
ENSMUSG00000090765.1	0
ENSMUSG00000090772.1	0
ENSMUSG00000090773.3	0
ENSMUSG00000090774.2	0
ENSMUSG00000090777.2	0
ENSMUSG00000090778.1	0.10811
ENSMUSG00000090779.1	0.050184
ENSMUSG00000090781.2	0
ENSMUSG00000090782.1	0
ENSMUSG00000090785.1	0.033505
ENSMUSG00000090788.2	0
ENSMUSG00000090790.2	0
ENSMUSG00000090793.2	0
ENSMUSG00000090795.1	0
ENSMUSG00000090796.1	0
ENSMUSG00000090798.1	0
ENSMUSG00000090799.2	2.436692
ENSMUSG00000090801.1	0
ENSMUSG00000090802.2	0
ENSMUSG00000090806.2	0
ENSMUSG00000090808.3	0
ENSMUSG00000090812.8	0.705648
ENSMUSG00000090816.1	0
ENSMUSG00000090817.7	0
ENSMUSG00000090818.1	0
ENSMUSG00000090821.1	0
ENSMUSG00000090824.2	0.748935
ENSMUSG00000090827.8	0
ENSMUSG00000090839.1	0
ENSMUSG00000090840.2	0
ENSMUSG00000090841.2	1023.508143
ENSMUSG00000090843.2	0
ENSMUSG00000090849.3	0
ENSMUSG00000090853.1	0
ENSMUSG00000090854.9	0
ENSMUSG00000090855.1	0
ENSMUSG00000090860.1	0
ENSMUSG00000090861.1	0
ENSMUSG00000090862.3	565.878727
ENSMUSG00000090863.1	0.111215
ENSMUSG00000090864.11	0
ENSMUSG00000090865.2	0
ENSMUSG00000090868.2	0
ENSMUSG00000090872.8	0
ENSMUSG00000090873.1	0
ENSMUSG00000090874.2	0
ENSMUSG00000090877.3	3.242431
ENSMUSG00000090881.3	0
ENSMUSG00000090882.1	0
ENSMUSG00000090889.1	0
ENSMUSG00000090891.3	0
ENSMUSG00000090892.2	0
ENSMUSG00000090894.4	0
ENSMUSG00000090897.2	0
ENSMUSG00000090900.1	0
ENSMUSG00000090907.1	0.187723
ENSMUSG00000090919.6	0.050022
ENSMUSG00000090925.2	0
ENSMUSG00000090927.1	0
ENSMUSG00000090935.10	4.990312
ENSMUSG00000090936.2	0.060988
ENSMUSG00000090939.1	0
ENSMUSG00000090941.1	0
ENSMUSG00000090942.1	0
ENSMUSG00000090946.3	3.889221
ENSMUSG00000090947.1	0
ENSMUSG00000090949.2	0.005257
ENSMUSG00000090951.4	0
ENSMUSG00000090952.2	3.444877
ENSMUSG00000090955.1	0
ENSMUSG00000090957.2	0
ENSMUSG00000090958.2	0.926603
ENSMUSG00000090961.2	0
ENSMUSG00000090963.2	0.188398
ENSMUSG00000090964.1	0
ENSMUSG00000090965.1	0
ENSMUSG00000090966.2	0
ENSMUSG00000090967.3	0
ENSMUSG00000090968.2	0
ENSMUSG00000090975.1	0
ENSMUSG00000090981.6	0
ENSMUSG00000090989.1	0
ENSMUSG00000090990.1	0
ENSMUSG00000090991.1	0
ENSMUSG00000090994.1	0
ENSMUSG00000090996.1	1.582677
ENSMUSG00000091002.2	3.783443
ENSMUSG00000091003.2	0.200074
ENSMUSG00000091004.2	0
ENSMUSG00000091005.1	0
ENSMUSG00000091006.3	0
ENSMUSG00000091007.1	0.183543
ENSMUSG00000091008.1	0
ENSMUSG00000091010.1	0
ENSMUSG00000091011.1	0
ENSMUSG00000091012.2	0
ENSMUSG00000091013.3	0
ENSMUSG00000091014.3	0
ENSMUSG00000091016.1	0
ENSMUSG00000091017.1	0
ENSMUSG00000091019.1	0
ENSMUSG00000091020.3	0.176126
ENSMUSG00000091021.1	0
ENSMUSG00000091022.8	0
ENSMUSG00000091027.1	0
ENSMUSG00000091028.1	0
ENSMUSG00000091031.1	0
ENSMUSG00000091034.8	1.858703
ENSMUSG00000091037.1	0
ENSMUSG00000091039.2	0
ENSMUSG00000091040.1	0
ENSMUSG00000091041.1	0
ENSMUSG00000091043.2	0
ENSMUSG00000091045.9	0
ENSMUSG00000091048.1	0
ENSMUSG00000091049.8	0
ENSMUSG00000091050.1	0.568842
ENSMUSG00000091055.2	0.028612
ENSMUSG00000091058.2	0
ENSMUSG00000091059.2	0
ENSMUSG00000091060.2	0
ENSMUSG00000091061.1	0
ENSMUSG00000091071.2	0
ENSMUSG00000091076.2	0
ENSMUSG00000091077.3	0
ENSMUSG00000091078.1	0
ENSMUSG00000091079.1	0
ENSMUSG00000091080.2	0
ENSMUSG00000091083.4	0.073409
ENSMUSG00000091086.2	0.568216
ENSMUSG00000091087.2	0
ENSMUSG00000091091.2	0
ENSMUSG00000091096.1	0
ENSMUSG00000091099.1	0
ENSMUSG00000091101.2	0
ENSMUSG00000091102.1	0
ENSMUSG00000091105.1	0.151178
ENSMUSG00000091109.1	0
ENSMUSG00000091110.1	0
ENSMUSG00000091114.1	0
ENSMUSG00000091116.1	0.067588
ENSMUSG00000091117.1	0
ENSMUSG00000091119.2	0.170511
ENSMUSG00000091122.8	0
ENSMUSG00000091123.1	0
ENSMUSG00000091129.3	0.093825
ENSMUSG00000091131.1	0
ENSMUSG00000091132.1	0
ENSMUSG00000091133.1	0.066861
ENSMUSG00000091135.1	0
ENSMUSG00000091140.1	0
ENSMUSG00000091142.1	0
ENSMUSG00000091144.2	0.043865
ENSMUSG00000091146.1	0
ENSMUSG00000091147.1	0
ENSMUSG00000091148.7	0
ENSMUSG00000091149.1	0
ENSMUSG00000091151.2	0
ENSMUSG00000091154.2	0.973329
ENSMUSG00000091155.1	0.068603
ENSMUSG00000091157.1	0
ENSMUSG00000091159.1	0
ENSMUSG00000091160.1	0
ENSMUSG00000091163.4	0
ENSMUSG00000091165.1	0
ENSMUSG00000091172.1	0
ENSMUSG00000091174.1	0
ENSMUSG00000091175.2	0
ENSMUSG00000091177.2	1.21396
ENSMUSG00000091183.5	0.234829
ENSMUSG00000091184.1	0.08168
ENSMUSG00000091185.1	0
ENSMUSG00000091189.1	0
ENSMUSG00000091191.2	0.920813
ENSMUSG00000091192.1	0
ENSMUSG00000091193.2	0
ENSMUSG00000091194.1	0
ENSMUSG00000091195.1	0
ENSMUSG00000091198.2	0
ENSMUSG00000091199.10	0
ENSMUSG00000091204.8	0.245039
ENSMUSG00000091205.3	0
ENSMUSG00000091206.2	0
ENSMUSG00000091212.1	0
ENSMUSG00000091215.3	0
ENSMUSG00000091216.2	0
ENSMUSG00000091221.1	0
ENSMUSG00000091223.2	0
ENSMUSG00000091227.1	0
ENSMUSG00000091228.1	153.64861
ENSMUSG00000091230.1	0.057255
ENSMUSG00000091233.3	0
ENSMUSG00000091237.1	0
ENSMUSG00000091238.1	0
ENSMUSG00000091239.2	0
ENSMUSG00000091243.2	0.3896
ENSMUSG00000091248.1	0
ENSMUSG00000091255.1	0
ENSMUSG00000091259.2	0
ENSMUSG00000091260.1	0
ENSMUSG00000091264.3	40.445396
ENSMUSG00000091268.2	0
ENSMUSG00000091269.2	1.684808
ENSMUSG00000091272.2	0.038714
ENSMUSG00000091273.1	0
ENSMUSG00000091275.1	0.363864
ENSMUSG00000091277.2	0
ENSMUSG00000091280.1	0
ENSMUSG00000091281.1	0
ENSMUSG00000091283.1	0
ENSMUSG00000091285.2	0
ENSMUSG00000091286.1	0
ENSMUSG00000091288.1	0
ENSMUSG00000091289.1	0
ENSMUSG00000091290.1	0
ENSMUSG00000091292.1	0
ENSMUSG00000091293.1	0
ENSMUSG00000091296.2	0
ENSMUSG00000091297.2	0
ENSMUSG00000091304.2	0
ENSMUSG00000091305.1	0
ENSMUSG00000091306.2	0
ENSMUSG00000091307.1	0
ENSMUSG00000091311.3	0
ENSMUSG00000091312.1	0
ENSMUSG00000091313.1	0
ENSMUSG00000091315.1	0
ENSMUSG00000091318.2	0
ENSMUSG00000091325.2	0
ENSMUSG00000091326.1	0
ENSMUSG00000091329.2	0.41311
ENSMUSG00000091336.1	0
ENSMUSG00000091337.3	215.195352
ENSMUSG00000091345.9	0.021524
ENSMUSG00000091347.2	0
ENSMUSG00000091350.2	0
ENSMUSG00000091351.1	0.072279
ENSMUSG00000091355.1	0
ENSMUSG00000091358.2	0.035544
ENSMUSG00000091361.2	0
ENSMUSG00000091363.1	0
ENSMUSG00000091366.1	0.039337
ENSMUSG00000091367.1	1.300393
ENSMUSG00000091368.1	0
ENSMUSG00000091370.1	0.190837
ENSMUSG00000091373.4	0
ENSMUSG00000091375.2	0
ENSMUSG00000091376.1	0
ENSMUSG00000091378.1	0.0285
ENSMUSG00000091381.3	0
ENSMUSG00000091382.2	0.001982
ENSMUSG00000091383.2	17.731923
ENSMUSG00000091386.2	0
ENSMUSG00000091387.2	0.781762
ENSMUSG00000091390.1	0
ENSMUSG00000091393.1	0
ENSMUSG00000091396.2	0
ENSMUSG00000091400.1	0
ENSMUSG00000091401.1	0
ENSMUSG00000091402.7	0.268926
ENSMUSG00000091404.1	0
ENSMUSG00000091405.2	0.173521
ENSMUSG00000091407.2	0
ENSMUSG00000091408.3	0.031543
ENSMUSG00000091410.1	0
ENSMUSG00000091411.1	0
ENSMUSG00000091412.1	0.018573
ENSMUSG00000091415.5	0.016503
ENSMUSG00000091416.2	0
ENSMUSG00000091418.2	0.312268
ENSMUSG00000091419.2	0
ENSMUSG00000091421.3	1.306913
ENSMUSG00000091422.8	0
ENSMUSG00000091423.2	0.178852
ENSMUSG00000091425.1	0
ENSMUSG00000091426.1	0.084161
ENSMUSG00000091429.1	0
ENSMUSG00000091430.1	0
ENSMUSG00000091435.1	0
ENSMUSG00000091438.1	0
ENSMUSG00000091441.1	0
ENSMUSG00000091442.1	0
ENSMUSG00000091443.1	0
ENSMUSG00000091449.3	1.560714
ENSMUSG00000091450.2	0
ENSMUSG00000091453.2	0
ENSMUSG00000091455.4	0.022843
ENSMUSG00000091457.1	0
ENSMUSG00000091459.1	0
ENSMUSG00000091460.2	0.406088
ENSMUSG00000091462.2	0
ENSMUSG00000091466.1	0
ENSMUSG00000091468.3	0
ENSMUSG00000091470.1	0
ENSMUSG00000091471.1	0
ENSMUSG00000091472.2	1.343077
ENSMUSG00000091474.2	1.303589
ENSMUSG00000091475.4	32.369955
ENSMUSG00000091476.8	0.260243
ENSMUSG00000091477.1	0
ENSMUSG00000091478.2	2.092902
ENSMUSG00000091479.1	0.685578
ENSMUSG00000091481.1	0
ENSMUSG00000091483.1	0
ENSMUSG00000091486.1	0
ENSMUSG00000091487.1	0
ENSMUSG00000091490.3	0.022999
ENSMUSG00000091491.2	0
ENSMUSG00000091492.1	0.138853
ENSMUSG00000091494.8	0
ENSMUSG00000091496.1	0
ENSMUSG00000091497.1	0
ENSMUSG00000091498.4	53.417003
ENSMUSG00000091504.2	0
ENSMUSG00000091507.1	0
ENSMUSG00000091509.7	3.455648
ENSMUSG00000091510.4	1.653534
ENSMUSG00000091511.3	0
ENSMUSG00000091512.5	37.798014
ENSMUSG00000091514.2	1.214671
ENSMUSG00000091515.5	0
ENSMUSG00000091519.1	0.066167
ENSMUSG00000091523.1	0.032382
ENSMUSG00000091526.2	0
ENSMUSG00000091528.9	0
ENSMUSG00000091530.2	0.116896
ENSMUSG00000091531.2	0
ENSMUSG00000091534.2	0
ENSMUSG00000091537.2	182.747548
ENSMUSG00000091539.2	0
ENSMUSG00000091541.2	0
ENSMUSG00000091542.1	0
ENSMUSG00000091548.2	0
ENSMUSG00000091549.1	1.702516
ENSMUSG00000091550.1	0
ENSMUSG00000091552.2	0
ENSMUSG00000091553.1	1.52316
ENSMUSG00000091556.8	0.214976
ENSMUSG00000091557.2	0
ENSMUSG00000091558.1	0
ENSMUSG00000091561.3	0
ENSMUSG00000091563.8	0.853006
ENSMUSG00000091568.8	0.228155
ENSMUSG00000091569.1	0
ENSMUSG00000091570.1	0.028612
ENSMUSG00000091572.9	0
ENSMUSG00000091573.1	0
ENSMUSG00000091575.2	0
ENSMUSG00000091577.2	0
ENSMUSG00000091583.1	0
ENSMUSG00000091584.1	0
ENSMUSG00000091586.2	2.501783
ENSMUSG00000091587.1	0
ENSMUSG00000091594.2	0
ENSMUSG00000091595.1	0
ENSMUSG00000091601.3	0
ENSMUSG00000091604.2	0.410529
ENSMUSG00000091605.2	0
ENSMUSG00000091606.2	0
ENSMUSG00000091613.1	0
ENSMUSG00000091614.2	0.062999
ENSMUSG00000091615.2	0
ENSMUSG00000091617.8	0
ENSMUSG00000091618.3	0
ENSMUSG00000091620.3	0
ENSMUSG00000091623.2	0.45679
ENSMUSG00000091624.2	0
ENSMUSG00000091625.8	30.903864
ENSMUSG00000091627.1	0
ENSMUSG00000091631.2	0
ENSMUSG00000091635.2	0
ENSMUSG00000091636.2	4.746417
ENSMUSG00000091638.2	0
ENSMUSG00000091639.2	4.376564
ENSMUSG00000091648.2	0.269351
ENSMUSG00000091649.3	0.250352
ENSMUSG00000091650.2	0
ENSMUSG00000091651.3	0
ENSMUSG00000091652.2	0
ENSMUSG00000091655.3	0.674728
ENSMUSG00000091656.2	0
ENSMUSG00000091657.1	0
ENSMUSG00000091659.1	0
ENSMUSG00000091661.2	0
ENSMUSG00000091662.9	0
ENSMUSG00000091665.1	0
ENSMUSG00000091668.3	0
ENSMUSG00000091669.1	0
ENSMUSG00000091670.3	0
ENSMUSG00000091671.1	0
ENSMUSG00000091672.2	0
ENSMUSG00000091676.1	0
ENSMUSG00000091679.9	0
ENSMUSG00000091680.3	0.05939
ENSMUSG00000091682.2	0
ENSMUSG00000091685.6	0.034123
ENSMUSG00000091686.1	0
ENSMUSG00000091692.2	0
ENSMUSG00000091694.9	0
ENSMUSG00000091695.2	0
ENSMUSG00000091697.2	0.161451
ENSMUSG00000091698.8	0
ENSMUSG00000091700.7	0
ENSMUSG00000091703.2	0
ENSMUSG00000091705.8	2.436486
ENSMUSG00000091707.1	0
ENSMUSG00000091709.1	0
ENSMUSG00000091712.2	1.274237
ENSMUSG00000091713.1	0
ENSMUSG00000091718.1	0
ENSMUSG00000091721.4	0
ENSMUSG00000091722.2	1.500364
ENSMUSG00000091723.2	0
ENSMUSG00000091725.8	0
ENSMUSG00000091730.1	0
ENSMUSG00000091731.1	0
ENSMUSG00000091732.1	0
ENSMUSG00000091733.1	0.159294
ENSMUSG00000091734.2	0
ENSMUSG00000091735.2	12.777995
ENSMUSG00000091736.3	0.207988
ENSMUSG00000091740.3	0
ENSMUSG00000091741.1	0
ENSMUSG00000091742.2	0.162528
ENSMUSG00000091743.2	0
ENSMUSG00000091745.1	0
ENSMUSG00000091749.7	0
ENSMUSG00000091752.2	0
ENSMUSG00000091754.8	2.682273
ENSMUSG00000091756.1	0.48782
ENSMUSG00000091757.1	0
ENSMUSG00000091762.1	0
ENSMUSG00000091764.3	0.387341
ENSMUSG00000091768.1	0
ENSMUSG00000091771.1	0
ENSMUSG00000091775.2	0
ENSMUSG00000091776.1	0
ENSMUSG00000091779.8	0
ENSMUSG00000091780.3	24.931593
ENSMUSG00000091784.2	0
ENSMUSG00000091785.2	0.297521
ENSMUSG00000091786.1	0
ENSMUSG00000091788.3	0
ENSMUSG00000091792.1	0
ENSMUSG00000091794.3	0
ENSMUSG00000091800.2	0
ENSMUSG00000091803.7	51.298789
ENSMUSG00000091805.2	0
ENSMUSG00000091806.1	0
ENSMUSG00000091808.1	0
ENSMUSG00000091809.4	0
ENSMUSG00000091811.2	32.663307
ENSMUSG00000091812.1	0
ENSMUSG00000091813.4	0
ENSMUSG00000091814.1	0
ENSMUSG00000091815.1	0
ENSMUSG00000091816.1	0
ENSMUSG00000091817.1	0
ENSMUSG00000091818.3	0
ENSMUSG00000091821.1	0
ENSMUSG00000091825.1	0
ENSMUSG00000091827.2	0
ENSMUSG00000091831.5	0.021971
ENSMUSG00000091832.1	0
ENSMUSG00000091834.2	0
ENSMUSG00000091842.2	0
ENSMUSG00000091844.2	0
ENSMUSG00000091845.1	7.167626
ENSMUSG00000091847.1	0
ENSMUSG00000091849.7	0
ENSMUSG00000091859.2	0
ENSMUSG00000091863.2	0
ENSMUSG00000091864.1	2.343609
ENSMUSG00000091866.1	1.681281
ENSMUSG00000091867.2	0
ENSMUSG00000091873.2	0
ENSMUSG00000091874.2	0
ENSMUSG00000091876.1	0
ENSMUSG00000091879.2	0
ENSMUSG00000091881.1	0.139585
ENSMUSG00000091882.8	0.159475
ENSMUSG00000091887.1	0
ENSMUSG00000091888.3	0
ENSMUSG00000091890.2	0.115177
ENSMUSG00000091894.1	0
ENSMUSG00000091896.8	69.878739
ENSMUSG00000091897.1	0
ENSMUSG00000091898.8	5.919501
ENSMUSG00000091900.3	0.162436
ENSMUSG00000091902.1	0
ENSMUSG00000091903.8	0
ENSMUSG00000091905.3	0.363022
ENSMUSG00000091906.2	0
ENSMUSG00000091908.7	0
ENSMUSG00000091911.1	0
ENSMUSG00000091922.1	0
ENSMUSG00000091923.8	0
ENSMUSG00000091924.2	0
ENSMUSG00000091926.3	0
ENSMUSG00000091929.2	0
ENSMUSG00000091930.2	0
ENSMUSG00000091931.5	4.519156
ENSMUSG00000091933.2	0
ENSMUSG00000091936.1	0
ENSMUSG00000091937.3	0
ENSMUSG00000091938.3	0
ENSMUSG00000091941.1	0
ENSMUSG00000091942.1	0
ENSMUSG00000091945.2	0
ENSMUSG00000091947.1	0
ENSMUSG00000091950.3	0
ENSMUSG00000091952.3	0
ENSMUSG00000091955.2	8.346435
ENSMUSG00000091956.2	0.609006
ENSMUSG00000091957.3	89.243101
ENSMUSG00000091960.1	0
ENSMUSG00000091961.1	0
ENSMUSG00000091962.3	0.010096
ENSMUSG00000091967.5	0
ENSMUSG00000091968.1	0.435147
ENSMUSG00000091970.3	0
ENSMUSG00000091971.3	5.010688
ENSMUSG00000091972.2	0.011149
ENSMUSG00000091983.3	0
ENSMUSG00000091985.1	0.528618
ENSMUSG00000091987.8	0
ENSMUSG00000091989.1	0.218268
ENSMUSG00000091990.1	0
ENSMUSG00000091993.2	0
ENSMUSG00000091994.2	1.500447
ENSMUSG00000091995.1	0
ENSMUSG00000091996.8	1.69059
ENSMUSG00000091997.1	0
ENSMUSG00000091998.2	0
ENSMUSG00000092004.1	0
ENSMUSG00000092006.1	0
ENSMUSG00000092008.2	0
ENSMUSG00000092009.1	0.059101
ENSMUSG00000092014.1	0
ENSMUSG00000092019.4	0
ENSMUSG00000092021.8	0
ENSMUSG00000092027.1	0
ENSMUSG00000092029.1	0
ENSMUSG00000092031.1	0
ENSMUSG00000092032.2	0
ENSMUSG00000092035.8	4.403449
ENSMUSG00000092036.2	0.063172
ENSMUSG00000092039.2	0
ENSMUSG00000092040.1	0
ENSMUSG00000092042.1	0.652329
ENSMUSG00000092043.2	0
ENSMUSG00000092045.1	0
ENSMUSG00000092047.1	0
ENSMUSG00000092048.3	0
ENSMUSG00000092049.9	0
ENSMUSG00000092051.2	0
ENSMUSG00000092054.3	0
ENSMUSG00000092055.1	0
ENSMUSG00000092056.2	0
ENSMUSG00000092060.4	0.625062
ENSMUSG00000092066.1	0
ENSMUSG00000092071.1	0.460801
ENSMUSG00000092072.3	1.008769
ENSMUSG00000092073.8	0
ENSMUSG00000092074.2	1.333648
ENSMUSG00000092075.1	0
ENSMUSG00000092077.2	0
ENSMUSG00000092080.2	0
ENSMUSG00000092083.4	0.487078
ENSMUSG00000092085.1	0
ENSMUSG00000092086.2	0
ENSMUSG00000092090.2	0.1247
ENSMUSG00000092092.1	0
ENSMUSG00000092093.1	0
ENSMUSG00000092094.5	0
ENSMUSG00000092097.2	2.862702
ENSMUSG00000092103.2	0.005931
ENSMUSG00000092107.1	0
ENSMUSG00000092109.2	0
ENSMUSG00000092111.2	0
ENSMUSG00000092116.1	0
ENSMUSG00000092118.1	2.6645
ENSMUSG00000092120.2	0
ENSMUSG00000092123.1	0
ENSMUSG00000092124.1	0.237167
ENSMUSG00000092125.1	0
ENSMUSG00000092130.2	0
ENSMUSG00000092131.1	0
ENSMUSG00000092134.1	0
ENSMUSG00000092142.1	0
ENSMUSG00000092144.1	0
ENSMUSG00000092147.1	0
ENSMUSG00000092148.1	0
ENSMUSG00000092152.1	0
ENSMUSG00000092157.1	0
ENSMUSG00000092162.3	0
ENSMUSG00000092164.2	0
ENSMUSG00000092165.9	0
ENSMUSG00000092166.2	0
ENSMUSG00000092167.8	1.11724
ENSMUSG00000092168.1	0
ENSMUSG00000092171.1	0
ENSMUSG00000092172.1	0
ENSMUSG00000092173.1	0
ENSMUSG00000092175.1	0
ENSMUSG00000092176.1	0
ENSMUSG00000092178.2	0.119628
ENSMUSG00000092179.2	0
ENSMUSG00000092181.1	0
ENSMUSG00000092182.1	0
ENSMUSG00000092183.1	0.130897
ENSMUSG00000092184.1	0
ENSMUSG00000092185.1	0
ENSMUSG00000092186.1	0
ENSMUSG00000092187.1	0.83167
ENSMUSG00000092188.1	0
ENSMUSG00000092190.1	0
ENSMUSG00000092191.1	0
ENSMUSG00000092192.7	0.732319
ENSMUSG00000092193.1	0
ENSMUSG00000092195.2	0
ENSMUSG00000092196.2	0
ENSMUSG00000092197.1	0
ENSMUSG00000092199.1	0
ENSMUSG00000092200.2	0
ENSMUSG00000092201.7	0.377312
ENSMUSG00000092202.1	0
ENSMUSG00000092203.7	25.639854
ENSMUSG00000092204.1	0
ENSMUSG00000092208.1	0
ENSMUSG00000092210.1	0.305933
ENSMUSG00000092211.1	0
ENSMUSG00000092212.3	0.021868
ENSMUSG00000092213.1	0
ENSMUSG00000092214.1	0
ENSMUSG00000092216.3	1.029758
ENSMUSG00000092217.2	0
ENSMUSG00000092218.1	0
ENSMUSG00000092219.1	0.301106
ENSMUSG00000092220.1	0.078296
ENSMUSG00000092221.1	0
ENSMUSG00000092223.1	0
ENSMUSG00000092224.2	0
ENSMUSG00000092225.1	0
ENSMUSG00000092227.1	0
ENSMUSG00000092228.1	0
ENSMUSG00000092229.3	0.390664
ENSMUSG00000092230.1	0
ENSMUSG00000092231.1	0
ENSMUSG00000092232.1	0
ENSMUSG00000092233.1	0
ENSMUSG00000092237.2	0
ENSMUSG00000092238.1	0
ENSMUSG00000092239.1	0
ENSMUSG00000092240.1	0
ENSMUSG00000092241.1	0.599775
ENSMUSG00000092242.1	0.042205
ENSMUSG00000092243.8	0
ENSMUSG00000092244.3	0.067992
ENSMUSG00000092245.1	0
ENSMUSG00000092246.2	0
ENSMUSG00000092247.2	0
ENSMUSG00000092248.1	0
ENSMUSG00000092250.1	0
ENSMUSG00000092251.3	0
ENSMUSG00000092253.1	0
ENSMUSG00000092255.1	0
ENSMUSG00000092256.1	0
ENSMUSG00000092257.1	0.128538
ENSMUSG00000092258.2	0
ENSMUSG00000092259.1	0
ENSMUSG00000092260.7	1.113209
ENSMUSG00000092261.1	0
ENSMUSG00000092263.1	0
ENSMUSG00000092264.1	0
ENSMUSG00000092265.2	0
ENSMUSG00000092266.1	0
ENSMUSG00000092268.1	0
ENSMUSG00000092269.1	0
ENSMUSG00000092270.1	0
ENSMUSG00000092271.1	0
ENSMUSG00000092272.1	0
ENSMUSG00000092274.3	2.894832
ENSMUSG00000092275.1	0
ENSMUSG00000092276.2	0
ENSMUSG00000092277.1	0.058607
ENSMUSG00000092278.1	0
ENSMUSG00000092281.1	0
ENSMUSG00000092283.1	0
ENSMUSG00000092284.1	0
ENSMUSG00000092285.1	0
ENSMUSG00000092286.1	0.018865
ENSMUSG00000092287.2	0
ENSMUSG00000092289.1	0
ENSMUSG00000092290.1	0
ENSMUSG00000092292.3	0
ENSMUSG00000092293.1	0
ENSMUSG00000092294.1	0
ENSMUSG00000092295.1	0
ENSMUSG00000092296.1	0
ENSMUSG00000092297.1	0
ENSMUSG00000092298.1	0
ENSMUSG00000092300.7	0.293649
ENSMUSG00000092301.1	0
ENSMUSG00000092303.1	0
ENSMUSG00000092304.2	0
ENSMUSG00000092305.1	0
ENSMUSG00000092306.3	0
ENSMUSG00000092307.1	0
ENSMUSG00000092308.3	0
ENSMUSG00000092309.2	0
ENSMUSG00000092310.2	0
ENSMUSG00000092311.1	0
ENSMUSG00000092312.1	0.189501
ENSMUSG00000092313.1	0
ENSMUSG00000092314.1	0
ENSMUSG00000092316.1	0
ENSMUSG00000092317.1	0
ENSMUSG00000092318.1	0
ENSMUSG00000092322.8	0
ENSMUSG00000092323.1	0
ENSMUSG00000092325.2	0.127466
ENSMUSG00000092326.1	0
ENSMUSG00000092328.1	0
ENSMUSG00000092329.1	15.5901
ENSMUSG00000092330.2	0
ENSMUSG00000092331.1	0
ENSMUSG00000092332.1	0
ENSMUSG00000092335.1	0.022446
ENSMUSG00000092336.1	0
ENSMUSG00000092338.1	0
ENSMUSG00000092339.1	0
ENSMUSG00000092340.3	0
ENSMUSG00000092341.3	35.074407
ENSMUSG00000092342.2	0
ENSMUSG00000092343.1	0
ENSMUSG00000092344.1	0
ENSMUSG00000092345.1	0
ENSMUSG00000092346.1	0
ENSMUSG00000092349.1	0.889074
ENSMUSG00000092350.1	0
ENSMUSG00000092351.1	0
ENSMUSG00000092353.1	0
ENSMUSG00000092354.7	0
ENSMUSG00000092356.2	0
ENSMUSG00000092357.1	0
ENSMUSG00000092358.1	0
ENSMUSG00000092359.1	0
ENSMUSG00000092360.1	0
ENSMUSG00000092362.3	0
ENSMUSG00000092363.1	0
ENSMUSG00000092364.2	0
ENSMUSG00000092365.2	0
ENSMUSG00000092366.2	0
ENSMUSG00000092367.1	0
ENSMUSG00000092368.1	7.07772
ENSMUSG00000092369.1	0
ENSMUSG00000092370.1	0
ENSMUSG00000092371.1	0.299071
ENSMUSG00000092372.3	0
ENSMUSG00000092373.1	0.025676
ENSMUSG00000092374.1	0
ENSMUSG00000092375.1	1.107955
ENSMUSG00000092376.1	0
ENSMUSG00000092377.1	0
ENSMUSG00000092381.1	0.444281
ENSMUSG00000092382.2	0
ENSMUSG00000092383.2	0
ENSMUSG00000092384.7	0.285771
ENSMUSG00000092385.1	0
ENSMUSG00000092386.1	0
ENSMUSG00000092387.1	0
ENSMUSG00000092388.2	0
ENSMUSG00000092389.2	0
ENSMUSG00000092390.1	0
ENSMUSG00000092392.1	0
ENSMUSG00000092393.2	0
ENSMUSG00000092394.1	0
ENSMUSG00000092395.1	0.430705
ENSMUSG00000092396.2	0
ENSMUSG00000092397.7	0.077202
ENSMUSG00000092398.1	0
ENSMUSG00000092399.1	0
ENSMUSG00000092401.3	0
ENSMUSG00000092402.1	0
ENSMUSG00000092404.2	0
ENSMUSG00000092405.1	0.219608
ENSMUSG00000092406.1	0
ENSMUSG00000092408.1	0
ENSMUSG00000092409.1	0
ENSMUSG00000092410.1	0
ENSMUSG00000092411.1	0
ENSMUSG00000092412.1	0.024533
ENSMUSG00000092413.6	0
ENSMUSG00000092414.1	0
ENSMUSG00000092415.2	0
ENSMUSG00000092416.2	0.604694
ENSMUSG00000092417.3	23.010893
ENSMUSG00000092418.1	0
ENSMUSG00000092419.1	0
ENSMUSG00000092422.1	0
ENSMUSG00000092425.1	0
ENSMUSG00000092426.1	0
ENSMUSG00000092427.1	0
ENSMUSG00000092428.1	0
ENSMUSG00000092429.1	0
ENSMUSG00000092431.1	0
ENSMUSG00000092433.1	0
ENSMUSG00000092435.1	0
ENSMUSG00000092437.1	0
ENSMUSG00000092438.1	0
ENSMUSG00000092439.2	0
ENSMUSG00000092440.1	0
ENSMUSG00000092441.1	0
ENSMUSG00000092444.1	0
ENSMUSG00000092447.1	0
ENSMUSG00000092448.1	1.029177
ENSMUSG00000092450.1	0
ENSMUSG00000092451.3	0
ENSMUSG00000092452.1	0
ENSMUSG00000092454.1	0.449277
ENSMUSG00000092455.1	0
ENSMUSG00000092456.2	0
ENSMUSG00000092457.3	0
ENSMUSG00000092458.1	0
ENSMUSG00000092460.1	0
ENSMUSG00000092461.1	0
ENSMUSG00000092462.1	0
ENSMUSG00000092463.1	0
ENSMUSG00000092464.1	0
ENSMUSG00000092465.2	0.131759
ENSMUSG00000092466.1	0
ENSMUSG00000092467.1	0
ENSMUSG00000092468.1	0
ENSMUSG00000092469.1	0
ENSMUSG00000092470.1	0.1467
ENSMUSG00000092471.1	0
ENSMUSG00000092472.1	0
ENSMUSG00000092473.4	0
ENSMUSG00000092474.1	0.393586
ENSMUSG00000092476.1	0
ENSMUSG00000092477.1	0
ENSMUSG00000092480.1	0
ENSMUSG00000092482.1	0.070266
ENSMUSG00000092483.1	0.056563
ENSMUSG00000092485.1	0
ENSMUSG00000092487.1	0
ENSMUSG00000092488.1	0
ENSMUSG00000092489.1	0
ENSMUSG00000092490.7	0
ENSMUSG00000092492.1	0.485384
ENSMUSG00000092493.1	0
ENSMUSG00000092494.2	0
ENSMUSG00000092495.1	0
ENSMUSG00000092496.1	0
ENSMUSG00000092499.1	0
ENSMUSG00000092500.1	0
ENSMUSG00000092502.1	0
ENSMUSG00000092503.1	0
ENSMUSG00000092504.1	0
ENSMUSG00000092505.1	0
ENSMUSG00000092506.1	0
ENSMUSG00000092508.1	0
ENSMUSG00000092509.1	0
ENSMUSG00000092510.1	0
ENSMUSG00000092511.7	0
ENSMUSG00000092512.2	0
ENSMUSG00000092513.1	0
ENSMUSG00000092514.1	0
ENSMUSG00000092515.8	0
ENSMUSG00000092516.1	0
ENSMUSG00000092517.1	0
ENSMUSG00000092518.9	0
ENSMUSG00000092519.2	0.117111
ENSMUSG00000092520.1	0
ENSMUSG00000092521.2	0
ENSMUSG00000092522.1	0
ENSMUSG00000092523.1	0.12986
ENSMUSG00000092524.3	0
ENSMUSG00000092525.1	0
ENSMUSG00000092526.1	0
ENSMUSG00000092528.9	0
ENSMUSG00000092529.2	0
ENSMUSG00000092530.1	0
ENSMUSG00000092532.1	0
ENSMUSG00000092533.1	0
ENSMUSG00000092534.8	0.508306
ENSMUSG00000092535.1	0
ENSMUSG00000092536.2	4.681141
ENSMUSG00000092538.1	0
ENSMUSG00000092539.2	0
ENSMUSG00000092540.1	0.173308
ENSMUSG00000092541.7	0
ENSMUSG00000092542.2	0
ENSMUSG00000092543.1	0
ENSMUSG00000092544.8	0
ENSMUSG00000092545.7	0
ENSMUSG00000092547.1	0
ENSMUSG00000092548.1	0
ENSMUSG00000092549.1	0
ENSMUSG00000092550.2	0
ENSMUSG00000092551.3	0
ENSMUSG00000092552.1	0.274317
ENSMUSG00000092553.1	0
ENSMUSG00000092554.1	0
ENSMUSG00000092555.1	0
ENSMUSG00000092556.2	0
ENSMUSG00000092557.1	0
ENSMUSG00000092558.3	8.249482
ENSMUSG00000092559.1	0
ENSMUSG00000092560.2	0
ENSMUSG00000092561.1	0
ENSMUSG00000092562.1	0
ENSMUSG00000092563.1	0
ENSMUSG00000092564.2	18.839997
ENSMUSG00000092565.1	0
ENSMUSG00000092566.1	0
ENSMUSG00000092567.2	0
ENSMUSG00000092568.2	0
ENSMUSG00000092569.1	1.692018
ENSMUSG00000092570.7	0
ENSMUSG00000092571.1	0
ENSMUSG00000092572.7	0
ENSMUSG00000092573.1	0
ENSMUSG00000092574.4	0
ENSMUSG00000092575.2	0
ENSMUSG00000092576.3	0
ENSMUSG00000092577.1	0
ENSMUSG00000092578.1	0
ENSMUSG00000092579.2	0
ENSMUSG00000092580.1	0
ENSMUSG00000092581.1	0
ENSMUSG00000092583.1	0
ENSMUSG00000092584.1	0
ENSMUSG00000092586.8	0
ENSMUSG00000092587.1	0
ENSMUSG00000092588.1	0
ENSMUSG00000092591.1	0
ENSMUSG00000092592.1	0
ENSMUSG00000092593.1	1.347889
ENSMUSG00000092595.2	0
ENSMUSG00000092596.1	0
ENSMUSG00000092597.2	0
ENSMUSG00000092599.1	0
ENSMUSG00000092600.1	0.088573
ENSMUSG00000092601.2	0
ENSMUSG00000092602.1	0
ENSMUSG00000092603.1	0
ENSMUSG00000092604.1	0.089978
ENSMUSG00000092606.1	0
ENSMUSG00000092607.9	33.507269
ENSMUSG00000092608.2	0
ENSMUSG00000092609.1	0.216838
ENSMUSG00000092610.1	0
ENSMUSG00000092611.2	0
ENSMUSG00000092612.2	0
ENSMUSG00000092614.2	0
ENSMUSG00000092615.2	0
ENSMUSG00000092616.1	0
ENSMUSG00000092617.1	0
ENSMUSG00000092618.2	0
ENSMUSG00000092619.1	0
ENSMUSG00000092620.1	0
ENSMUSG00000092621.1	0
ENSMUSG00000092622.8	0.026082
ENSMUSG00000092624.2	0
ENSMUSG00000092625.2	0.063041
ENSMUSG00000092626.1	0.748896
ENSMUSG00000092627.2	1.231435
ENSMUSG00000092629.1	0
ENSMUSG00000092633.1	0
ENSMUSG00000092636.1	0
ENSMUSG00000092638.1	0
ENSMUSG00000092639.1	0
ENSMUSG00000092641.2	0
ENSMUSG00000092643.1	0
ENSMUSG00000092644.1	0
ENSMUSG00000092647.1	0
ENSMUSG00000092648.1	0
ENSMUSG00000092650.1	0
ENSMUSG00000092652.1	0
ENSMUSG00000092653.2	0
ENSMUSG00000092655.1	0
ENSMUSG00000092656.1	0
ENSMUSG00000092657.1	0
ENSMUSG00000092659.1	0
ENSMUSG00000092660.1	0
ENSMUSG00000092661.1	0
ENSMUSG00000092664.1	0
ENSMUSG00000092666.1	0
ENSMUSG00000092668.1	0
ENSMUSG00000092671.1	0
ENSMUSG00000092673.1	0
ENSMUSG00000092674.2	0
ENSMUSG00000092675.1	1.22396
ENSMUSG00000092677.1	0
ENSMUSG00000092679.1	0
ENSMUSG00000092680.1	0
ENSMUSG00000092683.1	0
ENSMUSG00000092685.1	0
ENSMUSG00000092686.1	0
ENSMUSG00000092687.1	0
ENSMUSG00000092693.1	0
ENSMUSG00000092695.1	0
ENSMUSG00000092696.1	0
ENSMUSG00000092697.1	0
ENSMUSG00000092698.1	0
ENSMUSG00000092701.1	0
ENSMUSG00000092702.2	0
ENSMUSG00000092704.1	0
ENSMUSG00000092705.1	0
ENSMUSG00000092706.1	0
ENSMUSG00000092710.1	0
ENSMUSG00000092713.1	0
ENSMUSG00000092714.1	0
ENSMUSG00000092715.1	0
ENSMUSG00000092718.1	0
ENSMUSG00000092719.1	0
ENSMUSG00000092720.1	0
ENSMUSG00000092723.1	0
ENSMUSG00000092724.1	0
ENSMUSG00000092725.1	0
ENSMUSG00000092727.1	0
ENSMUSG00000092730.1	0
ENSMUSG00000092731.1	0
ENSMUSG00000092732.1	0
ENSMUSG00000092734.1	0
ENSMUSG00000092737.2	0
ENSMUSG00000092738.1	0
ENSMUSG00000092741.2	0
ENSMUSG00000092743.1	0
ENSMUSG00000092745.1	0
ENSMUSG00000092746.2	0
ENSMUSG00000092747.1	0
ENSMUSG00000092748.1	0
ENSMUSG00000092751.1	0
ENSMUSG00000092752.1	0
ENSMUSG00000092753.1	0
ENSMUSG00000092758.1	0
ENSMUSG00000092759.1	0
ENSMUSG00000092760.1	0
ENSMUSG00000092761.1	0
ENSMUSG00000092762.2	0
ENSMUSG00000092763.1	0
ENSMUSG00000092764.1	0
ENSMUSG00000092765.3	0
ENSMUSG00000092767.1	0
ENSMUSG00000092770.1	0
ENSMUSG00000092774.1	0
ENSMUSG00000092776.1	0
ENSMUSG00000092777.1	0
ENSMUSG00000092781.1	0
ENSMUSG00000092784.1	0
ENSMUSG00000092787.1	0
ENSMUSG00000092790.1	0
ENSMUSG00000092792.1	0
ENSMUSG00000092793.1	0
ENSMUSG00000092794.1	0
ENSMUSG00000092795.2	0
ENSMUSG00000092796.1	0
ENSMUSG00000092799.1	0
ENSMUSG00000092802.1	0
ENSMUSG00000092805.2	0
ENSMUSG00000092806.2	0
ENSMUSG00000092807.1	0
ENSMUSG00000092811.1	0
ENSMUSG00000092812.1	0
ENSMUSG00000092813.1	0
ENSMUSG00000092814.1	0
ENSMUSG00000092815.1	0
ENSMUSG00000092816.1	0
ENSMUSG00000092818.2	0
ENSMUSG00000092819.1	0
ENSMUSG00000092821.1	0
ENSMUSG00000092822.2	0
ENSMUSG00000092825.1	0
ENSMUSG00000092826.1	0
ENSMUSG00000092827.1	0
ENSMUSG00000092829.1	0
ENSMUSG00000092830.1	0
ENSMUSG00000092832.1	0
ENSMUSG00000092833.1	0
ENSMUSG00000092834.1	0
ENSMUSG00000092835.1	0
ENSMUSG00000092837.1	14.897001
ENSMUSG00000092838.1	0
ENSMUSG00000092840.1	0
ENSMUSG00000092841.1	0
ENSMUSG00000092842.1	0
ENSMUSG00000092843.1	0
ENSMUSG00000092845.1	0
ENSMUSG00000092847.1	0
ENSMUSG00000092848.1	0
ENSMUSG00000092849.1	0
ENSMUSG00000092850.1	0
ENSMUSG00000092851.1	0
ENSMUSG00000092852.1	0
ENSMUSG00000092853.1	0
ENSMUSG00000092855.1	0
ENSMUSG00000092856.2	0
ENSMUSG00000092862.1	0
ENSMUSG00000092866.1	0
ENSMUSG00000092867.1	0
ENSMUSG00000092868.1	0
ENSMUSG00000092870.1	0
ENSMUSG00000092871.1	0
ENSMUSG00000092875.2	0
ENSMUSG00000092876.1	0
ENSMUSG00000092878.1	0
ENSMUSG00000092879.1	0
ENSMUSG00000092880.1	0
ENSMUSG00000092885.1	0
ENSMUSG00000092887.1	0
ENSMUSG00000092888.1	0
ENSMUSG00000092889.1	0
ENSMUSG00000092891.1	0
ENSMUSG00000092894.1	0
ENSMUSG00000092896.2	0
ENSMUSG00000092897.1	0
ENSMUSG00000092898.1	0
ENSMUSG00000092901.1	0
ENSMUSG00000092903.2	0
ENSMUSG00000092905.2	0
ENSMUSG00000092906.1	0
ENSMUSG00000092907.1	0
ENSMUSG00000092908.1	0
ENSMUSG00000092909.1	0
ENSMUSG00000092912.1	0
ENSMUSG00000092913.1	0
ENSMUSG00000092914.1	0
ENSMUSG00000092915.1	0
ENSMUSG00000092916.1	0
ENSMUSG00000092917.1	0
ENSMUSG00000092918.1	0
ENSMUSG00000092919.2	0
ENSMUSG00000092920.1	0
ENSMUSG00000092921.1	0
ENSMUSG00000092922.1	0
ENSMUSG00000092923.1	0
ENSMUSG00000092928.1	0
ENSMUSG00000092931.2	0
ENSMUSG00000092932.2	0
ENSMUSG00000092934.1	0
ENSMUSG00000092935.1	0
ENSMUSG00000092939.1	0
ENSMUSG00000092948.1	0
ENSMUSG00000092949.1	0
ENSMUSG00000092952.1	0
ENSMUSG00000092953.1	0
ENSMUSG00000092956.1	0
ENSMUSG00000092957.1	0
ENSMUSG00000092958.1	0
ENSMUSG00000092961.1	0
ENSMUSG00000092963.1	0
ENSMUSG00000092965.1	0
ENSMUSG00000092966.1	0
ENSMUSG00000092972.1	0
ENSMUSG00000092973.1	0
ENSMUSG00000092974.2	0
ENSMUSG00000092978.1	0
ENSMUSG00000092979.1	0
ENSMUSG00000092981.1	0
ENSMUSG00000092985.1	0
ENSMUSG00000092986.2	0
ENSMUSG00000092988.1	0
ENSMUSG00000092990.1	0
ENSMUSG00000092994.1	0
ENSMUSG00000092995.1	0
ENSMUSG00000092997.1	0
ENSMUSG00000092998.1	0
ENSMUSG00000092999.1	0
ENSMUSG00000093000.1	0
ENSMUSG00000093002.1	0
ENSMUSG00000093003.1	0
ENSMUSG00000093004.1	0
ENSMUSG00000093005.1	0
ENSMUSG00000093006.2	0
ENSMUSG00000093007.1	0
ENSMUSG00000093009.1	0
ENSMUSG00000093010.1	0
ENSMUSG00000093011.1	0
ENSMUSG00000093013.1	0
ENSMUSG00000093014.1	0
ENSMUSG00000093015.1	0
ENSMUSG00000093017.1	0
ENSMUSG00000093019.1	0
ENSMUSG00000093021.1	0
ENSMUSG00000093023.2	0
ENSMUSG00000093024.1	0
ENSMUSG00000093025.1	0
ENSMUSG00000093026.1	0
ENSMUSG00000093029.1	0
ENSMUSG00000093030.1	0
ENSMUSG00000093031.2	0
ENSMUSG00000093032.1	0
ENSMUSG00000093033.1	0
ENSMUSG00000093034.1	0
ENSMUSG00000093036.1	0
ENSMUSG00000093037.1	0
ENSMUSG00000093039.1	0
ENSMUSG00000093040.1	0
ENSMUSG00000093041.1	0
ENSMUSG00000093042.1	0
ENSMUSG00000093044.1	0
ENSMUSG00000093046.1	0
ENSMUSG00000093051.1	0
ENSMUSG00000093052.2	0
ENSMUSG00000093054.1	0
ENSMUSG00000093056.2	0
ENSMUSG00000093058.1	0
ENSMUSG00000093059.2	0
ENSMUSG00000093060.1	0
ENSMUSG00000093061.1	0
ENSMUSG00000093063.1	0
ENSMUSG00000093064.2	0
ENSMUSG00000093065.1	0
ENSMUSG00000093067.1	0
ENSMUSG00000093070.1	0
ENSMUSG00000093071.1	0
ENSMUSG00000093072.1	0
ENSMUSG00000093073.1	0
ENSMUSG00000093074.1	0
ENSMUSG00000093075.1	0
ENSMUSG00000093076.1	0
ENSMUSG00000093079.1	0
ENSMUSG00000093080.1	0
ENSMUSG00000093081.1	0
ENSMUSG00000093082.1	0
ENSMUSG00000093083.1	0
ENSMUSG00000093085.1	0
ENSMUSG00000093087.1	0
ENSMUSG00000093089.1	0
ENSMUSG00000093090.1	0
ENSMUSG00000093091.1	0
ENSMUSG00000093092.1	0
ENSMUSG00000093093.2	0
ENSMUSG00000093096.1	0
ENSMUSG00000093097.1	0
ENSMUSG00000093100.1	0
ENSMUSG00000093101.1	0
ENSMUSG00000093102.1	0
ENSMUSG00000093105.1	0
ENSMUSG00000093106.1	5.744291
ENSMUSG00000093107.1	0
ENSMUSG00000093108.1	0
ENSMUSG00000093112.2	0
ENSMUSG00000093113.1	0
ENSMUSG00000093114.1	0
ENSMUSG00000093115.1	0
ENSMUSG00000093116.1	0
ENSMUSG00000093117.1	0
ENSMUSG00000093118.1	0
ENSMUSG00000093119.1	0
ENSMUSG00000093120.1	0
ENSMUSG00000093122.1	0
ENSMUSG00000093124.1	0
ENSMUSG00000093125.1	0
ENSMUSG00000093128.1	0
ENSMUSG00000093129.1	0
ENSMUSG00000093132.1	0
ENSMUSG00000093133.1	0
ENSMUSG00000093134.1	0
ENSMUSG00000093137.1	0
ENSMUSG00000093138.1	0
ENSMUSG00000093139.1	0
ENSMUSG00000093140.1	0
ENSMUSG00000093142.1	0
ENSMUSG00000093147.1	0
ENSMUSG00000093148.1	0
ENSMUSG00000093149.1	0
ENSMUSG00000093152.1	0
ENSMUSG00000093153.1	0
ENSMUSG00000093155.1	0
ENSMUSG00000093156.1	0
ENSMUSG00000093157.1	0
ENSMUSG00000093158.1	0
ENSMUSG00000093159.1	0
ENSMUSG00000093160.1	0
ENSMUSG00000093161.1	0
ENSMUSG00000093162.1	0
ENSMUSG00000093163.1	0
ENSMUSG00000093164.2	0
ENSMUSG00000093167.1	0
ENSMUSG00000093168.1	0
ENSMUSG00000093169.1	0
ENSMUSG00000093170.1	0
ENSMUSG00000093172.1	0
ENSMUSG00000093173.1	0
ENSMUSG00000093176.1	0
ENSMUSG00000093178.1	0
ENSMUSG00000093180.1	0
ENSMUSG00000093183.2	0
ENSMUSG00000093184.1	0
ENSMUSG00000093185.1	0
ENSMUSG00000093187.1	0
ENSMUSG00000093189.1	0
ENSMUSG00000093190.1	0
ENSMUSG00000093191.2	0
ENSMUSG00000093192.1	0
ENSMUSG00000093202.2	0
ENSMUSG00000093203.1	0
ENSMUSG00000093206.2	0
ENSMUSG00000093207.1	0
ENSMUSG00000093208.2	0
ENSMUSG00000093211.1	0
ENSMUSG00000093212.1	0
ENSMUSG00000093214.1	0
ENSMUSG00000093215.1	0
ENSMUSG00000093216.1	0
ENSMUSG00000093217.1	0
ENSMUSG00000093218.1	0
ENSMUSG00000093219.1	0
ENSMUSG00000093221.1	0
ENSMUSG00000093223.3	0
ENSMUSG00000093224.1	0
ENSMUSG00000093226.1	0
ENSMUSG00000093227.1	0
ENSMUSG00000093228.1	0
ENSMUSG00000093230.1	0
ENSMUSG00000093231.1	0
ENSMUSG00000093232.1	0
ENSMUSG00000093234.1	0
ENSMUSG00000093236.1	0
ENSMUSG00000093238.1	0
ENSMUSG00000093239.1	0
ENSMUSG00000093240.1	0
ENSMUSG00000093241.1	0
ENSMUSG00000093242.1	0
ENSMUSG00000093243.1	0
ENSMUSG00000093245.1	0
ENSMUSG00000093246.1	0
ENSMUSG00000093249.2	0
ENSMUSG00000093251.1	0
ENSMUSG00000093254.1	0
ENSMUSG00000093256.1	0
ENSMUSG00000093258.1	0
ENSMUSG00000093260.1	0
ENSMUSG00000093261.1	0
ENSMUSG00000093262.1	0
ENSMUSG00000093264.1	0
ENSMUSG00000093266.1	0
ENSMUSG00000093269.1	0
ENSMUSG00000093270.1	0
ENSMUSG00000093271.1	0
ENSMUSG00000093273.2	0
ENSMUSG00000093274.1	0
ENSMUSG00000093276.1	0
ENSMUSG00000093277.1	0
ENSMUSG00000093278.1	0
ENSMUSG00000093279.1	0
ENSMUSG00000093280.1	0
ENSMUSG00000093281.1	0
ENSMUSG00000093282.1	0
ENSMUSG00000093283.1	0
ENSMUSG00000093286.1	0
ENSMUSG00000093289.1	0
ENSMUSG00000093290.1	0
ENSMUSG00000093291.2	0
ENSMUSG00000093292.1	0
ENSMUSG00000093293.1	0
ENSMUSG00000093294.1	0
ENSMUSG00000093296.1	0
ENSMUSG00000093298.1	0
ENSMUSG00000093300.1	0
ENSMUSG00000093301.1	0
ENSMUSG00000093302.1	0
ENSMUSG00000093303.1	0
ENSMUSG00000093306.1	0
ENSMUSG00000093311.1	0
ENSMUSG00000093314.1	0
ENSMUSG00000093315.1	0
ENSMUSG00000093317.1	0
ENSMUSG00000093319.2	0
ENSMUSG00000093322.1	0
ENSMUSG00000093323.1	0
ENSMUSG00000093325.1	0
ENSMUSG00000093327.1	0
ENSMUSG00000093329.1	0
ENSMUSG00000093331.1	0
ENSMUSG00000093334.2	0
ENSMUSG00000093335.1	0
ENSMUSG00000093336.1	0
ENSMUSG00000093338.1	0
ENSMUSG00000093340.1	0
ENSMUSG00000093341.2	0
ENSMUSG00000093342.1	0
ENSMUSG00000093344.1	0
ENSMUSG00000093345.2	0
ENSMUSG00000093346.1	0
ENSMUSG00000093348.1	0
ENSMUSG00000093351.1	0
ENSMUSG00000093352.1	0
ENSMUSG00000093354.1	0
ENSMUSG00000093355.1	0
ENSMUSG00000093356.1	0
ENSMUSG00000093358.1	0
ENSMUSG00000093359.1	0
ENSMUSG00000093362.1	0
ENSMUSG00000093363.1	0
ENSMUSG00000093365.2	0
ENSMUSG00000093368.1	0
ENSMUSG00000093373.1	0
ENSMUSG00000093376.1	0
ENSMUSG00000093378.2	0.18765
ENSMUSG00000093380.1	0
ENSMUSG00000093381.1	0
ENSMUSG00000093382.2	0
ENSMUSG00000093383.1	0
ENSMUSG00000093384.1	0
ENSMUSG00000093385.3	0
ENSMUSG00000093386.1	0
ENSMUSG00000093387.1	0
ENSMUSG00000093388.1	0
ENSMUSG00000093390.1	0.132784
ENSMUSG00000093392.1	2.025116
ENSMUSG00000093394.1	0.245584
ENSMUSG00000093395.1	0
ENSMUSG00000093397.1	0
ENSMUSG00000093398.1	0
ENSMUSG00000093400.1	0
ENSMUSG00000093401.2	0
ENSMUSG00000093402.1	0.177147
ENSMUSG00000093403.1	0
ENSMUSG00000093404.1	0
ENSMUSG00000093405.1	0.269152
ENSMUSG00000093406.1	0
ENSMUSG00000093408.1	0
ENSMUSG00000093409.1	0
ENSMUSG00000093410.1	0
ENSMUSG00000093413.1	0
ENSMUSG00000093416.1	0
ENSMUSG00000093419.1	0
ENSMUSG00000093420.1	0
ENSMUSG00000093421.1	0
ENSMUSG00000093424.3	0.703473
ENSMUSG00000093426.1	0
ENSMUSG00000093427.1	0
ENSMUSG00000093428.1	0
ENSMUSG00000093429.1	0
ENSMUSG00000093433.1	0
ENSMUSG00000093434.3	0
ENSMUSG00000093436.6	1.207083
ENSMUSG00000093437.1	0
ENSMUSG00000093441.1	0
ENSMUSG00000093443.1	0
ENSMUSG00000093444.1	0
ENSMUSG00000093445.7	4.688559
ENSMUSG00000093446.1	0
ENSMUSG00000093447.1	0
ENSMUSG00000093449.1	0
ENSMUSG00000093452.4	1.027263
ENSMUSG00000093453.1	0
ENSMUSG00000093454.1	0
ENSMUSG00000093456.7	1.064397
ENSMUSG00000093458.1	0
ENSMUSG00000093460.9	1.227782
ENSMUSG00000093461.1	0
ENSMUSG00000093465.1	0
ENSMUSG00000093467.1	0.393242
ENSMUSG00000093469.1	0
ENSMUSG00000093472.1	0
ENSMUSG00000093473.1	0
ENSMUSG00000093474.1	0
ENSMUSG00000093476.1	0
ENSMUSG00000093479.1	0
ENSMUSG00000093480.1	0
ENSMUSG00000093482.8	0
ENSMUSG00000093483.1	142.968818
ENSMUSG00000093484.1	0
ENSMUSG00000093485.1	0.904694
ENSMUSG00000093487.2	0
ENSMUSG00000093489.1	0
ENSMUSG00000093490.2	0
ENSMUSG00000093492.1	0
ENSMUSG00000093493.1	0
ENSMUSG00000093495.1	0
ENSMUSG00000093497.1	0
ENSMUSG00000093498.1	0
ENSMUSG00000093499.1	0
ENSMUSG00000093502.2	0
ENSMUSG00000093503.1	0
ENSMUSG00000093504.2	0
ENSMUSG00000093505.1	0
ENSMUSG00000093507.1	0.216838
ENSMUSG00000093508.1	0
ENSMUSG00000093509.1	0
ENSMUSG00000093510.1	0
ENSMUSG00000093513.1	0
ENSMUSG00000093515.1	0
ENSMUSG00000093516.1	0
ENSMUSG00000093518.1	0
ENSMUSG00000093519.3	0
ENSMUSG00000093520.2	0
ENSMUSG00000093522.1	0
ENSMUSG00000093525.1	0
ENSMUSG00000093528.1	0
ENSMUSG00000093529.1	0
ENSMUSG00000093530.1	0
ENSMUSG00000093531.3	0
ENSMUSG00000093533.3	0
ENSMUSG00000093534.1	0
ENSMUSG00000093535.1	0
ENSMUSG00000093536.7	15.724241
ENSMUSG00000093537.1	0
ENSMUSG00000093538.2	0
ENSMUSG00000093539.1	0
ENSMUSG00000093540.2	0
ENSMUSG00000093541.1	0
ENSMUSG00000093543.1	0
ENSMUSG00000093544.1	0
ENSMUSG00000093545.1	0
ENSMUSG00000093546.1	0
ENSMUSG00000093547.1	0
ENSMUSG00000093548.1	0
ENSMUSG00000093549.2	0
ENSMUSG00000093550.7	0
ENSMUSG00000093551.1	0
ENSMUSG00000093552.1	0
ENSMUSG00000093553.1	0.401677
ENSMUSG00000093554.1	0
ENSMUSG00000093556.1	0
ENSMUSG00000093557.1	0
ENSMUSG00000093559.1	0.016064
ENSMUSG00000093560.2	0
ENSMUSG00000093562.1	0
ENSMUSG00000093563.1	0
ENSMUSG00000093564.1	0
ENSMUSG00000093565.1	12.679628
ENSMUSG00000093567.1	0
ENSMUSG00000093568.1	0
ENSMUSG00000093570.3	0
ENSMUSG00000093571.1	0
ENSMUSG00000093572.1	0
ENSMUSG00000093573.1	0
ENSMUSG00000093574.1	0
ENSMUSG00000093575.1	1.139957
ENSMUSG00000093577.1	0.428015
ENSMUSG00000093579.1	0.377903
ENSMUSG00000093580.1	0
ENSMUSG00000093581.1	0
ENSMUSG00000093584.1	0
ENSMUSG00000093587.3	0.270498
ENSMUSG00000093588.1	0
ENSMUSG00000093589.1	0
ENSMUSG00000093590.1	0
ENSMUSG00000093592.1	0
ENSMUSG00000093593.1	6.814939
ENSMUSG00000093594.1	0.143734
ENSMUSG00000093595.1	0
ENSMUSG00000093598.1	0.045776
ENSMUSG00000093599.1	0
ENSMUSG00000093601.2	0
ENSMUSG00000093602.2	0
ENSMUSG00000093606.1	0.993935
ENSMUSG00000093607.1	0
ENSMUSG00000093610.7	0
ENSMUSG00000093614.1	0
ENSMUSG00000093615.1	0
ENSMUSG00000093616.1	0
ENSMUSG00000093617.1	0
ENSMUSG00000093618.1	0
ENSMUSG00000093619.1	0
ENSMUSG00000093621.1	0
ENSMUSG00000093622.1	0.131614
ENSMUSG00000093623.1	0
ENSMUSG00000093624.1	0
ENSMUSG00000093625.1	0
ENSMUSG00000093626.1	0
ENSMUSG00000093627.2	0
ENSMUSG00000093628.1	0
ENSMUSG00000093629.1	0.527407
ENSMUSG00000093634.1	0
ENSMUSG00000093637.1	0.052832
ENSMUSG00000093639.4	0
ENSMUSG00000093642.1	0
ENSMUSG00000093644.1	0
ENSMUSG00000093645.1	0
ENSMUSG00000093648.1	0
ENSMUSG00000093649.1	0
ENSMUSG00000093650.2	0
ENSMUSG00000093651.1	0.063038
ENSMUSG00000093652.2	0
ENSMUSG00000093656.1	0.110666
ENSMUSG00000093658.1	0
ENSMUSG00000093660.1	0
ENSMUSG00000093661.1	4.888702
ENSMUSG00000093662.2	0
ENSMUSG00000093663.1	0
ENSMUSG00000093664.2	0
ENSMUSG00000093665.2	0
ENSMUSG00000093666.2	0
ENSMUSG00000093668.3	0
ENSMUSG00000093669.1	0
ENSMUSG00000093671.1	0
ENSMUSG00000093672.2	0.010118
ENSMUSG00000093673.1	0.029709
ENSMUSG00000093674.7	1743.106348
ENSMUSG00000093675.7	0
ENSMUSG00000093677.1	3.944055
ENSMUSG00000093681.1	0
ENSMUSG00000093682.1	0
ENSMUSG00000093683.2	0
ENSMUSG00000093684.2	0
ENSMUSG00000093685.1	0
ENSMUSG00000093686.1	0
ENSMUSG00000093687.1	0
ENSMUSG00000093688.1	0
ENSMUSG00000093689.1	0
ENSMUSG00000093690.1	0
ENSMUSG00000093695.2	0
ENSMUSG00000093696.1	0
ENSMUSG00000093697.1	0
ENSMUSG00000093699.1	0
ENSMUSG00000093701.7	0
ENSMUSG00000093702.1	0
ENSMUSG00000093703.1	0
ENSMUSG00000093705.1	0
ENSMUSG00000093707.1	0
ENSMUSG00000093708.1	0
ENSMUSG00000093710.1	0
ENSMUSG00000093711.1	0
ENSMUSG00000093714.1	0
ENSMUSG00000093716.1	0
ENSMUSG00000093719.1	0
ENSMUSG00000093720.1	0.252363
ENSMUSG00000093721.1	0
ENSMUSG00000093722.1	0
ENSMUSG00000093724.1	0
ENSMUSG00000093725.1	0
ENSMUSG00000093726.1	0
ENSMUSG00000093727.1	0
ENSMUSG00000093728.1	0
ENSMUSG00000093729.1	0
ENSMUSG00000093730.1	0
ENSMUSG00000093731.1	0
ENSMUSG00000093732.1	0.020751
ENSMUSG00000093734.1	0
ENSMUSG00000093736.1	0
ENSMUSG00000093738.2	0.5676
ENSMUSG00000093739.1	0.277772
ENSMUSG00000093740.1	0
ENSMUSG00000093741.1	0
ENSMUSG00000093743.1	0
ENSMUSG00000093744.1	0
ENSMUSG00000093745.1	0
ENSMUSG00000093746.1	0
ENSMUSG00000093747.1	0
ENSMUSG00000093748.1	0
ENSMUSG00000093749.1	0
ENSMUSG00000093751.1	0
ENSMUSG00000093752.1	16.064676
ENSMUSG00000093753.1	0
ENSMUSG00000093755.2	0
ENSMUSG00000093756.1	0
ENSMUSG00000093757.1	0
ENSMUSG00000093758.1	0
ENSMUSG00000093759.1	0
ENSMUSG00000093761.1	0
ENSMUSG00000093762.1	0
ENSMUSG00000093763.1	0
ENSMUSG00000093765.7	0
ENSMUSG00000093766.1	0
ENSMUSG00000093767.2	0
ENSMUSG00000093768.1	0
ENSMUSG00000093769.4	0
ENSMUSG00000093770.1	0
ENSMUSG00000093771.1	0
ENSMUSG00000093772.1	0
ENSMUSG00000093773.1	0
ENSMUSG00000093774.1	0
ENSMUSG00000093775.2	0
ENSMUSG00000093776.1	0
ENSMUSG00000093779.1	0
ENSMUSG00000093780.1	0
ENSMUSG00000093781.2	0
ENSMUSG00000093782.1	0
ENSMUSG00000093784.1	0
ENSMUSG00000093788.2	0
ENSMUSG00000093789.3	0.090976
ENSMUSG00000093791.1	0
ENSMUSG00000093793.1	0
ENSMUSG00000093796.1	0
ENSMUSG00000093798.2	0.619931
ENSMUSG00000093800.2	0
ENSMUSG00000093801.2	0
ENSMUSG00000093802.1	0
ENSMUSG00000093803.3	38.485834
ENSMUSG00000093804.3	0
ENSMUSG00000093805.7	0.011008
ENSMUSG00000093806.1	0.027625
ENSMUSG00000093807.1	0
ENSMUSG00000093812.1	0
ENSMUSG00000093813.5	0
ENSMUSG00000093814.1	0
ENSMUSG00000093815.1	188.860207
ENSMUSG00000093816.1	0
ENSMUSG00000093817.7	0
ENSMUSG00000093818.1	0
ENSMUSG00000093820.1	0
ENSMUSG00000093822.1	0
ENSMUSG00000093823.1	0
ENSMUSG00000093824.1	0
ENSMUSG00000093825.2	0
ENSMUSG00000093826.1	0
ENSMUSG00000093827.1	0
ENSMUSG00000093829.1	0
ENSMUSG00000093830.1	0
ENSMUSG00000093831.1	0
ENSMUSG00000093833.1	0
ENSMUSG00000093834.1	0
ENSMUSG00000093835.1	0
ENSMUSG00000093838.1	0
ENSMUSG00000093839.2	0
ENSMUSG00000093843.1	0
ENSMUSG00000093846.1	0
ENSMUSG00000093847.2	0
ENSMUSG00000093848.2	0
ENSMUSG00000093849.1	0
ENSMUSG00000093851.1	0
ENSMUSG00000093852.1	0
ENSMUSG00000093853.1	0
ENSMUSG00000093854.1	0
ENSMUSG00000093856.1	0
ENSMUSG00000093858.1	0
ENSMUSG00000093859.2	0
ENSMUSG00000093860.1	0
ENSMUSG00000093861.2	1.597269
ENSMUSG00000093862.2	0
ENSMUSG00000093863.1	0
ENSMUSG00000093864.1	2.173106
ENSMUSG00000093865.7	0
ENSMUSG00000093866.3	0
ENSMUSG00000093867.7	0
ENSMUSG00000093868.2	0
ENSMUSG00000093869.1	0
ENSMUSG00000093870.1	0
ENSMUSG00000093871.1	0
ENSMUSG00000093873.1	0
ENSMUSG00000093874.1	0
ENSMUSG00000093875.1	0
ENSMUSG00000093876.1	0
ENSMUSG00000093877.4	0
ENSMUSG00000093878.1	0
ENSMUSG00000093879.1	0
ENSMUSG00000093880.3	0.906758
ENSMUSG00000093883.1	0
ENSMUSG00000093884.2	0
ENSMUSG00000093885.2	0.176005
ENSMUSG00000093886.1	0
ENSMUSG00000093887.8	0
ENSMUSG00000093889.1	0
ENSMUSG00000093890.1	0
ENSMUSG00000093891.1	0
ENSMUSG00000093892.1	0
ENSMUSG00000093893.1	0
ENSMUSG00000093894.1	0
ENSMUSG00000093895.7	0
ENSMUSG00000093896.2	0
ENSMUSG00000093897.1	0
ENSMUSG00000093898.2	0
ENSMUSG00000093899.1	0
ENSMUSG00000093900.1	0
ENSMUSG00000093901.3	0
ENSMUSG00000093902.1	0
ENSMUSG00000093903.6	0
ENSMUSG00000093904.2	108.75077
ENSMUSG00000093905.1	0
ENSMUSG00000093906.5	0
ENSMUSG00000093907.1	0
ENSMUSG00000093908.2	0.060936
ENSMUSG00000093909.2	0
ENSMUSG00000093910.2	1.354442
ENSMUSG00000093912.1	0
ENSMUSG00000093913.1	0
ENSMUSG00000093914.1	0
ENSMUSG00000093915.2	0
ENSMUSG00000093916.2	0
ENSMUSG00000093917.1	0
ENSMUSG00000093918.7	0
ENSMUSG00000093919.1	0
ENSMUSG00000093920.2	0
ENSMUSG00000093921.1	0
ENSMUSG00000093922.1	0
ENSMUSG00000093923.7	0
ENSMUSG00000093924.1	0
ENSMUSG00000093926.1	0
ENSMUSG00000093927.2	0
ENSMUSG00000093928.1	0
ENSMUSG00000093929.1	0
ENSMUSG00000093930.2	46.99406
ENSMUSG00000093931.2	0
ENSMUSG00000093932.1	0
ENSMUSG00000093933.1	0
ENSMUSG00000093934.2	0
ENSMUSG00000093935.1	0
ENSMUSG00000093937.1	0
ENSMUSG00000093938.2	0.133324
ENSMUSG00000093939.1	0.428549
ENSMUSG00000093940.1	0
ENSMUSG00000093941.1	0
ENSMUSG00000093942.3	0
ENSMUSG00000093943.1	0
ENSMUSG00000093944.1	0
ENSMUSG00000093945.1	0
ENSMUSG00000093946.1	0
ENSMUSG00000093947.1	0
ENSMUSG00000093948.7	0
ENSMUSG00000093949.2	0
ENSMUSG00000093950.2	0
ENSMUSG00000093952.1	0
ENSMUSG00000093953.2	0
ENSMUSG00000093954.8	0
ENSMUSG00000093955.2	0
ENSMUSG00000093956.1	4.210367
ENSMUSG00000093957.1	0
ENSMUSG00000093958.1	0
ENSMUSG00000093959.1	0
ENSMUSG00000093960.1	0
ENSMUSG00000093961.1	0
ENSMUSG00000093962.7	0
ENSMUSG00000093963.1	0
ENSMUSG00000093964.1	0
ENSMUSG00000093965.1	0
ENSMUSG00000093966.2	0.117943
ENSMUSG00000093967.1	0
ENSMUSG00000093968.1	0
ENSMUSG00000093969.2	0
ENSMUSG00000093970.1	0
ENSMUSG00000093971.1	0
ENSMUSG00000093973.1	0
ENSMUSG00000093974.1	0
ENSMUSG00000093975.1	0
ENSMUSG00000093976.2	0
ENSMUSG00000093977.1	0
ENSMUSG00000093978.1	0
ENSMUSG00000093979.8	1.955694
ENSMUSG00000093980.1	0
ENSMUSG00000093981.1	0
ENSMUSG00000093983.1	0
ENSMUSG00000093984.1	0
ENSMUSG00000093985.7	2.670304
ENSMUSG00000093986.1	0
ENSMUSG00000093987.7	0
ENSMUSG00000093988.1	0
ENSMUSG00000093989.1	599.61221
ENSMUSG00000093990.1	0
ENSMUSG00000093992.1	0
ENSMUSG00000093993.7	0
ENSMUSG00000093994.1	0
ENSMUSG00000093995.1	0
ENSMUSG00000093996.2	1.587741
ENSMUSG00000093997.1	0
ENSMUSG00000093998.1	0
ENSMUSG00000093999.1	0
ENSMUSG00000094001.1	0
ENSMUSG00000094002.3	12.974383
ENSMUSG00000094003.1	0
ENSMUSG00000094004.7	0
ENSMUSG00000094005.1	0
ENSMUSG00000094006.2	0
ENSMUSG00000094007.1	0
ENSMUSG00000094008.1	0
ENSMUSG00000094009.1	0
ENSMUSG00000094010.1	0
ENSMUSG00000094011.1	0
ENSMUSG00000094012.1	0
ENSMUSG00000094013.1	0
ENSMUSG00000094015.1	0
ENSMUSG00000094016.2	0
ENSMUSG00000094017.1	0
ENSMUSG00000094018.2	0.009446
ENSMUSG00000094020.1	0
ENSMUSG00000094021.7	0
ENSMUSG00000094023.3	0
ENSMUSG00000094024.1	0
ENSMUSG00000094025.7	0
ENSMUSG00000094026.1	0
ENSMUSG00000094027.2	0
ENSMUSG00000094028.1	0
ENSMUSG00000094029.2	0
ENSMUSG00000094030.1	0
ENSMUSG00000094031.1	0
ENSMUSG00000094032.1	0
ENSMUSG00000094033.1	0
ENSMUSG00000094034.1	0
ENSMUSG00000094035.3	0.095718
ENSMUSG00000094036.1	0
ENSMUSG00000094037.1	0
ENSMUSG00000094038.1	0
ENSMUSG00000094039.1	0
ENSMUSG00000094041.1	0
ENSMUSG00000094043.2	0
ENSMUSG00000094048.1	0
ENSMUSG00000094049.1	0
ENSMUSG00000094050.1	0
ENSMUSG00000094051.6	0
ENSMUSG00000094052.2	0
ENSMUSG00000094053.2	0
ENSMUSG00000094057.1	0
ENSMUSG00000094059.1	0
ENSMUSG00000094060.1	0
ENSMUSG00000094063.4	0
ENSMUSG00000094064.2	0
ENSMUSG00000094065.1	0
ENSMUSG00000094066.1	0
ENSMUSG00000094067.1	0
ENSMUSG00000094068.1	0
ENSMUSG00000094069.1	0
ENSMUSG00000094071.2	0
ENSMUSG00000094072.1	0
ENSMUSG00000094074.1	0
ENSMUSG00000094075.1	0
ENSMUSG00000094076.7	0
ENSMUSG00000094077.1	0
ENSMUSG00000094079.1	0
ENSMUSG00000094080.3	0
ENSMUSG00000094081.2	0
ENSMUSG00000094082.1	0
ENSMUSG00000094083.2	0
ENSMUSG00000094084.2	0
ENSMUSG00000094085.1	0
ENSMUSG00000094086.1	0
ENSMUSG00000094087.1	0
ENSMUSG00000094088.2	0
ENSMUSG00000094090.2	0.057764
ENSMUSG00000094091.3	0
ENSMUSG00000094092.1	0.097985
ENSMUSG00000094093.1	2.193218
ENSMUSG00000094094.2	0
ENSMUSG00000094095.1	0
ENSMUSG00000094096.1	0
ENSMUSG00000094097.1	0
ENSMUSG00000094098.3	0
ENSMUSG00000094099.1	2.193218
ENSMUSG00000094101.1	0
ENSMUSG00000094102.1	0
ENSMUSG00000094103.2	0
ENSMUSG00000094105.7	0
ENSMUSG00000094107.1	0
ENSMUSG00000094108.1	0
ENSMUSG00000094109.1	0
ENSMUSG00000094111.2	0
ENSMUSG00000094112.2	0
ENSMUSG00000094113.7	0
ENSMUSG00000094115.2	0
ENSMUSG00000094116.1	0
ENSMUSG00000094117.1	0.296929
ENSMUSG00000094118.2	0
ENSMUSG00000094119.3	0
ENSMUSG00000094120.1	0
ENSMUSG00000094122.1	0.191572
ENSMUSG00000094123.1	0
ENSMUSG00000094124.5	0
ENSMUSG00000094125.1	0
ENSMUSG00000094127.1	0
ENSMUSG00000094128.1	0
ENSMUSG00000094129.1	0
ENSMUSG00000094131.1	0
ENSMUSG00000094132.7	1.133182
ENSMUSG00000094133.2	0
ENSMUSG00000094134.2	0
ENSMUSG00000094135.1	0
ENSMUSG00000094136.2	0
ENSMUSG00000094137.1	0
ENSMUSG00000094139.1	0
ENSMUSG00000094140.2	0
ENSMUSG00000094144.8	0
ENSMUSG00000094145.2	0
ENSMUSG00000094146.1	0
ENSMUSG00000094148.1	0
ENSMUSG00000094149.1	0
ENSMUSG00000094150.1	0
ENSMUSG00000094151.1	0.035372
ENSMUSG00000094152.5	1.792274
ENSMUSG00000094153.2	0
ENSMUSG00000094154.1	0
ENSMUSG00000094156.2	0
ENSMUSG00000094157.7	0
ENSMUSG00000094158.1	0
ENSMUSG00000094159.1	0
ENSMUSG00000094160.2	0
ENSMUSG00000094161.1	0
ENSMUSG00000094162.1	0
ENSMUSG00000094163.1	0
ENSMUSG00000094164.2	0
ENSMUSG00000094165.1	0
ENSMUSG00000094167.1	0
ENSMUSG00000094168.1	0
ENSMUSG00000094173.1	0
ENSMUSG00000094174.2	0
ENSMUSG00000094175.1	0
ENSMUSG00000094176.6	0
ENSMUSG00000094177.1	0
ENSMUSG00000094178.1	0
ENSMUSG00000094179.1	0
ENSMUSG00000094180.1	0
ENSMUSG00000094181.7	0
ENSMUSG00000094182.2	0
ENSMUSG00000094183.1	0
ENSMUSG00000094184.1	0
ENSMUSG00000094185.2	0
ENSMUSG00000094186.2	0
ENSMUSG00000094187.1	0
ENSMUSG00000094188.1	0
ENSMUSG00000094189.1	0
ENSMUSG00000094190.1	0
ENSMUSG00000094191.1	0.306964
ENSMUSG00000094192.5	0
ENSMUSG00000094194.2	0
ENSMUSG00000094195.2	0
ENSMUSG00000094196.2	0
ENSMUSG00000094197.1	0
ENSMUSG00000094198.2	0
ENSMUSG00000094199.1	0
ENSMUSG00000094200.2	0
ENSMUSG00000094201.1	0
ENSMUSG00000094202.1	0
ENSMUSG00000094204.1	0
ENSMUSG00000094205.7	0
ENSMUSG00000094208.1	0
ENSMUSG00000094210.1	0
ENSMUSG00000094212.3	0
ENSMUSG00000094213.1	0
ENSMUSG00000094214.1	0
ENSMUSG00000094215.2	0
ENSMUSG00000094217.2	0
ENSMUSG00000094218.1	0
ENSMUSG00000094219.1	0
ENSMUSG00000094220.5	0
ENSMUSG00000094221.1	0
ENSMUSG00000094222.1	0
ENSMUSG00000094226.3	0
ENSMUSG00000094227.1	0
ENSMUSG00000094229.1	0
ENSMUSG00000094230.5	0
ENSMUSG00000094231.2	0.491707
ENSMUSG00000094232.2	0
ENSMUSG00000094233.2	0
ENSMUSG00000094235.1	0
ENSMUSG00000094236.1	0
ENSMUSG00000094237.2	0
ENSMUSG00000094238.1	0
ENSMUSG00000094239.1	0
ENSMUSG00000094240.1	0
ENSMUSG00000094241.2	0
ENSMUSG00000094242.2	0
ENSMUSG00000094243.1	0
ENSMUSG00000094244.1	0
ENSMUSG00000094245.1	0
ENSMUSG00000094247.1	0
ENSMUSG00000094248.1	0
ENSMUSG00000094249.2	0
ENSMUSG00000094250.1	0
ENSMUSG00000094251.1	0
ENSMUSG00000094253.1	0
ENSMUSG00000094254.2	0
ENSMUSG00000094255.1	0
ENSMUSG00000094256.2	0
ENSMUSG00000094257.2	0
ENSMUSG00000094258.7	0
ENSMUSG00000094259.1	0
ENSMUSG00000094261.1	0
ENSMUSG00000094262.2	0
ENSMUSG00000094263.1	0
ENSMUSG00000094264.2	0
ENSMUSG00000094265.1	0
ENSMUSG00000094266.1	0
ENSMUSG00000094267.1	0
ENSMUSG00000094268.1	0
ENSMUSG00000094269.2	0
ENSMUSG00000094270.1	0
ENSMUSG00000094271.1	0
ENSMUSG00000094273.1	0
ENSMUSG00000094274.1	0
ENSMUSG00000094275.1	0
ENSMUSG00000094276.1	0
ENSMUSG00000094277.2	0
ENSMUSG00000094278.1	0
ENSMUSG00000094280.1	0
ENSMUSG00000094281.1	0
ENSMUSG00000094282.1	0.112937
ENSMUSG00000094283.1	0
ENSMUSG00000094284.1	0
ENSMUSG00000094285.2	0
ENSMUSG00000094286.1	0
ENSMUSG00000094287.1	0
ENSMUSG00000094288.1	0
ENSMUSG00000094290.2	0
ENSMUSG00000094292.1	0
ENSMUSG00000094293.1	0
ENSMUSG00000094294.2	0
ENSMUSG00000094295.3	0
ENSMUSG00000094296.1	0
ENSMUSG00000094297.1	0
ENSMUSG00000094298.1	0
ENSMUSG00000094301.1	0
ENSMUSG00000094304.1	0
ENSMUSG00000094305.1	0
ENSMUSG00000094306.1	0
ENSMUSG00000094307.1	0
ENSMUSG00000094308.1	0
ENSMUSG00000094310.1	0
ENSMUSG00000094311.1	0.031939
ENSMUSG00000094312.1	0
ENSMUSG00000094314.3	0
ENSMUSG00000094315.2	0
ENSMUSG00000094316.1	0
ENSMUSG00000094317.1	0
ENSMUSG00000094318.1	0
ENSMUSG00000094319.2	0
ENSMUSG00000094320.1	0
ENSMUSG00000094321.1	0
ENSMUSG00000094322.2	0
ENSMUSG00000094323.1	0
ENSMUSG00000094325.7	0
ENSMUSG00000094326.1	0
ENSMUSG00000094327.1	0
ENSMUSG00000094328.2	0
ENSMUSG00000094330.1	0
ENSMUSG00000094334.2	0
ENSMUSG00000094335.2	3.39769
ENSMUSG00000094336.1	0
ENSMUSG00000094338.1	2.796424
ENSMUSG00000094342.3	0
ENSMUSG00000094344.1	1.934194
ENSMUSG00000094345.2	0
ENSMUSG00000094347.2	0
ENSMUSG00000094349.1	0
ENSMUSG00000094353.2	0
ENSMUSG00000094354.1	0
ENSMUSG00000094356.2	0
ENSMUSG00000094357.1	0
ENSMUSG00000094358.1	0
ENSMUSG00000094359.1	0
ENSMUSG00000094360.1	0
ENSMUSG00000094362.2	0
ENSMUSG00000094363.1	0
ENSMUSG00000094364.1	0
ENSMUSG00000094365.1	0
ENSMUSG00000094366.1	0
ENSMUSG00000094367.1	0
ENSMUSG00000094369.1	0
ENSMUSG00000094370.7	5.962513
ENSMUSG00000094371.1	0
ENSMUSG00000094372.1	0.407405
ENSMUSG00000094374.2	0
ENSMUSG00000094377.1	68.614935
ENSMUSG00000094378.7	0
ENSMUSG00000094379.2	0
ENSMUSG00000094380.3	0
ENSMUSG00000094381.1	0
ENSMUSG00000094382.1	0
ENSMUSG00000094384.1	0
ENSMUSG00000094385.1	0
ENSMUSG00000094386.1	0
ENSMUSG00000094388.1	0
ENSMUSG00000094389.1	0
ENSMUSG00000094390.1	0
ENSMUSG00000094391.1	0
ENSMUSG00000094392.1	0
ENSMUSG00000094394.1	0
ENSMUSG00000094396.3	0
ENSMUSG00000094399.7	0
ENSMUSG00000094400.1	0
ENSMUSG00000094401.1	0
ENSMUSG00000094402.1	0
ENSMUSG00000094403.1	0
ENSMUSG00000094404.1	0
ENSMUSG00000094405.1	0
ENSMUSG00000094406.1	0
ENSMUSG00000094407.1	0
ENSMUSG00000094408.1	0
ENSMUSG00000094409.1	0
ENSMUSG00000094410.8	0.099495
ENSMUSG00000094411.1	0
ENSMUSG00000094412.1	0
ENSMUSG00000094413.5	0
ENSMUSG00000094416.1	0
ENSMUSG00000094417.1	0
ENSMUSG00000094419.1	0
ENSMUSG00000094420.2	0.445394
ENSMUSG00000094421.2	0
ENSMUSG00000094422.3	0
ENSMUSG00000094423.1	0
ENSMUSG00000094424.1	0
ENSMUSG00000094426.3	0
ENSMUSG00000094427.1	0
ENSMUSG00000094428.1	0
ENSMUSG00000094429.2	0
ENSMUSG00000094430.2	0
ENSMUSG00000094432.1	0
ENSMUSG00000094433.2	0.135186
ENSMUSG00000094435.1	0
ENSMUSG00000094436.1	0
ENSMUSG00000094437.2	0
ENSMUSG00000094438.1	0
ENSMUSG00000094439.1	0.008259
ENSMUSG00000094440.1	0
ENSMUSG00000094441.2	0.928922
ENSMUSG00000094442.1	0
ENSMUSG00000094443.2	0
ENSMUSG00000094444.2	0
ENSMUSG00000094445.7	0
ENSMUSG00000094446.1	0
ENSMUSG00000094447.2	0
ENSMUSG00000094449.3	0
ENSMUSG00000094452.1	0
ENSMUSG00000094454.1	0
ENSMUSG00000094455.1	0
ENSMUSG00000094456.1	0
ENSMUSG00000094457.1	0
ENSMUSG00000094458.1	0
ENSMUSG00000094460.7	0
ENSMUSG00000094461.1	0
ENSMUSG00000094462.1	0
ENSMUSG00000094463.2	0.189602
ENSMUSG00000094464.2	0
ENSMUSG00000094465.1	0
ENSMUSG00000094466.1	0
ENSMUSG00000094467.1	0
ENSMUSG00000094468.5	0
ENSMUSG00000094470.1	0
ENSMUSG00000094471.1	0
ENSMUSG00000094472.1	0
ENSMUSG00000094473.1	0
ENSMUSG00000094475.7	0
ENSMUSG00000094476.1	0
ENSMUSG00000094477.1	0
ENSMUSG00000094478.1	0
ENSMUSG00000094481.1	0
ENSMUSG00000094482.1	0
ENSMUSG00000094483.2	22.815401
ENSMUSG00000094484.2	0
ENSMUSG00000094485.1	0
ENSMUSG00000094486.1	0
ENSMUSG00000094487.1	0
ENSMUSG00000094488.2	0
ENSMUSG00000094489.1	0
ENSMUSG00000094491.2	0
ENSMUSG00000094493.2	0
ENSMUSG00000094494.1	0
ENSMUSG00000094496.2	0
ENSMUSG00000094497.1	137.176626
ENSMUSG00000094498.1	0
ENSMUSG00000094499.3	0
ENSMUSG00000094500.2	12.420732
ENSMUSG00000094501.3	0
ENSMUSG00000094502.5	0
ENSMUSG00000094504.3	0
ENSMUSG00000094505.2	0
ENSMUSG00000094506.1	0
ENSMUSG00000094507.1	0
ENSMUSG00000094508.1	0
ENSMUSG00000094509.1	0
ENSMUSG00000094510.1	0
ENSMUSG00000094511.7	0
ENSMUSG00000094513.1	0
ENSMUSG00000094515.1	0
ENSMUSG00000094516.1	0
ENSMUSG00000094520.4	0.00334
ENSMUSG00000094521.1	0
ENSMUSG00000094522.1	0
ENSMUSG00000094523.1	0
ENSMUSG00000094524.1	0
ENSMUSG00000094525.2	0
ENSMUSG00000094526.1	0
ENSMUSG00000094527.1	0
ENSMUSG00000094528.1	0
ENSMUSG00000094529.2	0
ENSMUSG00000094530.2	0.066628
ENSMUSG00000094531.3	0
ENSMUSG00000094532.1	0
ENSMUSG00000094533.1	0
ENSMUSG00000094534.1	0
ENSMUSG00000094535.2	0
ENSMUSG00000094537.1	0
ENSMUSG00000094538.1	0
ENSMUSG00000094539.3	0
ENSMUSG00000094540.1	0
ENSMUSG00000094541.1	0
ENSMUSG00000094542.1	0
ENSMUSG00000094543.1	0
ENSMUSG00000094545.1	0
ENSMUSG00000094546.1	0
ENSMUSG00000094548.1	0
ENSMUSG00000094550.1	0
ENSMUSG00000094551.1	0
ENSMUSG00000094552.1	0
ENSMUSG00000094553.3	0
ENSMUSG00000094554.1	0
ENSMUSG00000094555.1	0
ENSMUSG00000094556.2	0
ENSMUSG00000094557.1	0
ENSMUSG00000094558.1	0
ENSMUSG00000094559.2	0
ENSMUSG00000094560.1	0
ENSMUSG00000094561.1	0
ENSMUSG00000094562.5	0
ENSMUSG00000094563.1	0
ENSMUSG00000094565.1	0
ENSMUSG00000094566.1	0
ENSMUSG00000094567.1	0
ENSMUSG00000094568.1	0
ENSMUSG00000094569.1	0
ENSMUSG00000094570.7	0
ENSMUSG00000094571.1	0
ENSMUSG00000094572.1	0
ENSMUSG00000094573.1	0
ENSMUSG00000094574.1	0
ENSMUSG00000094575.2	0
ENSMUSG00000094577.7	0
ENSMUSG00000094578.8	0
ENSMUSG00000094579.1	0
ENSMUSG00000094581.1	0
ENSMUSG00000094582.1	0
ENSMUSG00000094584.2	0
ENSMUSG00000094585.1	0
ENSMUSG00000094586.4	0
ENSMUSG00000094587.1	0
ENSMUSG00000094588.2	0.007369
ENSMUSG00000094589.1	0
ENSMUSG00000094590.2	0
ENSMUSG00000094592.1	0
ENSMUSG00000094593.1	0
ENSMUSG00000094594.2	0.080749
ENSMUSG00000094595.1	0.502588
ENSMUSG00000094596.1	0
ENSMUSG00000094597.2	0
ENSMUSG00000094598.1	0
ENSMUSG00000094599.1	0
ENSMUSG00000094601.2	0
ENSMUSG00000094602.2	0
ENSMUSG00000094603.1	0
ENSMUSG00000094604.1	0
ENSMUSG00000094605.1	0
ENSMUSG00000094606.8	0
ENSMUSG00000094607.2	0
ENSMUSG00000094608.1	0
ENSMUSG00000094609.1	0
ENSMUSG00000094610.1	0
ENSMUSG00000094612.3	0
ENSMUSG00000094613.2	0
ENSMUSG00000094615.2	0
ENSMUSG00000094616.7	0
ENSMUSG00000094618.1	0
ENSMUSG00000094619.2	0
ENSMUSG00000094622.2	0
ENSMUSG00000094623.2	0
ENSMUSG00000094624.1	0
ENSMUSG00000094625.1	0
ENSMUSG00000094626.1	11.148612
ENSMUSG00000094627.2	24.948881
ENSMUSG00000094628.7	0.662012
ENSMUSG00000094630.1	0
ENSMUSG00000094631.1	0
ENSMUSG00000094632.3	0
ENSMUSG00000094634.8	0.092107
ENSMUSG00000094635.2	0
ENSMUSG00000094636.1	0
ENSMUSG00000094637.2	0
ENSMUSG00000094638.1	0.479599
ENSMUSG00000094639.1	0
ENSMUSG00000094641.1	0
ENSMUSG00000094642.1	0
ENSMUSG00000094643.1	0
ENSMUSG00000094647.7	0
ENSMUSG00000094648.1	0
ENSMUSG00000094649.1	0
ENSMUSG00000094650.1	0
ENSMUSG00000094651.2	0
ENSMUSG00000094652.2	0
ENSMUSG00000094654.1	0
ENSMUSG00000094655.1	0.51554
ENSMUSG00000094656.1	0
ENSMUSG00000094657.1	0
ENSMUSG00000094658.7	0
ENSMUSG00000094659.1	0
ENSMUSG00000094660.2	0
ENSMUSG00000094662.2	0
ENSMUSG00000094663.1	0
ENSMUSG00000094664.1	26.394757
ENSMUSG00000094665.1	0
ENSMUSG00000094667.1	0
ENSMUSG00000094668.1	0
ENSMUSG00000094669.3	0
ENSMUSG00000094670.1	0
ENSMUSG00000094672.2	0
ENSMUSG00000094673.4	0
ENSMUSG00000094675.1	0
ENSMUSG00000094676.3	0
ENSMUSG00000094677.1	0
ENSMUSG00000094678.5	0
ENSMUSG00000094679.2	0
ENSMUSG00000094680.1	0
ENSMUSG00000094681.1	0
ENSMUSG00000094682.2	0
ENSMUSG00000094683.2	0
ENSMUSG00000094684.1	0
ENSMUSG00000094685.2	4.009434
ENSMUSG00000094686.1	0.49708
ENSMUSG00000094687.1	0
ENSMUSG00000094688.1	0
ENSMUSG00000094689.1	0.463348
ENSMUSG00000094690.2	0.573416
ENSMUSG00000094691.1	0
ENSMUSG00000094692.2	0
ENSMUSG00000094693.1	0
ENSMUSG00000094694.6	0
ENSMUSG00000094695.2	0
ENSMUSG00000094696.1	0
ENSMUSG00000094698.1	0
ENSMUSG00000094699.2	0
ENSMUSG00000094700.1	0
ENSMUSG00000094701.3	0
ENSMUSG00000094702.1	0
ENSMUSG00000094703.1	0
ENSMUSG00000094704.1	0
ENSMUSG00000094706.7	0
ENSMUSG00000094707.2	0.5778
ENSMUSG00000094708.1	0
ENSMUSG00000094709.1	0
ENSMUSG00000094710.1	0
ENSMUSG00000094712.1	0
ENSMUSG00000094713.1	0
ENSMUSG00000094714.7	0
ENSMUSG00000094715.3	0
ENSMUSG00000094717.1	0
ENSMUSG00000094718.1	0
ENSMUSG00000094719.4	0
ENSMUSG00000094720.1	0
ENSMUSG00000094721.3	0
ENSMUSG00000094723.1	0
ENSMUSG00000094724.8	33.697799
ENSMUSG00000094725.1	0
ENSMUSG00000094726.1	0
ENSMUSG00000094729.2	0
ENSMUSG00000094730.1	0
ENSMUSG00000094732.2	1.30241
ENSMUSG00000094733.1	0
ENSMUSG00000094734.2	0
ENSMUSG00000094735.1	0
ENSMUSG00000094736.2	0
ENSMUSG00000094737.1	0
ENSMUSG00000094738.1	0
ENSMUSG00000094739.2	0
ENSMUSG00000094743.2	0
ENSMUSG00000094745.3	0
ENSMUSG00000094746.7	0
ENSMUSG00000094747.3	0
ENSMUSG00000094748.1	0
ENSMUSG00000094750.1	0
ENSMUSG00000094751.1	0
ENSMUSG00000094752.1	0
ENSMUSG00000094753.1	0
ENSMUSG00000094754.1	0
ENSMUSG00000094755.1	0
ENSMUSG00000094757.1	0
ENSMUSG00000094758.2	0
ENSMUSG00000094759.7	0
ENSMUSG00000094760.1	0
ENSMUSG00000094762.1	0
ENSMUSG00000094763.3	0
ENSMUSG00000094764.2	0
ENSMUSG00000094765.1	0
ENSMUSG00000094766.3	0
ENSMUSG00000094767.1	0
ENSMUSG00000094768.1	0
ENSMUSG00000094771.1	0
ENSMUSG00000094772.2	0.895626
ENSMUSG00000094773.2	0
ENSMUSG00000094775.1	0
ENSMUSG00000094777.2	0
ENSMUSG00000094778.3	0
ENSMUSG00000094779.2	0
ENSMUSG00000094780.1	0
ENSMUSG00000094782.7	0
ENSMUSG00000094784.1	0
ENSMUSG00000094785.1	0
ENSMUSG00000094786.1	1.886848
ENSMUSG00000094787.2	0
ENSMUSG00000094789.7	0
ENSMUSG00000094790.2	0
ENSMUSG00000094792.3	0
ENSMUSG00000094793.1	0
ENSMUSG00000094794.1	0
ENSMUSG00000094796.2	0
ENSMUSG00000094797.1	0
ENSMUSG00000094800.8	3.119729
ENSMUSG00000094801.1	0
ENSMUSG00000094802.7	0
ENSMUSG00000094803.1	0
ENSMUSG00000094804.1	0
ENSMUSG00000094805.2	0
ENSMUSG00000094806.2	0
ENSMUSG00000094807.2	0
ENSMUSG00000094808.2	0
ENSMUSG00000094810.3	0
ENSMUSG00000094811.7	0
ENSMUSG00000094812.1	0
ENSMUSG00000094813.2	0
ENSMUSG00000094814.1	0
ENSMUSG00000094815.1	0
ENSMUSG00000094817.8	0
ENSMUSG00000094818.1	0
ENSMUSG00000094819.3	0
ENSMUSG00000094820.1	0
ENSMUSG00000094821.7	0
ENSMUSG00000094822.2	0
ENSMUSG00000094823.1	0
ENSMUSG00000094824.1	0
ENSMUSG00000094825.8	3.371612
ENSMUSG00000094826.1	0
ENSMUSG00000094827.3	0
ENSMUSG00000094828.5	1.828209
ENSMUSG00000094829.2	0
ENSMUSG00000094830.1	0
ENSMUSG00000094831.1	0
ENSMUSG00000094832.1	0
ENSMUSG00000094833.1	0
ENSMUSG00000094834.1	0
ENSMUSG00000094837.1	0
ENSMUSG00000094838.2	0
ENSMUSG00000094840.5	0.032959
ENSMUSG00000094841.2	0
ENSMUSG00000094842.1	0
ENSMUSG00000094843.2	0.063945
ENSMUSG00000094845.2	0
ENSMUSG00000094846.4	0
ENSMUSG00000094847.1	0
ENSMUSG00000094848.1	0
ENSMUSG00000094849.1	0
ENSMUSG00000094850.1	0
ENSMUSG00000094852.3	0.067657
ENSMUSG00000094854.3	0
ENSMUSG00000094856.1	0
ENSMUSG00000094858.3	0
ENSMUSG00000094860.1	0
ENSMUSG00000094861.1	0
ENSMUSG00000094862.2	0
ENSMUSG00000094864.2	0
ENSMUSG00000094865.2	0
ENSMUSG00000094866.1	0
ENSMUSG00000094868.1	0
ENSMUSG00000094870.8	2.238806
ENSMUSG00000094872.1	0
ENSMUSG00000094873.1	0
ENSMUSG00000094875.1	0
ENSMUSG00000094876.1	0
ENSMUSG00000094877.2	0
ENSMUSG00000094878.2	0
ENSMUSG00000094879.1	0
ENSMUSG00000094880.1	0
ENSMUSG00000094881.3	0
ENSMUSG00000094883.1	0
ENSMUSG00000094884.3	0
ENSMUSG00000094885.7	0
ENSMUSG00000094886.2	0
ENSMUSG00000094888.1	0
ENSMUSG00000094889.1	0
ENSMUSG00000094890.1	0
ENSMUSG00000094891.2	0
ENSMUSG00000094892.2	0
ENSMUSG00000094893.2	0
ENSMUSG00000094894.1	0
ENSMUSG00000094895.1	0
ENSMUSG00000094896.1	0
ENSMUSG00000094897.1	0
ENSMUSG00000094898.2	0
ENSMUSG00000094901.1	0
ENSMUSG00000094902.2	0
ENSMUSG00000094903.1	0
ENSMUSG00000094904.1	0
ENSMUSG00000094905.1	0
ENSMUSG00000094906.1	0
ENSMUSG00000094910.1	23.392548
ENSMUSG00000094911.1	0
ENSMUSG00000094912.1	0
ENSMUSG00000094913.3	0
ENSMUSG00000094914.5	0
ENSMUSG00000094916.1	0
ENSMUSG00000094917.1	0
ENSMUSG00000094918.3	0
ENSMUSG00000094919.1	0
ENSMUSG00000094920.2	0
ENSMUSG00000094921.2	0
ENSMUSG00000094922.1	0
ENSMUSG00000094923.1	0
ENSMUSG00000094925.7	0
ENSMUSG00000094926.1	0
ENSMUSG00000094927.1	0
ENSMUSG00000094928.1	0
ENSMUSG00000094929.1	0.491386
ENSMUSG00000094930.2	0
ENSMUSG00000094931.1	0
ENSMUSG00000094932.7	0
ENSMUSG00000094933.1	0
ENSMUSG00000094934.1	0
ENSMUSG00000094935.2	0.093783
ENSMUSG00000094936.8	15.390343
ENSMUSG00000094937.1	0
ENSMUSG00000094938.1	0
ENSMUSG00000094939.1	0
ENSMUSG00000094940.1	0
ENSMUSG00000094941.1	0
ENSMUSG00000094942.7	0.157613
ENSMUSG00000094943.1	0
ENSMUSG00000094945.3	0.038685
ENSMUSG00000094946.1	0
ENSMUSG00000094948.2	0
ENSMUSG00000094950.2	0
ENSMUSG00000094951.1	0
ENSMUSG00000094952.1	0
ENSMUSG00000094954.1	0
ENSMUSG00000094955.2	0
ENSMUSG00000094956.1	0
ENSMUSG00000094957.1	0
ENSMUSG00000094958.1	0.137075
ENSMUSG00000094959.1	0
ENSMUSG00000094960.1	0
ENSMUSG00000094962.1	0
ENSMUSG00000094963.1	0
ENSMUSG00000094964.1	0
ENSMUSG00000094965.1	0
ENSMUSG00000094966.2	0.119938
ENSMUSG00000094967.1	0
ENSMUSG00000094968.1	0
ENSMUSG00000094969.1	0
ENSMUSG00000094970.3	0
ENSMUSG00000094971.1	0
ENSMUSG00000094972.1	0
ENSMUSG00000094973.2	0
ENSMUSG00000094974.1	0.115609
ENSMUSG00000094975.1	0
ENSMUSG00000094976.1	0
ENSMUSG00000094977.1	0
ENSMUSG00000094978.2	0
ENSMUSG00000094979.1	0
ENSMUSG00000094980.1	0
ENSMUSG00000094981.1	0
ENSMUSG00000094982.1	0
ENSMUSG00000094983.1	0
ENSMUSG00000094985.2	0
ENSMUSG00000094986.3	0
ENSMUSG00000094987.1	0
ENSMUSG00000094989.1	0.389605
ENSMUSG00000094991.2	0
ENSMUSG00000094992.1	0
ENSMUSG00000094993.2	0
ENSMUSG00000094994.1	0
ENSMUSG00000094995.2	0
ENSMUSG00000094997.1	0
ENSMUSG00000094998.1	0
ENSMUSG00000094999.2	0
ENSMUSG00000095000.1	0
ENSMUSG00000095002.3	0
ENSMUSG00000095003.1	0
ENSMUSG00000095005.1	0
ENSMUSG00000095006.1	0
ENSMUSG00000095007.1	0
ENSMUSG00000095008.1	0
ENSMUSG00000095009.1	0
ENSMUSG00000095010.1	0
ENSMUSG00000095011.7	0
ENSMUSG00000095015.7	0
ENSMUSG00000095016.1	0
ENSMUSG00000095017.1	0
ENSMUSG00000095020.1	0
ENSMUSG00000095021.1	0
ENSMUSG00000095022.8	0
ENSMUSG00000095023.1	0
ENSMUSG00000095024.8	0
ENSMUSG00000095025.1	0
ENSMUSG00000095026.2	0.084231
ENSMUSG00000095027.1	0
ENSMUSG00000095028.6	0.111163
ENSMUSG00000095029.1	0
ENSMUSG00000095030.2	0
ENSMUSG00000095031.1	0
ENSMUSG00000095032.2	0
ENSMUSG00000095033.1	0
ENSMUSG00000095034.2	0
ENSMUSG00000095035.1	0
ENSMUSG00000095037.1	0
ENSMUSG00000095040.2	0
ENSMUSG00000095042.1	0
ENSMUSG00000095044.7	0
ENSMUSG00000095045.1	0
ENSMUSG00000095047.1	0
ENSMUSG00000095048.7	0
ENSMUSG00000095049.2	0
ENSMUSG00000095051.1	0
ENSMUSG00000095052.1	0
ENSMUSG00000095053.1	0
ENSMUSG00000095054.1	0
ENSMUSG00000095056.7	0
ENSMUSG00000095057.1	0
ENSMUSG00000095059.1	0
ENSMUSG00000095060.1	0
ENSMUSG00000095061.1	0
ENSMUSG00000095063.1	0
ENSMUSG00000095064.1	0
ENSMUSG00000095065.1	0
ENSMUSG00000095066.1	0
ENSMUSG00000095068.1	0
ENSMUSG00000095069.1	0
ENSMUSG00000095070.1	0
ENSMUSG00000095071.2	0
ENSMUSG00000095072.1	0
ENSMUSG00000095073.1	0
ENSMUSG00000095074.4	0
ENSMUSG00000095075.2	0
ENSMUSG00000095078.2	0
ENSMUSG00000095079.6	3.368588
ENSMUSG00000095081.1	0
ENSMUSG00000095082.1	0
ENSMUSG00000095085.1	0
ENSMUSG00000095086.1	0
ENSMUSG00000095087.1	0
ENSMUSG00000095088.3	0
ENSMUSG00000095089.1	0
ENSMUSG00000095091.1	0
ENSMUSG00000095093.2	0
ENSMUSG00000095094.1	0
ENSMUSG00000095095.2	0
ENSMUSG00000095096.1	0
ENSMUSG00000095097.1	0
ENSMUSG00000095098.2	27.767317
ENSMUSG00000095100.1	0
ENSMUSG00000095101.2	0
ENSMUSG00000095102.1	0
ENSMUSG00000095103.2	0
ENSMUSG00000095104.2	0
ENSMUSG00000095105.2	0.07338
ENSMUSG00000095107.1	0
ENSMUSG00000095108.2	0
ENSMUSG00000095110.1	0
ENSMUSG00000095111.1	0
ENSMUSG00000095112.1	0
ENSMUSG00000095113.1	0
ENSMUSG00000095115.2	0.473396
ENSMUSG00000095116.1	0
ENSMUSG00000095117.2	0
ENSMUSG00000095118.1	0
ENSMUSG00000095119.1	0
ENSMUSG00000095121.1	0
ENSMUSG00000095122.1	0
ENSMUSG00000095123.1	0.222411
ENSMUSG00000095125.2	0
ENSMUSG00000095126.3	0
ENSMUSG00000095127.2	0
ENSMUSG00000095128.2	0
ENSMUSG00000095129.1	0
ENSMUSG00000095130.1	0
ENSMUSG00000095131.1	0
ENSMUSG00000095132.1	0
ENSMUSG00000095133.1	0
ENSMUSG00000095134.2	0
ENSMUSG00000095135.7	0
ENSMUSG00000095136.1	0
ENSMUSG00000095137.1	0
ENSMUSG00000095138.3	0
ENSMUSG00000095139.2	3.252373
ENSMUSG00000095140.1	0
ENSMUSG00000095141.7	0
ENSMUSG00000095142.1	0
ENSMUSG00000095143.5	0
ENSMUSG00000095146.2	0
ENSMUSG00000095147.1	0
ENSMUSG00000095148.2	0
ENSMUSG00000095149.1	0
ENSMUSG00000095150.3	0
ENSMUSG00000095151.1	0
ENSMUSG00000095152.1	0
ENSMUSG00000095153.7	0
ENSMUSG00000095154.1	0
ENSMUSG00000095155.1	0
ENSMUSG00000095156.2	0
ENSMUSG00000095159.2	0.196163
ENSMUSG00000095160.1	0
ENSMUSG00000095163.1	0
ENSMUSG00000095165.1	0
ENSMUSG00000095168.1	0.033706
ENSMUSG00000095169.1	0
ENSMUSG00000095170.2	0
ENSMUSG00000095171.1	0
ENSMUSG00000095172.2	0
ENSMUSG00000095174.1	0
ENSMUSG00000095175.1	0
ENSMUSG00000095176.1	0
ENSMUSG00000095178.1	0
ENSMUSG00000095179.2	0
ENSMUSG00000095180.8	0.061388
ENSMUSG00000095182.1	0
ENSMUSG00000095183.1	0
ENSMUSG00000095184.1	0
ENSMUSG00000095185.1	0
ENSMUSG00000095186.1	0
ENSMUSG00000095187.2	0
ENSMUSG00000095188.1	0
ENSMUSG00000095189.2	0
ENSMUSG00000095190.3	0
ENSMUSG00000095191.1	0
ENSMUSG00000095192.2	0
ENSMUSG00000095193.2	0.121901
ENSMUSG00000095194.2	0
ENSMUSG00000095195.7	0
ENSMUSG00000095196.1	0
ENSMUSG00000095197.6	0
ENSMUSG00000095198.1	0
ENSMUSG00000095199.8	6.092147
ENSMUSG00000095200.2	0
ENSMUSG00000095201.2	0
ENSMUSG00000095202.2	0
ENSMUSG00000095203.1	0
ENSMUSG00000095204.6	0
ENSMUSG00000095205.1	0
ENSMUSG00000095209.1	0
ENSMUSG00000095210.2	0.155226
ENSMUSG00000095212.4	0
ENSMUSG00000095213.2	0
ENSMUSG00000095214.1	0
ENSMUSG00000095217.1	0.317989
ENSMUSG00000095218.3	0
ENSMUSG00000095220.1	0
ENSMUSG00000095221.1	0
ENSMUSG00000095222.1	0
ENSMUSG00000095226.1	0
ENSMUSG00000095228.1	0
ENSMUSG00000095231.1	0
ENSMUSG00000095232.2	0
ENSMUSG00000095233.1	0
ENSMUSG00000095234.2	18.471966
ENSMUSG00000095236.2	0
ENSMUSG00000095238.2	0
ENSMUSG00000095239.4	0
ENSMUSG00000095240.1	0
ENSMUSG00000095241.2	0.014142
ENSMUSG00000095242.2	0
ENSMUSG00000095243.1	0
ENSMUSG00000095245.1	0
ENSMUSG00000095246.1	0
ENSMUSG00000095248.3	0
ENSMUSG00000095249.1	0
ENSMUSG00000095251.1	0
ENSMUSG00000095253.4	2.31444
ENSMUSG00000095255.2	0
ENSMUSG00000095256.1	0
ENSMUSG00000095257.1	0
ENSMUSG00000095258.2	0.114132
ENSMUSG00000095259.1	0
ENSMUSG00000095260.1	0
ENSMUSG00000095261.2	0
ENSMUSG00000095262.2	0
ENSMUSG00000095263.7	0
ENSMUSG00000095266.2	0
ENSMUSG00000095267.2	0
ENSMUSG00000095269.1	0
ENSMUSG00000095270.1	0
ENSMUSG00000095272.1	0
ENSMUSG00000095273.1	0
ENSMUSG00000095274.1	0
ENSMUSG00000095275.1	0
ENSMUSG00000095276.2	0
ENSMUSG00000095277.1	0
ENSMUSG00000095278.2	0
ENSMUSG00000095279.2	0
ENSMUSG00000095280.1	0
ENSMUSG00000095281.1	0
ENSMUSG00000095282.1	0
ENSMUSG00000095283.1	0
ENSMUSG00000095284.1	0
ENSMUSG00000095285.2	0
ENSMUSG00000095286.3	0
ENSMUSG00000095287.1	0
ENSMUSG00000095288.1	0
ENSMUSG00000095289.1	0
ENSMUSG00000095290.1	0
ENSMUSG00000095291.1	0
ENSMUSG00000095292.1	0
ENSMUSG00000095293.7	0
ENSMUSG00000095294.2	0
ENSMUSG00000095295.8	0
ENSMUSG00000095296.7	0
ENSMUSG00000095297.1	0
ENSMUSG00000095298.2	0.178185
ENSMUSG00000095299.1	0
ENSMUSG00000095300.1	0
ENSMUSG00000095301.2	0
ENSMUSG00000095302.2	0
ENSMUSG00000095304.9	0
ENSMUSG00000095305.1	0
ENSMUSG00000095307.1	0
ENSMUSG00000095309.1	0
ENSMUSG00000095310.1	0
ENSMUSG00000095311.1	0
ENSMUSG00000095312.1	0
ENSMUSG00000095314.1	0
ENSMUSG00000095315.2	0.212024
ENSMUSG00000095316.1	0
ENSMUSG00000095318.1	0.022756
ENSMUSG00000095319.1	0
ENSMUSG00000095321.1	0
ENSMUSG00000095322.2	0
ENSMUSG00000095323.1	0
ENSMUSG00000095324.2	0
ENSMUSG00000095325.3	0.952787
ENSMUSG00000095327.1	0
ENSMUSG00000095328.1	0
ENSMUSG00000095330.1	0
ENSMUSG00000095331.3	0
ENSMUSG00000095332.2	0
ENSMUSG00000095333.1	0
ENSMUSG00000095334.2	14.397495
ENSMUSG00000095335.2	0
ENSMUSG00000095336.1	0
ENSMUSG00000095338.1	0
ENSMUSG00000095339.2	0
ENSMUSG00000095340.1	0
ENSMUSG00000095341.1	0
ENSMUSG00000095342.1	0
ENSMUSG00000095344.2	0.276342
ENSMUSG00000095345.2	0
ENSMUSG00000095346.1	0
ENSMUSG00000095347.1	0
ENSMUSG00000095348.1	0
ENSMUSG00000095349.1	0
ENSMUSG00000095350.1	0
ENSMUSG00000095351.2	0.679009
ENSMUSG00000095353.2	0
ENSMUSG00000095356.1	0
ENSMUSG00000095357.1	0
ENSMUSG00000095358.1	0
ENSMUSG00000095360.7	0.049152
ENSMUSG00000095361.1	0
ENSMUSG00000095362.7	30.688251
ENSMUSG00000095363.2	0
ENSMUSG00000095365.3	0
ENSMUSG00000095366.2	2.07358
ENSMUSG00000095368.7	0.304612
ENSMUSG00000095369.2	0
ENSMUSG00000095370.2	0
ENSMUSG00000095371.1	0
ENSMUSG00000095372.1	0
ENSMUSG00000095374.1	0
ENSMUSG00000095376.1	0
ENSMUSG00000095377.2	0
ENSMUSG00000095379.1	0
ENSMUSG00000095380.1	0
ENSMUSG00000095382.1	0
ENSMUSG00000095383.1	0
ENSMUSG00000095384.1	0.07923
ENSMUSG00000095385.3	0.982172
ENSMUSG00000095386.1	0
ENSMUSG00000095387.5	0
ENSMUSG00000095388.7	0
ENSMUSG00000095389.1	0
ENSMUSG00000095390.2	0
ENSMUSG00000095392.1	0
ENSMUSG00000095393.1	0
ENSMUSG00000095394.1	0
ENSMUSG00000095395.2	0
ENSMUSG00000095396.1	0
ENSMUSG00000095398.2	0
ENSMUSG00000095399.1	0
ENSMUSG00000095401.2	0
ENSMUSG00000095402.1	0
ENSMUSG00000095403.8	0.670925
ENSMUSG00000095407.2	5.184557
ENSMUSG00000095408.1	0
ENSMUSG00000095409.1	0
ENSMUSG00000095410.1	0
ENSMUSG00000095411.1	0
ENSMUSG00000095412.3	0
ENSMUSG00000095413.1	0
ENSMUSG00000095414.1	0
ENSMUSG00000095416.6	0
ENSMUSG00000095418.1	0
ENSMUSG00000095419.1	0.238753
ENSMUSG00000095420.1	0
ENSMUSG00000095422.1	0
ENSMUSG00000095423.1	0
ENSMUSG00000095424.1	0
ENSMUSG00000095425.1	0
ENSMUSG00000095426.6	0
ENSMUSG00000095427.2	9.068884
ENSMUSG00000095428.1	0
ENSMUSG00000095429.1	0
ENSMUSG00000095430.3	0
ENSMUSG00000095431.1	0
ENSMUSG00000095432.9	0.931012
ENSMUSG00000095433.2	0
ENSMUSG00000095435.1	0
ENSMUSG00000095436.1	0
ENSMUSG00000095437.1	0
ENSMUSG00000095438.1	0
ENSMUSG00000095440.2	0.375514
ENSMUSG00000095442.1	0
ENSMUSG00000095444.1	0
ENSMUSG00000095445.1	0
ENSMUSG00000095446.1	0
ENSMUSG00000095447.1	0
ENSMUSG00000095448.3	0
ENSMUSG00000095449.1	0
ENSMUSG00000095452.2	0
ENSMUSG00000095453.1	0
ENSMUSG00000095455.1	0
ENSMUSG00000095457.3	0
ENSMUSG00000095458.1	0
ENSMUSG00000095460.1	0
ENSMUSG00000095462.1	0
ENSMUSG00000095463.8	19.887132
ENSMUSG00000095464.1	0
ENSMUSG00000095465.2	0
ENSMUSG00000095466.7	0
ENSMUSG00000095467.1	0
ENSMUSG00000095469.1	0
ENSMUSG00000095470.1	0
ENSMUSG00000095472.1	0
ENSMUSG00000095474.2	0
ENSMUSG00000095476.1	0
ENSMUSG00000095477.1	0
ENSMUSG00000095478.2	0.474468
ENSMUSG00000095479.1	0
ENSMUSG00000095482.1	0
ENSMUSG00000095483.2	0
ENSMUSG00000095484.4	0
ENSMUSG00000095486.2	0
ENSMUSG00000095487.3	0
ENSMUSG00000095489.1	0
ENSMUSG00000095490.1	0.022756
ENSMUSG00000095491.1	0
ENSMUSG00000095492.1	0
ENSMUSG00000095493.2	0
ENSMUSG00000095494.1	0
ENSMUSG00000095495.2	0
ENSMUSG00000095497.2	0
ENSMUSG00000095498.1	0
ENSMUSG00000095499.1	0
ENSMUSG00000095501.1	0
ENSMUSG00000095502.1	0
ENSMUSG00000095503.4	0
ENSMUSG00000095504.1	0
ENSMUSG00000095506.1	0
ENSMUSG00000095507.1	0
ENSMUSG00000095508.2	0
ENSMUSG00000095509.1	0
ENSMUSG00000095510.8	0
ENSMUSG00000095511.1	0
ENSMUSG00000095512.1	0
ENSMUSG00000095513.1	0
ENSMUSG00000095514.2	0
ENSMUSG00000095516.1	0
ENSMUSG00000095517.1	0
ENSMUSG00000095518.1	0
ENSMUSG00000095519.2	0.495619
ENSMUSG00000095520.2	0
ENSMUSG00000095521.1	0
ENSMUSG00000095522.2	0
ENSMUSG00000095524.1	0
ENSMUSG00000095525.1	0
ENSMUSG00000095526.2	0
ENSMUSG00000095527.3	0
ENSMUSG00000095528.8	0
ENSMUSG00000095529.1	0
ENSMUSG00000095530.1	0
ENSMUSG00000095531.1	0
ENSMUSG00000095532.1	0
ENSMUSG00000095533.7	0
ENSMUSG00000095534.1	0
ENSMUSG00000095536.1	0
ENSMUSG00000095537.1	0
ENSMUSG00000095538.1	0
ENSMUSG00000095539.1	0
ENSMUSG00000095540.1	0
ENSMUSG00000095541.1	0
ENSMUSG00000095542.1	0
ENSMUSG00000095543.2	0
ENSMUSG00000095544.1	0
ENSMUSG00000095545.7	0
ENSMUSG00000095546.7	0
ENSMUSG00000095547.1	0
ENSMUSG00000095549.1	0
ENSMUSG00000095550.2	0
ENSMUSG00000095551.1	0
ENSMUSG00000095553.2	0
ENSMUSG00000095554.2	0
ENSMUSG00000095555.2	0
ENSMUSG00000095557.7	0
ENSMUSG00000095560.2	0
ENSMUSG00000095561.1	0
ENSMUSG00000095562.8	0.333866
ENSMUSG00000095563.1	0
ENSMUSG00000095564.2	0
ENSMUSG00000095565.2	0
ENSMUSG00000095567.8	23.483934
ENSMUSG00000095569.1	0
ENSMUSG00000095571.2	0.120848
ENSMUSG00000095572.1	0.428549
ENSMUSG00000095573.3	0
ENSMUSG00000095574.2	0
ENSMUSG00000095576.5	0
ENSMUSG00000095577.2	0
ENSMUSG00000095578.7	0
ENSMUSG00000095580.1	0
ENSMUSG00000095581.1	0
ENSMUSG00000095583.1	0
ENSMUSG00000095584.1	0
ENSMUSG00000095586.1	0
ENSMUSG00000095587.1	0
ENSMUSG00000095588.1	1.361757
ENSMUSG00000095589.2	0.116075
ENSMUSG00000095590.1	1.911224
ENSMUSG00000095591.1	0
ENSMUSG00000095592.1	0
ENSMUSG00000095593.1	0
ENSMUSG00000095594.1	0
ENSMUSG00000095595.2	16.062311
ENSMUSG00000095596.1	0
ENSMUSG00000095597.2	199.562962
ENSMUSG00000095599.1	0
ENSMUSG00000095600.2	0
ENSMUSG00000095601.8	0
ENSMUSG00000095603.4	0
ENSMUSG00000095604.1	0
ENSMUSG00000095605.1	0
ENSMUSG00000095606.7	0
ENSMUSG00000095607.3	0
ENSMUSG00000095608.3	0
ENSMUSG00000095609.2	0
ENSMUSG00000095610.1	0
ENSMUSG00000095612.2	0
ENSMUSG00000095614.1	0
ENSMUSG00000095615.1	0
ENSMUSG00000095616.1	0
ENSMUSG00000095618.1	0
ENSMUSG00000095619.1	0
ENSMUSG00000095620.7	0
ENSMUSG00000095621.1	0
ENSMUSG00000095624.1	0
ENSMUSG00000095625.2	0
ENSMUSG00000095626.2	0
ENSMUSG00000095627.1	0
ENSMUSG00000095628.1	0
ENSMUSG00000095629.2	0
ENSMUSG00000095630.2	0.566167
ENSMUSG00000095631.1	0
ENSMUSG00000095632.2	0
ENSMUSG00000095633.2	0
ENSMUSG00000095634.2	0
ENSMUSG00000095635.1	0
ENSMUSG00000095636.1	0
ENSMUSG00000095638.2	0
ENSMUSG00000095639.1	0
ENSMUSG00000095640.4	0
ENSMUSG00000095641.1	0
ENSMUSG00000095642.3	0
ENSMUSG00000095643.2	0
ENSMUSG00000095645.1	0
ENSMUSG00000095646.1	0
ENSMUSG00000095647.1	0
ENSMUSG00000095648.7	0
ENSMUSG00000095649.3	0
ENSMUSG00000095650.2	0
ENSMUSG00000095651.1	0
ENSMUSG00000095652.1	0
ENSMUSG00000095653.2	0
ENSMUSG00000095654.2	0.027625
ENSMUSG00000095655.1	0
ENSMUSG00000095656.1	0
ENSMUSG00000095657.1	0
ENSMUSG00000095658.2	0
ENSMUSG00000095659.2	0
ENSMUSG00000095660.1	0
ENSMUSG00000095661.1	0
ENSMUSG00000095662.1	0
ENSMUSG00000095663.2	0
ENSMUSG00000095664.2	0
ENSMUSG00000095667.2	0
ENSMUSG00000095668.1	0
ENSMUSG00000095670.2	0
ENSMUSG00000095671.1	0
ENSMUSG00000095673.1	0
ENSMUSG00000095674.1	0
ENSMUSG00000095675.2	0
ENSMUSG00000095676.1	0
ENSMUSG00000095677.2	12.248515
ENSMUSG00000095678.1	0
ENSMUSG00000095680.1	0
ENSMUSG00000095681.7	0
ENSMUSG00000095682.1	0
ENSMUSG00000095683.2	0
ENSMUSG00000095684.1	0
ENSMUSG00000095685.1	0
ENSMUSG00000095686.7	0
ENSMUSG00000095687.2	12.217636
ENSMUSG00000095689.5	0
ENSMUSG00000095690.2	0.469358
ENSMUSG00000095691.1	0
ENSMUSG00000095693.1	0
ENSMUSG00000095696.3	0
ENSMUSG00000095697.1	0
ENSMUSG00000095698.2	0
ENSMUSG00000095699.1	0
ENSMUSG00000095700.2	0
ENSMUSG00000095701.1	0
ENSMUSG00000095702.1	0
ENSMUSG00000095703.1	0
ENSMUSG00000095704.2	0
ENSMUSG00000095705.1	0
ENSMUSG00000095706.3	0
ENSMUSG00000095710.7	0
ENSMUSG00000095711.5	0
ENSMUSG00000095712.1	0
ENSMUSG00000095713.1	0
ENSMUSG00000095714.1	0
ENSMUSG00000095716.1	0
ENSMUSG00000095717.1	0
ENSMUSG00000095718.2	0
ENSMUSG00000095721.1	0
ENSMUSG00000095722.1	0
ENSMUSG00000095723.1	0
ENSMUSG00000095724.1	0
ENSMUSG00000095725.2	0
ENSMUSG00000095727.1	0
ENSMUSG00000095729.1	0
ENSMUSG00000095730.3	0
ENSMUSG00000095731.1	0
ENSMUSG00000095732.1	0
ENSMUSG00000095734.1	3.015104
ENSMUSG00000095736.1	0
ENSMUSG00000095737.5	0
ENSMUSG00000095738.1	0
ENSMUSG00000095739.1	0
ENSMUSG00000095740.1	0
ENSMUSG00000095741.3	0
ENSMUSG00000095743.1	0
ENSMUSG00000095744.1	0
ENSMUSG00000095745.1	0
ENSMUSG00000095747.1	0
ENSMUSG00000095749.1	0
ENSMUSG00000095752.1	0
ENSMUSG00000095753.2	0
ENSMUSG00000095754.2	0
ENSMUSG00000095756.2	0
ENSMUSG00000095757.1	0
ENSMUSG00000095758.1	0
ENSMUSG00000095759.1	0
ENSMUSG00000095761.6	0
ENSMUSG00000095762.1	0.37085
ENSMUSG00000095764.1	0
ENSMUSG00000095765.3	0
ENSMUSG00000095766.2	0
ENSMUSG00000095768.1	0
ENSMUSG00000095769.1	0
ENSMUSG00000095770.1	0
ENSMUSG00000095771.2	0.142209
ENSMUSG00000095772.1	0
ENSMUSG00000095773.3	0
ENSMUSG00000095774.2	0
ENSMUSG00000095776.1	0
ENSMUSG00000095778.1	0
ENSMUSG00000095779.2	0
ENSMUSG00000095780.1	0
ENSMUSG00000095782.1	0
ENSMUSG00000095785.2	0
ENSMUSG00000095786.1	0
ENSMUSG00000095788.6	0
ENSMUSG00000095789.6	2.041467
ENSMUSG00000095791.1	0
ENSMUSG00000095792.1	0
ENSMUSG00000095793.7	0
ENSMUSG00000095794.2	0.136423
ENSMUSG00000095796.1	0
ENSMUSG00000095797.8	0
ENSMUSG00000095798.1	0
ENSMUSG00000095799.1	0
ENSMUSG00000095802.1	0
ENSMUSG00000095804.2	0
ENSMUSG00000095805.1	0
ENSMUSG00000095806.1	0
ENSMUSG00000095807.2	0
ENSMUSG00000095809.3	0
ENSMUSG00000095812.1	0
ENSMUSG00000095813.4	0
ENSMUSG00000095814.1	0
ENSMUSG00000095816.2	0
ENSMUSG00000095817.1	0
ENSMUSG00000095818.2	0
ENSMUSG00000095820.1	0
ENSMUSG00000095821.2	0
ENSMUSG00000095822.2	0
ENSMUSG00000095824.1	0
ENSMUSG00000095825.1	0
ENSMUSG00000095826.1	0
ENSMUSG00000095827.2	0
ENSMUSG00000095828.1	0
ENSMUSG00000095829.8	0
ENSMUSG00000095831.2	0
ENSMUSG00000095834.2	0
ENSMUSG00000095836.3	0
ENSMUSG00000095837.1	0
ENSMUSG00000095839.3	0
ENSMUSG00000095841.2	0
ENSMUSG00000095842.1	0
ENSMUSG00000095843.1	0
ENSMUSG00000095845.3	6.099371
ENSMUSG00000095847.1	0
ENSMUSG00000095849.1	0
ENSMUSG00000095851.1	0
ENSMUSG00000095852.7	0
ENSMUSG00000095853.1	0
ENSMUSG00000095854.4	0
ENSMUSG00000095856.1	0
ENSMUSG00000095857.1	0
ENSMUSG00000095858.4	0
ENSMUSG00000095859.2	0
ENSMUSG00000095862.1	0
ENSMUSG00000095863.2	0
ENSMUSG00000095864.2	0
ENSMUSG00000095865.1	0
ENSMUSG00000095866.1	0
ENSMUSG00000095867.2	0
ENSMUSG00000095868.1	0
ENSMUSG00000095869.1	0
ENSMUSG00000095870.1	0
ENSMUSG00000095871.1	0
ENSMUSG00000095872.7	0
ENSMUSG00000095873.1	0
ENSMUSG00000095874.2	0
ENSMUSG00000095876.1	0
ENSMUSG00000095878.1	0
ENSMUSG00000095879.1	0
ENSMUSG00000095880.1	0
ENSMUSG00000095883.1	0
ENSMUSG00000095884.1	0
ENSMUSG00000095885.1	0
ENSMUSG00000095886.2	0
ENSMUSG00000095887.7	0
ENSMUSG00000095889.1	0
ENSMUSG00000095890.1	0
ENSMUSG00000095891.7	0
ENSMUSG00000095892.1	0
ENSMUSG00000095893.4	0
ENSMUSG00000095894.1	0
ENSMUSG00000095895.2	0
ENSMUSG00000095896.1	0
ENSMUSG00000095897.1	0
ENSMUSG00000095898.1	0
ENSMUSG00000095899.1	0
ENSMUSG00000095900.2	0
ENSMUSG00000095901.2	0
ENSMUSG00000095903.3	0
ENSMUSG00000095905.2	0
ENSMUSG00000095906.1	0
ENSMUSG00000095907.2	0
ENSMUSG00000095909.2	0.041563
ENSMUSG00000095910.2	0
ENSMUSG00000095911.1	0
ENSMUSG00000095912.1	1.96518
ENSMUSG00000095913.1	0
ENSMUSG00000095914.1	0
ENSMUSG00000095915.1	0
ENSMUSG00000095916.2	0
ENSMUSG00000095917.2	0
ENSMUSG00000095918.7	0.06677
ENSMUSG00000095920.2	0
ENSMUSG00000095922.1	0
ENSMUSG00000095923.6	0
ENSMUSG00000095924.1	0
ENSMUSG00000095925.1	0
ENSMUSG00000095926.1	0
ENSMUSG00000095927.1	0
ENSMUSG00000095928.3	0
ENSMUSG00000095929.2	0
ENSMUSG00000095930.1	3.796564
ENSMUSG00000095931.1	0
ENSMUSG00000095932.3	0
ENSMUSG00000095933.1	0
ENSMUSG00000095934.1	0
ENSMUSG00000095935.1	0
ENSMUSG00000095936.3	0
ENSMUSG00000095937.1	0
ENSMUSG00000095938.1	0
ENSMUSG00000095939.1	0
ENSMUSG00000095940.1	0
ENSMUSG00000095941.3	0
ENSMUSG00000095942.1	0
ENSMUSG00000095943.1	0
ENSMUSG00000095944.1	0
ENSMUSG00000095945.1	0
ENSMUSG00000095946.1	0
ENSMUSG00000095947.1	0
ENSMUSG00000095948.7	0
ENSMUSG00000095950.2	0
ENSMUSG00000095951.1	0
ENSMUSG00000095952.1	0
ENSMUSG00000095953.3	0
ENSMUSG00000095954.4	0
ENSMUSG00000095955.1	0
ENSMUSG00000095956.2	0
ENSMUSG00000095957.2	0
ENSMUSG00000095958.3	0
ENSMUSG00000095959.2	0
ENSMUSG00000095960.1	0
ENSMUSG00000095961.2	0
ENSMUSG00000095962.1	0
ENSMUSG00000095963.1	0
ENSMUSG00000095964.1	0
ENSMUSG00000095966.1	0
ENSMUSG00000095968.2	0
ENSMUSG00000095969.1	0
ENSMUSG00000095970.1	0
ENSMUSG00000095971.1	0
ENSMUSG00000095972.1	0
ENSMUSG00000095973.1	0
ENSMUSG00000095974.1	0
ENSMUSG00000095975.3	0
ENSMUSG00000095976.2	0
ENSMUSG00000095977.1	0
ENSMUSG00000095978.1	0
ENSMUSG00000095979.7	0
ENSMUSG00000095980.1	0
ENSMUSG00000095981.1	0
ENSMUSG00000095984.1	0
ENSMUSG00000095985.1	0
ENSMUSG00000095986.1	0
ENSMUSG00000095987.1	0
ENSMUSG00000095988.1	0
ENSMUSG00000095989.1	0
ENSMUSG00000095990.1	0.227733
ENSMUSG00000095991.1	0
ENSMUSG00000095992.2	0
ENSMUSG00000095993.1	0
ENSMUSG00000095994.1	0
ENSMUSG00000095996.4	0
ENSMUSG00000095997.1	0
ENSMUSG00000095998.1	0
ENSMUSG00000096000.1	0
ENSMUSG00000096001.2	0.689419
ENSMUSG00000096002.2	0
ENSMUSG00000096003.7	0
ENSMUSG00000096005.1	0
ENSMUSG00000096006.1	7.615016
ENSMUSG00000096008.1	0
ENSMUSG00000096009.2	0
ENSMUSG00000096010.2	0.020861
ENSMUSG00000096011.1	0
ENSMUSG00000096014.1	6.15128
ENSMUSG00000096015.1	0
ENSMUSG00000096016.7	0
ENSMUSG00000096017.1	0
ENSMUSG00000096018.1	0
ENSMUSG00000096019.1	0
ENSMUSG00000096020.2	0
ENSMUSG00000096021.1	0
ENSMUSG00000096022.1	0
ENSMUSG00000096023.1	0
ENSMUSG00000096024.3	0
ENSMUSG00000096027.1	0
ENSMUSG00000096028.1	0
ENSMUSG00000096029.4	0
ENSMUSG00000096030.1	0
ENSMUSG00000096031.1	0
ENSMUSG00000096033.2	0
ENSMUSG00000096035.2	0.096068
ENSMUSG00000096036.2	0
ENSMUSG00000096037.1	0
ENSMUSG00000096038.2	0
ENSMUSG00000096039.8	0.233564
ENSMUSG00000096041.1	0
ENSMUSG00000096042.2	0
ENSMUSG00000096043.1	0
ENSMUSG00000096044.4	0
ENSMUSG00000096045.7	0
ENSMUSG00000096046.1	0
ENSMUSG00000096047.1	0
ENSMUSG00000096048.1	0
ENSMUSG00000096049.1	0
ENSMUSG00000096051.2	0
ENSMUSG00000096052.1	0.17389
ENSMUSG00000096053.1	0
ENSMUSG00000096054.3	12.253784
ENSMUSG00000096055.2	0
ENSMUSG00000096056.1	0.060618
ENSMUSG00000096057.1	0
ENSMUSG00000096061.1	0
ENSMUSG00000096065.1	0
ENSMUSG00000096066.4	0
ENSMUSG00000096067.1	0
ENSMUSG00000096068.1	0
ENSMUSG00000096069.4	0
ENSMUSG00000096070.1	0
ENSMUSG00000096071.1	0
ENSMUSG00000096072.1	0
ENSMUSG00000096073.1	0
ENSMUSG00000096074.2	0
ENSMUSG00000096075.1	0
ENSMUSG00000096076.1	0
ENSMUSG00000096078.2	0
ENSMUSG00000096079.1	0
ENSMUSG00000096080.1	0
ENSMUSG00000096081.1	0
ENSMUSG00000096082.1	0
ENSMUSG00000096083.1	0.123905
ENSMUSG00000096084.2	0
ENSMUSG00000096085.1	0
ENSMUSG00000096086.1	0
ENSMUSG00000096087.1	0
ENSMUSG00000096088.1	0
ENSMUSG00000096090.1	0
ENSMUSG00000096091.1	0
ENSMUSG00000096092.1	0
ENSMUSG00000096094.2	0
ENSMUSG00000096095.1	0
ENSMUSG00000096096.3	0
ENSMUSG00000096097.1	0
ENSMUSG00000096098.1	0
ENSMUSG00000096099.2	0
ENSMUSG00000096102.3	0
ENSMUSG00000096105.1	0
ENSMUSG00000096106.1	0
ENSMUSG00000096107.2	0.077333
ENSMUSG00000096108.2	0
ENSMUSG00000096109.2	0
ENSMUSG00000096110.1	0
ENSMUSG00000096111.7	0
ENSMUSG00000096112.1	0
ENSMUSG00000096113.1	0
ENSMUSG00000096114.1	0
ENSMUSG00000096117.1	0
ENSMUSG00000096119.1	0
ENSMUSG00000096120.1	0
ENSMUSG00000096122.2	0
ENSMUSG00000096124.1	0
ENSMUSG00000096126.1	0
ENSMUSG00000096127.2	0
ENSMUSG00000096129.2	0
ENSMUSG00000096130.1	0
ENSMUSG00000096131.3	0
ENSMUSG00000096132.1	0
ENSMUSG00000096133.1	0
ENSMUSG00000096134.1	0
ENSMUSG00000096135.1	0
ENSMUSG00000096136.1	0
ENSMUSG00000096137.1	0
ENSMUSG00000096138.5	0
ENSMUSG00000096139.4	0
ENSMUSG00000096140.2	0.371847
ENSMUSG00000096141.2	1.265607
ENSMUSG00000096142.1	0
ENSMUSG00000096144.3	0
ENSMUSG00000096145.2	33.39807
ENSMUSG00000096146.2	10.219397
ENSMUSG00000096147.1	0
ENSMUSG00000096148.1	0
ENSMUSG00000096149.5	0
ENSMUSG00000096150.1	0
ENSMUSG00000096151.2	0
ENSMUSG00000096152.1	0
ENSMUSG00000096153.1	0
ENSMUSG00000096154.1	0
ENSMUSG00000096156.1	0
ENSMUSG00000096157.2	0
ENSMUSG00000096158.1	0
ENSMUSG00000096159.1	0
ENSMUSG00000096160.2	0.16222
ENSMUSG00000096161.1	0
ENSMUSG00000096163.1	0
ENSMUSG00000096164.1	0
ENSMUSG00000096166.1	0
ENSMUSG00000096167.4	0
ENSMUSG00000096168.1	0
ENSMUSG00000096169.3	0
ENSMUSG00000096170.1	0
ENSMUSG00000096171.1	0
ENSMUSG00000096172.1	0
ENSMUSG00000096173.2	0
ENSMUSG00000096174.1	0
ENSMUSG00000096175.3	0
ENSMUSG00000096176.1	0
ENSMUSG00000096177.2	0
ENSMUSG00000096178.7	0
ENSMUSG00000096179.1	0
ENSMUSG00000096180.2	0
ENSMUSG00000096181.1	0
ENSMUSG00000096182.1	0
ENSMUSG00000096183.7	0
ENSMUSG00000096184.1	0
ENSMUSG00000096185.1	0
ENSMUSG00000096186.1	0
ENSMUSG00000096188.1	13.076772
ENSMUSG00000096189.1	0
ENSMUSG00000096190.1	0
ENSMUSG00000096191.1	0
ENSMUSG00000096192.2	0
ENSMUSG00000096193.1	0
ENSMUSG00000096194.2	0
ENSMUSG00000096195.1	0
ENSMUSG00000096196.1	0
ENSMUSG00000096197.1	0
ENSMUSG00000096198.1	0
ENSMUSG00000096199.2	5.027053
ENSMUSG00000096200.1	0
ENSMUSG00000096201.1	0
ENSMUSG00000096202.1	0
ENSMUSG00000096205.1	0
ENSMUSG00000096206.1	246.386153
ENSMUSG00000096208.1	0
ENSMUSG00000096209.4	0
ENSMUSG00000096210.2	77.034551
ENSMUSG00000096211.1	0
ENSMUSG00000096212.1	0
ENSMUSG00000096213.1	0
ENSMUSG00000096214.1	0
ENSMUSG00000096215.8	1.911999
ENSMUSG00000096216.2	0
ENSMUSG00000096217.1	0
ENSMUSG00000096218.2	0.055136
ENSMUSG00000096219.1	0
ENSMUSG00000096220.2	0
ENSMUSG00000096221.3	1.074682
ENSMUSG00000096222.1	0
ENSMUSG00000096223.2	0
ENSMUSG00000096225.7	2.030786
ENSMUSG00000096228.5	0
ENSMUSG00000096229.3	0
ENSMUSG00000096230.4	0
ENSMUSG00000096231.1	0
ENSMUSG00000096233.1	0
ENSMUSG00000096235.1	0
ENSMUSG00000096238.1	0
ENSMUSG00000096239.1	0
ENSMUSG00000096240.1	0
ENSMUSG00000096241.1	0
ENSMUSG00000096243.1	70.726164
ENSMUSG00000096245.1	0
ENSMUSG00000096247.1	0
ENSMUSG00000096248.1	0
ENSMUSG00000096249.1	0
ENSMUSG00000096250.1	0
ENSMUSG00000096254.2	0
ENSMUSG00000096255.2	60.108216
ENSMUSG00000096256.2	1.423776
ENSMUSG00000096257.2	12.328417
ENSMUSG00000096258.2	0
ENSMUSG00000096259.2	0
ENSMUSG00000096263.1	0
ENSMUSG00000096264.1	0
ENSMUSG00000096265.2	0
ENSMUSG00000096268.2	0
ENSMUSG00000096269.3	0
ENSMUSG00000096270.1	0
ENSMUSG00000096272.2	0
ENSMUSG00000096273.3	0
ENSMUSG00000096274.1	0
ENSMUSG00000096275.2	0
ENSMUSG00000096276.9	0
ENSMUSG00000096277.2	0
ENSMUSG00000096278.8	0
ENSMUSG00000096280.1	0
ENSMUSG00000096281.1	0
ENSMUSG00000096282.1	0
ENSMUSG00000096283.2	0
ENSMUSG00000096284.2	0
ENSMUSG00000096285.1	0
ENSMUSG00000096286.1	0
ENSMUSG00000096287.1	0
ENSMUSG00000096288.1	0
ENSMUSG00000096289.4	0
ENSMUSG00000096290.1	0
ENSMUSG00000096291.1	0
ENSMUSG00000096293.2	0
ENSMUSG00000096294.1	0
ENSMUSG00000096295.2	0
ENSMUSG00000096296.1	0
ENSMUSG00000096297.1	0
ENSMUSG00000096298.1	0
ENSMUSG00000096299.3	0.92202
ENSMUSG00000096300.1	0
ENSMUSG00000096301.1	0
ENSMUSG00000096302.1	0
ENSMUSG00000096303.1	0
ENSMUSG00000096304.1	0
ENSMUSG00000096305.1	0
ENSMUSG00000096306.1	0
ENSMUSG00000096307.1	0
ENSMUSG00000096308.1	0
ENSMUSG00000096309.1	0
ENSMUSG00000096310.1	0
ENSMUSG00000096311.1	0
ENSMUSG00000096313.1	0
ENSMUSG00000096314.1	0
ENSMUSG00000096316.7	0
ENSMUSG00000096318.1	0
ENSMUSG00000096320.2	0
ENSMUSG00000096323.2	0
ENSMUSG00000096324.1	0
ENSMUSG00000096326.2	0
ENSMUSG00000096327.1	0
ENSMUSG00000096328.1	0
ENSMUSG00000096329.2	0
ENSMUSG00000096330.8	0
ENSMUSG00000096331.1	0
ENSMUSG00000096332.2	0
ENSMUSG00000096333.7	0
ENSMUSG00000096335.1	0
ENSMUSG00000096336.2	0
ENSMUSG00000096337.1	0
ENSMUSG00000096338.1	0
ENSMUSG00000096339.1	0
ENSMUSG00000096340.1	0
ENSMUSG00000096341.1	0
ENSMUSG00000096342.1	0
ENSMUSG00000096343.1	0
ENSMUSG00000096344.2	0
ENSMUSG00000096345.1	0
ENSMUSG00000096346.1	0
ENSMUSG00000096347.2	0
ENSMUSG00000096348.1	0
ENSMUSG00000096349.1	62.871933
ENSMUSG00000096350.1	0
ENSMUSG00000096351.2	2.721847
ENSMUSG00000096352.1	0
ENSMUSG00000096353.1	0
ENSMUSG00000096354.1	0
ENSMUSG00000096355.2	0
ENSMUSG00000096356.3	0.010196
ENSMUSG00000096357.1	0
ENSMUSG00000096358.1	0
ENSMUSG00000096359.1	0
ENSMUSG00000096360.1	0
ENSMUSG00000096361.2	0
ENSMUSG00000096362.1	0
ENSMUSG00000096363.1	0
ENSMUSG00000096365.4	0
ENSMUSG00000096366.1	0
ENSMUSG00000096367.1	0
ENSMUSG00000096370.8	4.833031
ENSMUSG00000096371.1	0
ENSMUSG00000096372.1	0
ENSMUSG00000096373.3	0
ENSMUSG00000096374.1	0
ENSMUSG00000096375.2	0
ENSMUSG00000096376.1	0
ENSMUSG00000096377.1	0
ENSMUSG00000096380.1	0
ENSMUSG00000096381.1	0
ENSMUSG00000096383.1	0
ENSMUSG00000096384.1	0
ENSMUSG00000096385.7	0
ENSMUSG00000096386.1	0
ENSMUSG00000096387.1	0
ENSMUSG00000096388.1	0
ENSMUSG00000096390.1	0
ENSMUSG00000096391.1	0
ENSMUSG00000096392.1	0
ENSMUSG00000096393.1	0
ENSMUSG00000096396.1	0
ENSMUSG00000096397.7	0
ENSMUSG00000096398.1	0
ENSMUSG00000096399.1	0
ENSMUSG00000096400.2	0
ENSMUSG00000096401.2	0.825205
ENSMUSG00000096402.1	0
ENSMUSG00000096403.2	42.333627
ENSMUSG00000096405.3	0
ENSMUSG00000096406.1	0
ENSMUSG00000096407.2	0
ENSMUSG00000096409.3	0
ENSMUSG00000096410.2	0
ENSMUSG00000096411.1	0
ENSMUSG00000096412.1	0
ENSMUSG00000096413.2	0
ENSMUSG00000096414.1	0
ENSMUSG00000096415.1	0
ENSMUSG00000096417.2	0
ENSMUSG00000096420.2	0
ENSMUSG00000096421.1	0
ENSMUSG00000096422.2	0.122867
ENSMUSG00000096423.1	0
ENSMUSG00000096424.1	0
ENSMUSG00000096425.1	0
ENSMUSG00000096426.2	0
ENSMUSG00000096427.3	0
ENSMUSG00000096429.1	0
ENSMUSG00000096430.1	0
ENSMUSG00000096431.1	0
ENSMUSG00000096432.1	0
ENSMUSG00000096433.2	0.405953
ENSMUSG00000096434.1	0
ENSMUSG00000096436.3	0
ENSMUSG00000096437.1	0
ENSMUSG00000096438.3	0
ENSMUSG00000096439.1	0
ENSMUSG00000096440.1	0
ENSMUSG00000096441.1	0
ENSMUSG00000096442.1	0
ENSMUSG00000096444.1	0
ENSMUSG00000096445.1	0
ENSMUSG00000096446.1	0.38909
ENSMUSG00000096447.1	0
ENSMUSG00000096448.2	0
ENSMUSG00000096449.2	0.071097
ENSMUSG00000096450.1	0
ENSMUSG00000096451.1	0
ENSMUSG00000096452.2	0
ENSMUSG00000096453.1	0
ENSMUSG00000096454.1	0
ENSMUSG00000096455.1	0
ENSMUSG00000096457.7	0
ENSMUSG00000096458.7	12.042642
ENSMUSG00000096459.1	0
ENSMUSG00000096461.5	0
ENSMUSG00000096462.1	0
ENSMUSG00000096463.1	0
ENSMUSG00000096464.2	0
ENSMUSG00000096465.3	0
ENSMUSG00000096467.2	0
ENSMUSG00000096468.7	0
ENSMUSG00000096470.1	0
ENSMUSG00000096472.2	67.984955
ENSMUSG00000096473.1	0
ENSMUSG00000096474.2	0
ENSMUSG00000096475.1	0
ENSMUSG00000096476.1	0
ENSMUSG00000096477.2	0
ENSMUSG00000096478.3	0
ENSMUSG00000096479.1	0
ENSMUSG00000096480.1	0
ENSMUSG00000096481.1	0
ENSMUSG00000096482.1	0
ENSMUSG00000096483.1	0
ENSMUSG00000096484.1	0
ENSMUSG00000096485.3	0
ENSMUSG00000096486.1	0
ENSMUSG00000096488.1	0
ENSMUSG00000096490.1	0
ENSMUSG00000096492.1	0
ENSMUSG00000096496.1	0
ENSMUSG00000096497.2	0
ENSMUSG00000096498.3	0
ENSMUSG00000096499.2	0.126021
ENSMUSG00000096500.1	0
ENSMUSG00000096502.1	0
ENSMUSG00000096504.1	0
ENSMUSG00000096505.2	0
ENSMUSG00000096507.1	0
ENSMUSG00000096508.7	0.032094
ENSMUSG00000096510.1	0
ENSMUSG00000096512.1	0
ENSMUSG00000096513.1	0
ENSMUSG00000096514.1	0
ENSMUSG00000096515.5	0
ENSMUSG00000096516.3	0
ENSMUSG00000096517.1	0
ENSMUSG00000096518.2	0
ENSMUSG00000096519.1	0
ENSMUSG00000096520.7	0
ENSMUSG00000096521.1	0
ENSMUSG00000096522.1	0
ENSMUSG00000096523.1	0
ENSMUSG00000096524.1	0
ENSMUSG00000096525.2	0
ENSMUSG00000096527.5	0
ENSMUSG00000096528.1	0
ENSMUSG00000096530.7	0
ENSMUSG00000096531.2	0
ENSMUSG00000096532.2	0
ENSMUSG00000096534.2	0
ENSMUSG00000096535.1	0
ENSMUSG00000096537.6	0.030447
ENSMUSG00000096538.2	0
ENSMUSG00000096539.1	0
ENSMUSG00000096541.2	0
ENSMUSG00000096544.2	2.332306
ENSMUSG00000096546.2	0
ENSMUSG00000096547.1	0
ENSMUSG00000096549.9	0.655006
ENSMUSG00000096551.2	0
ENSMUSG00000096553.2	0
ENSMUSG00000096554.1	0
ENSMUSG00000096555.3	0
ENSMUSG00000096557.2	0
ENSMUSG00000096558.1	0
ENSMUSG00000096559.1	0
ENSMUSG00000096560.1	0
ENSMUSG00000096561.1	0
ENSMUSG00000096563.1	0
ENSMUSG00000096564.1	0
ENSMUSG00000096565.1	0
ENSMUSG00000096566.2	0
ENSMUSG00000096567.1	0
ENSMUSG00000096568.1	0
ENSMUSG00000096569.2	0
ENSMUSG00000096573.2	0.038106
ENSMUSG00000096574.7	0.212008
ENSMUSG00000096576.2	0
ENSMUSG00000096577.2	0
ENSMUSG00000096578.2	0
ENSMUSG00000096579.1	0
ENSMUSG00000096580.1	0
ENSMUSG00000096582.1	0
ENSMUSG00000096583.1	0
ENSMUSG00000096584.2	0
ENSMUSG00000096585.1	0
ENSMUSG00000096586.1	0
ENSMUSG00000096587.1	0
ENSMUSG00000096589.1	0
ENSMUSG00000096591.1	0
ENSMUSG00000096592.1	0
ENSMUSG00000096593.2	0
ENSMUSG00000096594.2	0
ENSMUSG00000096595.1	0
ENSMUSG00000096596.2	0
ENSMUSG00000096597.1	0
ENSMUSG00000096598.1	0
ENSMUSG00000096599.1	0
ENSMUSG00000096600.5	0
ENSMUSG00000096601.1	0
ENSMUSG00000096604.1	0
ENSMUSG00000096605.1	0
ENSMUSG00000096606.2	4.392077
ENSMUSG00000096607.1	0
ENSMUSG00000096613.1	0
ENSMUSG00000096614.1	0
ENSMUSG00000096615.1	0
ENSMUSG00000096617.3	0.121618
ENSMUSG00000096618.2	0
ENSMUSG00000096619.1	0
ENSMUSG00000096620.2	0
ENSMUSG00000096621.2	0
ENSMUSG00000096624.1	0
ENSMUSG00000096626.7	0
ENSMUSG00000096627.1	0
ENSMUSG00000096628.1	0
ENSMUSG00000096629.7	0.054895
ENSMUSG00000096630.2	0
ENSMUSG00000096631.1	0
ENSMUSG00000096632.2	0
ENSMUSG00000096633.1	0
ENSMUSG00000096634.1	0
ENSMUSG00000096635.1	0
ENSMUSG00000096638.2	0
ENSMUSG00000096639.1	0
ENSMUSG00000096640.3	0
ENSMUSG00000096641.7	0
ENSMUSG00000096642.1	0
ENSMUSG00000096644.1	0
ENSMUSG00000096645.2	0
ENSMUSG00000096647.2	0.041659
ENSMUSG00000096648.1	0
ENSMUSG00000096649.2	0
ENSMUSG00000096650.7	0
ENSMUSG00000096651.1	0
ENSMUSG00000096652.1	0
ENSMUSG00000096653.4	0
ENSMUSG00000096654.1	0
ENSMUSG00000096655.2	0.064853
ENSMUSG00000096656.6	0
ENSMUSG00000096658.3	0
ENSMUSG00000096659.1	0
ENSMUSG00000096660.1	0
ENSMUSG00000096661.1	0
ENSMUSG00000096663.1	0
ENSMUSG00000096664.7	0
ENSMUSG00000096666.2	0
ENSMUSG00000096667.1	0
ENSMUSG00000096668.1	0
ENSMUSG00000096670.1	0.465678
ENSMUSG00000096672.1	0
ENSMUSG00000096673.1	0
ENSMUSG00000096674.1	0
ENSMUSG00000096675.1	0
ENSMUSG00000096676.1	0
ENSMUSG00000096677.1	0
ENSMUSG00000096678.3	0
ENSMUSG00000096679.3	0
ENSMUSG00000096681.1	0
ENSMUSG00000096682.1	0
ENSMUSG00000096683.1	0
ENSMUSG00000096684.1	0
ENSMUSG00000096685.7	0
ENSMUSG00000096686.2	0
ENSMUSG00000096687.8	2.119132
ENSMUSG00000096688.1	0
ENSMUSG00000096689.1	0
ENSMUSG00000096690.1	0
ENSMUSG00000096691.1	0
ENSMUSG00000096692.1	0
ENSMUSG00000096694.1	0
ENSMUSG00000096695.3	0
ENSMUSG00000096696.1	0.603326
ENSMUSG00000096697.1	0
ENSMUSG00000096698.2	0
ENSMUSG00000096699.1	0
ENSMUSG00000096700.1	0
ENSMUSG00000096701.2	0
ENSMUSG00000096703.3	0
ENSMUSG00000096704.1	0
ENSMUSG00000096705.1	0
ENSMUSG00000096706.2	0
ENSMUSG00000096707.2	0
ENSMUSG00000096708.1	0
ENSMUSG00000096709.1	0
ENSMUSG00000096710.1	0
ENSMUSG00000096711.2	0
ENSMUSG00000096712.1	0
ENSMUSG00000096713.1	0
ENSMUSG00000096714.2	0
ENSMUSG00000096715.2	0.147746
ENSMUSG00000096716.1	0
ENSMUSG00000096717.2	0
ENSMUSG00000096718.2	0.469991
ENSMUSG00000096719.1	0.026501
ENSMUSG00000096721.1	0
ENSMUSG00000096722.2	0.062705
ENSMUSG00000096724.1	0
ENSMUSG00000096726.2	0
ENSMUSG00000096727.3	1.668843
ENSMUSG00000096729.1	0
ENSMUSG00000096731.1	0
ENSMUSG00000096732.7	0
ENSMUSG00000096733.1	0
ENSMUSG00000096734.1	0
ENSMUSG00000096735.3	0
ENSMUSG00000096736.1	0
ENSMUSG00000096737.1	0
ENSMUSG00000096738.1	0
ENSMUSG00000096740.8	2.635291
ENSMUSG00000096741.1	0
ENSMUSG00000096742.1	0
ENSMUSG00000096743.3	0
ENSMUSG00000096744.1	0
ENSMUSG00000096745.1	0
ENSMUSG00000096746.3	0
ENSMUSG00000096747.2	0
ENSMUSG00000096748.1	0
ENSMUSG00000096749.2	0
ENSMUSG00000096750.7	0
ENSMUSG00000096751.3	0
ENSMUSG00000096753.7	2.507269
ENSMUSG00000096755.2	0.112328
ENSMUSG00000096757.2	0
ENSMUSG00000096758.1	0
ENSMUSG00000096759.1	0
ENSMUSG00000096760.1	0
ENSMUSG00000096761.1	0
ENSMUSG00000096763.1	0
ENSMUSG00000096764.1	0.324048
ENSMUSG00000096765.1	0
ENSMUSG00000096766.1	0
ENSMUSG00000096767.2	0
ENSMUSG00000096768.8	8.106689
ENSMUSG00000096769.7	0
ENSMUSG00000096770.2	0
ENSMUSG00000096771.1	0
ENSMUSG00000096772.1	0
ENSMUSG00000096773.4	0
ENSMUSG00000096774.1	0
ENSMUSG00000096775.1	0.460144
ENSMUSG00000096777.2	0
ENSMUSG00000096779.1	0
ENSMUSG00000096780.7	10.199956
ENSMUSG00000096782.1	0
ENSMUSG00000096784.1	0
ENSMUSG00000096785.1	0
ENSMUSG00000096786.1	0
ENSMUSG00000096788.8	0
ENSMUSG00000096790.1	0
ENSMUSG00000096792.2	0
ENSMUSG00000096793.7	2.163528
ENSMUSG00000096794.2	0
ENSMUSG00000096795.4	0.377551
ENSMUSG00000096796.1	0
ENSMUSG00000096797.1	0
ENSMUSG00000096798.1	0
ENSMUSG00000096799.1	0
ENSMUSG00000096800.1	0
ENSMUSG00000096801.1	0
ENSMUSG00000096803.1	0
ENSMUSG00000096804.1	0
ENSMUSG00000096805.2	0
ENSMUSG00000096806.2	0.007785
ENSMUSG00000096809.1	0
ENSMUSG00000096810.1	0.146993
ENSMUSG00000096811.1	0
ENSMUSG00000096812.1	0
ENSMUSG00000096813.1	0
ENSMUSG00000096814.1	0
ENSMUSG00000096815.1	0
ENSMUSG00000096817.1	0
ENSMUSG00000096818.2	0
ENSMUSG00000096819.1	0
ENSMUSG00000096820.2	0
ENSMUSG00000096821.1	0
ENSMUSG00000096822.2	0
ENSMUSG00000096823.1	0
ENSMUSG00000096824.2	0
ENSMUSG00000096825.2	0
ENSMUSG00000096826.2	0
ENSMUSG00000096827.2	0
ENSMUSG00000096828.2	0
ENSMUSG00000096829.1	0
ENSMUSG00000096830.1	0
ENSMUSG00000096831.1	0
ENSMUSG00000096832.1	0
ENSMUSG00000096833.2	0
ENSMUSG00000096834.7	0
ENSMUSG00000096835.1	0
ENSMUSG00000096838.1	0
ENSMUSG00000096839.7	0
ENSMUSG00000096840.3	0
ENSMUSG00000096841.1	0
ENSMUSG00000096842.1	0
ENSMUSG00000096844.1	0
ENSMUSG00000096845.1	0
ENSMUSG00000096846.7	0
ENSMUSG00000096847.2	39.196098
ENSMUSG00000096848.1	0
ENSMUSG00000096849.1	0
ENSMUSG00000096850.1	0
ENSMUSG00000096851.1	0
ENSMUSG00000096852.2	0
ENSMUSG00000096854.1	0
ENSMUSG00000096855.1	0
ENSMUSG00000096856.7	0.577813
ENSMUSG00000096857.1	0
ENSMUSG00000096858.4	0
ENSMUSG00000096859.2	0
ENSMUSG00000096861.2	0
ENSMUSG00000096862.3	0
ENSMUSG00000096863.1	0
ENSMUSG00000096864.1	0
ENSMUSG00000096865.1	0
ENSMUSG00000096866.1	0
ENSMUSG00000096867.1	0
ENSMUSG00000096868.1	0
ENSMUSG00000096869.7	0
ENSMUSG00000096870.2	0.009565
ENSMUSG00000096871.1	0
ENSMUSG00000096872.2	0
ENSMUSG00000096874.2	0
ENSMUSG00000096875.2	0
ENSMUSG00000096876.1	0
ENSMUSG00000096878.2	0.116229
ENSMUSG00000096879.2	0
ENSMUSG00000096880.1	0
ENSMUSG00000096881.2	0
ENSMUSG00000096882.1	0
ENSMUSG00000096883.2	3.134412
ENSMUSG00000096884.1	0
ENSMUSG00000096885.1	0
ENSMUSG00000096887.2	0.102171
ENSMUSG00000096889.1	0
ENSMUSG00000096890.1	0
ENSMUSG00000096891.1	0
ENSMUSG00000096893.1	0
ENSMUSG00000096894.1	0
ENSMUSG00000096895.1	0
ENSMUSG00000096896.1	0
ENSMUSG00000096897.1	0
ENSMUSG00000096898.2	0
ENSMUSG00000096899.1	0
ENSMUSG00000096900.3	0
ENSMUSG00000096901.7	0
ENSMUSG00000096902.7	0
ENSMUSG00000096903.1	0
ENSMUSG00000096904.7	11.888051
ENSMUSG00000096905.1	0
ENSMUSG00000096906.1	0
ENSMUSG00000096907.1	0
ENSMUSG00000096908.3	0
ENSMUSG00000096910.2	2.149749
ENSMUSG00000096911.7	0
ENSMUSG00000096913.1	0
ENSMUSG00000096914.3	2.888819
ENSMUSG00000096915.1	0
ENSMUSG00000096916.7	0.346366
ENSMUSG00000096917.2	0.172161
ENSMUSG00000096918.2	0.012326
ENSMUSG00000096920.1	0
ENSMUSG00000096921.1	0
ENSMUSG00000096922.1	0
ENSMUSG00000096923.1	0.077925
ENSMUSG00000096927.1	0
ENSMUSG00000096929.7	0.27157
ENSMUSG00000096930.1	0
ENSMUSG00000096932.2	0.037327
ENSMUSG00000096934.1	0.180905
ENSMUSG00000096935.5	2.052382
ENSMUSG00000096936.1	0.876785
ENSMUSG00000096937.1	0
ENSMUSG00000096938.7	0.253966
ENSMUSG00000096939.1	0
ENSMUSG00000096940.1	0
ENSMUSG00000096942.1	2.651876
ENSMUSG00000096948.2	5.087613
ENSMUSG00000096949.1	0
ENSMUSG00000096950.2	0
ENSMUSG00000096953.2	0.353202
ENSMUSG00000096955.1	0
ENSMUSG00000096956.2	2.204265
ENSMUSG00000096957.1	0.233595
ENSMUSG00000096959.1	0.048639
ENSMUSG00000096960.1	0.021419
ENSMUSG00000096962.1	0
ENSMUSG00000096963.1	0.023403
ENSMUSG00000096964.1	0.777146
ENSMUSG00000096965.7	0
ENSMUSG00000096966.2	0.145296
ENSMUSG00000096967.3	0
ENSMUSG00000096968.1	0.656396
ENSMUSG00000096971.2	0.013469
ENSMUSG00000096973.1	0
ENSMUSG00000096974.2	15.836424
ENSMUSG00000096977.2	0.292412
ENSMUSG00000096981.2	1.018246
ENSMUSG00000096982.2	0.027319
ENSMUSG00000096986.2	0.027625
ENSMUSG00000096988.1	0.621322
ENSMUSG00000096991.1	0
ENSMUSG00000096992.3	0.0173
ENSMUSG00000096993.3	0
ENSMUSG00000096995.2	4.07855
ENSMUSG00000096997.1	0
ENSMUSG00000096999.1	0.592128
ENSMUSG00000097000.2	0.32292
ENSMUSG00000097001.1	0
ENSMUSG00000097002.1	0
ENSMUSG00000097003.1	0
ENSMUSG00000097004.1	0.0106
ENSMUSG00000097006.7	0.936632
ENSMUSG00000097007.3	0.048888
ENSMUSG00000097009.2	0
ENSMUSG00000097010.2	0
ENSMUSG00000097011.2	0
ENSMUSG00000097012.1	0
ENSMUSG00000097015.2	0.021885
ENSMUSG00000097016.2	0.022411
ENSMUSG00000097017.1	0
ENSMUSG00000097018.2	0.013443
ENSMUSG00000097021.7	0
ENSMUSG00000097022.2	0.020478
ENSMUSG00000097023.8	16.323075
ENSMUSG00000097024.1	0
ENSMUSG00000097025.2	0.122839
ENSMUSG00000097027.2	0.206716
ENSMUSG00000097028.2	0.050755
ENSMUSG00000097029.2	0.011473
ENSMUSG00000097030.1	0.033187
ENSMUSG00000097031.2	0
ENSMUSG00000097032.2	2.643853
ENSMUSG00000097035.2	0
ENSMUSG00000097039.8	5.007215
ENSMUSG00000097040.6	2.272849
ENSMUSG00000097041.1	0
ENSMUSG00000097042.2	0.065641
ENSMUSG00000097043.1	0
ENSMUSG00000097044.1	0
ENSMUSG00000097047.2	1.57008
ENSMUSG00000097048.7	8.892974
ENSMUSG00000097049.1	0.359944
ENSMUSG00000097050.1	0.027807
ENSMUSG00000097052.2	0
ENSMUSG00000097053.1	0
ENSMUSG00000097054.1	0
ENSMUSG00000097055.2	13.263
ENSMUSG00000097057.1	0.208484
ENSMUSG00000097060.1	0.026082
ENSMUSG00000097061.2	4.02259
ENSMUSG00000097063.3	0.973313
ENSMUSG00000097067.1	0
ENSMUSG00000097068.2	0.058282
ENSMUSG00000097069.1	0.026602
ENSMUSG00000097071.2	0
ENSMUSG00000097072.7	0
ENSMUSG00000097073.7	0.215233
ENSMUSG00000097074.2	0
ENSMUSG00000097075.3	0.216516
ENSMUSG00000097076.1	0
ENSMUSG00000097077.1	0.078562
ENSMUSG00000097078.1	0.162661
ENSMUSG00000097079.2	0.38731
ENSMUSG00000097080.8	8.338705
ENSMUSG00000097081.1	0
ENSMUSG00000097082.1	0
ENSMUSG00000097083.1	0.843893
ENSMUSG00000097084.1	0.033247
ENSMUSG00000097085.2	0
ENSMUSG00000097086.1	0
ENSMUSG00000097087.1	0
ENSMUSG00000097089.2	0
ENSMUSG00000097090.1	0
ENSMUSG00000097091.1	0
ENSMUSG00000097092.2	0.029926
ENSMUSG00000097093.2	2.307443
ENSMUSG00000097097.2	0.029662
ENSMUSG00000097098.8	0.270062
ENSMUSG00000097099.2	0.410884
ENSMUSG00000097100.1	0
ENSMUSG00000097101.3	0.569848
ENSMUSG00000097104.1	0
ENSMUSG00000097106.1	0
ENSMUSG00000097107.1	0.034143
ENSMUSG00000097108.1	0
ENSMUSG00000097110.1	0
ENSMUSG00000097111.1	0
ENSMUSG00000097113.7	1.342924
ENSMUSG00000097115.2	0
ENSMUSG00000097116.1	0
ENSMUSG00000097119.2	0.85143
ENSMUSG00000097120.1	0
ENSMUSG00000097121.2	5.277563
ENSMUSG00000097124.2	0
ENSMUSG00000097125.2	0.280323
ENSMUSG00000097127.7	0
ENSMUSG00000097129.2	0.76081
ENSMUSG00000097130.1	0.0342
ENSMUSG00000097133.1	0
ENSMUSG00000097134.2	0.040959
ENSMUSG00000097137.1	0
ENSMUSG00000097139.3	0
ENSMUSG00000097140.1	0.224309
ENSMUSG00000097141.2	1.012192
ENSMUSG00000097145.5	0.158605
ENSMUSG00000097146.1	0.356538
ENSMUSG00000097148.2	1.595286
ENSMUSG00000097149.1	0.085849
ENSMUSG00000097150.1	0.013517
ENSMUSG00000097154.2	0
ENSMUSG00000097155.1	0
ENSMUSG00000097156.7	14.200517
ENSMUSG00000097157.2	0.757136
ENSMUSG00000097160.2	0
ENSMUSG00000097162.2	15.227981
ENSMUSG00000097163.2	0.060022
ENSMUSG00000097164.2	1.938344
ENSMUSG00000097166.1	1.731066
ENSMUSG00000097167.1	1.00674
ENSMUSG00000097169.2	0
ENSMUSG00000097170.1	0
ENSMUSG00000097171.1	0
ENSMUSG00000097174.2	0.139815
ENSMUSG00000097175.1	0
ENSMUSG00000097177.8	0.695034
ENSMUSG00000097178.7	1.018347
ENSMUSG00000097180.5	0.631342
ENSMUSG00000097181.1	0
ENSMUSG00000097182.2	1.747036
ENSMUSG00000097183.2	1.548513
ENSMUSG00000097184.2	0.983235
ENSMUSG00000097185.1	0.045224
ENSMUSG00000097186.1	0
ENSMUSG00000097187.1	2.601302
ENSMUSG00000097189.1	0
ENSMUSG00000097190.1	0
ENSMUSG00000097191.2	0
ENSMUSG00000097194.2	0
ENSMUSG00000097195.10	4.391486
ENSMUSG00000097196.2	0
ENSMUSG00000097199.1	0
ENSMUSG00000097202.1	0
ENSMUSG00000097203.2	0.083409
ENSMUSG00000097204.2	0.557353
ENSMUSG00000097205.1	0
ENSMUSG00000097207.7	0.195164
ENSMUSG00000097209.2	0.080076
ENSMUSG00000097211.2	0.198888
ENSMUSG00000097214.1	0
ENSMUSG00000097215.1	0
ENSMUSG00000097216.3	2.315946
ENSMUSG00000097217.2	0.081588
ENSMUSG00000097218.7	0
ENSMUSG00000097221.1	0.292988
ENSMUSG00000097222.2	0
ENSMUSG00000097223.2	1.355423
ENSMUSG00000097224.1	0.116075
ENSMUSG00000097226.1	0
ENSMUSG00000097228.1	0.107744
ENSMUSG00000097229.1	0.024771
ENSMUSG00000097231.2	0
ENSMUSG00000097232.1	0
ENSMUSG00000097233.1	0.007572
ENSMUSG00000097237.1	0.094648
ENSMUSG00000097239.7	1.810158
ENSMUSG00000097240.1	0.067566
ENSMUSG00000097241.2	0
ENSMUSG00000097244.1	0
ENSMUSG00000097245.1	0.051495
ENSMUSG00000097247.2	0.128977
ENSMUSG00000097248.9	11.995236
ENSMUSG00000097250.1	0.123804
ENSMUSG00000097251.2	1.096222
ENSMUSG00000097253.2	0
ENSMUSG00000097254.2	0.019454
ENSMUSG00000097255.1	0
ENSMUSG00000097256.1	0
ENSMUSG00000097259.2	0
ENSMUSG00000097260.1	0
ENSMUSG00000097261.2	0
ENSMUSG00000097262.2	0
ENSMUSG00000097264.1	0
ENSMUSG00000097265.1	0.259683
ENSMUSG00000097266.1	0
ENSMUSG00000097267.2	0
ENSMUSG00000097268.1	0.211665
ENSMUSG00000097271.1	0.089218
ENSMUSG00000097274.2	0.6506
ENSMUSG00000097275.1	0.004955
ENSMUSG00000097276.1	0.159526
ENSMUSG00000097277.7	7.42584
ENSMUSG00000097278.7	0
ENSMUSG00000097279.1	0.072634
ENSMUSG00000097280.1	0.598494
ENSMUSG00000097281.2	0
ENSMUSG00000097282.1	0
ENSMUSG00000097283.1	0
ENSMUSG00000097286.2	0.305548
ENSMUSG00000097287.3	2.890764
ENSMUSG00000097288.1	0.592417
ENSMUSG00000097290.9	3.967008
ENSMUSG00000097291.1	0
ENSMUSG00000097292.2	0.085277
ENSMUSG00000097293.1	0
ENSMUSG00000097295.1	0
ENSMUSG00000097296.1	0.43665
ENSMUSG00000097299.1	0
ENSMUSG00000097302.1	0
ENSMUSG00000097303.2	0.191836
ENSMUSG00000097304.1	3.162303
ENSMUSG00000097305.2	1.490607
ENSMUSG00000097307.1	0.217404
ENSMUSG00000097308.1	0
ENSMUSG00000097309.2	0.075881
ENSMUSG00000097310.2	0.048952
ENSMUSG00000097311.7	0.431772
ENSMUSG00000097313.2	0.214565
ENSMUSG00000097315.1	0
ENSMUSG00000097316.2	1.409063
ENSMUSG00000097318.2	1.179961
ENSMUSG00000097320.8	13.741854
ENSMUSG00000097321.5	0.654813
ENSMUSG00000097322.8	0.033391
ENSMUSG00000097323.2	0.238965
ENSMUSG00000097324.8	0
ENSMUSG00000097325.2	0.036306
ENSMUSG00000097326.2	3.733151
ENSMUSG00000097327.7	0
ENSMUSG00000097328.7	17.02624
ENSMUSG00000097330.2	0.085584
ENSMUSG00000097331.2	0.522763
ENSMUSG00000097333.7	11.034885
ENSMUSG00000097336.8	0.080798
ENSMUSG00000097339.5	0.230032
ENSMUSG00000097342.1	0.261637
ENSMUSG00000097343.2	4.508203
ENSMUSG00000097346.1	0.093786
ENSMUSG00000097349.1	0
ENSMUSG00000097350.2	1.402246
ENSMUSG00000097352.7	0.012858
ENSMUSG00000097354.7	0.137207
ENSMUSG00000097356.1	0
ENSMUSG00000097357.2	0.205028
ENSMUSG00000097360.8	0.092648
ENSMUSG00000097361.1	0
ENSMUSG00000097362.1	0
ENSMUSG00000097363.1	0
ENSMUSG00000097365.7	0
ENSMUSG00000097366.1	0
ENSMUSG00000097368.2	0.029508
ENSMUSG00000097370.2	0
ENSMUSG00000097371.1	0
ENSMUSG00000097372.1	0.050708
ENSMUSG00000097373.1	0.061388
ENSMUSG00000097375.3	0.26359
ENSMUSG00000097378.8	0.269624
ENSMUSG00000097379.2	0.035735
ENSMUSG00000097381.2	0.481264
ENSMUSG00000097382.1	0
ENSMUSG00000097383.1	0.589826
ENSMUSG00000097384.1	0
ENSMUSG00000097385.1	0
ENSMUSG00000097386.1	1.237078
ENSMUSG00000097387.1	0
ENSMUSG00000097388.1	1.104542
ENSMUSG00000097391.8	2.143866
ENSMUSG00000097392.4	0.417618
ENSMUSG00000097393.8	0.176108
ENSMUSG00000097396.1	0
ENSMUSG00000097397.2	1.163414
ENSMUSG00000097398.2	0
ENSMUSG00000097399.7	0
ENSMUSG00000097401.1	0.018027
ENSMUSG00000097402.1	0.2511
ENSMUSG00000097403.2	0.079238
ENSMUSG00000097404.2	0.297035
ENSMUSG00000097405.1	0.020105
ENSMUSG00000097406.1	1.477596
ENSMUSG00000097407.1	0
ENSMUSG00000097408.1	0.023286
ENSMUSG00000097409.1	0
ENSMUSG00000097411.2	0.021271
ENSMUSG00000097412.2	5.596139
ENSMUSG00000097413.2	1.293802
ENSMUSG00000097414.2	4.435876
ENSMUSG00000097415.2	0.415502
ENSMUSG00000097416.3	0.499246
ENSMUSG00000097418.7	0
ENSMUSG00000097419.1	0.208526
ENSMUSG00000097421.2	0
ENSMUSG00000097424.2	0
ENSMUSG00000097425.3	0
ENSMUSG00000097426.1	0
ENSMUSG00000097427.5	0
ENSMUSG00000097428.1	29.50753
ENSMUSG00000097429.1	0
ENSMUSG00000097430.2	0.177195
ENSMUSG00000097431.2	4.170972
ENSMUSG00000097433.1	0.086195
ENSMUSG00000097434.2	0
ENSMUSG00000097435.1	0.063672
ENSMUSG00000097438.1	0
ENSMUSG00000097439.6	0.212949
ENSMUSG00000097440.2	3.237257
ENSMUSG00000097441.1	0.154689
ENSMUSG00000097442.1	0
ENSMUSG00000097443.2	0
ENSMUSG00000097445.1	0.060172
ENSMUSG00000097446.1	0
ENSMUSG00000097447.7	0
ENSMUSG00000097448.1	0
ENSMUSG00000097450.7	0
ENSMUSG00000097451.11	134.963957
ENSMUSG00000097452.2	0.321496
ENSMUSG00000097455.1	0
ENSMUSG00000097456.7	0.171556
ENSMUSG00000097462.7	0.592844
ENSMUSG00000097463.2	0.254071
ENSMUSG00000097464.1	0
ENSMUSG00000097466.8	1.427028
ENSMUSG00000097467.2	0.212884
ENSMUSG00000097470.1	0
ENSMUSG00000097471.8	0.092479
ENSMUSG00000097472.1	0
ENSMUSG00000097473.1	0
ENSMUSG00000097476.1	0.007989
ENSMUSG00000097480.1	0
ENSMUSG00000097482.2	0.795521
ENSMUSG00000097483.2	0
ENSMUSG00000097484.1	0
ENSMUSG00000097486.2	0.450224
ENSMUSG00000097487.7	1.331948
ENSMUSG00000097488.1	0
ENSMUSG00000097491.1	0
ENSMUSG00000097493.3	0.581793
ENSMUSG00000097494.7	0.260688
ENSMUSG00000097495.1	0
ENSMUSG00000097496.1	0.216099
ENSMUSG00000097497.1	0
ENSMUSG00000097500.1	0
ENSMUSG00000097502.2	0
ENSMUSG00000097503.2	0.290096
ENSMUSG00000097504.1	0
ENSMUSG00000097509.1	0.905618
ENSMUSG00000097511.2	0.516591
ENSMUSG00000097513.1	0.020978
ENSMUSG00000097515.2	0.238815
ENSMUSG00000097516.7	0
ENSMUSG00000097519.2	0
ENSMUSG00000097520.2	0.224132
ENSMUSG00000097522.1	0
ENSMUSG00000097523.2	0.308963
ENSMUSG00000097525.2	0.065198
ENSMUSG00000097527.2	0.549865
ENSMUSG00000097529.1	0
ENSMUSG00000097530.1	0.258305
ENSMUSG00000097532.2	0.426387
ENSMUSG00000097533.2	0
ENSMUSG00000097534.3	0.058149
ENSMUSG00000097535.1	2.651716
ENSMUSG00000097536.2	0.059259
ENSMUSG00000097537.2	0.398718
ENSMUSG00000097538.1	0
ENSMUSG00000097539.1	0
ENSMUSG00000097543.1	0.018784
ENSMUSG00000097545.7	2.960325
ENSMUSG00000097546.1	0
ENSMUSG00000097547.8	0.29899
ENSMUSG00000097548.1	0.010024
ENSMUSG00000097550.7	0
ENSMUSG00000097552.2	0
ENSMUSG00000097557.2	0.07361
ENSMUSG00000097558.1	0.414921
ENSMUSG00000097559.1	0
ENSMUSG00000097561.1	0.10987
ENSMUSG00000097562.3	0
ENSMUSG00000097563.1	0
ENSMUSG00000097564.2	0.067985
ENSMUSG00000097565.1	0
ENSMUSG00000097569.2	0
ENSMUSG00000097571.9	1.903122
ENSMUSG00000097572.2	0.011747
ENSMUSG00000097573.2	0.512965
ENSMUSG00000097574.2	2.188879
ENSMUSG00000097575.2	0.040042
ENSMUSG00000097576.2	0
ENSMUSG00000097577.2	1.471927
ENSMUSG00000097580.1	0.018764
ENSMUSG00000097583.2	0
ENSMUSG00000097584.1	0
ENSMUSG00000097585.2	0.787098
ENSMUSG00000097586.1	0
ENSMUSG00000097587.2	0.073139
ENSMUSG00000097589.9	2.050486
ENSMUSG00000097591.1	0.064328
ENSMUSG00000097592.2	0.535089
ENSMUSG00000097593.2	0.082037
ENSMUSG00000097594.1	0
ENSMUSG00000097595.2	0.869547
ENSMUSG00000097596.1	1.383341
ENSMUSG00000097597.2	0
ENSMUSG00000097601.2	0.431722
ENSMUSG00000097602.2	0.23168
ENSMUSG00000097603.3	0.009308
ENSMUSG00000097604.1	2.123666
ENSMUSG00000097608.1	0
ENSMUSG00000097610.2	4.81532
ENSMUSG00000097612.1	0.217967
ENSMUSG00000097613.1	0.627112
ENSMUSG00000097615.1	0.997489
ENSMUSG00000097616.7	0.487375
ENSMUSG00000097617.2	1.439351
ENSMUSG00000097619.8	0.052758
ENSMUSG00000097620.7	0.014463
ENSMUSG00000097621.1	0
ENSMUSG00000097622.2	0.37445
ENSMUSG00000097623.7	0.297939
ENSMUSG00000097624.2	0
ENSMUSG00000097626.5	1.296643
ENSMUSG00000097627.2	0
ENSMUSG00000097628.1	0
ENSMUSG00000097630.2	0
ENSMUSG00000097633.2	0
ENSMUSG00000097634.2	0
ENSMUSG00000097635.2	0.344987
ENSMUSG00000097636.8	0.619868
ENSMUSG00000097637.1	0.320541
ENSMUSG00000097638.1	0.783098
ENSMUSG00000097639.2	0
ENSMUSG00000097640.7	1.552259
ENSMUSG00000097641.2	0
ENSMUSG00000097642.1	0
ENSMUSG00000097643.1	0.045909
ENSMUSG00000097644.1	0.089396
ENSMUSG00000097646.1	0
ENSMUSG00000097648.1	0.100997
ENSMUSG00000097649.2	2.101394
ENSMUSG00000097650.1	0
ENSMUSG00000097651.2	0
ENSMUSG00000097652.2	0.172083
ENSMUSG00000097653.2	0
ENSMUSG00000097654.1	0
ENSMUSG00000097655.3	0
ENSMUSG00000097656.1	5.714028
ENSMUSG00000097657.2	0.052138
ENSMUSG00000097662.1	0.092024
ENSMUSG00000097665.1	0
ENSMUSG00000097666.2	0.307827
ENSMUSG00000097668.2	0.013904
ENSMUSG00000097669.1	0
ENSMUSG00000097670.1	0
ENSMUSG00000097671.2	0
ENSMUSG00000097673.1	0.094592
ENSMUSG00000097675.2	2.138726
ENSMUSG00000097676.1	0.063805
ENSMUSG00000097677.1	0
ENSMUSG00000097679.1	0
ENSMUSG00000097680.1	0.02151
ENSMUSG00000097682.1	0
ENSMUSG00000097683.2	1.425081
ENSMUSG00000097684.1	1.869141
ENSMUSG00000097685.2	0
ENSMUSG00000097686.1	0
ENSMUSG00000097689.1	0
ENSMUSG00000097690.2	0.096068
ENSMUSG00000097691.1	0
ENSMUSG00000097692.2	0.245457
ENSMUSG00000097693.3	0
ENSMUSG00000097694.8	0.021777
ENSMUSG00000097697.2	0.570937
ENSMUSG00000097699.2	0.166641
ENSMUSG00000097700.1	0
ENSMUSG00000097701.1	0
ENSMUSG00000097702.1	0.221579
ENSMUSG00000097704.1	0
ENSMUSG00000097705.1	0
ENSMUSG00000097706.1	0
ENSMUSG00000097709.8	1.280532
ENSMUSG00000097710.2	0.02479
ENSMUSG00000097711.1	0.068646
ENSMUSG00000097712.1	0.03957
ENSMUSG00000097713.1	0
ENSMUSG00000097714.1	0.113354
ENSMUSG00000097715.2	1.916702
ENSMUSG00000097716.1	0.226947
ENSMUSG00000097717.2	0
ENSMUSG00000097719.1	0
ENSMUSG00000097724.2	0.017093
ENSMUSG00000097725.4	0.044465
ENSMUSG00000097726.7	0.214023
ENSMUSG00000097727.8	0.263828
ENSMUSG00000097729.2	6.685759
ENSMUSG00000097730.3	0.399738
ENSMUSG00000097735.7	0
ENSMUSG00000097736.8	0.187471
ENSMUSG00000097738.2	0
ENSMUSG00000097739.1	0
ENSMUSG00000097740.2	0.154337
ENSMUSG00000097742.1	0
ENSMUSG00000097743.1	0.530648
ENSMUSG00000097744.1	0
ENSMUSG00000097745.1	0.518173
ENSMUSG00000097746.2	0.195219
ENSMUSG00000097748.1	0.052104
ENSMUSG00000097749.2	0.194003
ENSMUSG00000097750.2	1.1235
ENSMUSG00000097752.2	0
ENSMUSG00000097754.1	0.053599
ENSMUSG00000097755.2	0
ENSMUSG00000097756.2	2.327826
ENSMUSG00000097760.2	0.123318
ENSMUSG00000097761.1	0.066233
ENSMUSG00000097762.1	0.101694
ENSMUSG00000097763.1	0
ENSMUSG00000097766.1	0
ENSMUSG00000097767.8	2.027139
ENSMUSG00000097768.2	0
ENSMUSG00000097772.7	9.185947
ENSMUSG00000097773.1	0
ENSMUSG00000097776.1	0.015783
ENSMUSG00000097777.7	0.219821
ENSMUSG00000097779.2	0
ENSMUSG00000097780.1	0
ENSMUSG00000097781.1	0.048702
ENSMUSG00000097783.2	1.41983
ENSMUSG00000097784.1	0.178584
ENSMUSG00000097785.2	2.989928
ENSMUSG00000097786.3	0.068483
ENSMUSG00000097787.2	0.895689
ENSMUSG00000097788.2	1.128794
ENSMUSG00000097789.2	3.85914
ENSMUSG00000097790.1	0
ENSMUSG00000097792.2	0
ENSMUSG00000097793.1	0.158078
ENSMUSG00000097794.2	0.297673
ENSMUSG00000097795.1	0
ENSMUSG00000097797.6	0
ENSMUSG00000097798.1	0
ENSMUSG00000097801.1	0.689881
ENSMUSG00000097803.1	0
ENSMUSG00000097804.1	0.019798
ENSMUSG00000097805.2	0.082439
ENSMUSG00000097806.3	1.029829
ENSMUSG00000097807.1	0
ENSMUSG00000097809.2	0.083853
ENSMUSG00000097812.1	0
ENSMUSG00000097814.5	0.309167
ENSMUSG00000097816.1	0
ENSMUSG00000097817.2	0
ENSMUSG00000097819.1	0
ENSMUSG00000097820.3	4.287547
ENSMUSG00000097821.2	0
ENSMUSG00000097822.7	0
ENSMUSG00000097823.2	5.524715
ENSMUSG00000097825.5	0.260397
ENSMUSG00000097827.1	0.118099
ENSMUSG00000097828.2	0
ENSMUSG00000097831.1	0.044445
ENSMUSG00000097832.1	0.128699
ENSMUSG00000097833.1	0
ENSMUSG00000097834.2	0
ENSMUSG00000097835.1	1.182368
ENSMUSG00000097836.1	0
ENSMUSG00000097840.1	0.626956
ENSMUSG00000097841.2	0.020359
ENSMUSG00000097842.2	0.456188
ENSMUSG00000097845.2	0
ENSMUSG00000097847.1	0
ENSMUSG00000097848.2	0.036241
ENSMUSG00000097850.2	0
ENSMUSG00000097851.5	0
ENSMUSG00000097852.5	0
ENSMUSG00000097853.1	0
ENSMUSG00000097854.1	0
ENSMUSG00000097855.8	0.210417
ENSMUSG00000097858.2	0.070325
ENSMUSG00000097863.1	0.067916
ENSMUSG00000097870.2	0
ENSMUSG00000097871.1	0.040068
ENSMUSG00000097874.3	0.206274
ENSMUSG00000097875.2	0
ENSMUSG00000097876.1	0.018085
ENSMUSG00000097877.2	0.365006
ENSMUSG00000097878.5	0
ENSMUSG00000097881.7	1.579375
ENSMUSG00000097882.2	0.496884
ENSMUSG00000097883.1	0
ENSMUSG00000097884.1	0
ENSMUSG00000097885.7	0.630054
ENSMUSG00000097886.2	0
ENSMUSG00000097887.2	0.375395
ENSMUSG00000097888.2	0.369306
ENSMUSG00000097890.2	0.181585
ENSMUSG00000097891.1	2.083485
ENSMUSG00000097892.2	0.134414
ENSMUSG00000097893.8	0.177296
ENSMUSG00000097895.1	0
ENSMUSG00000097896.1	0
ENSMUSG00000097897.1	0
ENSMUSG00000097898.8	0
ENSMUSG00000097899.2	0.126346
ENSMUSG00000097900.1	0
ENSMUSG00000097901.7	0
ENSMUSG00000097902.2	0
ENSMUSG00000097903.2	0.232339
ENSMUSG00000097906.1	36.652358
ENSMUSG00000097907.2	0
ENSMUSG00000097908.7	6.874533
ENSMUSG00000097910.2	0
ENSMUSG00000097911.2	0.099855
ENSMUSG00000097914.1	0
ENSMUSG00000097915.2	28.28155
ENSMUSG00000097917.2	0.469334
ENSMUSG00000097918.1	0
ENSMUSG00000097919.1	0.526684
ENSMUSG00000097920.1	0
ENSMUSG00000097921.2	0.046692
ENSMUSG00000097923.1	0.055836
ENSMUSG00000097924.2	0.637148
ENSMUSG00000097925.1	0
ENSMUSG00000097926.1	0.027266
ENSMUSG00000097927.2	0.057255
ENSMUSG00000097929.9	12.71102
ENSMUSG00000097930.2	0
ENSMUSG00000097931.1	0
ENSMUSG00000097932.2	0
ENSMUSG00000097933.2	0
ENSMUSG00000097934.1	0
ENSMUSG00000097935.1	0
ENSMUSG00000097936.1	0
ENSMUSG00000097937.1	0
ENSMUSG00000097938.1	0
ENSMUSG00000097939.1	0
ENSMUSG00000097940.2	0
ENSMUSG00000097941.1	0
ENSMUSG00000097942.1	0
ENSMUSG00000097943.1	0
ENSMUSG00000097944.1	0.757184
ENSMUSG00000097945.1	0
ENSMUSG00000097946.1	0
ENSMUSG00000097947.1	0
ENSMUSG00000097948.1	0
ENSMUSG00000097949.1	0
ENSMUSG00000097950.1	0
ENSMUSG00000097951.1	0
ENSMUSG00000097952.1	0
ENSMUSG00000097953.1	0
ENSMUSG00000097954.1	0
ENSMUSG00000097955.1	0
ENSMUSG00000097957.2	0
ENSMUSG00000097958.1	0.034579
ENSMUSG00000097959.2	0
ENSMUSG00000097960.1	2.278124
ENSMUSG00000097961.1	0
ENSMUSG00000097962.7	0
ENSMUSG00000097963.1	0
ENSMUSG00000097964.1	0
ENSMUSG00000097965.1	0
ENSMUSG00000097966.1	0
ENSMUSG00000097967.1	0.189549
ENSMUSG00000097968.1	0
ENSMUSG00000097970.1	0
ENSMUSG00000097972.1	0
ENSMUSG00000097973.1	0.034367
ENSMUSG00000097974.1	4.956765
ENSMUSG00000097975.1	0
ENSMUSG00000097976.1	0
ENSMUSG00000097977.1	0.033707
ENSMUSG00000097979.2	0.231987
ENSMUSG00000097980.2	0
ENSMUSG00000097981.1	0
ENSMUSG00000097982.1	0
ENSMUSG00000097983.1	0
ENSMUSG00000097984.1	0
ENSMUSG00000097985.1	0
ENSMUSG00000097986.2	0.421437
ENSMUSG00000097987.1	0
ENSMUSG00000097988.1	0
ENSMUSG00000097989.1	0.13553
ENSMUSG00000097990.1	0.064953
ENSMUSG00000097991.1	0
ENSMUSG00000097992.1	0
ENSMUSG00000097993.7	2.017204
ENSMUSG00000097994.1	2.732111
ENSMUSG00000097995.1	0
ENSMUSG00000097996.1	0
ENSMUSG00000097997.1	0
ENSMUSG00000097998.1	0
ENSMUSG00000097999.1	0
ENSMUSG00000098000.1	0
ENSMUSG00000098001.1	0
ENSMUSG00000098002.1	0
ENSMUSG00000098003.2	0
ENSMUSG00000098004.1	0
ENSMUSG00000098005.1	0
ENSMUSG00000098006.1	0
ENSMUSG00000098007.1	0
ENSMUSG00000098008.1	0.18848
ENSMUSG00000098009.1	0
ENSMUSG00000098010.1	0
ENSMUSG00000098011.1	0
ENSMUSG00000098012.1	0
ENSMUSG00000098013.1	0
ENSMUSG00000098014.1	0.013178
ENSMUSG00000098015.3	0
ENSMUSG00000098016.1	0
ENSMUSG00000098017.1	0
ENSMUSG00000098019.1	0.111894
ENSMUSG00000098021.2	0
ENSMUSG00000098022.7	0.59006
ENSMUSG00000098023.1	0
ENSMUSG00000098024.1	0.697698
ENSMUSG00000098025.2	0
ENSMUSG00000098026.2	0
ENSMUSG00000098027.1	0.560046
ENSMUSG00000098028.1	0.034452
ENSMUSG00000098029.2	0.14075
ENSMUSG00000098030.1	0
ENSMUSG00000098031.1	0
ENSMUSG00000098033.2	0
ENSMUSG00000098035.1	0
ENSMUSG00000098036.1	0
ENSMUSG00000098037.1	0
ENSMUSG00000098038.1	0
ENSMUSG00000098039.1	0
ENSMUSG00000098040.1	0
ENSMUSG00000098041.1	0
ENSMUSG00000098042.1	0
ENSMUSG00000098043.1	0
ENSMUSG00000098044.1	0
ENSMUSG00000098045.1	0
ENSMUSG00000098046.1	0
ENSMUSG00000098047.1	0
ENSMUSG00000098048.1	0.067413
ENSMUSG00000098050.1	0
ENSMUSG00000098051.1	3.042731
ENSMUSG00000098052.1	0
ENSMUSG00000098053.1	0
ENSMUSG00000098054.1	0
ENSMUSG00000098055.1	0.081444
ENSMUSG00000098056.1	0.069486
ENSMUSG00000098057.1	0
ENSMUSG00000098058.1	0
ENSMUSG00000098059.1	0
ENSMUSG00000098060.1	0
ENSMUSG00000098062.1	0.064786
ENSMUSG00000098064.1	0
ENSMUSG00000098065.1	0
ENSMUSG00000098066.2	0
ENSMUSG00000098067.1	0
ENSMUSG00000098068.1	0
ENSMUSG00000098069.1	0
ENSMUSG00000098070.1	0
ENSMUSG00000098071.2	0
ENSMUSG00000098072.1	0.049623
ENSMUSG00000098073.1	0
ENSMUSG00000098074.1	0
ENSMUSG00000098075.1	0.040192
ENSMUSG00000098076.1	1.043199
ENSMUSG00000098077.1	0
ENSMUSG00000098078.1	0
ENSMUSG00000098079.1	0
ENSMUSG00000098080.1	0
ENSMUSG00000098081.1	0
ENSMUSG00000098082.1	0
ENSMUSG00000098083.1	0
ENSMUSG00000098084.1	0
ENSMUSG00000098085.1	0
ENSMUSG00000098086.1	0
ENSMUSG00000098087.1	8.971091
ENSMUSG00000098088.1	1.383127
ENSMUSG00000098089.2	0
ENSMUSG00000098090.8	0.051024
ENSMUSG00000098091.1	0.067073
ENSMUSG00000098092.1	0
ENSMUSG00000098093.2	1.615811
ENSMUSG00000098094.7	0
ENSMUSG00000098095.1	0
ENSMUSG00000098096.1	0
ENSMUSG00000098097.7	0.919034
ENSMUSG00000098098.7	3.26116
ENSMUSG00000098099.1	0
ENSMUSG00000098100.1	0.095091
ENSMUSG00000098101.1	0
ENSMUSG00000098102.1	0
ENSMUSG00000098103.1	0
ENSMUSG00000098104.1	0.065059
ENSMUSG00000098105.1	0
ENSMUSG00000098106.1	0
ENSMUSG00000098107.1	0
ENSMUSG00000098108.7	0.023679
ENSMUSG00000098109.1	0
ENSMUSG00000098110.1	0
ENSMUSG00000098111.1	0.175554
ENSMUSG00000098112.8	3.513169
ENSMUSG00000098113.1	0.293986
ENSMUSG00000098114.1	0
ENSMUSG00000098115.1	0
ENSMUSG00000098116.1	0
ENSMUSG00000098118.1	0
ENSMUSG00000098119.1	0
ENSMUSG00000098120.1	11.559685
ENSMUSG00000098121.1	3.149123
ENSMUSG00000098122.1	0
ENSMUSG00000098123.1	0.310121
ENSMUSG00000098124.1	0
ENSMUSG00000098125.1	0
ENSMUSG00000098126.1	0
ENSMUSG00000098127.1	0
ENSMUSG00000098128.1	0.55241
ENSMUSG00000098129.1	1.024488
ENSMUSG00000098130.1	0
ENSMUSG00000098131.1	0
ENSMUSG00000098132.1	0.287009
ENSMUSG00000098134.1	6.085722
ENSMUSG00000098135.1	0
ENSMUSG00000098136.1	0
ENSMUSG00000098137.3	0
ENSMUSG00000098138.1	0
ENSMUSG00000098139.1	0
ENSMUSG00000098140.1	0
ENSMUSG00000098141.1	0
ENSMUSG00000098142.1	0.04382
ENSMUSG00000098143.1	0
ENSMUSG00000098144.8	0
ENSMUSG00000098145.1	0
ENSMUSG00000098146.1	0
ENSMUSG00000098147.1	0
ENSMUSG00000098149.1	0
ENSMUSG00000098150.2	0.060368
ENSMUSG00000098152.1	0
ENSMUSG00000098153.1	0
ENSMUSG00000098154.2	0
ENSMUSG00000098155.1	0
ENSMUSG00000098156.1	0.226151
ENSMUSG00000098157.1	0
ENSMUSG00000098158.2	0.136301
ENSMUSG00000098159.1	0
ENSMUSG00000098160.3	0.506988
ENSMUSG00000098161.1	0
ENSMUSG00000098162.1	0
ENSMUSG00000098163.1	0
ENSMUSG00000098164.2	0
ENSMUSG00000098165.1	0
ENSMUSG00000098166.1	0
ENSMUSG00000098167.1	0
ENSMUSG00000098169.1	0
ENSMUSG00000098170.1	0
ENSMUSG00000098171.1	0
ENSMUSG00000098172.7	0
ENSMUSG00000098173.1	0
ENSMUSG00000098174.1	0
ENSMUSG00000098175.1	0
ENSMUSG00000098176.2	2.909868
ENSMUSG00000098177.1	0
ENSMUSG00000098179.1	0
ENSMUSG00000098180.1	0
ENSMUSG00000098181.1	0
ENSMUSG00000098183.1	0.040827
ENSMUSG00000098184.1	0
ENSMUSG00000098185.1	0
ENSMUSG00000098186.1	0
ENSMUSG00000098187.1	0
ENSMUSG00000098188.1	2.492629
ENSMUSG00000098189.1	0
ENSMUSG00000098190.1	0
ENSMUSG00000098191.1	0
ENSMUSG00000098192.1	0.035072
ENSMUSG00000098193.1	0
ENSMUSG00000098194.1	0
ENSMUSG00000098195.1	0
ENSMUSG00000098196.1	0
ENSMUSG00000098197.2	0
ENSMUSG00000098198.1	0.081949
ENSMUSG00000098199.1	0.149379
ENSMUSG00000098200.1	0
ENSMUSG00000098201.1	0.259779
ENSMUSG00000098202.2	0.006568
ENSMUSG00000098203.1	0
ENSMUSG00000098204.1	0
ENSMUSG00000098205.1	0
ENSMUSG00000098206.1	0
ENSMUSG00000098207.1	0
ENSMUSG00000098208.1	0.048165
ENSMUSG00000098209.2	0
ENSMUSG00000098210.1	0
ENSMUSG00000098211.2	0.274413
ENSMUSG00000098212.2	0
ENSMUSG00000098213.1	0
ENSMUSG00000098214.2	0
ENSMUSG00000098215.1	0
ENSMUSG00000098216.1	0
ENSMUSG00000098217.1	0
ENSMUSG00000098218.1	0
ENSMUSG00000098219.1	0
ENSMUSG00000098221.1	2.42504
ENSMUSG00000098222.2	0
ENSMUSG00000098223.1	0
ENSMUSG00000098224.1	0.034837
ENSMUSG00000098225.1	0
ENSMUSG00000098226.1	0
ENSMUSG00000098227.1	0
ENSMUSG00000098228.1	0
ENSMUSG00000098229.1	0
ENSMUSG00000098230.7	0
ENSMUSG00000098231.1	0
ENSMUSG00000098232.1	0.07131
ENSMUSG00000098233.1	0
ENSMUSG00000098234.7	16.85863
ENSMUSG00000098235.2	0
ENSMUSG00000098236.1	0
ENSMUSG00000098237.1	0
ENSMUSG00000098238.1	0.037737
ENSMUSG00000098240.1	0.262458
ENSMUSG00000098241.2	0
ENSMUSG00000098242.1	0
ENSMUSG00000098243.3	0
ENSMUSG00000098244.1	0
ENSMUSG00000098245.1	0
ENSMUSG00000098246.1	0
ENSMUSG00000098247.1	0
ENSMUSG00000098248.1	0
ENSMUSG00000098249.1	0
ENSMUSG00000098251.1	0
ENSMUSG00000098252.1	0
ENSMUSG00000098253.1	0
ENSMUSG00000098254.1	0
ENSMUSG00000098255.1	0.032618
ENSMUSG00000098257.1	0.049215
ENSMUSG00000098258.1	0
ENSMUSG00000098259.1	0
ENSMUSG00000098260.1	0
ENSMUSG00000098261.1	0
ENSMUSG00000098262.1	0
ENSMUSG00000098263.1	0
ENSMUSG00000098264.1	0
ENSMUSG00000098265.1	0
ENSMUSG00000098266.1	0
ENSMUSG00000098267.1	0
ENSMUSG00000098268.1	0
ENSMUSG00000098269.1	0
ENSMUSG00000098270.1	0
ENSMUSG00000098271.1	0
ENSMUSG00000098272.1	0
ENSMUSG00000098273.1	0
ENSMUSG00000098274.7	587.928685
ENSMUSG00000098275.1	0
ENSMUSG00000098276.1	0
ENSMUSG00000098278.1	0
ENSMUSG00000098279.1	0
ENSMUSG00000098280.1	0
ENSMUSG00000098281.1	0
ENSMUSG00000098282.1	0
ENSMUSG00000098284.8	0.108744
ENSMUSG00000098285.1	0
ENSMUSG00000098286.1	0
ENSMUSG00000098287.1	0
ENSMUSG00000098288.1	0
ENSMUSG00000098289.1	0
ENSMUSG00000098290.1	0
ENSMUSG00000098291.1	0
ENSMUSG00000098292.1	0.040619
ENSMUSG00000098293.1	0
ENSMUSG00000098294.1	0
ENSMUSG00000098295.1	0
ENSMUSG00000098296.1	0
ENSMUSG00000098297.1	0
ENSMUSG00000098298.1	0
ENSMUSG00000098299.1	0
ENSMUSG00000098300.1	0
ENSMUSG00000098302.1	0
ENSMUSG00000098303.1	0
ENSMUSG00000098304.2	0
ENSMUSG00000098305.1	0
ENSMUSG00000098306.9	0.140059
ENSMUSG00000098307.1	0
ENSMUSG00000098308.1	0
ENSMUSG00000098309.1	0
ENSMUSG00000098310.1	0
ENSMUSG00000098311.1	0
ENSMUSG00000098312.1	0
ENSMUSG00000098313.1	0
ENSMUSG00000098314.1	0
ENSMUSG00000098315.1	0
ENSMUSG00000098316.1	0
ENSMUSG00000098317.1	0
ENSMUSG00000098318.7	0.010216
ENSMUSG00000098319.1	0
ENSMUSG00000098320.1	0
ENSMUSG00000098322.1	0
ENSMUSG00000098323.1	0
ENSMUSG00000098325.1	0
ENSMUSG00000098326.1	0
ENSMUSG00000098327.1	0
ENSMUSG00000098328.1	0
ENSMUSG00000098329.1	0
ENSMUSG00000098330.1	0
ENSMUSG00000098331.1	0
ENSMUSG00000098332.2	32.728961
ENSMUSG00000098333.1	0
ENSMUSG00000098334.1	0
ENSMUSG00000098335.1	0
ENSMUSG00000098336.1	0
ENSMUSG00000098338.1	0
ENSMUSG00000098339.1	0
ENSMUSG00000098340.1	0
ENSMUSG00000098341.1	0
ENSMUSG00000098342.1	0
ENSMUSG00000098343.1	0
ENSMUSG00000098344.1	0
ENSMUSG00000098345.1	0
ENSMUSG00000098346.1	0
ENSMUSG00000098347.1	0
ENSMUSG00000098348.7	0
ENSMUSG00000098349.1	0
ENSMUSG00000098350.1	0
ENSMUSG00000098351.1	0
ENSMUSG00000098353.1	0
ENSMUSG00000098354.1	0
ENSMUSG00000098355.1	0
ENSMUSG00000098356.1	0
ENSMUSG00000098357.1	0
ENSMUSG00000098358.1	0
ENSMUSG00000098359.1	0
ENSMUSG00000098360.1	0
ENSMUSG00000098361.1	0
ENSMUSG00000098362.1	0
ENSMUSG00000098363.1	0
ENSMUSG00000098364.1	0
ENSMUSG00000098365.1	0
ENSMUSG00000098366.1	0
ENSMUSG00000098367.1	0
ENSMUSG00000098368.1	0
ENSMUSG00000098369.6	0
ENSMUSG00000098370.1	0
ENSMUSG00000098371.1	0
ENSMUSG00000098373.1	0
ENSMUSG00000098374.1	0.046884
ENSMUSG00000098376.1	0
ENSMUSG00000098378.1	0
ENSMUSG00000098379.1	0
ENSMUSG00000098380.1	0
ENSMUSG00000098381.1	0
ENSMUSG00000098382.1	0
ENSMUSG00000098383.1	0
ENSMUSG00000098385.1	0
ENSMUSG00000098386.1	0
ENSMUSG00000098387.2	0
ENSMUSG00000098388.1	0
ENSMUSG00000098389.1	0
ENSMUSG00000098390.7	0
ENSMUSG00000098391.2	0
ENSMUSG00000098392.1	0
ENSMUSG00000098393.1	0
ENSMUSG00000098394.1	2.701954
ENSMUSG00000098395.1	0
ENSMUSG00000098396.1	0
ENSMUSG00000098397.1	0
ENSMUSG00000098399.1	0
ENSMUSG00000098400.1	0
ENSMUSG00000098401.1	0
ENSMUSG00000098402.1	0
ENSMUSG00000098403.1	0
ENSMUSG00000098404.1	0.05139
ENSMUSG00000098405.1	0
ENSMUSG00000098406.1	0
ENSMUSG00000098407.1	0
ENSMUSG00000098408.1	0
ENSMUSG00000098409.1	0
ENSMUSG00000098410.1	0
ENSMUSG00000098412.1	0
ENSMUSG00000098413.1	0
ENSMUSG00000098414.1	0
ENSMUSG00000098415.1	0
ENSMUSG00000098416.1	0
ENSMUSG00000098417.1	0
ENSMUSG00000098418.1	0
ENSMUSG00000098419.1	0
ENSMUSG00000098420.1	0
ENSMUSG00000098421.1	0
ENSMUSG00000098422.1	0
ENSMUSG00000098423.1	0
ENSMUSG00000098424.1	0.083364
ENSMUSG00000098425.1	0
ENSMUSG00000098426.1	0
ENSMUSG00000098428.6	6.460016
ENSMUSG00000098429.1	0
ENSMUSG00000098430.1	0
ENSMUSG00000098431.1	0
ENSMUSG00000098432.1	0
ENSMUSG00000098433.1	0
ENSMUSG00000098434.1	0.079794
ENSMUSG00000098435.1	0
ENSMUSG00000098436.1	0
ENSMUSG00000098437.1	0
ENSMUSG00000098438.1	0
ENSMUSG00000098439.1	0
ENSMUSG00000098441.1	0
ENSMUSG00000098442.1	0
ENSMUSG00000098443.1	0
ENSMUSG00000098444.1	0
ENSMUSG00000098445.1	0
ENSMUSG00000098446.1	0
ENSMUSG00000098447.2	0.455599
ENSMUSG00000098448.1	0
ENSMUSG00000098449.1	1.944996
ENSMUSG00000098451.1	0
ENSMUSG00000098452.1	0
ENSMUSG00000098453.1	0
ENSMUSG00000098454.1	0
ENSMUSG00000098455.1	0
ENSMUSG00000098456.1	0
ENSMUSG00000098457.1	0
ENSMUSG00000098458.1	0
ENSMUSG00000098459.1	0
ENSMUSG00000098460.1	0
ENSMUSG00000098462.1	0
ENSMUSG00000098463.1	0
ENSMUSG00000098464.1	0
ENSMUSG00000098465.1	0
ENSMUSG00000098466.1	0
ENSMUSG00000098467.1	0
ENSMUSG00000098468.1	0
ENSMUSG00000098469.1	0
ENSMUSG00000098470.1	0
ENSMUSG00000098471.1	0
ENSMUSG00000098472.1	0
ENSMUSG00000098473.1	0
ENSMUSG00000098474.1	0
ENSMUSG00000098475.1	0
ENSMUSG00000098476.1	0
ENSMUSG00000098477.1	0
ENSMUSG00000098478.1	0
ENSMUSG00000098479.1	0
ENSMUSG00000098480.1	0
ENSMUSG00000098481.1	0
ENSMUSG00000098482.1	0
ENSMUSG00000098483.1	0
ENSMUSG00000098484.1	0
ENSMUSG00000098485.1	0
ENSMUSG00000098486.1	0
ENSMUSG00000098487.1	0
ENSMUSG00000098488.7	0
ENSMUSG00000098489.1	0
ENSMUSG00000098490.1	0
ENSMUSG00000098491.1	0
ENSMUSG00000098492.1	0.207281
ENSMUSG00000098493.1	0
ENSMUSG00000098494.1	0
ENSMUSG00000098497.1	0
ENSMUSG00000098498.1	0
ENSMUSG00000098499.1	0
ENSMUSG00000098500.1	0
ENSMUSG00000098501.7	0
ENSMUSG00000098502.1	0
ENSMUSG00000098503.1	0
ENSMUSG00000098504.1	0
ENSMUSG00000098505.3	0
ENSMUSG00000098506.2	0.010406
ENSMUSG00000098507.1	0
ENSMUSG00000098508.1	0
ENSMUSG00000098509.2	0
ENSMUSG00000098510.1	0
ENSMUSG00000098511.1	0
ENSMUSG00000098513.1	0
ENSMUSG00000098514.1	0
ENSMUSG00000098515.1	0
ENSMUSG00000098516.1	0
ENSMUSG00000098518.1	0
ENSMUSG00000098519.1	0
ENSMUSG00000098520.1	0
ENSMUSG00000098521.1	0
ENSMUSG00000098522.1	0
ENSMUSG00000098524.1	0
ENSMUSG00000098525.1	0
ENSMUSG00000098526.1	0
ENSMUSG00000098527.1	0
ENSMUSG00000098528.1	0.031088
ENSMUSG00000098529.1	0
ENSMUSG00000098530.1	0.255166
ENSMUSG00000098531.1	0
ENSMUSG00000098532.1	0
ENSMUSG00000098533.1	0
ENSMUSG00000098534.1	0.08361
ENSMUSG00000098535.1	0
ENSMUSG00000098536.1	0
ENSMUSG00000098537.1	0
ENSMUSG00000098538.1	0
ENSMUSG00000098539.1	0
ENSMUSG00000098540.1	0
ENSMUSG00000098541.1	0
ENSMUSG00000098542.1	0
ENSMUSG00000098543.1	0
ENSMUSG00000098544.1	0
ENSMUSG00000098547.1	0
ENSMUSG00000098548.1	0
ENSMUSG00000098549.1	0
ENSMUSG00000098550.1	0
ENSMUSG00000098552.1	0
ENSMUSG00000098553.1	0
ENSMUSG00000098555.1	0
ENSMUSG00000098557.1	9.294848
ENSMUSG00000098558.1	0
ENSMUSG00000098559.1	0
ENSMUSG00000098560.1	0
ENSMUSG00000098561.1	0
ENSMUSG00000098562.1	0
ENSMUSG00000098563.1	0
ENSMUSG00000098564.1	0
ENSMUSG00000098565.1	0
ENSMUSG00000098566.1	0
ENSMUSG00000098567.1	0
ENSMUSG00000098568.1	0
ENSMUSG00000098569.1	0
ENSMUSG00000098570.1	0
ENSMUSG00000098572.1	0
ENSMUSG00000098573.1	0
ENSMUSG00000098574.1	0
ENSMUSG00000098575.1	0
ENSMUSG00000098577.1	0
ENSMUSG00000098578.1	0
ENSMUSG00000098579.1	0
ENSMUSG00000098580.1	0
ENSMUSG00000098582.1	0
ENSMUSG00000098583.1	0
ENSMUSG00000098585.1	0
ENSMUSG00000098586.1	0
ENSMUSG00000098588.1	0
ENSMUSG00000098589.2	0
ENSMUSG00000098590.4	0
ENSMUSG00000098591.1	0
ENSMUSG00000098592.1	0
ENSMUSG00000098593.1	0
ENSMUSG00000098594.1	0
ENSMUSG00000098595.1	0
ENSMUSG00000098596.1	0
ENSMUSG00000098597.1	0
ENSMUSG00000098599.1	0
ENSMUSG00000098600.1	0
ENSMUSG00000098601.1	0
ENSMUSG00000098602.1	0
ENSMUSG00000098603.1	0
ENSMUSG00000098604.1	0
ENSMUSG00000098606.1	0
ENSMUSG00000098607.1	0
ENSMUSG00000098608.1	0
ENSMUSG00000098609.1	0
ENSMUSG00000098611.1	0
ENSMUSG00000098612.1	0
ENSMUSG00000098613.1	0
ENSMUSG00000098614.1	0
ENSMUSG00000098617.1	0
ENSMUSG00000098618.1	0
ENSMUSG00000098619.1	0
ENSMUSG00000098620.1	0
ENSMUSG00000098621.1	0
ENSMUSG00000098622.1	0
ENSMUSG00000098623.1	0
ENSMUSG00000098624.1	0
ENSMUSG00000098625.1	0
ENSMUSG00000098626.1	0
ENSMUSG00000098627.7	0
ENSMUSG00000098628.1	0
ENSMUSG00000098629.1	0
ENSMUSG00000098630.1	0
ENSMUSG00000098631.1	0
ENSMUSG00000098632.1	0
ENSMUSG00000098634.1	0
ENSMUSG00000098635.1	0
ENSMUSG00000098636.1	0
ENSMUSG00000098638.1	0
ENSMUSG00000098640.1	0
ENSMUSG00000098641.1	0.398031
ENSMUSG00000098642.1	0
ENSMUSG00000098644.1	0
ENSMUSG00000098645.1	0
ENSMUSG00000098646.1	0
ENSMUSG00000098648.1	0
ENSMUSG00000098649.2	0.439314
ENSMUSG00000098650.1	11.985789
ENSMUSG00000098651.1	0
ENSMUSG00000098652.1	0
ENSMUSG00000098653.1	0
ENSMUSG00000098655.1	0
ENSMUSG00000098656.1	0
ENSMUSG00000098657.1	0
ENSMUSG00000098658.1	0
ENSMUSG00000098659.7	0.797464
ENSMUSG00000098660.1	0
ENSMUSG00000098661.1	0
ENSMUSG00000098662.1	0
ENSMUSG00000098663.1	0
ENSMUSG00000098664.1	0
ENSMUSG00000098665.1	0
ENSMUSG00000098666.1	0
ENSMUSG00000098667.1	0
ENSMUSG00000098668.1	0
ENSMUSG00000098669.1	0
ENSMUSG00000098670.1	0
ENSMUSG00000098671.1	0
ENSMUSG00000098672.1	0
ENSMUSG00000098674.1	0
ENSMUSG00000098675.1	0
ENSMUSG00000098676.1	0
ENSMUSG00000098677.1	0
ENSMUSG00000098678.1	0
ENSMUSG00000098679.1	0
ENSMUSG00000098680.1	0
ENSMUSG00000098682.8	0.186516
ENSMUSG00000098683.1	0
ENSMUSG00000098684.1	0
ENSMUSG00000098685.1	0
ENSMUSG00000098686.1	0
ENSMUSG00000098687.1	0
ENSMUSG00000098688.1	0
ENSMUSG00000098689.1	0
ENSMUSG00000098690.1	0
ENSMUSG00000098691.1	0
ENSMUSG00000098692.1	0
ENSMUSG00000098693.1	0
ENSMUSG00000098694.1	0
ENSMUSG00000098695.1	0
ENSMUSG00000098696.1	0
ENSMUSG00000098697.1	0
ENSMUSG00000098698.1	0
ENSMUSG00000098700.1	0
ENSMUSG00000098701.1	0
ENSMUSG00000098702.1	65.480809
ENSMUSG00000098703.1	0
ENSMUSG00000098704.1	0
ENSMUSG00000098705.8	0
ENSMUSG00000098706.1	0
ENSMUSG00000098707.1	0
ENSMUSG00000098708.7	0.328127
ENSMUSG00000098709.1	0
ENSMUSG00000098710.1	0
ENSMUSG00000098711.1	0
ENSMUSG00000098712.1	0
ENSMUSG00000098713.1	0.079268
ENSMUSG00000098714.1	0
ENSMUSG00000098715.6	0.56501
ENSMUSG00000098716.1	0
ENSMUSG00000098717.1	0
ENSMUSG00000098718.1	0
ENSMUSG00000098719.1	0
ENSMUSG00000098720.1	0.662224
ENSMUSG00000098721.1	0
ENSMUSG00000098722.1	0
ENSMUSG00000098723.1	0
ENSMUSG00000098725.1	0
ENSMUSG00000098726.1	0
ENSMUSG00000098727.1	0
ENSMUSG00000098728.1	0
ENSMUSG00000098729.1	0
ENSMUSG00000098730.1	0
ENSMUSG00000098731.1	0
ENSMUSG00000098732.1	0
ENSMUSG00000098733.1	0
ENSMUSG00000098734.1	0
ENSMUSG00000098735.1	0
ENSMUSG00000098736.1	0
ENSMUSG00000098737.1	0
ENSMUSG00000098739.1	0.410254
ENSMUSG00000098740.1	0
ENSMUSG00000098741.1	0
ENSMUSG00000098742.1	0
ENSMUSG00000098743.1	0
ENSMUSG00000098744.1	0
ENSMUSG00000098745.1	0
ENSMUSG00000098747.7	0
ENSMUSG00000098748.1	0
ENSMUSG00000098749.1	0
ENSMUSG00000098750.1	0
ENSMUSG00000098751.1	0
ENSMUSG00000098752.1	0
ENSMUSG00000098754.7	0.028813
ENSMUSG00000098755.1	0
ENSMUSG00000098756.1	0
ENSMUSG00000098757.1	0
ENSMUSG00000098758.1	0
ENSMUSG00000098759.1	0
ENSMUSG00000098760.1	0.336208
ENSMUSG00000098761.1	0
ENSMUSG00000098762.1	0
ENSMUSG00000098763.1	0
ENSMUSG00000098764.1	0
ENSMUSG00000098765.1	0
ENSMUSG00000098766.1	0
ENSMUSG00000098767.1	0
ENSMUSG00000098768.1	0
ENSMUSG00000098769.1	0
ENSMUSG00000098770.1	0
ENSMUSG00000098771.1	0
ENSMUSG00000098772.1	0
ENSMUSG00000098773.1	0
ENSMUSG00000098774.1	0
ENSMUSG00000098775.1	0
ENSMUSG00000098776.1	0
ENSMUSG00000098777.1	0
ENSMUSG00000098778.1	0
ENSMUSG00000098779.2	0
ENSMUSG00000098780.1	0
ENSMUSG00000098781.1	0
ENSMUSG00000098782.2	0
ENSMUSG00000098783.1	0
ENSMUSG00000098784.1	0.033043
ENSMUSG00000098785.1	0
ENSMUSG00000098786.1	0
ENSMUSG00000098787.1	0
ENSMUSG00000098788.1	0
ENSMUSG00000098789.7	0.754795
ENSMUSG00000098790.1	0
ENSMUSG00000098791.1	0
ENSMUSG00000098792.1	0
ENSMUSG00000098793.1	0
ENSMUSG00000098794.1	0
ENSMUSG00000098795.1	0
ENSMUSG00000098796.2	0
ENSMUSG00000098797.1	0
ENSMUSG00000098798.1	0
ENSMUSG00000098799.1	0
ENSMUSG00000098800.1	0
ENSMUSG00000098801.1	0
ENSMUSG00000098802.1	0
ENSMUSG00000098803.1	0
ENSMUSG00000098805.1	0
ENSMUSG00000098807.2	0
ENSMUSG00000098808.1	0
ENSMUSG00000098809.1	0
ENSMUSG00000098811.1	0
ENSMUSG00000098812.1	0
ENSMUSG00000098813.1	0
ENSMUSG00000098814.2	0
ENSMUSG00000098815.1	0
ENSMUSG00000098816.1	0
ENSMUSG00000098817.1	0
ENSMUSG00000098818.1	0
ENSMUSG00000098819.1	0
ENSMUSG00000098820.1	0
ENSMUSG00000098821.1	0
ENSMUSG00000098822.1	0
ENSMUSG00000098823.1	0
ENSMUSG00000098824.1	0
ENSMUSG00000098825.1	0
ENSMUSG00000098826.1	0
ENSMUSG00000098827.1	0
ENSMUSG00000098828.1	0
ENSMUSG00000098829.1	0
ENSMUSG00000098830.1	0
ENSMUSG00000098831.1	0
ENSMUSG00000098832.2	0.205446
ENSMUSG00000098833.1	0
ENSMUSG00000098836.1	0
ENSMUSG00000098837.1	0
ENSMUSG00000098838.2	0
ENSMUSG00000098839.1	0
ENSMUSG00000098840.1	0
ENSMUSG00000098842.1	0
ENSMUSG00000098843.1	0
ENSMUSG00000098844.1	0
ENSMUSG00000098845.1	0
ENSMUSG00000098846.1	0
ENSMUSG00000098847.1	0
ENSMUSG00000098848.1	0
ENSMUSG00000098849.1	0
ENSMUSG00000098850.1	0
ENSMUSG00000098851.1	0
ENSMUSG00000098852.1	0
ENSMUSG00000098853.1	0
ENSMUSG00000098854.1	0
ENSMUSG00000098855.1	0
ENSMUSG00000098856.1	0
ENSMUSG00000098857.1	0
ENSMUSG00000098858.1	0
ENSMUSG00000098859.1	0
ENSMUSG00000098860.1	0
ENSMUSG00000098861.1	0
ENSMUSG00000098862.1	0
ENSMUSG00000098863.1	0
ENSMUSG00000098864.1	0
ENSMUSG00000098865.1	0
ENSMUSG00000098866.1	0
ENSMUSG00000098867.1	0
ENSMUSG00000098868.1	0
ENSMUSG00000098869.1	0
ENSMUSG00000098871.1	0
ENSMUSG00000098873.1	0
ENSMUSG00000098874.1	0
ENSMUSG00000098875.1	0
ENSMUSG00000098876.1	0
ENSMUSG00000098877.1	0
ENSMUSG00000098878.1	0
ENSMUSG00000098879.1	0
ENSMUSG00000098881.1	0
ENSMUSG00000098882.1	0
ENSMUSG00000098883.1	0
ENSMUSG00000098884.1	0
ENSMUSG00000098885.1	0
ENSMUSG00000098886.1	0
ENSMUSG00000098887.1	0
ENSMUSG00000098888.1	0
ENSMUSG00000098889.1	0
ENSMUSG00000098890.1	0
ENSMUSG00000098891.1	0
ENSMUSG00000098893.1	0
ENSMUSG00000098894.1	0
ENSMUSG00000098895.1	0
ENSMUSG00000098896.1	0
ENSMUSG00000098897.1	0
ENSMUSG00000098898.1	0
ENSMUSG00000098899.1	0
ENSMUSG00000098900.2	0
ENSMUSG00000098901.1	0
ENSMUSG00000098903.1	0
ENSMUSG00000098904.1	0
ENSMUSG00000098905.2	0.16188
ENSMUSG00000098906.1	0
ENSMUSG00000098907.1	0
ENSMUSG00000098908.1	0
ENSMUSG00000098909.1	0
ENSMUSG00000098910.1	0
ENSMUSG00000098912.7	32.006802
ENSMUSG00000098914.1	0
ENSMUSG00000098915.1	65.244028
ENSMUSG00000098916.1	0
ENSMUSG00000098917.1	0
ENSMUSG00000098918.1	0
ENSMUSG00000098919.1	0
ENSMUSG00000098920.1	0
ENSMUSG00000098922.1	0
ENSMUSG00000098923.1	9.221211
ENSMUSG00000098924.1	0
ENSMUSG00000098925.1	0.398031
ENSMUSG00000098926.1	0
ENSMUSG00000098928.1	0
ENSMUSG00000098929.1	0
ENSMUSG00000098931.1	0
ENSMUSG00000098932.1	0
ENSMUSG00000098934.1	0
ENSMUSG00000098935.1	0
ENSMUSG00000098937.1	0
ENSMUSG00000098938.1	0
ENSMUSG00000098939.1	0
ENSMUSG00000098940.1	0
ENSMUSG00000098942.1	0
ENSMUSG00000098943.1	0
ENSMUSG00000098944.1	0
ENSMUSG00000098945.1	0
ENSMUSG00000098946.1	0
ENSMUSG00000098947.2	0
ENSMUSG00000098948.1	0
ENSMUSG00000098949.1	0
ENSMUSG00000098950.7	0
ENSMUSG00000098951.1	0
ENSMUSG00000098952.1	0
ENSMUSG00000098953.1	0
ENSMUSG00000098954.1	0
ENSMUSG00000098955.1	0
ENSMUSG00000098956.1	0
ENSMUSG00000098957.1	0
ENSMUSG00000098958.1	0
ENSMUSG00000098959.1	0
ENSMUSG00000098960.1	0
ENSMUSG00000098961.1	0
ENSMUSG00000098962.1	0
ENSMUSG00000098963.1	0
ENSMUSG00000098964.1	0
ENSMUSG00000098965.1	0
ENSMUSG00000098966.1	0
ENSMUSG00000098967.1	0
ENSMUSG00000098968.1	0
ENSMUSG00000098969.1	0
ENSMUSG00000098970.1	0
ENSMUSG00000098972.1	0
ENSMUSG00000098973.1	770.789044
ENSMUSG00000098974.1	0
ENSMUSG00000098975.7	0.032312
ENSMUSG00000098976.1	0
ENSMUSG00000098977.1	0
ENSMUSG00000098978.1	0
ENSMUSG00000098979.1	0
ENSMUSG00000098980.1	0
ENSMUSG00000098981.1	0
ENSMUSG00000098982.1	0
ENSMUSG00000098983.1	0
ENSMUSG00000098984.1	0
ENSMUSG00000098985.1	0.098285
ENSMUSG00000098986.1	0
ENSMUSG00000098987.1	0
ENSMUSG00000098988.1	0
ENSMUSG00000098989.1	0
ENSMUSG00000098990.1	0
ENSMUSG00000098991.1	0
ENSMUSG00000098992.1	0
ENSMUSG00000098993.1	0
ENSMUSG00000098994.1	0
ENSMUSG00000098995.1	0
ENSMUSG00000098996.1	0
ENSMUSG00000098997.1	0
ENSMUSG00000098998.1	0
ENSMUSG00000098999.1	0
ENSMUSG00000099000.1	0
ENSMUSG00000099001.1	0
ENSMUSG00000099002.1	0
ENSMUSG00000099003.1	0
ENSMUSG00000099004.1	0
ENSMUSG00000099005.1	0
ENSMUSG00000099006.1	0
ENSMUSG00000099008.1	0
ENSMUSG00000099009.1	0.166247
ENSMUSG00000099010.1	0
ENSMUSG00000099011.1	0
ENSMUSG00000099012.1	0
ENSMUSG00000099013.1	0
ENSMUSG00000099014.1	0
ENSMUSG00000099015.1	0
ENSMUSG00000099016.1	0
ENSMUSG00000099017.1	0
ENSMUSG00000099018.1	0
ENSMUSG00000099019.1	0
ENSMUSG00000099020.1	0
ENSMUSG00000099021.1	1105.315385
ENSMUSG00000099022.1	0
ENSMUSG00000099024.1	0
ENSMUSG00000099025.1	0
ENSMUSG00000099027.1	0
ENSMUSG00000099030.1	0
ENSMUSG00000099031.1	0
ENSMUSG00000099032.2	0.069765
ENSMUSG00000099033.1	0
ENSMUSG00000099034.7	2.075764
ENSMUSG00000099035.1	0
ENSMUSG00000099036.1	0
ENSMUSG00000099037.1	0
ENSMUSG00000099039.1	0
ENSMUSG00000099041.1	0
ENSMUSG00000099042.1	0
ENSMUSG00000099043.1	0
ENSMUSG00000099045.1	0
ENSMUSG00000099047.1	0
ENSMUSG00000099049.1	0
ENSMUSG00000099050.1	0
ENSMUSG00000099051.1	0
ENSMUSG00000099052.1	0
ENSMUSG00000099053.1	0
ENSMUSG00000099054.1	0
ENSMUSG00000099055.1	0
ENSMUSG00000099056.1	0
ENSMUSG00000099057.1	0
ENSMUSG00000099058.1	0
ENSMUSG00000099059.1	0
ENSMUSG00000099060.1	0
ENSMUSG00000099061.1	3.340074
ENSMUSG00000099062.1	0
ENSMUSG00000099063.1	0
ENSMUSG00000099064.1	0
ENSMUSG00000099066.1	0
ENSMUSG00000099068.1	0
ENSMUSG00000099069.1	0
ENSMUSG00000099070.1	0
ENSMUSG00000099071.1	0
ENSMUSG00000099072.1	0
ENSMUSG00000099073.1	0
ENSMUSG00000099074.1	0
ENSMUSG00000099075.1	0
ENSMUSG00000099076.1	0
ENSMUSG00000099078.1	0
ENSMUSG00000099079.1	0
ENSMUSG00000099080.1	0
ENSMUSG00000099081.1	0
ENSMUSG00000099082.1	0
ENSMUSG00000099083.7	7.961369
ENSMUSG00000099085.1	0
ENSMUSG00000099086.1	0
ENSMUSG00000099087.1	0
ENSMUSG00000099088.1	0
ENSMUSG00000099089.1	0
ENSMUSG00000099091.1	0
ENSMUSG00000099092.1	0
ENSMUSG00000099093.1	0
ENSMUSG00000099094.1	0.555223
ENSMUSG00000099095.1	0
ENSMUSG00000099096.1	0
ENSMUSG00000099097.1	0
ENSMUSG00000099098.4	0.263271
ENSMUSG00000099099.1	0
ENSMUSG00000099101.1	0
ENSMUSG00000099102.1	0
ENSMUSG00000099103.1	0
ENSMUSG00000099104.1	0
ENSMUSG00000099105.1	0
ENSMUSG00000099106.1	0
ENSMUSG00000099107.1	0
ENSMUSG00000099108.1	0
ENSMUSG00000099109.1	0
ENSMUSG00000099110.1	0
ENSMUSG00000099111.1	0
ENSMUSG00000099112.1	0
ENSMUSG00000099114.1	0
ENSMUSG00000099115.1	0
ENSMUSG00000099117.1	0
ENSMUSG00000099118.1	0
ENSMUSG00000099119.1	0
ENSMUSG00000099120.1	0
ENSMUSG00000099123.1	0
ENSMUSG00000099124.1	0
ENSMUSG00000099125.1	0
ENSMUSG00000099126.1	0
ENSMUSG00000099127.1	0
ENSMUSG00000099128.1	0
ENSMUSG00000099129.1	0
ENSMUSG00000099130.1	0
ENSMUSG00000099131.1	0
ENSMUSG00000099132.1	0
ENSMUSG00000099133.1	0
ENSMUSG00000099134.1	0
ENSMUSG00000099135.1	0
ENSMUSG00000099136.1	0
ENSMUSG00000099137.1	0.026656
ENSMUSG00000099138.1	0
ENSMUSG00000099139.1	0
ENSMUSG00000099140.1	0
ENSMUSG00000099141.1	0
ENSMUSG00000099142.1	0
ENSMUSG00000099143.1	0
ENSMUSG00000099144.1	0
ENSMUSG00000099145.1	0
ENSMUSG00000099146.7	0
ENSMUSG00000099147.1	0
ENSMUSG00000099148.1	0
ENSMUSG00000099149.1	0
ENSMUSG00000099150.1	0.243635
ENSMUSG00000099151.1	0
ENSMUSG00000099152.1	0
ENSMUSG00000099153.1	0
ENSMUSG00000099154.1	0
ENSMUSG00000099155.1	0
ENSMUSG00000099157.1	0
ENSMUSG00000099158.1	0
ENSMUSG00000099159.1	0.368843
ENSMUSG00000099160.1	0
ENSMUSG00000099161.1	0
ENSMUSG00000099162.1	0
ENSMUSG00000099163.1	0
ENSMUSG00000099165.1	0
ENSMUSG00000099166.1	0
ENSMUSG00000099168.1	0
ENSMUSG00000099169.1	0
ENSMUSG00000099170.1	0.105661
ENSMUSG00000099172.1	0
ENSMUSG00000099173.1	0
ENSMUSG00000099174.1	0
ENSMUSG00000099176.1	0
ENSMUSG00000099178.1	0
ENSMUSG00000099179.1	0
ENSMUSG00000099180.1	0
ENSMUSG00000099181.1	0
ENSMUSG00000099182.1	0
ENSMUSG00000099183.1	0
ENSMUSG00000099184.1	0
ENSMUSG00000099185.1	0
ENSMUSG00000099186.1	0
ENSMUSG00000099188.1	0
ENSMUSG00000099189.1	0
ENSMUSG00000099190.1	0
ENSMUSG00000099191.1	0
ENSMUSG00000099192.1	0
ENSMUSG00000099193.1	0
ENSMUSG00000099196.1	0
ENSMUSG00000099197.1	0
ENSMUSG00000099198.1	0
ENSMUSG00000099199.1	0
ENSMUSG00000099200.1	0
ENSMUSG00000099201.8	0
ENSMUSG00000099202.1	0
ENSMUSG00000099203.1	0
ENSMUSG00000099204.2	3.454398
ENSMUSG00000099205.1	0
ENSMUSG00000099206.1	0
ENSMUSG00000099207.7	0
ENSMUSG00000099208.1	0
ENSMUSG00000099209.1	0
ENSMUSG00000099210.1	0
ENSMUSG00000099211.1	0
ENSMUSG00000099212.1	0
ENSMUSG00000099213.1	0
ENSMUSG00000099214.1	0
ENSMUSG00000099215.1	0
ENSMUSG00000099216.1	0
ENSMUSG00000099218.1	0
ENSMUSG00000099219.1	0
ENSMUSG00000099220.1	0
ENSMUSG00000099221.1	0
ENSMUSG00000099222.1	0
ENSMUSG00000099223.1	0
ENSMUSG00000099224.1	0
ENSMUSG00000099225.1	0
ENSMUSG00000099226.1	0
ENSMUSG00000099227.1	0
ENSMUSG00000099228.1	0
ENSMUSG00000099229.1	0
ENSMUSG00000099230.1	0
ENSMUSG00000099232.1	0
ENSMUSG00000099233.1	0
ENSMUSG00000099235.1	0
ENSMUSG00000099236.2	0
ENSMUSG00000099237.1	0
ENSMUSG00000099238.1	0
ENSMUSG00000099239.1	0
ENSMUSG00000099240.1	0
ENSMUSG00000099241.2	0
ENSMUSG00000099242.1	0
ENSMUSG00000099243.1	0
ENSMUSG00000099244.1	0
ENSMUSG00000099245.1	0
ENSMUSG00000099246.1	0
ENSMUSG00000099247.1	0
ENSMUSG00000099248.1	0
ENSMUSG00000099250.1	32.260941
ENSMUSG00000099252.1	0
ENSMUSG00000099253.1	0
ENSMUSG00000099254.1	0
ENSMUSG00000099255.1	0
ENSMUSG00000099256.1	0
ENSMUSG00000099257.1	0
ENSMUSG00000099258.1	0
ENSMUSG00000099259.1	0
ENSMUSG00000099260.1	0
ENSMUSG00000099261.1	0
ENSMUSG00000099263.1	0
ENSMUSG00000099264.1	0
ENSMUSG00000099266.1	0
ENSMUSG00000099267.1	0
ENSMUSG00000099268.1	0
ENSMUSG00000099269.3	0
ENSMUSG00000099270.1	0
ENSMUSG00000099272.1	0
ENSMUSG00000099273.1	0
ENSMUSG00000099274.1	0
ENSMUSG00000099275.1	0
ENSMUSG00000099276.1	0
ENSMUSG00000099279.1	0
ENSMUSG00000099280.1	0
ENSMUSG00000099283.1	0
ENSMUSG00000099284.1	0
ENSMUSG00000099285.1	0
ENSMUSG00000099286.1	0
ENSMUSG00000099287.1	0
ENSMUSG00000099289.1	0
ENSMUSG00000099290.1	0
ENSMUSG00000099291.1	0
ENSMUSG00000099292.1	0
ENSMUSG00000099293.1	0
ENSMUSG00000099294.1	0
ENSMUSG00000099295.1	0
ENSMUSG00000099298.1	0
ENSMUSG00000099299.1	0
ENSMUSG00000099300.1	0
ENSMUSG00000099301.1	0
ENSMUSG00000099302.1	0
ENSMUSG00000099303.1	0
ENSMUSG00000099304.1	0
ENSMUSG00000099307.1	0
ENSMUSG00000099308.1	0
ENSMUSG00000099309.1	0
ENSMUSG00000099310.1	0
ENSMUSG00000099311.1	0
ENSMUSG00000099312.1	0
ENSMUSG00000099313.1	0
ENSMUSG00000099314.1	0
ENSMUSG00000099315.1	0.032618
ENSMUSG00000099316.1	0
ENSMUSG00000099317.1	0
ENSMUSG00000099318.1	0
ENSMUSG00000099319.1	0
ENSMUSG00000099320.1	0
ENSMUSG00000099321.1	0
ENSMUSG00000099322.1	0
ENSMUSG00000099323.1	0
ENSMUSG00000099324.1	0
ENSMUSG00000099325.1	0
ENSMUSG00000099326.1	0
ENSMUSG00000099328.1	0
ENSMUSG00000099329.2	0
ENSMUSG00000099330.1	0
ENSMUSG00000099331.1	0
ENSMUSG00000099332.1	0
ENSMUSG00000099334.1	0
ENSMUSG00000099335.1	0
ENSMUSG00000099336.1	0
ENSMUSG00000099337.1	0
ENSMUSG00000099338.1	0.259956
ENSMUSG00000099339.1	0
ENSMUSG00000099340.1	0
ENSMUSG00000099341.1	0
ENSMUSG00000099342.1	0.14002
ENSMUSG00000099343.1	0.429714
ENSMUSG00000099344.1	0
ENSMUSG00000099346.1	0
ENSMUSG00000099347.1	0
ENSMUSG00000099348.1	0
ENSMUSG00000099349.7	0
ENSMUSG00000099350.1	0
ENSMUSG00000099351.1	0
ENSMUSG00000099352.1	0
ENSMUSG00000099353.7	0
ENSMUSG00000099354.6	1.255679
ENSMUSG00000099355.1	0
ENSMUSG00000099357.1	0
ENSMUSG00000099359.1	0
ENSMUSG00000099360.1	0
ENSMUSG00000099361.1	0
ENSMUSG00000099362.1	0
ENSMUSG00000099363.1	0
ENSMUSG00000099364.1	0
ENSMUSG00000099366.1	0
ENSMUSG00000099367.1	0
ENSMUSG00000099368.1	0
ENSMUSG00000099369.1	0
ENSMUSG00000099370.1	0
ENSMUSG00000099371.1	0
ENSMUSG00000099372.1	0
ENSMUSG00000099373.1	0
ENSMUSG00000099374.1	0
ENSMUSG00000099375.1	0
ENSMUSG00000099376.1	0
ENSMUSG00000099377.1	0
ENSMUSG00000099378.1	0
ENSMUSG00000099379.1	0
ENSMUSG00000099380.6	0
ENSMUSG00000099381.1	0
ENSMUSG00000099382.1	0
ENSMUSG00000099383.1	0
ENSMUSG00000099384.6	0
ENSMUSG00000099385.1	0
ENSMUSG00000099386.1	0
ENSMUSG00000099387.1	0
ENSMUSG00000099388.1	0
ENSMUSG00000099389.1	0
ENSMUSG00000099390.6	0
ENSMUSG00000099391.2	0
ENSMUSG00000099392.1	0
ENSMUSG00000099393.6	0
ENSMUSG00000099394.1	0
ENSMUSG00000099395.1	0
ENSMUSG00000099396.1	0
ENSMUSG00000099397.1	0.099126
ENSMUSG00000099398.1	0.014412
ENSMUSG00000099399.6	0
ENSMUSG00000099400.1	0
ENSMUSG00000099401.1	0
ENSMUSG00000099403.1	0
ENSMUSG00000099404.1	0.254591
ENSMUSG00000099405.1	0
ENSMUSG00000099406.1	0
ENSMUSG00000099407.1	0
ENSMUSG00000099408.1	0
ENSMUSG00000099409.1	0
ENSMUSG00000099410.1	0
ENSMUSG00000099411.1	0
ENSMUSG00000099412.1	0
ENSMUSG00000099413.1	0.01951
ENSMUSG00000099414.1	0
ENSMUSG00000099415.1	0
ENSMUSG00000099416.1	0
ENSMUSG00000099417.1	0.105828
ENSMUSG00000099418.3	0
ENSMUSG00000099419.1	0
ENSMUSG00000099420.1	0
ENSMUSG00000099421.1	0
ENSMUSG00000099422.4	0
ENSMUSG00000099423.1	0
ENSMUSG00000099424.1	0
ENSMUSG00000099425.1	0
ENSMUSG00000099426.6	0
ENSMUSG00000099427.1	0
ENSMUSG00000099428.1	0
ENSMUSG00000099429.1	0
ENSMUSG00000099430.1	0
ENSMUSG00000099431.1	0
ENSMUSG00000099432.1	0
ENSMUSG00000099433.1	0
ENSMUSG00000099434.1	0
ENSMUSG00000099435.6	0
ENSMUSG00000099436.1	0
ENSMUSG00000099437.1	0
ENSMUSG00000099438.1	0
ENSMUSG00000099439.1	0
ENSMUSG00000099441.1	0
ENSMUSG00000099442.1	0
ENSMUSG00000099443.1	0
ENSMUSG00000099444.1	0
ENSMUSG00000099445.1	0
ENSMUSG00000099446.1	0
ENSMUSG00000099447.1	0
ENSMUSG00000099448.1	0
ENSMUSG00000099449.1	0
ENSMUSG00000099450.1	0
ENSMUSG00000099451.1	0
ENSMUSG00000099452.1	0
ENSMUSG00000099453.1	0
ENSMUSG00000099454.1	0
ENSMUSG00000099455.1	0
ENSMUSG00000099456.6	0
ENSMUSG00000099457.1	0
ENSMUSG00000099458.1	0
ENSMUSG00000099459.2	0
ENSMUSG00000099460.1	0
ENSMUSG00000099461.6	0
ENSMUSG00000099462.1	0
ENSMUSG00000099463.6	0
ENSMUSG00000099464.1	0
ENSMUSG00000099465.1	0
ENSMUSG00000099466.1	0
ENSMUSG00000099467.1	0
ENSMUSG00000099468.1	0
ENSMUSG00000099469.1	0
ENSMUSG00000099470.1	0.083816
ENSMUSG00000099471.1	0.949715
ENSMUSG00000099472.1	0.048199
ENSMUSG00000099473.1	0
ENSMUSG00000099474.1	0.041926
ENSMUSG00000099476.1	0
ENSMUSG00000099477.1	0
ENSMUSG00000099478.1	0.035043
ENSMUSG00000099479.1	0
ENSMUSG00000099480.1	0
ENSMUSG00000099481.6	8.041608
ENSMUSG00000099482.1	0
ENSMUSG00000099483.1	0
ENSMUSG00000099484.1	0
ENSMUSG00000099485.1	0
ENSMUSG00000099486.3	0
ENSMUSG00000099487.1	0
ENSMUSG00000099488.1	0
ENSMUSG00000099489.1	0
ENSMUSG00000099490.1	0
ENSMUSG00000099491.1	0
ENSMUSG00000099492.1	0.08082
ENSMUSG00000099493.1	0
ENSMUSG00000099494.6	0
ENSMUSG00000099495.1	0
ENSMUSG00000099496.1	0
ENSMUSG00000099497.1	0
ENSMUSG00000099498.1	0
ENSMUSG00000099499.1	0
ENSMUSG00000099500.1	0
ENSMUSG00000099501.1	0
ENSMUSG00000099502.1	0
ENSMUSG00000099503.1	0
ENSMUSG00000099504.1	0
ENSMUSG00000099505.1	0
ENSMUSG00000099506.1	0
ENSMUSG00000099507.1	0
ENSMUSG00000099508.1	0
ENSMUSG00000099509.1	0
ENSMUSG00000099510.2	0
ENSMUSG00000099511.1	0
ENSMUSG00000099512.1	0.313773
ENSMUSG00000099513.1	0
ENSMUSG00000099514.1	0
ENSMUSG00000099516.1	0
ENSMUSG00000099517.2	0
ENSMUSG00000099518.1	0
ENSMUSG00000099519.1	0.065421
ENSMUSG00000099520.1	0
ENSMUSG00000099521.1	0
ENSMUSG00000099522.1	0
ENSMUSG00000099523.1	0
ENSMUSG00000099524.1	0
ENSMUSG00000099525.1	0
ENSMUSG00000099526.1	0
ENSMUSG00000099527.1	0
ENSMUSG00000099528.1	0
ENSMUSG00000099529.1	0
ENSMUSG00000099530.1	0
ENSMUSG00000099531.1	0
ENSMUSG00000099532.1	0
ENSMUSG00000099534.1	0
ENSMUSG00000099535.1	0
ENSMUSG00000099536.1	0
ENSMUSG00000099537.6	0
ENSMUSG00000099539.1	0
ENSMUSG00000099541.1	0
ENSMUSG00000099542.1	0
ENSMUSG00000099543.1	0
ENSMUSG00000099544.1	0
ENSMUSG00000099545.1	0
ENSMUSG00000099546.1	0
ENSMUSG00000099547.1	0
ENSMUSG00000099548.1	0
ENSMUSG00000099549.1	0
ENSMUSG00000099550.6	0
ENSMUSG00000099551.6	0
ENSMUSG00000099552.1	0
ENSMUSG00000099553.1	0.284265
ENSMUSG00000099554.1	0
ENSMUSG00000099555.1	0
ENSMUSG00000099556.1	0
ENSMUSG00000099558.1	0
ENSMUSG00000099559.1	0
ENSMUSG00000099560.1	0
ENSMUSG00000099561.1	0
ENSMUSG00000099562.1	0
ENSMUSG00000099563.1	0
ENSMUSG00000099564.2	0.235157
ENSMUSG00000099565.1	0
ENSMUSG00000099566.1	0
ENSMUSG00000099568.1	0
ENSMUSG00000099569.1	0
ENSMUSG00000099570.6	0
ENSMUSG00000099571.1	0
ENSMUSG00000099572.1	0
ENSMUSG00000099573.1	0
ENSMUSG00000099574.1	0
ENSMUSG00000099575.1	0
ENSMUSG00000099576.1	0
ENSMUSG00000099577.1	0
ENSMUSG00000099578.1	0
ENSMUSG00000099579.1	0.303094
ENSMUSG00000099581.1	0
ENSMUSG00000099582.1	0
ENSMUSG00000099583.2	0.062939
ENSMUSG00000099584.1	0
ENSMUSG00000099585.1	0
ENSMUSG00000099586.1	0
ENSMUSG00000099587.1	0
ENSMUSG00000099588.1	0
ENSMUSG00000099589.1	0
ENSMUSG00000099590.1	0
ENSMUSG00000099591.1	0
ENSMUSG00000099592.1	0
ENSMUSG00000099593.1	0
ENSMUSG00000099594.1	0
ENSMUSG00000099595.1	0
ENSMUSG00000099596.1	0
ENSMUSG00000099598.1	0
ENSMUSG00000099599.1	0
ENSMUSG00000099600.1	0
ENSMUSG00000099601.1	0
ENSMUSG00000099603.1	0
ENSMUSG00000099604.1	0
ENSMUSG00000099605.1	0
ENSMUSG00000099606.1	0
ENSMUSG00000099607.1	0
ENSMUSG00000099608.1	0
ENSMUSG00000099609.1	0
ENSMUSG00000099610.1	0
ENSMUSG00000099611.2	0
ENSMUSG00000099612.1	0
ENSMUSG00000099613.1	0
ENSMUSG00000099614.1	0
ENSMUSG00000099615.1	0
ENSMUSG00000099616.1	0.021651
ENSMUSG00000099617.1	0
ENSMUSG00000099618.1	0
ENSMUSG00000099619.6	0
ENSMUSG00000099620.1	0
ENSMUSG00000099621.1	0
ENSMUSG00000099622.1	0
ENSMUSG00000099623.2	0
ENSMUSG00000099624.1	0.379957
ENSMUSG00000099625.1	0.011917
ENSMUSG00000099626.1	0
ENSMUSG00000099627.1	0
ENSMUSG00000099628.1	0
ENSMUSG00000099629.1	0
ENSMUSG00000099630.1	0.182843
ENSMUSG00000099631.1	0
ENSMUSG00000099632.1	3.227753
ENSMUSG00000099633.1	0
ENSMUSG00000099634.1	0
ENSMUSG00000099635.1	0.041187
ENSMUSG00000099636.1	0
ENSMUSG00000099637.1	0
ENSMUSG00000099638.1	0
ENSMUSG00000099639.6	0
ENSMUSG00000099640.1	0
ENSMUSG00000099641.1	0
ENSMUSG00000099642.1	0
ENSMUSG00000099643.1	0
ENSMUSG00000099644.1	0.733003
ENSMUSG00000099645.1	0
ENSMUSG00000099646.1	0
ENSMUSG00000099647.1	0
ENSMUSG00000099648.1	0
ENSMUSG00000099649.1	0
ENSMUSG00000099650.6	0
ENSMUSG00000099651.1	0
ENSMUSG00000099652.1	0
ENSMUSG00000099653.1	0
ENSMUSG00000099654.6	0
ENSMUSG00000099655.2	0.398176
ENSMUSG00000099656.2	0
ENSMUSG00000099657.2	0
ENSMUSG00000099658.1	0
ENSMUSG00000099659.1	0
ENSMUSG00000099660.1	0
ENSMUSG00000099661.1	0
ENSMUSG00000099662.1	0.199833
ENSMUSG00000099663.1	0
ENSMUSG00000099664.1	0
ENSMUSG00000099665.1	0
ENSMUSG00000099666.6	0
ENSMUSG00000099667.1	0
ENSMUSG00000099668.1	0
ENSMUSG00000099669.1	0
ENSMUSG00000099670.1	0
ENSMUSG00000099671.2	0
ENSMUSG00000099672.1	0
ENSMUSG00000099673.1	0
ENSMUSG00000099674.6	0
ENSMUSG00000099675.1	0
ENSMUSG00000099676.1	0
ENSMUSG00000099677.1	0
ENSMUSG00000099678.1	0
ENSMUSG00000099679.1	0
ENSMUSG00000099681.1	3.737223
ENSMUSG00000099682.1	0
ENSMUSG00000099683.1	0
ENSMUSG00000099684.6	0
ENSMUSG00000099685.6	0
ENSMUSG00000099686.1	0.104289
ENSMUSG00000099687.3	0
ENSMUSG00000099688.1	0
ENSMUSG00000099689.6	2.460196
ENSMUSG00000099690.1	0
ENSMUSG00000099691.1	0
ENSMUSG00000099692.1	0
ENSMUSG00000099693.1	0
ENSMUSG00000099694.1	0
ENSMUSG00000099695.6	0
ENSMUSG00000099696.6	36.520029
ENSMUSG00000099698.1	0
ENSMUSG00000099699.1	0
ENSMUSG00000099700.1	0
ENSMUSG00000099701.1	0
ENSMUSG00000099702.1	0
ENSMUSG00000099704.1	0
ENSMUSG00000099706.1	0.00902
ENSMUSG00000099707.6	0
ENSMUSG00000099708.1	0.015368
ENSMUSG00000099709.1	0
ENSMUSG00000099711.1	0
ENSMUSG00000099712.1	0
ENSMUSG00000099713.1	0
ENSMUSG00000099714.1	0
ENSMUSG00000099715.2	0
ENSMUSG00000099716.1	0
ENSMUSG00000099717.1	0
ENSMUSG00000099718.1	0
ENSMUSG00000099719.1	0
ENSMUSG00000099721.1	0
ENSMUSG00000099722.3	0.04376
ENSMUSG00000099723.1	0
ENSMUSG00000099724.2	0
ENSMUSG00000099725.1	0
ENSMUSG00000099726.1	0
ENSMUSG00000099727.1	0
ENSMUSG00000099728.1	0
ENSMUSG00000099729.1	0
ENSMUSG00000099730.1	0
ENSMUSG00000099731.1	0
ENSMUSG00000099732.2	0
ENSMUSG00000099733.1	0
ENSMUSG00000099734.1	0
ENSMUSG00000099735.1	0
ENSMUSG00000099736.1	0
ENSMUSG00000099737.6	0
ENSMUSG00000099738.1	0
ENSMUSG00000099739.1	0
ENSMUSG00000099740.1	0
ENSMUSG00000099741.1	0
ENSMUSG00000099742.1	0
ENSMUSG00000099744.1	0
ENSMUSG00000099745.1	0
ENSMUSG00000099746.1	0
ENSMUSG00000099747.1	0.099478
ENSMUSG00000099748.1	0
ENSMUSG00000099749.1	0
ENSMUSG00000099750.1	0
ENSMUSG00000099751.6	0
ENSMUSG00000099752.1	0
ENSMUSG00000099753.1	0
ENSMUSG00000099754.1	0
ENSMUSG00000099755.1	0
ENSMUSG00000099756.1	0
ENSMUSG00000099757.1	0
ENSMUSG00000099758.1	0.060988
ENSMUSG00000099759.1	0
ENSMUSG00000099760.1	3.17312
ENSMUSG00000099761.1	0
ENSMUSG00000099762.3	0
ENSMUSG00000099764.1	1.359408
ENSMUSG00000099765.1	0
ENSMUSG00000099766.1	0
ENSMUSG00000099767.1	0.095422
ENSMUSG00000099768.1	0
ENSMUSG00000099770.1	0
ENSMUSG00000099771.1	0
ENSMUSG00000099772.1	0
ENSMUSG00000099773.1	0
ENSMUSG00000099774.1	0
ENSMUSG00000099775.1	0
ENSMUSG00000099776.1	0
ENSMUSG00000099777.1	0
ENSMUSG00000099778.1	0
ENSMUSG00000099779.1	0
ENSMUSG00000099780.1	0
ENSMUSG00000099781.1	0
ENSMUSG00000099782.1	0
ENSMUSG00000099783.1	0
ENSMUSG00000099784.1	0.224911
ENSMUSG00000099785.6	0
ENSMUSG00000099786.6	0
ENSMUSG00000099787.3	0
ENSMUSG00000099789.6	0
ENSMUSG00000099790.1	0
ENSMUSG00000099791.1	0
ENSMUSG00000099792.1	0
ENSMUSG00000099793.1	0
ENSMUSG00000099794.1	0
ENSMUSG00000099795.1	0
ENSMUSG00000099796.1	0
ENSMUSG00000099797.1	0
ENSMUSG00000099798.1	0
ENSMUSG00000099799.6	0
ENSMUSG00000099800.1	0
ENSMUSG00000099801.1	0
ENSMUSG00000099802.1	0
ENSMUSG00000099803.1	0
ENSMUSG00000099804.1	0
ENSMUSG00000099805.1	0
ENSMUSG00000099806.1	0
ENSMUSG00000099807.1	0
ENSMUSG00000099808.2	0
ENSMUSG00000099809.1	0
ENSMUSG00000099810.1	0
ENSMUSG00000099811.6	0
ENSMUSG00000099812.1	0
ENSMUSG00000099814.6	0
ENSMUSG00000099815.1	0
ENSMUSG00000099816.1	0
ENSMUSG00000099817.1	0
ENSMUSG00000099818.1	0
ENSMUSG00000099819.1	0
ENSMUSG00000099820.2	0
ENSMUSG00000099821.1	0
ENSMUSG00000099822.6	0
ENSMUSG00000099823.1	0
ENSMUSG00000099824.1	0
ENSMUSG00000099825.1	0
ENSMUSG00000099826.1	0
ENSMUSG00000099827.1	0
ENSMUSG00000099828.1	0
ENSMUSG00000099829.1	0
ENSMUSG00000099831.1	0
ENSMUSG00000099832.1	0
ENSMUSG00000099833.1	0
ENSMUSG00000099834.1	0
ENSMUSG00000099835.1	0.964328
ENSMUSG00000099836.1	0
ENSMUSG00000099838.1	0
ENSMUSG00000099839.1	0.048173
ENSMUSG00000099840.1	0
ENSMUSG00000099841.1	0
ENSMUSG00000099842.1	0
ENSMUSG00000099843.1	1.079244
ENSMUSG00000099845.1	0
ENSMUSG00000099846.1	0
ENSMUSG00000099847.1	0
ENSMUSG00000099848.1	0
ENSMUSG00000099849.1	0
ENSMUSG00000099850.1	0
ENSMUSG00000099851.1	0
ENSMUSG00000099852.1	0
ENSMUSG00000099853.3	0
ENSMUSG00000099854.1	0
ENSMUSG00000099855.6	0
ENSMUSG00000099856.1	0
ENSMUSG00000099858.1	0.033797
ENSMUSG00000099860.1	0
ENSMUSG00000099861.1	0
ENSMUSG00000099862.1	0
ENSMUSG00000099863.1	0
ENSMUSG00000099864.1	0
ENSMUSG00000099865.1	0
ENSMUSG00000099866.6	0
ENSMUSG00000099867.1	0
ENSMUSG00000099868.1	0
ENSMUSG00000099869.6	0
ENSMUSG00000099870.1	0
ENSMUSG00000099871.1	0
ENSMUSG00000099872.1	0
ENSMUSG00000099873.1	0
ENSMUSG00000099874.1	0.655173
ENSMUSG00000099875.1	0.09858
ENSMUSG00000099876.1	0.247815
ENSMUSG00000099877.6	0
ENSMUSG00000099878.1	0
ENSMUSG00000099879.1	0
ENSMUSG00000099880.1	0
ENSMUSG00000099881.1	10.548676
ENSMUSG00000099882.1	0
ENSMUSG00000099883.1	0
ENSMUSG00000099884.1	0
ENSMUSG00000099886.1	0
ENSMUSG00000099888.1	0
ENSMUSG00000099889.1	0
ENSMUSG00000099890.2	0
ENSMUSG00000099891.1	0
ENSMUSG00000099892.1	0
ENSMUSG00000099893.1	0
ENSMUSG00000099894.1	0
ENSMUSG00000099895.1	0
ENSMUSG00000099896.1	0
ENSMUSG00000099897.6	0
ENSMUSG00000099898.1	0
ENSMUSG00000099899.1	0
ENSMUSG00000099900.1	0
ENSMUSG00000099901.1	0
ENSMUSG00000099902.1	0
ENSMUSG00000099903.1	0
ENSMUSG00000099904.1	0
ENSMUSG00000099905.1	0
ENSMUSG00000099906.2	0
ENSMUSG00000099907.1	1.18551
ENSMUSG00000099908.1	0
ENSMUSG00000099910.1	0
ENSMUSG00000099911.1	0
ENSMUSG00000099912.1	0
ENSMUSG00000099913.1	0.039733
ENSMUSG00000099914.1	0
ENSMUSG00000099915.1	0
ENSMUSG00000099916.6	0
ENSMUSG00000099917.2	0
ENSMUSG00000099918.1	0
ENSMUSG00000099920.1	0
ENSMUSG00000099921.1	0
ENSMUSG00000099922.1	0
ENSMUSG00000099923.2	0
ENSMUSG00000099924.1	0
ENSMUSG00000099925.1	0
ENSMUSG00000099926.1	0
ENSMUSG00000099927.1	1.935071
ENSMUSG00000099928.1	0
ENSMUSG00000099929.1	0
ENSMUSG00000099930.1	0
ENSMUSG00000099931.1	0.035985
ENSMUSG00000099932.1	0
ENSMUSG00000099933.1	0
ENSMUSG00000099934.1	0
ENSMUSG00000099935.1	0
ENSMUSG00000099936.1	0
ENSMUSG00000099937.1	0
ENSMUSG00000099938.1	0
ENSMUSG00000099939.1	0
ENSMUSG00000099940.1	0
ENSMUSG00000099941.1	0
ENSMUSG00000099942.1	0
ENSMUSG00000099943.1	0
ENSMUSG00000099944.1	0
ENSMUSG00000099945.1	0
ENSMUSG00000099946.1	0
ENSMUSG00000099947.1	0
ENSMUSG00000099948.1	0
ENSMUSG00000099949.1	0
ENSMUSG00000099950.1	0.038402
ENSMUSG00000099951.1	0
ENSMUSG00000099952.1	0
ENSMUSG00000099953.1	0
ENSMUSG00000099954.1	0
ENSMUSG00000099955.1	0
ENSMUSG00000099956.1	0
ENSMUSG00000099957.4	0
ENSMUSG00000099958.1	0
ENSMUSG00000099959.1	0
ENSMUSG00000099960.1	0
ENSMUSG00000099961.1	0
ENSMUSG00000099962.1	0
ENSMUSG00000099963.6	0
ENSMUSG00000099964.6	0.994286
ENSMUSG00000099965.1	0
ENSMUSG00000099966.1	0.645863
ENSMUSG00000099967.1	0
ENSMUSG00000099968.7	0
ENSMUSG00000099969.1	0
ENSMUSG00000099970.1	0
ENSMUSG00000099971.1	0
ENSMUSG00000099972.1	0
ENSMUSG00000099973.1	0
ENSMUSG00000099974.1	0.700673
ENSMUSG00000099975.1	0
ENSMUSG00000099976.1	0
ENSMUSG00000099977.6	0
ENSMUSG00000099978.1	0
ENSMUSG00000099979.1	0
ENSMUSG00000099980.1	0.062901
ENSMUSG00000099981.1	0
ENSMUSG00000099982.1	0
ENSMUSG00000099983.1	0
ENSMUSG00000099985.1	0
ENSMUSG00000099986.1	0
ENSMUSG00000099988.7	0
ENSMUSG00000099989.1	0
ENSMUSG00000099990.6	0
ENSMUSG00000099991.1	0
ENSMUSG00000099992.1	0
ENSMUSG00000099993.1	0
ENSMUSG00000099994.1	0
ENSMUSG00000099995.1	0
ENSMUSG00000099996.1	0
ENSMUSG00000099997.1	0
ENSMUSG00000099998.1	0
ENSMUSG00000099999.1	0
ENSMUSG00000100000.6	0
ENSMUSG00000100001.1	0
ENSMUSG00000100002.2	0
ENSMUSG00000100003.1	0
ENSMUSG00000100004.1	0
ENSMUSG00000100005.7	0.01586
ENSMUSG00000100006.1	0
ENSMUSG00000100007.1	0
ENSMUSG00000100008.1	0
ENSMUSG00000100009.6	0.527741
ENSMUSG00000100010.5	0
ENSMUSG00000100011.1	0
ENSMUSG00000100012.1	0
ENSMUSG00000100013.1	0
ENSMUSG00000100014.1	0
ENSMUSG00000100015.1	0
ENSMUSG00000100016.3	0
ENSMUSG00000100017.2	1.89028
ENSMUSG00000100018.1	0
ENSMUSG00000100019.1	0
ENSMUSG00000100020.1	0
ENSMUSG00000100021.1	0
ENSMUSG00000100022.2	0
ENSMUSG00000100023.1	0
ENSMUSG00000100024.1	0
ENSMUSG00000100025.1	0.018121
ENSMUSG00000100026.1	0
ENSMUSG00000100027.1	0
ENSMUSG00000100028.1	0
ENSMUSG00000100029.1	0
ENSMUSG00000100031.1	0
ENSMUSG00000100032.1	0
ENSMUSG00000100033.1	0.015922
ENSMUSG00000100034.1	0
ENSMUSG00000100035.1	0
ENSMUSG00000100036.1	0
ENSMUSG00000100037.1	0
ENSMUSG00000100038.1	0
ENSMUSG00000100039.1	0
ENSMUSG00000100040.1	0
ENSMUSG00000100041.1	0
ENSMUSG00000100042.1	0
ENSMUSG00000100043.1	0
ENSMUSG00000100044.1	0
ENSMUSG00000100045.1	0
ENSMUSG00000100046.1	0
ENSMUSG00000100047.1	0
ENSMUSG00000100048.1	0
ENSMUSG00000100049.1	0
ENSMUSG00000100050.1	0
ENSMUSG00000100051.1	0
ENSMUSG00000100052.1	0
ENSMUSG00000100053.1	0
ENSMUSG00000100054.6	0
ENSMUSG00000100055.1	0
ENSMUSG00000100056.1	0
ENSMUSG00000100057.6	0
ENSMUSG00000100058.1	0
ENSMUSG00000100059.1	0
ENSMUSG00000100060.1	0
ENSMUSG00000100061.1	0
ENSMUSG00000100062.1	0
ENSMUSG00000100063.1	0
ENSMUSG00000100064.1	0
ENSMUSG00000100065.1	0
ENSMUSG00000100066.1	0
ENSMUSG00000100067.1	0
ENSMUSG00000100068.1	0
ENSMUSG00000100069.1	0
ENSMUSG00000100070.6	0
ENSMUSG00000100071.1	0
ENSMUSG00000100072.1	0
ENSMUSG00000100073.1	0
ENSMUSG00000100074.1	0
ENSMUSG00000100075.1	0.36416
ENSMUSG00000100076.1	0
ENSMUSG00000100077.1	0
ENSMUSG00000100078.1	0.023191
ENSMUSG00000100079.1	0
ENSMUSG00000100080.1	0
ENSMUSG00000100081.1	0.540015
ENSMUSG00000100082.1	0
ENSMUSG00000100083.6	0
ENSMUSG00000100084.2	0.617245
ENSMUSG00000100085.1	0
ENSMUSG00000100086.1	0
ENSMUSG00000100087.1	0
ENSMUSG00000100088.1	0
ENSMUSG00000100089.1	0
ENSMUSG00000100090.1	0
ENSMUSG00000100091.1	0
ENSMUSG00000100092.1	0
ENSMUSG00000100093.1	0
ENSMUSG00000100094.1	0
ENSMUSG00000100095.1	0
ENSMUSG00000100096.1	0
ENSMUSG00000100097.6	0
ENSMUSG00000100098.1	0
ENSMUSG00000100099.1	0
ENSMUSG00000100100.1	0
ENSMUSG00000100101.1	0
ENSMUSG00000100103.1	0
ENSMUSG00000100104.1	0.780505
ENSMUSG00000100105.1	0
ENSMUSG00000100106.1	0
ENSMUSG00000100107.1	0
ENSMUSG00000100108.1	0
ENSMUSG00000100109.1	0
ENSMUSG00000100110.1	0.148465
ENSMUSG00000100111.2	0.024211
ENSMUSG00000100112.1	0
ENSMUSG00000100113.1	0.297905
ENSMUSG00000100115.1	0
ENSMUSG00000100116.1	0
ENSMUSG00000100117.1	0
ENSMUSG00000100118.1	0
ENSMUSG00000100119.1	0
ENSMUSG00000100120.1	0
ENSMUSG00000100121.1	0
ENSMUSG00000100122.1	0
ENSMUSG00000100123.1	0
ENSMUSG00000100124.1	0
ENSMUSG00000100125.1	0
ENSMUSG00000100126.1	0
ENSMUSG00000100127.6	0
ENSMUSG00000100128.1	0
ENSMUSG00000100129.1	0
ENSMUSG00000100130.1	0
ENSMUSG00000100131.1	1.261738
ENSMUSG00000100132.1	0
ENSMUSG00000100133.1	0
ENSMUSG00000100134.1	0
ENSMUSG00000100135.1	0
ENSMUSG00000100136.1	0
ENSMUSG00000100137.1	0
ENSMUSG00000100138.1	0
ENSMUSG00000100140.1	0
ENSMUSG00000100141.1	0
ENSMUSG00000100142.1	0
ENSMUSG00000100144.6	0
ENSMUSG00000100145.1	0
ENSMUSG00000100146.1	0
ENSMUSG00000100147.2	2.439765
ENSMUSG00000100148.1	0
ENSMUSG00000100149.1	0
ENSMUSG00000100150.2	0.066218
ENSMUSG00000100151.1	0
ENSMUSG00000100152.1	0
ENSMUSG00000100153.2	0.469999
ENSMUSG00000100154.1	0
ENSMUSG00000100155.1	0.272854
ENSMUSG00000100156.1	0
ENSMUSG00000100157.6	0.168714
ENSMUSG00000100158.1	0
ENSMUSG00000100159.1	0
ENSMUSG00000100160.1	0
ENSMUSG00000100161.1	0
ENSMUSG00000100162.2	3.012361
ENSMUSG00000100164.1	14.636592
ENSMUSG00000100165.1	0
ENSMUSG00000100166.1	0
ENSMUSG00000100167.6	0
ENSMUSG00000100168.2	0
ENSMUSG00000100169.1	0
ENSMUSG00000100170.1	0
ENSMUSG00000100171.1	0
ENSMUSG00000100172.1	0
ENSMUSG00000100174.1	0
ENSMUSG00000100175.6	0
ENSMUSG00000100176.1	0
ENSMUSG00000100177.1	0
ENSMUSG00000100178.1	0
ENSMUSG00000100179.1	0
ENSMUSG00000100180.1	0
ENSMUSG00000100182.6	0.242247
ENSMUSG00000100183.1	0
ENSMUSG00000100184.1	0
ENSMUSG00000100185.1	0
ENSMUSG00000100186.1	0
ENSMUSG00000100187.1	0
ENSMUSG00000100188.1	0
ENSMUSG00000100189.1	0
ENSMUSG00000100190.1	0
ENSMUSG00000100191.1	0
ENSMUSG00000100192.1	0
ENSMUSG00000100193.1	0
ENSMUSG00000100194.1	0
ENSMUSG00000100195.1	0
ENSMUSG00000100196.1	0
ENSMUSG00000100197.1	0
ENSMUSG00000100198.1	0
ENSMUSG00000100199.1	0.148837
ENSMUSG00000100200.1	0
ENSMUSG00000100201.1	0
ENSMUSG00000100202.1	0
ENSMUSG00000100203.1	0
ENSMUSG00000100204.1	0
ENSMUSG00000100205.1	0
ENSMUSG00000100206.1	0
ENSMUSG00000100207.1	0
ENSMUSG00000100209.1	0
ENSMUSG00000100210.2	0
ENSMUSG00000100211.1	0.179453
ENSMUSG00000100212.1	0
ENSMUSG00000100213.1	1.230363
ENSMUSG00000100215.1	0
ENSMUSG00000100216.1	0
ENSMUSG00000100217.1	0
ENSMUSG00000100218.1	0
ENSMUSG00000100219.1	0
ENSMUSG00000100220.1	0
ENSMUSG00000100221.6	0
ENSMUSG00000100222.1	0
ENSMUSG00000100223.1	0
ENSMUSG00000100225.1	0
ENSMUSG00000100226.1	0
ENSMUSG00000100227.6	0
ENSMUSG00000100228.1	0.308164
ENSMUSG00000100229.1	0
ENSMUSG00000100230.1	0
ENSMUSG00000100231.1	0
ENSMUSG00000100232.6	0
ENSMUSG00000100233.1	0
ENSMUSG00000100234.1	0
ENSMUSG00000100235.8	0.439133
ENSMUSG00000100236.1	0
ENSMUSG00000100237.1	0
ENSMUSG00000100238.1	0
ENSMUSG00000100239.1	0
ENSMUSG00000100240.1	0
ENSMUSG00000100241.1	6.327397
ENSMUSG00000100242.1	0
ENSMUSG00000100243.1	0
ENSMUSG00000100244.1	0
ENSMUSG00000100245.1	0
ENSMUSG00000100246.1	0
ENSMUSG00000100247.1	0
ENSMUSG00000100248.6	0
ENSMUSG00000100249.1	0
ENSMUSG00000100250.1	0
ENSMUSG00000100251.1	0
ENSMUSG00000100252.6	9.050852
ENSMUSG00000100253.1	0.07557
ENSMUSG00000100254.1	0
ENSMUSG00000100255.1	0
ENSMUSG00000100256.1	0
ENSMUSG00000100257.1	0
ENSMUSG00000100258.1	0
ENSMUSG00000100260.1	0
ENSMUSG00000100261.1	0.02875
ENSMUSG00000100262.1	0
ENSMUSG00000100263.1	0
ENSMUSG00000100264.1	0
ENSMUSG00000100265.1	0
ENSMUSG00000100266.2	0
ENSMUSG00000100267.1	0
ENSMUSG00000100268.1	0
ENSMUSG00000100269.1	0
ENSMUSG00000100270.1	0
ENSMUSG00000100271.1	0
ENSMUSG00000100272.1	0
ENSMUSG00000100273.1	0
ENSMUSG00000100274.1	0
ENSMUSG00000100275.1	0
ENSMUSG00000100276.1	0
ENSMUSG00000100277.8	0
ENSMUSG00000100278.1	0
ENSMUSG00000100279.1	0
ENSMUSG00000100280.2	0.391633
ENSMUSG00000100281.1	0
ENSMUSG00000100282.1	0
ENSMUSG00000100283.1	0
ENSMUSG00000100284.1	0
ENSMUSG00000100285.1	0
ENSMUSG00000100286.1	0
ENSMUSG00000100287.1	0
ENSMUSG00000100288.1	0
ENSMUSG00000100289.1	0
ENSMUSG00000100290.1	0
ENSMUSG00000100291.6	0
ENSMUSG00000100292.1	0
ENSMUSG00000100294.6	0
ENSMUSG00000100295.1	0
ENSMUSG00000100296.2	0
ENSMUSG00000100297.1	0
ENSMUSG00000100298.1	0
ENSMUSG00000100299.1	0
ENSMUSG00000100300.1	0
ENSMUSG00000100301.6	0.102299
ENSMUSG00000100302.1	0
ENSMUSG00000100303.3	0.234848
ENSMUSG00000100304.1	0
ENSMUSG00000100305.1	0
ENSMUSG00000100306.1	0
ENSMUSG00000100307.1	0
ENSMUSG00000100308.1	0
ENSMUSG00000100309.1	0.168344
ENSMUSG00000100310.1	0
ENSMUSG00000100311.6	0
ENSMUSG00000100312.1	0
ENSMUSG00000100313.1	0
ENSMUSG00000100314.6	0
ENSMUSG00000100315.6	0
ENSMUSG00000100316.1	0
ENSMUSG00000100317.1	0
ENSMUSG00000100318.2	0
ENSMUSG00000100319.1	0.040011
ENSMUSG00000100320.1	0.426026
ENSMUSG00000100321.1	0
ENSMUSG00000100322.6	0
ENSMUSG00000100324.1	0
ENSMUSG00000100325.1	0
ENSMUSG00000100326.1	0
ENSMUSG00000100328.6	0
ENSMUSG00000100329.1	0
ENSMUSG00000100330.1	0
ENSMUSG00000100331.1	0
ENSMUSG00000100332.1	0
ENSMUSG00000100333.1	0
ENSMUSG00000100334.1	0
ENSMUSG00000100335.2	0
ENSMUSG00000100336.1	0
ENSMUSG00000100337.1	0
ENSMUSG00000100338.2	0
ENSMUSG00000100339.1	0
ENSMUSG00000100340.1	0
ENSMUSG00000100341.1	0
ENSMUSG00000100343.1	0
ENSMUSG00000100344.1	0
ENSMUSG00000100345.1	0
ENSMUSG00000100346.2	0
ENSMUSG00000100347.1	0.029998
ENSMUSG00000100349.1	0
ENSMUSG00000100350.1	0
ENSMUSG00000100351.1	0
ENSMUSG00000100352.1	0
ENSMUSG00000100353.1	0
ENSMUSG00000100354.1	0
ENSMUSG00000100355.1	0
ENSMUSG00000100356.1	0
ENSMUSG00000100357.1	0
ENSMUSG00000100358.1	0
ENSMUSG00000100359.1	0
ENSMUSG00000100360.1	0
ENSMUSG00000100361.1	0
ENSMUSG00000100362.1	0
ENSMUSG00000100363.1	0
ENSMUSG00000100364.1	0
ENSMUSG00000100365.1	0
ENSMUSG00000100366.1	0
ENSMUSG00000100367.1	0
ENSMUSG00000100368.1	0
ENSMUSG00000100369.1	0
ENSMUSG00000100372.1	0
ENSMUSG00000100373.6	0
ENSMUSG00000100374.1	0
ENSMUSG00000100375.1	0
ENSMUSG00000100376.1	0
ENSMUSG00000100377.1	0
ENSMUSG00000100378.1	0
ENSMUSG00000100379.6	0
ENSMUSG00000100380.1	0
ENSMUSG00000100381.1	0
ENSMUSG00000100382.1	0
ENSMUSG00000100383.1	0
ENSMUSG00000100384.1	0
ENSMUSG00000100385.1	0
ENSMUSG00000100386.1	0
ENSMUSG00000100387.1	0
ENSMUSG00000100388.1	0
ENSMUSG00000100389.1	0
ENSMUSG00000100390.1	0
ENSMUSG00000100391.1	0
ENSMUSG00000100392.1	0
ENSMUSG00000100393.1	0.084864
ENSMUSG00000100394.1	0
ENSMUSG00000100395.1	0
ENSMUSG00000100396.1	1.461526
ENSMUSG00000100397.1	0
ENSMUSG00000100398.1	0
ENSMUSG00000100399.6	0
ENSMUSG00000100400.1	0
ENSMUSG00000100401.6	0
ENSMUSG00000100402.1	0
ENSMUSG00000100403.1	0
ENSMUSG00000100404.1	0
ENSMUSG00000100405.1	0
ENSMUSG00000100406.1	0
ENSMUSG00000100407.1	0
ENSMUSG00000100408.1	0
ENSMUSG00000100410.1	0
ENSMUSG00000100411.1	0
ENSMUSG00000100412.1	0
ENSMUSG00000100413.1	0
ENSMUSG00000100415.6	0
ENSMUSG00000100416.1	0
ENSMUSG00000100417.2	5.032377
ENSMUSG00000100418.1	0
ENSMUSG00000100420.1	0
ENSMUSG00000100421.1	0
ENSMUSG00000100422.1	0
ENSMUSG00000100423.1	0
ENSMUSG00000100424.1	0
ENSMUSG00000100425.1	0
ENSMUSG00000100426.1	0.161426
ENSMUSG00000100428.1	0
ENSMUSG00000100429.1	0
ENSMUSG00000100430.2	0
ENSMUSG00000100431.2	0
ENSMUSG00000100432.1	0
ENSMUSG00000100433.1	0
ENSMUSG00000100434.1	0
ENSMUSG00000100436.1	0
ENSMUSG00000100437.1	0
ENSMUSG00000100438.1	0
ENSMUSG00000100439.1	0
ENSMUSG00000100440.1	0
ENSMUSG00000100441.1	0.120848
ENSMUSG00000100442.1	0
ENSMUSG00000100443.1	0
ENSMUSG00000100444.1	0
ENSMUSG00000100445.1	0
ENSMUSG00000100446.1	0
ENSMUSG00000100447.1	0
ENSMUSG00000100448.1	0
ENSMUSG00000100449.1	0
ENSMUSG00000100450.1	0
ENSMUSG00000100451.1	0
ENSMUSG00000100452.1	0
ENSMUSG00000100453.1	0
ENSMUSG00000100454.1	0.263912
ENSMUSG00000100455.1	0.690594
ENSMUSG00000100456.1	0
ENSMUSG00000100457.6	0
ENSMUSG00000100458.2	0
ENSMUSG00000100459.6	0
ENSMUSG00000100460.1	0
ENSMUSG00000100461.1	0
ENSMUSG00000100462.1	0
ENSMUSG00000100463.1	0
ENSMUSG00000100464.1	0
ENSMUSG00000100465.1	0
ENSMUSG00000100466.1	0
ENSMUSG00000100467.1	0
ENSMUSG00000100468.1	0
ENSMUSG00000100469.1	0
ENSMUSG00000100470.1	0
ENSMUSG00000100471.1	0
ENSMUSG00000100472.1	0
ENSMUSG00000100473.1	0
ENSMUSG00000100474.1	0
ENSMUSG00000100475.1	1.595454
ENSMUSG00000100476.1	0
ENSMUSG00000100477.1	0
ENSMUSG00000100478.1	0
ENSMUSG00000100479.1	0
ENSMUSG00000100480.1	0.780113
ENSMUSG00000100481.1	0
ENSMUSG00000100483.1	0
ENSMUSG00000100484.1	0
ENSMUSG00000100485.1	0
ENSMUSG00000100486.7	0
ENSMUSG00000100487.1	0
ENSMUSG00000100488.1	0
ENSMUSG00000100489.1	0
ENSMUSG00000100490.1	0.131542
ENSMUSG00000100491.1	0
ENSMUSG00000100492.1	0
ENSMUSG00000100494.1	0
ENSMUSG00000100495.1	0
ENSMUSG00000100496.1	0
ENSMUSG00000100497.1	0
ENSMUSG00000100499.6	0
ENSMUSG00000100500.1	0
ENSMUSG00000100501.1	0
ENSMUSG00000100502.1	0
ENSMUSG00000100503.1	0
ENSMUSG00000100504.1	0
ENSMUSG00000100505.1	0
ENSMUSG00000100506.1	0
ENSMUSG00000100507.1	0
ENSMUSG00000100508.6	0
ENSMUSG00000100509.1	0
ENSMUSG00000100510.7	0
ENSMUSG00000100511.1	0
ENSMUSG00000100512.1	0
ENSMUSG00000100513.1	0
ENSMUSG00000100514.1	0
ENSMUSG00000100515.6	0.264497
ENSMUSG00000100516.1	0
ENSMUSG00000100517.1	0
ENSMUSG00000100518.1	0
ENSMUSG00000100519.1	0
ENSMUSG00000100520.1	0
ENSMUSG00000100521.1	0
ENSMUSG00000100522.1	0
ENSMUSG00000100523.1	0
ENSMUSG00000100524.1	0
ENSMUSG00000100525.1	0
ENSMUSG00000100526.1	0
ENSMUSG00000100527.1	0
ENSMUSG00000100528.1	0
ENSMUSG00000100529.1	0
ENSMUSG00000100530.1	0
ENSMUSG00000100531.1	0
ENSMUSG00000100532.1	0
ENSMUSG00000100533.6	0
ENSMUSG00000100534.1	0.024586
ENSMUSG00000100535.1	0
ENSMUSG00000100537.1	0
ENSMUSG00000100538.1	0
ENSMUSG00000100539.1	0
ENSMUSG00000100540.1	0
ENSMUSG00000100541.1	0
ENSMUSG00000100542.1	0
ENSMUSG00000100543.1	0
ENSMUSG00000100544.1	0
ENSMUSG00000100546.1	0.031088
ENSMUSG00000100547.1	0
ENSMUSG00000100548.1	0
ENSMUSG00000100549.1	0
ENSMUSG00000100550.2	0
ENSMUSG00000100551.1	0
ENSMUSG00000100552.1	0.144558
ENSMUSG00000100553.6	0.29447
ENSMUSG00000100554.1	0
ENSMUSG00000100555.1	0
ENSMUSG00000100556.1	0
ENSMUSG00000100557.1	0
ENSMUSG00000100558.1	0
ENSMUSG00000100559.1	0
ENSMUSG00000100560.1	0
ENSMUSG00000100561.1	0
ENSMUSG00000100562.1	0
ENSMUSG00000100563.1	0
ENSMUSG00000100564.1	0
ENSMUSG00000100565.6	0
ENSMUSG00000100566.1	0
ENSMUSG00000100567.1	0
ENSMUSG00000100568.1	0
ENSMUSG00000100569.1	0
ENSMUSG00000100570.6	0
ENSMUSG00000100571.1	0
ENSMUSG00000100572.1	0
ENSMUSG00000100573.1	0
ENSMUSG00000100574.1	0
ENSMUSG00000100575.1	0
ENSMUSG00000100576.1	0
ENSMUSG00000100577.1	0
ENSMUSG00000100578.1	0
ENSMUSG00000100579.6	0
ENSMUSG00000100580.6	0
ENSMUSG00000100581.1	0
ENSMUSG00000100582.1	0
ENSMUSG00000100583.6	0
ENSMUSG00000100584.6	0
ENSMUSG00000100585.1	0
ENSMUSG00000100586.2	0.004886
ENSMUSG00000100587.1	0
ENSMUSG00000100588.1	0
ENSMUSG00000100589.1	0
ENSMUSG00000100590.1	0
ENSMUSG00000100591.1	0
ENSMUSG00000100592.1	0
ENSMUSG00000100593.1	0.06808
ENSMUSG00000100594.1	3.094448
ENSMUSG00000100595.1	0
ENSMUSG00000100596.1	0.047194
ENSMUSG00000100597.1	0
ENSMUSG00000100598.1	0
ENSMUSG00000100599.2	0.684243
ENSMUSG00000100600.6	1.366274
ENSMUSG00000100602.1	0
ENSMUSG00000100603.6	0
ENSMUSG00000100604.1	0
ENSMUSG00000100605.1	0
ENSMUSG00000100606.1	0
ENSMUSG00000100607.1	0
ENSMUSG00000100608.1	0
ENSMUSG00000100609.6	0
ENSMUSG00000100610.1	0
ENSMUSG00000100611.1	0
ENSMUSG00000100613.1	0
ENSMUSG00000100614.1	0
ENSMUSG00000100615.1	0
ENSMUSG00000100616.1	0
ENSMUSG00000100617.1	0
ENSMUSG00000100619.1	0
ENSMUSG00000100620.1	0
ENSMUSG00000100621.2	0.343324
ENSMUSG00000100622.1	0.027275
ENSMUSG00000100623.1	0
ENSMUSG00000100624.1	0
ENSMUSG00000100625.7	0
ENSMUSG00000100626.1	0
ENSMUSG00000100627.6	0.240036
ENSMUSG00000100628.1	0
ENSMUSG00000100629.1	0
ENSMUSG00000100630.1	0
ENSMUSG00000100632.1	0.09264
ENSMUSG00000100634.1	0
ENSMUSG00000100635.1	0
ENSMUSG00000100636.1	0.057489
ENSMUSG00000100637.1	0
ENSMUSG00000100639.1	0
ENSMUSG00000100640.1	0
ENSMUSG00000100641.1	0
ENSMUSG00000100642.1	0.158521
ENSMUSG00000100643.1	0
ENSMUSG00000100644.1	0
ENSMUSG00000100645.1	0
ENSMUSG00000100646.1	0
ENSMUSG00000100647.6	0
ENSMUSG00000100648.1	0.047139
ENSMUSG00000100649.1	0
ENSMUSG00000100650.1	0
ENSMUSG00000100651.1	0
ENSMUSG00000100652.1	0
ENSMUSG00000100653.1	0
ENSMUSG00000100654.1	0
ENSMUSG00000100655.1	0
ENSMUSG00000100656.1	0
ENSMUSG00000100657.1	0
ENSMUSG00000100658.1	0
ENSMUSG00000100659.1	0
ENSMUSG00000100660.1	0
ENSMUSG00000100661.1	0
ENSMUSG00000100662.1	0
ENSMUSG00000100663.1	0
ENSMUSG00000100664.1	0
ENSMUSG00000100665.1	0
ENSMUSG00000100666.1	0
ENSMUSG00000100667.1	0
ENSMUSG00000100668.1	0
ENSMUSG00000100669.1	0
ENSMUSG00000100670.1	0
ENSMUSG00000100671.1	0
ENSMUSG00000100672.1	0
ENSMUSG00000100673.1	0
ENSMUSG00000100674.1	0
ENSMUSG00000100675.1	0
ENSMUSG00000100676.1	0
ENSMUSG00000100677.1	0
ENSMUSG00000100678.1	0
ENSMUSG00000100679.1	0
ENSMUSG00000100680.1	2.166335
ENSMUSG00000100681.1	0
ENSMUSG00000100682.1	0
ENSMUSG00000100683.1	0
ENSMUSG00000100684.1	0
ENSMUSG00000100685.1	0
ENSMUSG00000100687.1	0
ENSMUSG00000100689.1	0
ENSMUSG00000100690.1	10.315729
ENSMUSG00000100691.1	15.452592
ENSMUSG00000100692.1	0
ENSMUSG00000100693.1	0
ENSMUSG00000100694.1	0
ENSMUSG00000100695.1	0
ENSMUSG00000100696.1	0
ENSMUSG00000100697.1	0
ENSMUSG00000100698.1	0
ENSMUSG00000100699.1	0
ENSMUSG00000100700.1	0
ENSMUSG00000100701.1	0.455866
ENSMUSG00000100702.1	0
ENSMUSG00000100703.6	0
ENSMUSG00000100704.1	0
ENSMUSG00000100705.1	0
ENSMUSG00000100706.6	0.03216
ENSMUSG00000100707.1	0.277955
ENSMUSG00000100708.1	0
ENSMUSG00000100709.6	0
ENSMUSG00000100710.1	0
ENSMUSG00000100711.1	0
ENSMUSG00000100712.1	0
ENSMUSG00000100713.1	0
ENSMUSG00000100714.6	0.094443
ENSMUSG00000100715.6	0
ENSMUSG00000100716.6	0
ENSMUSG00000100717.6	0
ENSMUSG00000100718.1	0
ENSMUSG00000100719.1	0
ENSMUSG00000100720.1	0
ENSMUSG00000100721.1	0
ENSMUSG00000100722.1	0
ENSMUSG00000100723.1	0
ENSMUSG00000100724.1	0
ENSMUSG00000100726.1	0
ENSMUSG00000100727.6	0
ENSMUSG00000100728.1	0
ENSMUSG00000100730.1	0
ENSMUSG00000100731.1	0
ENSMUSG00000100732.1	0
ENSMUSG00000100733.2	0.037619
ENSMUSG00000100734.1	0
ENSMUSG00000100736.1	0
ENSMUSG00000100737.1	0
ENSMUSG00000100738.1	0
ENSMUSG00000100739.6	0
ENSMUSG00000100740.1	0
ENSMUSG00000100741.1	0
ENSMUSG00000100742.1	0
ENSMUSG00000100743.1	0
ENSMUSG00000100744.1	0
ENSMUSG00000100745.1	0
ENSMUSG00000100746.1	0
ENSMUSG00000100747.4	0.335621
ENSMUSG00000100749.1	0
ENSMUSG00000100750.1	0
ENSMUSG00000100751.1	0
ENSMUSG00000100752.1	0
ENSMUSG00000100753.1	0
ENSMUSG00000100754.1	0
ENSMUSG00000100755.1	4.659159
ENSMUSG00000100756.1	0
ENSMUSG00000100757.1	0
ENSMUSG00000100758.1	0
ENSMUSG00000100759.6	0
ENSMUSG00000100760.1	0.655746
ENSMUSG00000100761.1	0
ENSMUSG00000100762.1	0
ENSMUSG00000100763.1	0
ENSMUSG00000100764.1	0.505241
ENSMUSG00000100765.1	0
ENSMUSG00000100767.1	0
ENSMUSG00000100768.1	0
ENSMUSG00000100769.1	0
ENSMUSG00000100770.1	0
ENSMUSG00000100771.1	0
ENSMUSG00000100772.1	0
ENSMUSG00000100773.1	0
ENSMUSG00000100774.1	1.010896
ENSMUSG00000100775.1	0.315211
ENSMUSG00000100776.1	0
ENSMUSG00000100777.1	0
ENSMUSG00000100778.1	0
ENSMUSG00000100779.1	0.142636
ENSMUSG00000100780.1	0
ENSMUSG00000100781.1	0
ENSMUSG00000100782.1	0
ENSMUSG00000100783.1	0.570208
ENSMUSG00000100784.1	0
ENSMUSG00000100785.1	0
ENSMUSG00000100786.1	0
ENSMUSG00000100787.6	0
ENSMUSG00000100788.1	0
ENSMUSG00000100789.6	1.99634
ENSMUSG00000100790.6	0
ENSMUSG00000100791.1	0
ENSMUSG00000100792.1	0
ENSMUSG00000100794.1	0
ENSMUSG00000100795.2	0
ENSMUSG00000100796.1	0
ENSMUSG00000100797.1	0
ENSMUSG00000100798.1	0.011454
ENSMUSG00000100799.2	0
ENSMUSG00000100800.1	0
ENSMUSG00000100801.1	229.967082
ENSMUSG00000100802.1	0
ENSMUSG00000100803.1	0
ENSMUSG00000100804.1	0
ENSMUSG00000100805.1	0
ENSMUSG00000100806.1	0
ENSMUSG00000100807.2	0.94205
ENSMUSG00000100808.1	0
ENSMUSG00000100809.1	0
ENSMUSG00000100810.1	0
ENSMUSG00000100811.1	0
ENSMUSG00000100812.1	1.258842
ENSMUSG00000100813.1	0
ENSMUSG00000100814.1	0
ENSMUSG00000100815.1	0
ENSMUSG00000100816.1	0
ENSMUSG00000100817.1	0
ENSMUSG00000100818.1	0
ENSMUSG00000100819.1	0
ENSMUSG00000100820.1	0
ENSMUSG00000100821.1	0
ENSMUSG00000100822.1	0
ENSMUSG00000100823.1	0
ENSMUSG00000100825.1	0
ENSMUSG00000100826.6	3.511577
ENSMUSG00000100827.1	0
ENSMUSG00000100830.1	0
ENSMUSG00000100831.1	0
ENSMUSG00000100832.1	0
ENSMUSG00000100833.1	0
ENSMUSG00000100834.1	0
ENSMUSG00000100835.1	0
ENSMUSG00000100836.1	0
ENSMUSG00000100837.7	1.218425
ENSMUSG00000100838.1	0
ENSMUSG00000100839.1	0.041772
ENSMUSG00000100841.1	0
ENSMUSG00000100842.1	0
ENSMUSG00000100843.1	0
ENSMUSG00000100844.1	0
ENSMUSG00000100845.1	0
ENSMUSG00000100846.1	0.547902
ENSMUSG00000100847.1	0
ENSMUSG00000100848.1	0
ENSMUSG00000100849.1	0
ENSMUSG00000100850.1	0.066453
ENSMUSG00000100852.1	0
ENSMUSG00000100853.1	0
ENSMUSG00000100854.1	0
ENSMUSG00000100856.1	0
ENSMUSG00000100857.2	0
ENSMUSG00000100858.1	0
ENSMUSG00000100859.6	0
ENSMUSG00000100860.1	0
ENSMUSG00000100861.1	0
ENSMUSG00000100862.1	1056.389524
ENSMUSG00000100863.1	0.487088
ENSMUSG00000100864.1	0
ENSMUSG00000100865.2	0.523313
ENSMUSG00000100866.1	0
ENSMUSG00000100867.1	0
ENSMUSG00000100868.1	0
ENSMUSG00000100869.1	0
ENSMUSG00000100870.1	0
ENSMUSG00000100871.1	0
ENSMUSG00000100872.2	0
ENSMUSG00000100873.1	0
ENSMUSG00000100874.1	0
ENSMUSG00000100875.6	0
ENSMUSG00000100876.1	0.094301
ENSMUSG00000100877.1	0
ENSMUSG00000100878.1	0
ENSMUSG00000100879.1	0
ENSMUSG00000100880.2	0
ENSMUSG00000100881.1	0
ENSMUSG00000100882.1	0
ENSMUSG00000100883.1	0
ENSMUSG00000100884.1	0
ENSMUSG00000100885.1	0
ENSMUSG00000100886.1	0
ENSMUSG00000100887.1	0
ENSMUSG00000100888.1	0
ENSMUSG00000100889.1	0
ENSMUSG00000100890.1	0
ENSMUSG00000100891.1	0.30282
ENSMUSG00000100892.1	0
ENSMUSG00000100893.1	0
ENSMUSG00000100894.1	0
ENSMUSG00000100895.1	0
ENSMUSG00000100896.1	0
ENSMUSG00000100897.1	0
ENSMUSG00000100898.6	0
ENSMUSG00000100899.2	0
ENSMUSG00000100900.6	0
ENSMUSG00000100901.1	0
ENSMUSG00000100902.1	0
ENSMUSG00000100903.1	0
ENSMUSG00000100904.1	0
ENSMUSG00000100905.1	0
ENSMUSG00000100906.1	0
ENSMUSG00000100907.1	0
ENSMUSG00000100908.1	0
ENSMUSG00000100910.1	0
ENSMUSG00000100911.2	0
ENSMUSG00000100912.1	0
ENSMUSG00000100913.1	0
ENSMUSG00000100914.1	0
ENSMUSG00000100915.6	0
ENSMUSG00000100916.3	0.16766
ENSMUSG00000100917.1	0
ENSMUSG00000100918.1	0
ENSMUSG00000100919.1	0
ENSMUSG00000100920.1	0
ENSMUSG00000100922.1	0.284456
ENSMUSG00000100923.2	0
ENSMUSG00000100925.1	0
ENSMUSG00000100926.1	0
ENSMUSG00000100927.1	0.049145
ENSMUSG00000100928.6	0
ENSMUSG00000100929.1	0.287885
ENSMUSG00000100930.1	0
ENSMUSG00000100931.1	0
ENSMUSG00000100932.1	0
ENSMUSG00000100933.1	0
ENSMUSG00000100935.1	0
ENSMUSG00000100936.1	0
ENSMUSG00000100937.1	0.066375
ENSMUSG00000100938.1	0
ENSMUSG00000100939.1	0
ENSMUSG00000100940.1	0
ENSMUSG00000100941.1	0
ENSMUSG00000100942.1	0
ENSMUSG00000100943.1	0
ENSMUSG00000100944.1	0
ENSMUSG00000100945.1	0
ENSMUSG00000100946.1	0
ENSMUSG00000100947.1	0
ENSMUSG00000100948.1	0
ENSMUSG00000100949.1	0
ENSMUSG00000100950.1	0
ENSMUSG00000100951.1	0
ENSMUSG00000100952.1	0
ENSMUSG00000100953.6	0
ENSMUSG00000100954.4	0.977726
ENSMUSG00000100955.1	0
ENSMUSG00000100956.1	0
ENSMUSG00000100957.6	0
ENSMUSG00000100958.1	0
ENSMUSG00000100959.1	0
ENSMUSG00000100960.1	0
ENSMUSG00000100961.1	0
ENSMUSG00000100962.3	0
ENSMUSG00000100963.1	0
ENSMUSG00000100964.1	0
ENSMUSG00000100965.1	0
ENSMUSG00000100966.1	0
ENSMUSG00000100967.1	0.139005
ENSMUSG00000100968.1	0.088318
ENSMUSG00000100969.7	0
ENSMUSG00000100970.1	0
ENSMUSG00000100971.1	0
ENSMUSG00000100972.1	0
ENSMUSG00000100973.1	0
ENSMUSG00000100974.1	0
ENSMUSG00000100975.2	0.608949
ENSMUSG00000100976.1	0
ENSMUSG00000100977.1	0
ENSMUSG00000100978.1	0
ENSMUSG00000100979.1	0
ENSMUSG00000100980.1	0.397132
ENSMUSG00000100981.1	0
ENSMUSG00000100982.1	0
ENSMUSG00000100983.1	0
ENSMUSG00000100984.1	0
ENSMUSG00000100985.1	0.146349
ENSMUSG00000100986.1	0
ENSMUSG00000100987.1	0.046481
ENSMUSG00000100988.6	0
ENSMUSG00000100989.1	0
ENSMUSG00000100990.1	0
ENSMUSG00000100991.1	0
ENSMUSG00000100992.1	0
ENSMUSG00000100993.1	0
ENSMUSG00000100994.1	0
ENSMUSG00000100995.1	0
ENSMUSG00000100996.1	0
ENSMUSG00000100998.1	0
ENSMUSG00000100999.1	0
ENSMUSG00000101000.1	0
ENSMUSG00000101001.1	0
ENSMUSG00000101002.1	0
ENSMUSG00000101003.6	0
ENSMUSG00000101004.1	0
ENSMUSG00000101005.1	0
ENSMUSG00000101006.1	0
ENSMUSG00000101007.1	0
ENSMUSG00000101008.1	0
ENSMUSG00000101009.6	0
ENSMUSG00000101010.1	0
ENSMUSG00000101011.6	0
ENSMUSG00000101012.6	0
ENSMUSG00000101013.1	1.18861
ENSMUSG00000101014.1	0
ENSMUSG00000101015.1	0
ENSMUSG00000101016.1	0
ENSMUSG00000101017.1	0
ENSMUSG00000101018.1	0
ENSMUSG00000101019.1	0
ENSMUSG00000101020.1	0
ENSMUSG00000101021.1	0
ENSMUSG00000101022.1	0
ENSMUSG00000101023.1	0
ENSMUSG00000101024.1	0
ENSMUSG00000101025.1	0
ENSMUSG00000101026.1	0
ENSMUSG00000101027.1	0
ENSMUSG00000101028.1	0
ENSMUSG00000101029.1	0
ENSMUSG00000101030.1	0
ENSMUSG00000101031.2	0
ENSMUSG00000101032.6	0
ENSMUSG00000101033.1	0
ENSMUSG00000101035.1	0
ENSMUSG00000101036.1	0
ENSMUSG00000101037.1	1.079292
ENSMUSG00000101038.1	0
ENSMUSG00000101039.1	0
ENSMUSG00000101040.6	0
ENSMUSG00000101041.1	0
ENSMUSG00000101042.1	0
ENSMUSG00000101043.1	0
ENSMUSG00000101044.1	0
ENSMUSG00000101045.1	0
ENSMUSG00000101046.1	0
ENSMUSG00000101049.1	0
ENSMUSG00000101050.1	0
ENSMUSG00000101051.6	0
ENSMUSG00000101052.1	0
ENSMUSG00000101053.1	0
ENSMUSG00000101054.1	0.284533
ENSMUSG00000101055.1	0
ENSMUSG00000101056.1	0
ENSMUSG00000101057.1	0
ENSMUSG00000101058.1	0
ENSMUSG00000101059.1	0.495408
ENSMUSG00000101060.1	0
ENSMUSG00000101061.1	0
ENSMUSG00000101062.1	0
ENSMUSG00000101063.1	0
ENSMUSG00000101064.1	0
ENSMUSG00000101065.1	0
ENSMUSG00000101066.1	0
ENSMUSG00000101067.1	0
ENSMUSG00000101068.1	0
ENSMUSG00000101069.1	0
ENSMUSG00000101070.1	0
ENSMUSG00000101071.1	0
ENSMUSG00000101072.1	0
ENSMUSG00000101073.2	0.031887
ENSMUSG00000101074.1	0
ENSMUSG00000101075.1	0
ENSMUSG00000101076.2	0
ENSMUSG00000101077.1	0
ENSMUSG00000101078.3	0
ENSMUSG00000101079.1	0
ENSMUSG00000101080.1	0
ENSMUSG00000101081.1	0
ENSMUSG00000101082.1	0
ENSMUSG00000101083.1	0
ENSMUSG00000101084.1	0
ENSMUSG00000101085.1	0
ENSMUSG00000101086.2	0
ENSMUSG00000101087.1	0
ENSMUSG00000101088.6	0
ENSMUSG00000101089.1	0
ENSMUSG00000101090.6	0
ENSMUSG00000101091.1	0
ENSMUSG00000101092.1	0
ENSMUSG00000101093.1	0
ENSMUSG00000101094.1	0
ENSMUSG00000101095.1	0
ENSMUSG00000101096.1	0
ENSMUSG00000101097.1	0
ENSMUSG00000101098.1	0
ENSMUSG00000101099.6	0
ENSMUSG00000101100.6	0
ENSMUSG00000101101.1	0
ENSMUSG00000101102.1	0
ENSMUSG00000101103.1	0
ENSMUSG00000101104.6	0
ENSMUSG00000101105.1	0
ENSMUSG00000101106.6	0
ENSMUSG00000101107.1	0
ENSMUSG00000101108.1	0
ENSMUSG00000101109.6	0
ENSMUSG00000101110.1	0
ENSMUSG00000101111.1	21244.045835
ENSMUSG00000101112.1	0
ENSMUSG00000101113.1	0
ENSMUSG00000101114.1	0
ENSMUSG00000101115.1	0
ENSMUSG00000101116.1	0
ENSMUSG00000101117.1	0
ENSMUSG00000101118.1	0
ENSMUSG00000101119.1	0
ENSMUSG00000101120.1	0
ENSMUSG00000101122.1	0
ENSMUSG00000101123.1	0
ENSMUSG00000101124.1	0
ENSMUSG00000101125.1	0
ENSMUSG00000101126.1	0
ENSMUSG00000101127.1	0
ENSMUSG00000101128.1	0
ENSMUSG00000101129.1	0
ENSMUSG00000101130.1	0
ENSMUSG00000101131.1	0
ENSMUSG00000101132.2	0
ENSMUSG00000101133.1	0
ENSMUSG00000101134.1	0
ENSMUSG00000101135.1	0
ENSMUSG00000101136.1	0
ENSMUSG00000101137.1	0
ENSMUSG00000101138.6	0
ENSMUSG00000101139.1	0
ENSMUSG00000101140.1	0
ENSMUSG00000101141.1	0
ENSMUSG00000101142.1	0
ENSMUSG00000101143.1	0
ENSMUSG00000101144.2	0.612219
ENSMUSG00000101145.1	0
ENSMUSG00000101146.1	0
ENSMUSG00000101147.1	0
ENSMUSG00000101148.1	0
ENSMUSG00000101149.1	0
ENSMUSG00000101150.1	0
ENSMUSG00000101151.1	0
ENSMUSG00000101152.1	0
ENSMUSG00000101153.1	0
ENSMUSG00000101154.1	0
ENSMUSG00000101155.6	0
ENSMUSG00000101156.1	0
ENSMUSG00000101157.1	0
ENSMUSG00000101158.1	0
ENSMUSG00000101159.1	0
ENSMUSG00000101160.1	0
ENSMUSG00000101161.1	0
ENSMUSG00000101162.2	0.087469
ENSMUSG00000101163.1	0
ENSMUSG00000101164.6	0
ENSMUSG00000101166.6	0
ENSMUSG00000101167.1	0
ENSMUSG00000101168.1	0
ENSMUSG00000101170.1	0
ENSMUSG00000101171.1	0
ENSMUSG00000101172.1	0.118676
ENSMUSG00000101173.1	0
ENSMUSG00000101174.8	0.620015
ENSMUSG00000101177.6	0
ENSMUSG00000101178.1	0
ENSMUSG00000101179.1	0.609729
ENSMUSG00000101180.1	0
ENSMUSG00000101181.2	0
ENSMUSG00000101182.1	0
ENSMUSG00000101183.1	0
ENSMUSG00000101184.1	0
ENSMUSG00000101185.1	0
ENSMUSG00000101186.1	0
ENSMUSG00000101188.1	0.575359
ENSMUSG00000101189.1	0
ENSMUSG00000101190.6	0
ENSMUSG00000101191.6	0
ENSMUSG00000101192.6	0
ENSMUSG00000101193.1	0
ENSMUSG00000101194.1	0
ENSMUSG00000101195.1	0
ENSMUSG00000101196.2	0
ENSMUSG00000101197.1	0
ENSMUSG00000101198.6	0
ENSMUSG00000101199.1	0.197542
ENSMUSG00000101200.1	0
ENSMUSG00000101201.1	0
ENSMUSG00000101202.6	0
ENSMUSG00000101203.1	0
ENSMUSG00000101204.6	0
ENSMUSG00000101205.1	0
ENSMUSG00000101206.1	0
ENSMUSG00000101207.1	0
ENSMUSG00000101208.1	0
ENSMUSG00000101209.1	0
ENSMUSG00000101210.1	0
ENSMUSG00000101211.1	0
ENSMUSG00000101212.1	0
ENSMUSG00000101213.1	0
ENSMUSG00000101214.1	0
ENSMUSG00000101215.1	0
ENSMUSG00000101216.1	0
ENSMUSG00000101218.1	0
ENSMUSG00000101219.1	0.242161
ENSMUSG00000101220.1	0
ENSMUSG00000101221.1	0
ENSMUSG00000101222.1	0
ENSMUSG00000101223.6	0
ENSMUSG00000101224.1	0
ENSMUSG00000101225.1	1.043611
ENSMUSG00000101226.1	0
ENSMUSG00000101227.1	0.117897
ENSMUSG00000101228.1	0
ENSMUSG00000101229.1	0
ENSMUSG00000101230.1	0
ENSMUSG00000101231.1	0
ENSMUSG00000101232.1	0
ENSMUSG00000101233.1	0
ENSMUSG00000101234.1	0
ENSMUSG00000101235.1	0
ENSMUSG00000101236.1	0
ENSMUSG00000101237.1	0
ENSMUSG00000101238.1	0
ENSMUSG00000101239.1	0
ENSMUSG00000101240.1	0
ENSMUSG00000101241.1	0
ENSMUSG00000101242.1	0
ENSMUSG00000101243.1	0
ENSMUSG00000101244.6	0
ENSMUSG00000101245.1	0
ENSMUSG00000101246.1	0
ENSMUSG00000101247.1	0
ENSMUSG00000101248.1	0
ENSMUSG00000101249.1	15097.877671
ENSMUSG00000101250.1	0
ENSMUSG00000101251.1	0
ENSMUSG00000101252.1	0
ENSMUSG00000101253.1	0.138511
ENSMUSG00000101254.1	0
ENSMUSG00000101255.1	0
ENSMUSG00000101256.1	0
ENSMUSG00000101257.1	0
ENSMUSG00000101258.1	0
ENSMUSG00000101259.1	0
ENSMUSG00000101260.1	0
ENSMUSG00000101261.1	0
ENSMUSG00000101262.1	0.015783
ENSMUSG00000101263.1	0
ENSMUSG00000101264.1	0
ENSMUSG00000101265.1	0
ENSMUSG00000101266.1	0
ENSMUSG00000101267.1	0
ENSMUSG00000101268.6	0
ENSMUSG00000101270.1	0
ENSMUSG00000101271.1	0
ENSMUSG00000101272.1	0
ENSMUSG00000101273.1	0
ENSMUSG00000101275.1	0
ENSMUSG00000101276.1	0
ENSMUSG00000101277.1	0
ENSMUSG00000101278.1	0
ENSMUSG00000101279.1	0
ENSMUSG00000101280.1	0
ENSMUSG00000101281.1	0
ENSMUSG00000101282.1	0
ENSMUSG00000101283.1	0
ENSMUSG00000101284.1	0
ENSMUSG00000101285.6	0
ENSMUSG00000101286.1	0
ENSMUSG00000101287.1	0
ENSMUSG00000101288.1	0
ENSMUSG00000101289.1	0
ENSMUSG00000101290.1	0
ENSMUSG00000101291.1	0
ENSMUSG00000101292.1	0
ENSMUSG00000101294.1	0
ENSMUSG00000101295.1	0
ENSMUSG00000101296.1	0
ENSMUSG00000101297.1	0
ENSMUSG00000101298.1	0
ENSMUSG00000101299.2	0.043098
ENSMUSG00000101300.6	0
ENSMUSG00000101301.1	0
ENSMUSG00000101302.6	0
ENSMUSG00000101303.1	0
ENSMUSG00000101304.1	0
ENSMUSG00000101305.1	0
ENSMUSG00000101306.1	0
ENSMUSG00000101307.2	0
ENSMUSG00000101308.1	0
ENSMUSG00000101309.1	0
ENSMUSG00000101310.1	0
ENSMUSG00000101311.1	0
ENSMUSG00000101312.1	0
ENSMUSG00000101313.1	0
ENSMUSG00000101314.1	0
ENSMUSG00000101315.1	0
ENSMUSG00000101316.1	2.550501
ENSMUSG00000101317.1	0
ENSMUSG00000101318.1	0
ENSMUSG00000101319.1	0
ENSMUSG00000101320.1	1.533375
ENSMUSG00000101321.1	0
ENSMUSG00000101323.1	0
ENSMUSG00000101324.1	0
ENSMUSG00000101325.1	0
ENSMUSG00000101326.6	0
ENSMUSG00000101327.1	0
ENSMUSG00000101328.1	0
ENSMUSG00000101329.1	0
ENSMUSG00000101330.1	0.371392
ENSMUSG00000101331.1	0
ENSMUSG00000101332.1	0
ENSMUSG00000101333.1	0
ENSMUSG00000101334.1	0
ENSMUSG00000101335.1	0.212668
ENSMUSG00000101336.1	0
ENSMUSG00000101337.6	0
ENSMUSG00000101338.1	0
ENSMUSG00000101339.1	0
ENSMUSG00000101340.1	0
ENSMUSG00000101341.1	0
ENSMUSG00000101342.1	0
ENSMUSG00000101343.1	0
ENSMUSG00000101344.1	0.045685
ENSMUSG00000101345.1	0
ENSMUSG00000101346.1	0
ENSMUSG00000101347.1	0
ENSMUSG00000101348.6	0
ENSMUSG00000101349.1	0
ENSMUSG00000101350.6	0
ENSMUSG00000101351.1	0
ENSMUSG00000101352.1	0
ENSMUSG00000101353.6	0
ENSMUSG00000101354.1	0
ENSMUSG00000101355.1	0.201234
ENSMUSG00000101356.1	0
ENSMUSG00000101357.1	0
ENSMUSG00000101358.1	0
ENSMUSG00000101359.1	0
ENSMUSG00000101360.2	0.080384
ENSMUSG00000101361.2	0
ENSMUSG00000101362.1	0
ENSMUSG00000101363.1	0
ENSMUSG00000101364.1	0
ENSMUSG00000101365.1	0
ENSMUSG00000101366.1	0
ENSMUSG00000101367.1	0
ENSMUSG00000101368.1	0
ENSMUSG00000101369.1	0
ENSMUSG00000101370.1	0
ENSMUSG00000101371.1	0
ENSMUSG00000101372.1	0
ENSMUSG00000101373.2	0
ENSMUSG00000101374.6	0
ENSMUSG00000101375.1	0
ENSMUSG00000101376.1	0
ENSMUSG00000101377.1	0
ENSMUSG00000101378.1	0
ENSMUSG00000101379.1	0
ENSMUSG00000101380.1	0
ENSMUSG00000101381.1	0
ENSMUSG00000101382.1	0
ENSMUSG00000101383.1	0
ENSMUSG00000101385.1	0
ENSMUSG00000101386.1	0
ENSMUSG00000101387.1	0
ENSMUSG00000101388.1	0
ENSMUSG00000101389.1	0
ENSMUSG00000101390.1	0
ENSMUSG00000101391.3	0
ENSMUSG00000101392.1	0
ENSMUSG00000101393.1	0
ENSMUSG00000101394.1	0
ENSMUSG00000101395.1	0
ENSMUSG00000101396.1	0
ENSMUSG00000101397.6	0
ENSMUSG00000101398.1	0
ENSMUSG00000101399.1	0
ENSMUSG00000101400.1	0
ENSMUSG00000101401.1	0
ENSMUSG00000101402.1	0
ENSMUSG00000101403.1	0
ENSMUSG00000101404.1	0
ENSMUSG00000101405.1	0
ENSMUSG00000101406.1	0
ENSMUSG00000101407.6	0
ENSMUSG00000101408.1	0
ENSMUSG00000101409.1	0
ENSMUSG00000101410.1	0
ENSMUSG00000101411.1	0
ENSMUSG00000101412.6	0
ENSMUSG00000101413.1	0
ENSMUSG00000101414.1	0
ENSMUSG00000101415.1	0
ENSMUSG00000101416.1	0
ENSMUSG00000101417.1	0
ENSMUSG00000101418.1	0
ENSMUSG00000101419.1	0
ENSMUSG00000101420.1	0
ENSMUSG00000101421.1	0
ENSMUSG00000101422.6	0
ENSMUSG00000101423.6	0
ENSMUSG00000101424.6	0
ENSMUSG00000101425.1	0
ENSMUSG00000101426.1	0
ENSMUSG00000101427.1	0
ENSMUSG00000101428.1	0
ENSMUSG00000101429.1	0.017937
ENSMUSG00000101431.1	0.11033
ENSMUSG00000101433.1	0
ENSMUSG00000101434.1	0
ENSMUSG00000101435.1	0
ENSMUSG00000101436.1	0
ENSMUSG00000101437.1	0
ENSMUSG00000101438.2	5.81422
ENSMUSG00000101439.1	0
ENSMUSG00000101440.1	0
ENSMUSG00000101441.1	0
ENSMUSG00000101442.1	0
ENSMUSG00000101443.1	0
ENSMUSG00000101444.6	0
ENSMUSG00000101445.1	0
ENSMUSG00000101446.1	0
ENSMUSG00000101447.1	0
ENSMUSG00000101448.1	0
ENSMUSG00000101449.1	0
ENSMUSG00000101450.1	0.033345
ENSMUSG00000101451.1	0
ENSMUSG00000101452.1	0.141687
ENSMUSG00000101453.1	0
ENSMUSG00000101454.1	0
ENSMUSG00000101455.1	0
ENSMUSG00000101456.1	0
ENSMUSG00000101457.1	0
ENSMUSG00000101459.1	0
ENSMUSG00000101462.2	0
ENSMUSG00000101463.1	0
ENSMUSG00000101464.1	0
ENSMUSG00000101465.1	0
ENSMUSG00000101466.1	0
ENSMUSG00000101467.1	0
ENSMUSG00000101468.1	0
ENSMUSG00000101469.1	0
ENSMUSG00000101470.1	0
ENSMUSG00000101471.1	0
ENSMUSG00000101472.1	0
ENSMUSG00000101473.1	0
ENSMUSG00000101474.1	0
ENSMUSG00000101475.1	0
ENSMUSG00000101476.1	0
ENSMUSG00000101477.1	0
ENSMUSG00000101478.1	0
ENSMUSG00000101479.1	0
ENSMUSG00000101480.3	0
ENSMUSG00000101481.1	0
ENSMUSG00000101482.1	0
ENSMUSG00000101483.1	0
ENSMUSG00000101484.1	0
ENSMUSG00000101486.1	0
ENSMUSG00000101487.1	0
ENSMUSG00000101489.1	0
ENSMUSG00000101490.1	0
ENSMUSG00000101491.1	0
ENSMUSG00000101492.1	0
ENSMUSG00000101493.1	0.476783
ENSMUSG00000101494.1	0
ENSMUSG00000101495.1	0
ENSMUSG00000101496.1	11.916331
ENSMUSG00000101497.1	0
ENSMUSG00000101498.1	0
ENSMUSG00000101499.1	0
ENSMUSG00000101500.1	0
ENSMUSG00000101501.1	0
ENSMUSG00000101502.1	0
ENSMUSG00000101503.1	0
ENSMUSG00000101504.1	0
ENSMUSG00000101505.1	0
ENSMUSG00000101506.1	0
ENSMUSG00000101507.1	0
ENSMUSG00000101508.1	0
ENSMUSG00000101509.1	0
ENSMUSG00000101510.1	0
ENSMUSG00000101511.1	0
ENSMUSG00000101512.1	0
ENSMUSG00000101513.6	0
ENSMUSG00000101514.1	0
ENSMUSG00000101515.1	0
ENSMUSG00000101516.6	0
ENSMUSG00000101517.6	0
ENSMUSG00000101518.1	0
ENSMUSG00000101519.1	0
ENSMUSG00000101520.1	0
ENSMUSG00000101521.1	0
ENSMUSG00000101522.1	0
ENSMUSG00000101523.2	0.349643
ENSMUSG00000101525.1	0
ENSMUSG00000101526.1	0
ENSMUSG00000101527.1	0
ENSMUSG00000101528.1	0
ENSMUSG00000101529.1	0
ENSMUSG00000101530.1	0
ENSMUSG00000101531.6	0
ENSMUSG00000101532.1	0
ENSMUSG00000101533.1	0
ENSMUSG00000101534.1	0
ENSMUSG00000101535.1	0
ENSMUSG00000101536.6	0
ENSMUSG00000101537.1	0
ENSMUSG00000101538.1	0
ENSMUSG00000101539.1	0
ENSMUSG00000101540.2	0
ENSMUSG00000101541.1	0
ENSMUSG00000101542.6	0
ENSMUSG00000101543.1	0
ENSMUSG00000101544.1	0
ENSMUSG00000101545.1	0
ENSMUSG00000101546.1	0
ENSMUSG00000101547.1	0
ENSMUSG00000101548.1	0
ENSMUSG00000101549.1	0
ENSMUSG00000101550.1	0
ENSMUSG00000101551.1	0
ENSMUSG00000101552.1	0
ENSMUSG00000101553.1	0
ENSMUSG00000101554.2	0
ENSMUSG00000101555.1	0
ENSMUSG00000101557.1	0
ENSMUSG00000101558.1	0
ENSMUSG00000101559.1	0
ENSMUSG00000101560.6	0
ENSMUSG00000101562.1	0
ENSMUSG00000101563.1	0
ENSMUSG00000101564.1	0
ENSMUSG00000101565.2	0
ENSMUSG00000101566.1	0
ENSMUSG00000101567.1	0
ENSMUSG00000101568.1	0
ENSMUSG00000101569.1	0
ENSMUSG00000101570.1	0
ENSMUSG00000101571.2	0
ENSMUSG00000101573.1	0
ENSMUSG00000101574.1	0
ENSMUSG00000101575.1	0
ENSMUSG00000101576.1	0
ENSMUSG00000101578.2	0.036933
ENSMUSG00000101579.1	0
ENSMUSG00000101580.1	0
ENSMUSG00000101581.6	0
ENSMUSG00000101582.1	0
ENSMUSG00000101583.1	0.151955
ENSMUSG00000101584.2	0
ENSMUSG00000101585.6	0.063612
ENSMUSG00000101586.1	0
ENSMUSG00000101587.2	0
ENSMUSG00000101588.1	0
ENSMUSG00000101589.1	0
ENSMUSG00000101590.1	0
ENSMUSG00000101592.1	0
ENSMUSG00000101593.1	0
ENSMUSG00000101594.1	0
ENSMUSG00000101595.1	0.064244
ENSMUSG00000101596.1	0
ENSMUSG00000101597.2	0.060628
ENSMUSG00000101598.1	0
ENSMUSG00000101599.1	0.099826
ENSMUSG00000101600.1	0
ENSMUSG00000101601.1	0
ENSMUSG00000101602.1	0
ENSMUSG00000101603.1	0
ENSMUSG00000101605.1	0
ENSMUSG00000101606.1	0
ENSMUSG00000101607.1	0
ENSMUSG00000101608.1	0
ENSMUSG00000101609.2	0.011158
ENSMUSG00000101610.1	0
ENSMUSG00000101611.1	0
ENSMUSG00000101612.2	0
ENSMUSG00000101613.1	0
ENSMUSG00000101614.1	0
ENSMUSG00000101615.1	0
ENSMUSG00000101616.1	0
ENSMUSG00000101617.1	0
ENSMUSG00000101618.1	0
ENSMUSG00000101619.1	0
ENSMUSG00000101621.2	0.046688
ENSMUSG00000101622.1	0
ENSMUSG00000101623.1	0
ENSMUSG00000101624.1	0
ENSMUSG00000101625.1	0
ENSMUSG00000101626.6	0
ENSMUSG00000101627.1	0
ENSMUSG00000101628.1	0
ENSMUSG00000101629.1	0
ENSMUSG00000101630.1	0
ENSMUSG00000101631.1	0
ENSMUSG00000101632.1	0
ENSMUSG00000101633.1	0
ENSMUSG00000101634.6	0
ENSMUSG00000101636.1	0
ENSMUSG00000101637.1	0
ENSMUSG00000101638.1	0
ENSMUSG00000101639.1	0.060109
ENSMUSG00000101640.1	0
ENSMUSG00000101641.1	0.039784
ENSMUSG00000101642.6	0
ENSMUSG00000101643.1	0
ENSMUSG00000101644.1	0
ENSMUSG00000101645.1	0
ENSMUSG00000101646.1	0
ENSMUSG00000101647.1	0
ENSMUSG00000101648.1	0
ENSMUSG00000101649.1	0
ENSMUSG00000101650.1	0
ENSMUSG00000101651.1	0
ENSMUSG00000101652.1	0
ENSMUSG00000101653.1	0
ENSMUSG00000101654.1	0
ENSMUSG00000101655.1	1.404915
ENSMUSG00000101656.1	0
ENSMUSG00000101657.1	0
ENSMUSG00000101658.1	0
ENSMUSG00000101659.1	0
ENSMUSG00000101660.1	0.335354
ENSMUSG00000101661.1	0
ENSMUSG00000101662.1	0
ENSMUSG00000101664.1	0
ENSMUSG00000101665.1	0
ENSMUSG00000101666.1	0
ENSMUSG00000101667.1	0
ENSMUSG00000101668.1	0
ENSMUSG00000101669.1	0
ENSMUSG00000101670.1	0
ENSMUSG00000101671.1	0.315211
ENSMUSG00000101672.1	0
ENSMUSG00000101673.1	0
ENSMUSG00000101674.6	0
ENSMUSG00000101675.1	0
ENSMUSG00000101676.1	0
ENSMUSG00000101678.3	0.632066
ENSMUSG00000101679.1	0
ENSMUSG00000101680.1	0
ENSMUSG00000101681.6	0
ENSMUSG00000101682.1	0.114712
ENSMUSG00000101683.6	0
ENSMUSG00000101684.1	0
ENSMUSG00000101685.1	0
ENSMUSG00000101686.6	0
ENSMUSG00000101687.1	0
ENSMUSG00000101688.1	0
ENSMUSG00000101689.1	0
ENSMUSG00000101690.1	0
ENSMUSG00000101691.1	0
ENSMUSG00000101692.1	0
ENSMUSG00000101693.1	2.392709
ENSMUSG00000101694.1	0
ENSMUSG00000101695.1	0
ENSMUSG00000101698.1	0
ENSMUSG00000101699.1	0
ENSMUSG00000101700.1	0
ENSMUSG00000101701.1	0
ENSMUSG00000101702.1	0
ENSMUSG00000101703.1	0
ENSMUSG00000101704.1	0
ENSMUSG00000101705.1	0
ENSMUSG00000101706.1	0
ENSMUSG00000101707.1	0
ENSMUSG00000101708.6	0
ENSMUSG00000101709.1	0
ENSMUSG00000101710.1	0
ENSMUSG00000101711.1	0.15878
ENSMUSG00000101712.1	0
ENSMUSG00000101713.1	0
ENSMUSG00000101714.1	0
ENSMUSG00000101715.1	0
ENSMUSG00000101717.2	0
ENSMUSG00000101718.1	0
ENSMUSG00000101719.1	0
ENSMUSG00000101720.1	0
ENSMUSG00000101721.1	0
ENSMUSG00000101722.1	0.009207
ENSMUSG00000101723.1	0
ENSMUSG00000101724.1	0
ENSMUSG00000101725.6	0
ENSMUSG00000101726.1	0
ENSMUSG00000101727.1	0
ENSMUSG00000101728.6	0
ENSMUSG00000101729.1	0
ENSMUSG00000101730.1	0
ENSMUSG00000101731.1	0.012524
ENSMUSG00000101732.1	0
ENSMUSG00000101733.1	0
ENSMUSG00000101734.1	0
ENSMUSG00000101735.1	0
ENSMUSG00000101736.1	0
ENSMUSG00000101737.1	0
ENSMUSG00000101739.1	0
ENSMUSG00000101740.6	0
ENSMUSG00000101741.1	0
ENSMUSG00000101742.1	0
ENSMUSG00000101743.6	0
ENSMUSG00000101744.6	0
ENSMUSG00000101745.6	0
ENSMUSG00000101746.1	0
ENSMUSG00000101747.1	0
ENSMUSG00000101748.1	0
ENSMUSG00000101750.3	0.040171
ENSMUSG00000101751.1	0
ENSMUSG00000101752.1	0
ENSMUSG00000101753.1	0
ENSMUSG00000101754.2	0
ENSMUSG00000101755.1	0
ENSMUSG00000101756.1	0
ENSMUSG00000101757.1	0
ENSMUSG00000101758.1	0
ENSMUSG00000101759.1	0
ENSMUSG00000101760.1	0
ENSMUSG00000101761.6	0
ENSMUSG00000101762.1	0
ENSMUSG00000101763.1	0
ENSMUSG00000101764.1	0
ENSMUSG00000101765.1	0
ENSMUSG00000101766.1	0
ENSMUSG00000101768.1	0
ENSMUSG00000101769.1	0
ENSMUSG00000101770.1	0
ENSMUSG00000101771.6	0
ENSMUSG00000101772.1	0
ENSMUSG00000101773.1	0.185787
ENSMUSG00000101774.6	0
ENSMUSG00000101775.6	0
ENSMUSG00000101776.1	0
ENSMUSG00000101777.1	0
ENSMUSG00000101778.1	0
ENSMUSG00000101779.6	0
ENSMUSG00000101780.1	0
ENSMUSG00000101781.1	0
ENSMUSG00000101782.1	0
ENSMUSG00000101783.1	0
ENSMUSG00000101784.1	0
ENSMUSG00000101785.1	0
ENSMUSG00000101786.6	0
ENSMUSG00000101787.1	0
ENSMUSG00000101788.1	0
ENSMUSG00000101789.1	0
ENSMUSG00000101790.1	0
ENSMUSG00000101791.1	0
ENSMUSG00000101792.1	0.013646
ENSMUSG00000101793.1	0
ENSMUSG00000101794.1	0
ENSMUSG00000101795.2	0.128401
ENSMUSG00000101796.1	0
ENSMUSG00000101797.1	0
ENSMUSG00000101798.1	0
ENSMUSG00000101799.1	0
ENSMUSG00000101800.1	0
ENSMUSG00000101801.6	0
ENSMUSG00000101802.1	0
ENSMUSG00000101803.1	0
ENSMUSG00000101804.1	0
ENSMUSG00000101805.1	0
ENSMUSG00000101806.1	0
ENSMUSG00000101807.1	0
ENSMUSG00000101808.1	0
ENSMUSG00000101809.1	0
ENSMUSG00000101810.1	0
ENSMUSG00000101811.1	0
ENSMUSG00000101812.1	0
ENSMUSG00000101813.1	0
ENSMUSG00000101814.1	0
ENSMUSG00000101815.1	0
ENSMUSG00000101816.1	0
ENSMUSG00000101817.1	0
ENSMUSG00000101818.1	0
ENSMUSG00000101819.1	0
ENSMUSG00000101820.1	0
ENSMUSG00000101821.1	0
ENSMUSG00000101822.1	0
ENSMUSG00000101823.1	0.011501
ENSMUSG00000101824.1	0
ENSMUSG00000101825.1	0
ENSMUSG00000101826.1	0
ENSMUSG00000101827.1	0
ENSMUSG00000101829.1	0
ENSMUSG00000101830.1	0
ENSMUSG00000101831.1	0
ENSMUSG00000101832.1	0
ENSMUSG00000101833.1	0
ENSMUSG00000101834.1	0.131792
ENSMUSG00000101835.1	0
ENSMUSG00000101836.1	0
ENSMUSG00000101837.1	0
ENSMUSG00000101838.6	0
ENSMUSG00000101839.1	0
ENSMUSG00000101840.1	0
ENSMUSG00000101841.1	0.217642
ENSMUSG00000101842.1	0
ENSMUSG00000101843.1	0
ENSMUSG00000101844.1	0
ENSMUSG00000101845.1	0
ENSMUSG00000101846.1	0
ENSMUSG00000101847.1	0
ENSMUSG00000101848.1	0
ENSMUSG00000101849.1	0.552923
ENSMUSG00000101850.1	0
ENSMUSG00000101851.1	0
ENSMUSG00000101852.1	0
ENSMUSG00000101853.1	0
ENSMUSG00000101854.2	0
ENSMUSG00000101855.1	0
ENSMUSG00000101856.1	3.487949
ENSMUSG00000101857.1	0
ENSMUSG00000101858.1	0
ENSMUSG00000101859.1	0
ENSMUSG00000101860.4	0.98071
ENSMUSG00000101861.1	0
ENSMUSG00000101862.1	0
ENSMUSG00000101863.1	0
ENSMUSG00000101864.1	0
ENSMUSG00000101865.1	0
ENSMUSG00000101866.1	0
ENSMUSG00000101867.1	0
ENSMUSG00000101868.1	0
ENSMUSG00000101869.1	0
ENSMUSG00000101870.1	0
ENSMUSG00000101871.1	0
ENSMUSG00000101872.1	0
ENSMUSG00000101873.1	0
ENSMUSG00000101874.2	0
ENSMUSG00000101875.1	0
ENSMUSG00000101877.1	0
ENSMUSG00000101878.1	0.401292
ENSMUSG00000101879.1	0
ENSMUSG00000101880.1	0
ENSMUSG00000101881.1	0
ENSMUSG00000101882.1	0
ENSMUSG00000101883.1	0
ENSMUSG00000101884.1	0
ENSMUSG00000101885.1	0
ENSMUSG00000101886.1	0
ENSMUSG00000101887.1	0
ENSMUSG00000101888.1	0
ENSMUSG00000101890.1	0
ENSMUSG00000101891.6	0
ENSMUSG00000101892.1	27.486731
ENSMUSG00000101893.1	0
ENSMUSG00000101894.1	0
ENSMUSG00000101895.1	0
ENSMUSG00000101896.1	0
ENSMUSG00000101897.1	0
ENSMUSG00000101898.1	0
ENSMUSG00000101899.1	0
ENSMUSG00000101900.1	0
ENSMUSG00000101901.1	0
ENSMUSG00000101902.1	0
ENSMUSG00000101903.1	0
ENSMUSG00000101904.1	0
ENSMUSG00000101905.1	0
ENSMUSG00000101906.1	0
ENSMUSG00000101907.1	0
ENSMUSG00000101908.1	0
ENSMUSG00000101909.2	0
ENSMUSG00000101910.1	0
ENSMUSG00000101911.1	0
ENSMUSG00000101912.1	0
ENSMUSG00000101913.1	0
ENSMUSG00000101914.1	0
ENSMUSG00000101915.1	0
ENSMUSG00000101916.1	0
ENSMUSG00000101917.1	0
ENSMUSG00000101918.2	0
ENSMUSG00000101919.1	0
ENSMUSG00000101920.6	0
ENSMUSG00000101921.1	0
ENSMUSG00000101922.1	0
ENSMUSG00000101923.1	0
ENSMUSG00000101925.1	0
ENSMUSG00000101927.1	0
ENSMUSG00000101928.1	0
ENSMUSG00000101929.6	0
ENSMUSG00000101930.1	0
ENSMUSG00000101931.1	0
ENSMUSG00000101932.1	0.783544
ENSMUSG00000101933.1	0
ENSMUSG00000101934.1	0
ENSMUSG00000101935.1	0
ENSMUSG00000101936.1	0
ENSMUSG00000101937.1	0
ENSMUSG00000101938.1	0
ENSMUSG00000101939.1	11401.166423
ENSMUSG00000101940.2	0
ENSMUSG00000101941.1	0
ENSMUSG00000101942.1	0.084358
ENSMUSG00000101943.1	0
ENSMUSG00000101944.1	0
ENSMUSG00000101945.1	0
ENSMUSG00000101947.1	0
ENSMUSG00000101948.1	0
ENSMUSG00000101949.1	0
ENSMUSG00000101950.1	0
ENSMUSG00000101951.1	0
ENSMUSG00000101952.1	0.104382
ENSMUSG00000101953.1	0
ENSMUSG00000101954.1	0
ENSMUSG00000101955.1	0
ENSMUSG00000101956.1	0
ENSMUSG00000101957.1	0
ENSMUSG00000101958.1	0
ENSMUSG00000101959.1	0.110462
ENSMUSG00000101960.1	0
ENSMUSG00000101961.1	0
ENSMUSG00000101962.1	0
ENSMUSG00000101963.2	0
ENSMUSG00000101964.1	0
ENSMUSG00000101965.1	0
ENSMUSG00000101966.2	0
ENSMUSG00000101967.6	0
ENSMUSG00000101968.6	0
ENSMUSG00000101969.2	0.026131
ENSMUSG00000101970.8	19.335023
ENSMUSG00000101971.1	0
ENSMUSG00000101972.1	0.201234
ENSMUSG00000101973.1	0
ENSMUSG00000101974.1	0
ENSMUSG00000101975.1	0
ENSMUSG00000101977.1	0
ENSMUSG00000101978.1	0
ENSMUSG00000101980.1	0
ENSMUSG00000101981.1	0
ENSMUSG00000101982.6	0
ENSMUSG00000101983.1	0
ENSMUSG00000101984.1	0
ENSMUSG00000101985.1	0
ENSMUSG00000101986.1	0
ENSMUSG00000101987.1	0
ENSMUSG00000101988.1	0
ENSMUSG00000101989.1	0
ENSMUSG00000101990.1	0
ENSMUSG00000101991.1	0
ENSMUSG00000101992.1	0
ENSMUSG00000101993.1	0
ENSMUSG00000101994.1	0
ENSMUSG00000101995.1	0.018954
ENSMUSG00000101996.1	0
ENSMUSG00000101997.1	0
ENSMUSG00000101998.1	0
ENSMUSG00000102000.6	0
ENSMUSG00000102001.1	0
ENSMUSG00000102002.1	0
ENSMUSG00000102003.1	0
ENSMUSG00000102004.3	0
ENSMUSG00000102005.6	0
ENSMUSG00000102006.1	0
ENSMUSG00000102008.1	0
ENSMUSG00000102009.6	0
ENSMUSG00000102010.1	0
ENSMUSG00000102011.1	0
ENSMUSG00000102013.1	0
ENSMUSG00000102014.1	2.126819
ENSMUSG00000102015.1	0
ENSMUSG00000102016.6	0
ENSMUSG00000102017.1	0
ENSMUSG00000102018.8	0.517469
ENSMUSG00000102019.1	0
ENSMUSG00000102020.1	0
ENSMUSG00000102022.6	0
ENSMUSG00000102023.1	0
ENSMUSG00000102025.1	0
ENSMUSG00000102026.1	0
ENSMUSG00000102027.1	0
ENSMUSG00000102028.1	0
ENSMUSG00000102029.1	0
ENSMUSG00000102030.1	0
ENSMUSG00000102031.6	0
ENSMUSG00000102032.1	0
ENSMUSG00000102033.1	0
ENSMUSG00000102035.1	0
ENSMUSG00000102036.1	0
ENSMUSG00000102037.1	0.437445
ENSMUSG00000102038.1	0.121645
ENSMUSG00000102039.1	0
ENSMUSG00000102041.1	0
ENSMUSG00000102042.1	0
ENSMUSG00000102043.1	0
ENSMUSG00000102044.1	0
ENSMUSG00000102045.1	0
ENSMUSG00000102046.1	0
ENSMUSG00000102047.1	0
ENSMUSG00000102048.1	0
ENSMUSG00000102050.1	0
ENSMUSG00000102051.1	0.050637
ENSMUSG00000102052.1	0
ENSMUSG00000102053.1	0
ENSMUSG00000102054.6	0
ENSMUSG00000102055.1	0.869649
ENSMUSG00000102056.1	0
ENSMUSG00000102057.1	0
ENSMUSG00000102058.6	0
ENSMUSG00000102059.1	0.627332
ENSMUSG00000102060.1	0
ENSMUSG00000102061.1	0
ENSMUSG00000102062.1	0
ENSMUSG00000102063.1	0
ENSMUSG00000102064.1	0
ENSMUSG00000102065.1	0
ENSMUSG00000102067.1	0
ENSMUSG00000102068.1	0
ENSMUSG00000102069.1	0
ENSMUSG00000102070.1	13104.578967
ENSMUSG00000102071.1	0
ENSMUSG00000102072.1	0
ENSMUSG00000102073.1	0
ENSMUSG00000102074.1	0
ENSMUSG00000102075.2	0
ENSMUSG00000102076.1	0
ENSMUSG00000102077.1	0
ENSMUSG00000102079.1	0
ENSMUSG00000102080.2	0
ENSMUSG00000102081.1	0
ENSMUSG00000102082.1	0
ENSMUSG00000102083.1	0
ENSMUSG00000102084.1	0
ENSMUSG00000102085.2	0
ENSMUSG00000102087.1	0
ENSMUSG00000102088.6	0
ENSMUSG00000102090.1	0
ENSMUSG00000102091.2	0.01191
ENSMUSG00000102092.1	0
ENSMUSG00000102093.1	0
ENSMUSG00000102095.1	0
ENSMUSG00000102096.1	0
ENSMUSG00000102097.1	0.010624
ENSMUSG00000102098.1	0
ENSMUSG00000102099.2	0
ENSMUSG00000102100.1	0
ENSMUSG00000102101.1	6.44794
ENSMUSG00000102102.1	0
ENSMUSG00000102103.1	0
ENSMUSG00000102104.1	0
ENSMUSG00000102105.1	0
ENSMUSG00000102106.2	0
ENSMUSG00000102107.1	0
ENSMUSG00000102108.1	0
ENSMUSG00000102109.1	0
ENSMUSG00000102110.1	0
ENSMUSG00000102111.1	0
ENSMUSG00000102112.1	0.56983
ENSMUSG00000102113.1	0
ENSMUSG00000102114.2	0
ENSMUSG00000102115.1	0
ENSMUSG00000102116.1	0
ENSMUSG00000102117.1	0.041103
ENSMUSG00000102118.1	0
ENSMUSG00000102119.6	0
ENSMUSG00000102120.1	0
ENSMUSG00000102121.1	0
ENSMUSG00000102122.1	0
ENSMUSG00000102123.1	0.014973
ENSMUSG00000102124.1	0
ENSMUSG00000102125.6	0
ENSMUSG00000102126.1	0
ENSMUSG00000102127.1	0
ENSMUSG00000102128.1	0
ENSMUSG00000102129.6	0
ENSMUSG00000102131.1	0
ENSMUSG00000102132.1	0
ENSMUSG00000102133.1	0
ENSMUSG00000102134.1	0
ENSMUSG00000102135.1	0.063194
ENSMUSG00000102136.1	0
ENSMUSG00000102137.1	0
ENSMUSG00000102138.1	0
ENSMUSG00000102139.1	0
ENSMUSG00000102140.1	0.086907
ENSMUSG00000102141.1	0
ENSMUSG00000102142.1	0
ENSMUSG00000102143.1	0
ENSMUSG00000102144.1	0
ENSMUSG00000102145.1	0.028884
ENSMUSG00000102146.1	0
ENSMUSG00000102147.1	0
ENSMUSG00000102148.1	0
ENSMUSG00000102149.1	0
ENSMUSG00000102150.1	0
ENSMUSG00000102151.1	0
ENSMUSG00000102152.1	0.167124
ENSMUSG00000102153.1	0
ENSMUSG00000102154.1	0
ENSMUSG00000102155.1	0
ENSMUSG00000102157.1	0
ENSMUSG00000102158.1	0
ENSMUSG00000102159.1	0
ENSMUSG00000102160.1	0.010851
ENSMUSG00000102162.1	0.283329
ENSMUSG00000102163.1	0
ENSMUSG00000102164.1	0
ENSMUSG00000102166.1	0.013521
ENSMUSG00000102167.1	0
ENSMUSG00000102168.1	0
ENSMUSG00000102169.1	0
ENSMUSG00000102170.1	0
ENSMUSG00000102172.1	0
ENSMUSG00000102173.1	0
ENSMUSG00000102174.1	0
ENSMUSG00000102175.1	0
ENSMUSG00000102176.1	0
ENSMUSG00000102177.5	0
ENSMUSG00000102178.1	0
ENSMUSG00000102179.1	0
ENSMUSG00000102180.1	0
ENSMUSG00000102181.1	0
ENSMUSG00000102182.1	0
ENSMUSG00000102184.1	0
ENSMUSG00000102185.1	0.183125
ENSMUSG00000102186.1	0
ENSMUSG00000102187.1	0
ENSMUSG00000102188.1	0
ENSMUSG00000102189.1	0
ENSMUSG00000102190.1	0
ENSMUSG00000102191.1	0
ENSMUSG00000102192.1	0
ENSMUSG00000102193.1	0
ENSMUSG00000102194.1	0.023722
ENSMUSG00000102195.5	0
ENSMUSG00000102196.1	0
ENSMUSG00000102197.1	0
ENSMUSG00000102198.1	0
ENSMUSG00000102199.1	0
ENSMUSG00000102200.1	0
ENSMUSG00000102201.1	0
ENSMUSG00000102202.1	0
ENSMUSG00000102203.1	0
ENSMUSG00000102204.1	0.049472
ENSMUSG00000102205.1	0
ENSMUSG00000102206.5	1.155988
ENSMUSG00000102207.1	0.067664
ENSMUSG00000102208.1	0
ENSMUSG00000102211.1	0
ENSMUSG00000102212.1	0
ENSMUSG00000102213.1	0
ENSMUSG00000102214.1	0
ENSMUSG00000102215.1	3.120838
ENSMUSG00000102216.1	0
ENSMUSG00000102217.1	0
ENSMUSG00000102218.1	0
ENSMUSG00000102219.1	0
ENSMUSG00000102220.1	0
ENSMUSG00000102221.1	0
ENSMUSG00000102222.1	2.081557
ENSMUSG00000102223.1	0
ENSMUSG00000102224.5	0.144395
ENSMUSG00000102225.1	0
ENSMUSG00000102227.1	0
ENSMUSG00000102229.1	0
ENSMUSG00000102230.1	0
ENSMUSG00000102231.1	0
ENSMUSG00000102232.1	0
ENSMUSG00000102233.1	0
ENSMUSG00000102234.1	4.439149
ENSMUSG00000102235.1	0
ENSMUSG00000102236.1	0
ENSMUSG00000102238.1	0
ENSMUSG00000102239.1	0
ENSMUSG00000102240.1	0
ENSMUSG00000102241.1	0
ENSMUSG00000102242.1	0
ENSMUSG00000102243.1	0
ENSMUSG00000102244.1	0
ENSMUSG00000102245.1	0
ENSMUSG00000102246.1	0
ENSMUSG00000102247.1	0
ENSMUSG00000102248.1	0
ENSMUSG00000102249.1	0
ENSMUSG00000102250.1	0.007338
ENSMUSG00000102251.5	0
ENSMUSG00000102252.5	828.892839
ENSMUSG00000102253.1	0
ENSMUSG00000102254.1	0
ENSMUSG00000102255.1	0
ENSMUSG00000102256.1	0
ENSMUSG00000102257.1	0
ENSMUSG00000102258.1	0
ENSMUSG00000102259.1	0
ENSMUSG00000102260.1	0.019531
ENSMUSG00000102261.1	0
ENSMUSG00000102262.1	0
ENSMUSG00000102263.1	0
ENSMUSG00000102264.1	0
ENSMUSG00000102265.1	0
ENSMUSG00000102266.1	0
ENSMUSG00000102267.1	0
ENSMUSG00000102268.1	0
ENSMUSG00000102269.1	0
ENSMUSG00000102270.1	0
ENSMUSG00000102271.1	0
ENSMUSG00000102272.1	0
ENSMUSG00000102273.5	0
ENSMUSG00000102274.1	0
ENSMUSG00000102275.1	0
ENSMUSG00000102276.1	0
ENSMUSG00000102277.1	0
ENSMUSG00000102278.1	0.021727
ENSMUSG00000102279.1	0
ENSMUSG00000102280.1	0
ENSMUSG00000102281.1	0
ENSMUSG00000102282.1	0
ENSMUSG00000102283.1	0
ENSMUSG00000102284.1	0
ENSMUSG00000102285.1	0
ENSMUSG00000102286.1	0
ENSMUSG00000102287.1	0
ENSMUSG00000102288.1	0
ENSMUSG00000102289.1	0
ENSMUSG00000102290.1	0
ENSMUSG00000102291.1	0
ENSMUSG00000102293.1	0
ENSMUSG00000102294.1	0
ENSMUSG00000102295.1	0
ENSMUSG00000102296.1	0
ENSMUSG00000102297.1	0
ENSMUSG00000102298.1	0
ENSMUSG00000102299.1	0
ENSMUSG00000102300.1	0
ENSMUSG00000102301.1	0
ENSMUSG00000102302.1	0.091801
ENSMUSG00000102303.1	0
ENSMUSG00000102304.1	0
ENSMUSG00000102305.1	0.335506
ENSMUSG00000102307.1	0.027547
ENSMUSG00000102308.1	0
ENSMUSG00000102309.1	0
ENSMUSG00000102310.1	0
ENSMUSG00000102311.1	0
ENSMUSG00000102312.1	0.809913
ENSMUSG00000102313.1	0
ENSMUSG00000102314.1	0
ENSMUSG00000102315.1	0
ENSMUSG00000102316.1	0
ENSMUSG00000102317.1	0
ENSMUSG00000102318.1	0
ENSMUSG00000102319.1	0
ENSMUSG00000102320.1	0
ENSMUSG00000102321.1	0
ENSMUSG00000102322.1	0
ENSMUSG00000102323.1	0.026523
ENSMUSG00000102324.1	0
ENSMUSG00000102325.1	0
ENSMUSG00000102326.1	0
ENSMUSG00000102327.1	0
ENSMUSG00000102328.1	0
ENSMUSG00000102329.1	0
ENSMUSG00000102330.1	0.022162
ENSMUSG00000102331.1	0
ENSMUSG00000102332.1	0
ENSMUSG00000102333.1	0
ENSMUSG00000102334.1	0
ENSMUSG00000102335.5	0
ENSMUSG00000102336.1	0.023019
ENSMUSG00000102337.1	0
ENSMUSG00000102338.1	0
ENSMUSG00000102339.1	0
ENSMUSG00000102341.1	0
ENSMUSG00000102342.1	0
ENSMUSG00000102343.1	0
ENSMUSG00000102344.1	0.234151
ENSMUSG00000102345.1	0
ENSMUSG00000102346.5	0
ENSMUSG00000102347.1	0
ENSMUSG00000102348.1	0.115363
ENSMUSG00000102349.1	0.604432
ENSMUSG00000102350.5	0
ENSMUSG00000102352.1	0
ENSMUSG00000102353.1	0.089161
ENSMUSG00000102354.1	0
ENSMUSG00000102355.1	0
ENSMUSG00000102356.1	0
ENSMUSG00000102357.1	0
ENSMUSG00000102358.1	0
ENSMUSG00000102359.1	0
ENSMUSG00000102360.1	0
ENSMUSG00000102362.1	0
ENSMUSG00000102363.1	0
ENSMUSG00000102364.1	0
ENSMUSG00000102365.1	0.024511
ENSMUSG00000102366.1	0
ENSMUSG00000102368.1	0
ENSMUSG00000102369.1	0
ENSMUSG00000102370.1	0
ENSMUSG00000102371.4	0
ENSMUSG00000102372.1	0
ENSMUSG00000102373.1	0
ENSMUSG00000102374.1	0
ENSMUSG00000102375.1	0
ENSMUSG00000102376.1	0
ENSMUSG00000102377.1	0
ENSMUSG00000102378.1	0
ENSMUSG00000102379.1	0
ENSMUSG00000102380.1	0
ENSMUSG00000102381.1	0
ENSMUSG00000102382.1	0
ENSMUSG00000102383.1	0
ENSMUSG00000102384.1	0
ENSMUSG00000102385.1	0
ENSMUSG00000102386.1	0
ENSMUSG00000102387.1	0
ENSMUSG00000102388.5	0
ENSMUSG00000102389.1	0
ENSMUSG00000102390.1	0
ENSMUSG00000102391.1	0
ENSMUSG00000102392.5	0
ENSMUSG00000102393.1	0
ENSMUSG00000102394.1	0
ENSMUSG00000102396.1	0
ENSMUSG00000102397.1	0
ENSMUSG00000102398.1	0.010681
ENSMUSG00000102399.1	0.019826
ENSMUSG00000102400.1	0
ENSMUSG00000102401.1	0
ENSMUSG00000102402.1	0
ENSMUSG00000102403.1	0
ENSMUSG00000102404.1	0
ENSMUSG00000102405.1	0
ENSMUSG00000102406.1	0
ENSMUSG00000102407.1	0.011891
ENSMUSG00000102408.1	0.018426
ENSMUSG00000102409.1	0
ENSMUSG00000102410.1	0
ENSMUSG00000102411.1	0.032679
ENSMUSG00000102413.1	0
ENSMUSG00000102414.1	0
ENSMUSG00000102415.1	0
ENSMUSG00000102416.4	0.35645
ENSMUSG00000102417.1	0
ENSMUSG00000102418.1	0.011836
ENSMUSG00000102419.1	0
ENSMUSG00000102420.1	0
ENSMUSG00000102421.1	0
ENSMUSG00000102422.1	2.31308
ENSMUSG00000102423.1	0
ENSMUSG00000102424.2	0
ENSMUSG00000102425.1	0
ENSMUSG00000102427.1	0
ENSMUSG00000102428.1	3.161185
ENSMUSG00000102429.5	0
ENSMUSG00000102430.1	0
ENSMUSG00000102432.1	0.307271
ENSMUSG00000102433.1	0
ENSMUSG00000102434.1	0
ENSMUSG00000102436.1	0
ENSMUSG00000102438.1	0
ENSMUSG00000102439.4	0
ENSMUSG00000102440.1	2.796025
ENSMUSG00000102441.1	0
ENSMUSG00000102442.1	0
ENSMUSG00000102443.1	0
ENSMUSG00000102445.1	0
ENSMUSG00000102446.1	0
ENSMUSG00000102447.1	0
ENSMUSG00000102448.1	0
ENSMUSG00000102449.1	0
ENSMUSG00000102450.1	0
ENSMUSG00000102451.1	0
ENSMUSG00000102452.1	0
ENSMUSG00000102453.1	0
ENSMUSG00000102456.1	0
ENSMUSG00000102457.1	0.01999
ENSMUSG00000102458.1	0
ENSMUSG00000102459.1	0
ENSMUSG00000102460.1	0
ENSMUSG00000102461.1	0
ENSMUSG00000102462.1	0
ENSMUSG00000102463.1	0
ENSMUSG00000102464.2	0
ENSMUSG00000102465.1	0
ENSMUSG00000102466.1	0
ENSMUSG00000102467.1	0
ENSMUSG00000102469.1	0
ENSMUSG00000102470.1	0
ENSMUSG00000102471.1	0
ENSMUSG00000102473.1	0
ENSMUSG00000102474.1	0
ENSMUSG00000102475.1	0
ENSMUSG00000102476.1	0
ENSMUSG00000102478.1	0
ENSMUSG00000102479.1	0
ENSMUSG00000102480.1	0
ENSMUSG00000102481.1	0
ENSMUSG00000102482.1	0
ENSMUSG00000102483.2	0.008599
ENSMUSG00000102484.1	0
ENSMUSG00000102485.1	0
ENSMUSG00000102486.1	0
ENSMUSG00000102487.1	0
ENSMUSG00000102488.1	0
ENSMUSG00000102489.1	0
ENSMUSG00000102490.1	0
ENSMUSG00000102491.1	0
ENSMUSG00000102492.1	0
ENSMUSG00000102493.1	0
ENSMUSG00000102494.1	0
ENSMUSG00000102495.1	0
ENSMUSG00000102496.1	0.028256
ENSMUSG00000102497.1	0
ENSMUSG00000102498.1	0
ENSMUSG00000102499.1	0
ENSMUSG00000102500.1	0
ENSMUSG00000102501.1	0
ENSMUSG00000102502.1	0
ENSMUSG00000102503.1	0.136317
ENSMUSG00000102504.1	1.204692
ENSMUSG00000102505.1	0.157126
ENSMUSG00000102506.1	0
ENSMUSG00000102507.1	0
ENSMUSG00000102508.1	0
ENSMUSG00000102509.1	0
ENSMUSG00000102510.2	0
ENSMUSG00000102511.1	0
ENSMUSG00000102512.1	0
ENSMUSG00000102513.1	0
ENSMUSG00000102514.1	0
ENSMUSG00000102515.1	0
ENSMUSG00000102516.1	0
ENSMUSG00000102517.1	0
ENSMUSG00000102518.1	0
ENSMUSG00000102520.5	0
ENSMUSG00000102521.1	0
ENSMUSG00000102522.1	0
ENSMUSG00000102523.1	0
ENSMUSG00000102524.1	0
ENSMUSG00000102525.1	0
ENSMUSG00000102526.1	0.062788
ENSMUSG00000102528.1	0
ENSMUSG00000102529.1	0
ENSMUSG00000102530.1	0
ENSMUSG00000102531.1	0.431463
ENSMUSG00000102532.1	0
ENSMUSG00000102533.1	0.072819
ENSMUSG00000102534.1	0
ENSMUSG00000102535.1	0
ENSMUSG00000102536.1	0
ENSMUSG00000102537.1	0
ENSMUSG00000102538.1	0
ENSMUSG00000102539.1	0
ENSMUSG00000102540.1	0
ENSMUSG00000102541.1	0
ENSMUSG00000102542.1	0
ENSMUSG00000102543.5	31.8717
ENSMUSG00000102544.1	0
ENSMUSG00000102545.1	0.282618
ENSMUSG00000102546.1	0
ENSMUSG00000102547.1	0
ENSMUSG00000102548.1	0.075548
ENSMUSG00000102549.1	0.022886
ENSMUSG00000102550.1	0
ENSMUSG00000102551.1	0
ENSMUSG00000102552.1	0
ENSMUSG00000102553.1	0.199755
ENSMUSG00000102554.1	0
ENSMUSG00000102555.1	0.015318
ENSMUSG00000102556.1	0
ENSMUSG00000102558.1	0
ENSMUSG00000102559.1	0
ENSMUSG00000102561.1	0
ENSMUSG00000102562.1	0
ENSMUSG00000102563.1	0
ENSMUSG00000102564.1	0
ENSMUSG00000102565.1	0
ENSMUSG00000102566.1	0
ENSMUSG00000102568.1	0
ENSMUSG00000102569.1	0
ENSMUSG00000102570.1	0.009265
ENSMUSG00000102571.1	0
ENSMUSG00000102572.1	0
ENSMUSG00000102573.1	0.010078
ENSMUSG00000102574.1	0
ENSMUSG00000102575.1	0
ENSMUSG00000102576.5	0
ENSMUSG00000102577.1	0
ENSMUSG00000102578.1	0
ENSMUSG00000102579.1	0
ENSMUSG00000102580.1	0
ENSMUSG00000102581.1	0
ENSMUSG00000102582.1	0
ENSMUSG00000102583.1	0
ENSMUSG00000102584.1	0
ENSMUSG00000102585.1	0
ENSMUSG00000102586.5	0
ENSMUSG00000102587.1	0
ENSMUSG00000102588.1	0
ENSMUSG00000102589.1	0
ENSMUSG00000102590.1	0
ENSMUSG00000102591.1	0
ENSMUSG00000102592.1	0
ENSMUSG00000102593.1	0
ENSMUSG00000102594.1	0
ENSMUSG00000102595.1	0
ENSMUSG00000102596.1	0
ENSMUSG00000102597.1	0
ENSMUSG00000102598.1	0
ENSMUSG00000102599.1	0.086366
ENSMUSG00000102600.1	0
ENSMUSG00000102601.1	0
ENSMUSG00000102602.1	0.00632
ENSMUSG00000102603.2	0
ENSMUSG00000102605.1	0.23636
ENSMUSG00000102606.1	0
ENSMUSG00000102607.1	0
ENSMUSG00000102608.1	0
ENSMUSG00000102609.1	0
ENSMUSG00000102610.1	0
ENSMUSG00000102611.1	0.106112
ENSMUSG00000102612.1	0
ENSMUSG00000102613.1	0
ENSMUSG00000102614.1	0
ENSMUSG00000102615.1	0.350219
ENSMUSG00000102616.1	0
ENSMUSG00000102617.1	0
ENSMUSG00000102618.1	0
ENSMUSG00000102619.1	0
ENSMUSG00000102620.1	0
ENSMUSG00000102621.1	0
ENSMUSG00000102622.1	0
ENSMUSG00000102623.1	0
ENSMUSG00000102624.1	0
ENSMUSG00000102625.1	0
ENSMUSG00000102626.1	0
ENSMUSG00000102627.1	398.979721
ENSMUSG00000102628.1	0
ENSMUSG00000102629.1	0
ENSMUSG00000102630.1	0
ENSMUSG00000102632.1	0.009192
ENSMUSG00000102633.1	0
ENSMUSG00000102634.1	0
ENSMUSG00000102635.1	0
ENSMUSG00000102636.1	0
ENSMUSG00000102637.1	0
ENSMUSG00000102639.1	0
ENSMUSG00000102641.1	0
ENSMUSG00000102642.1	0
ENSMUSG00000102643.1	0
ENSMUSG00000102644.5	0.693258
ENSMUSG00000102645.1	0
ENSMUSG00000102646.1	0
ENSMUSG00000102647.1	0
ENSMUSG00000102648.1	0
ENSMUSG00000102649.1	0
ENSMUSG00000102650.1	0
ENSMUSG00000102651.1	0
ENSMUSG00000102652.1	0.045876
ENSMUSG00000102653.1	0
ENSMUSG00000102654.1	0
ENSMUSG00000102655.1	0
ENSMUSG00000102656.1	0
ENSMUSG00000102657.1	0.003281
ENSMUSG00000102658.1	0
ENSMUSG00000102659.1	0
ENSMUSG00000102660.1	0
ENSMUSG00000102661.1	0
ENSMUSG00000102662.1	0
ENSMUSG00000102663.1	0
ENSMUSG00000102664.1	0
ENSMUSG00000102665.1	0
ENSMUSG00000102666.1	0
ENSMUSG00000102667.1	0
ENSMUSG00000102668.1	0
ENSMUSG00000102670.1	0
ENSMUSG00000102672.1	0
ENSMUSG00000102673.1	0
ENSMUSG00000102674.1	0.065292
ENSMUSG00000102676.1	0
ENSMUSG00000102677.1	0
ENSMUSG00000102678.1	0
ENSMUSG00000102679.1	0
ENSMUSG00000102680.1	0
ENSMUSG00000102681.1	0
ENSMUSG00000102682.5	0
ENSMUSG00000102683.1	0
ENSMUSG00000102684.1	0.033916
ENSMUSG00000102685.1	0
ENSMUSG00000102686.1	0
ENSMUSG00000102687.1	0
ENSMUSG00000102688.1	0
ENSMUSG00000102689.1	0
ENSMUSG00000102690.1	0
ENSMUSG00000102691.1	0.198218
ENSMUSG00000102692.1	0.063403
ENSMUSG00000102693.1	0
ENSMUSG00000102694.1	0
ENSMUSG00000102696.1	0
ENSMUSG00000102697.1	8.441386
ENSMUSG00000102698.1	0
ENSMUSG00000102699.1	0
ENSMUSG00000102700.1	0.017855
ENSMUSG00000102701.1	0
ENSMUSG00000102702.1	0
ENSMUSG00000102703.1	0
ENSMUSG00000102704.1	0
ENSMUSG00000102705.2	0
ENSMUSG00000102706.1	0
ENSMUSG00000102707.1	0
ENSMUSG00000102709.1	0
ENSMUSG00000102710.1	0
ENSMUSG00000102712.1	0.123858
ENSMUSG00000102713.1	0
ENSMUSG00000102714.1	0
ENSMUSG00000102715.1	0.084315
ENSMUSG00000102716.1	0
ENSMUSG00000102717.1	0
ENSMUSG00000102718.1	0
ENSMUSG00000102719.1	0.02294
ENSMUSG00000102721.1	0
ENSMUSG00000102722.1	0.208765
ENSMUSG00000102723.1	0
ENSMUSG00000102725.2	0
ENSMUSG00000102726.1	0
ENSMUSG00000102728.1	0
ENSMUSG00000102729.1	0.21849
ENSMUSG00000102730.1	0
ENSMUSG00000102731.1	0
ENSMUSG00000102732.1	0
ENSMUSG00000102733.1	0
ENSMUSG00000102734.1	0
ENSMUSG00000102735.1	0
ENSMUSG00000102737.1	0.553323
ENSMUSG00000102738.1	0
ENSMUSG00000102739.1	0
ENSMUSG00000102740.1	0
ENSMUSG00000102741.1	0
ENSMUSG00000102742.1	4.101777
ENSMUSG00000102743.1	0
ENSMUSG00000102744.1	0
ENSMUSG00000102745.1	0
ENSMUSG00000102746.1	0
ENSMUSG00000102747.1	0
ENSMUSG00000102748.1	2.524001
ENSMUSG00000102749.1	0
ENSMUSG00000102750.1	0
ENSMUSG00000102751.1	0
ENSMUSG00000102752.1	0.614079
ENSMUSG00000102753.1	0.481297
ENSMUSG00000102754.1	0
ENSMUSG00000102755.1	0
ENSMUSG00000102756.1	0
ENSMUSG00000102757.1	0
ENSMUSG00000102758.3	0.091834
ENSMUSG00000102759.1	0
ENSMUSG00000102760.1	0
ENSMUSG00000102761.1	0
ENSMUSG00000102762.1	0
ENSMUSG00000102763.1	0
ENSMUSG00000102764.1	0
ENSMUSG00000102765.1	0
ENSMUSG00000102766.1	0
ENSMUSG00000102768.1	0
ENSMUSG00000102769.1	0
ENSMUSG00000102770.1	0
ENSMUSG00000102771.1	0
ENSMUSG00000102772.5	0
ENSMUSG00000102773.1	0
ENSMUSG00000102774.1	0.510421
ENSMUSG00000102775.1	0
ENSMUSG00000102776.1	0.006339
ENSMUSG00000102777.1	0
ENSMUSG00000102778.1	1.173431
ENSMUSG00000102779.1	0
ENSMUSG00000102780.1	0
ENSMUSG00000102782.1	0
ENSMUSG00000102783.1	0
ENSMUSG00000102784.1	0
ENSMUSG00000102785.5	0
ENSMUSG00000102786.1	0
ENSMUSG00000102787.5	0
ENSMUSG00000102788.1	0
ENSMUSG00000102789.1	0
ENSMUSG00000102790.1	0
ENSMUSG00000102791.1	0
ENSMUSG00000102792.1	0
ENSMUSG00000102793.1	0
ENSMUSG00000102794.1	0
ENSMUSG00000102795.1	0
ENSMUSG00000102796.1	3.849313
ENSMUSG00000102797.1	0
ENSMUSG00000102799.1	0
ENSMUSG00000102800.1	0
ENSMUSG00000102801.1	0.008444
ENSMUSG00000102802.3	0
ENSMUSG00000102803.1	0
ENSMUSG00000102804.1	0
ENSMUSG00000102805.5	0.030899
ENSMUSG00000102806.1	0
ENSMUSG00000102807.1	0
ENSMUSG00000102808.1	0
ENSMUSG00000102809.1	0
ENSMUSG00000102810.1	0
ENSMUSG00000102813.1	0.012277
ENSMUSG00000102814.1	0
ENSMUSG00000102815.1	0
ENSMUSG00000102816.1	0
ENSMUSG00000102817.2	0
ENSMUSG00000102818.1	0
ENSMUSG00000102819.1	0
ENSMUSG00000102820.1	0
ENSMUSG00000102821.1	0
ENSMUSG00000102822.1	0
ENSMUSG00000102824.1	4.026362
ENSMUSG00000102825.1	0
ENSMUSG00000102826.1	0
ENSMUSG00000102827.1	0.187037
ENSMUSG00000102828.5	3.87361
ENSMUSG00000102830.1	0
ENSMUSG00000102831.1	0
ENSMUSG00000102832.1	0
ENSMUSG00000102833.1	0
ENSMUSG00000102834.2	0
ENSMUSG00000102835.5	0
ENSMUSG00000102836.1	0
ENSMUSG00000102837.1	0
ENSMUSG00000102838.1	0
ENSMUSG00000102839.1	0
ENSMUSG00000102840.1	0.07744
ENSMUSG00000102841.1	0
ENSMUSG00000102842.1	0
ENSMUSG00000102844.1	0
ENSMUSG00000102845.1	0
ENSMUSG00000102846.1	0
ENSMUSG00000102847.1	0
ENSMUSG00000102848.1	0
ENSMUSG00000102849.1	0
ENSMUSG00000102850.1	0
ENSMUSG00000102851.1	0
ENSMUSG00000102852.1	0
ENSMUSG00000102853.1	0
ENSMUSG00000102854.1	0.057767
ENSMUSG00000102855.1	0
ENSMUSG00000102856.1	0
ENSMUSG00000102857.1	0
ENSMUSG00000102858.1	0
ENSMUSG00000102859.1	0
ENSMUSG00000102860.1	0
ENSMUSG00000102861.1	0.077884
ENSMUSG00000102862.1	0.205265
ENSMUSG00000102863.1	0
ENSMUSG00000102864.1	0
ENSMUSG00000102865.1	0
ENSMUSG00000102866.1	0
ENSMUSG00000102867.1	0
ENSMUSG00000102868.1	0
ENSMUSG00000102869.2	190.936208
ENSMUSG00000102870.1	0
ENSMUSG00000102871.1	0
ENSMUSG00000102872.1	0
ENSMUSG00000102874.1	0
ENSMUSG00000102875.1	0
ENSMUSG00000102876.1	0
ENSMUSG00000102877.1	0
ENSMUSG00000102878.1	0
ENSMUSG00000102879.1	0
ENSMUSG00000102880.1	0
ENSMUSG00000102881.1	0.226127
ENSMUSG00000102882.1	0
ENSMUSG00000102883.1	0
ENSMUSG00000102884.1	0
ENSMUSG00000102885.1	0
ENSMUSG00000102886.1	0
ENSMUSG00000102887.1	0
ENSMUSG00000102888.1	0
ENSMUSG00000102889.1	0
ENSMUSG00000102890.1	0
ENSMUSG00000102891.1	0
ENSMUSG00000102892.1	0
ENSMUSG00000102893.1	0.007953
ENSMUSG00000102894.1	0
ENSMUSG00000102895.1	0.024253
ENSMUSG00000102896.1	0
ENSMUSG00000102897.1	0
ENSMUSG00000102899.1	0
ENSMUSG00000102900.1	0.601008
ENSMUSG00000102901.1	0
ENSMUSG00000102902.1	0
ENSMUSG00000102903.1	0
ENSMUSG00000102904.1	0
ENSMUSG00000102905.1	0
ENSMUSG00000102906.1	0
ENSMUSG00000102907.1	0
ENSMUSG00000102908.1	0
ENSMUSG00000102909.1	0
ENSMUSG00000102910.1	0
ENSMUSG00000102911.1	0
ENSMUSG00000102912.1	0
ENSMUSG00000102913.1	0
ENSMUSG00000102914.1	0
ENSMUSG00000102915.1	0
ENSMUSG00000102916.1	0
ENSMUSG00000102917.1	0.026831
ENSMUSG00000102918.1	23.808175
ENSMUSG00000102919.1	0.007554
ENSMUSG00000102920.1	0
ENSMUSG00000102921.1	0
ENSMUSG00000102922.1	0
ENSMUSG00000102923.1	0.322525
ENSMUSG00000102925.1	0
ENSMUSG00000102926.1	0
ENSMUSG00000102927.1	0
ENSMUSG00000102928.1	0
ENSMUSG00000102929.1	0
ENSMUSG00000102930.1	0
ENSMUSG00000102931.1	0
ENSMUSG00000102932.1	0
ENSMUSG00000102933.1	0
ENSMUSG00000102934.1	0
ENSMUSG00000102935.1	0
ENSMUSG00000102936.1	0.120663
ENSMUSG00000102937.1	0
ENSMUSG00000102939.1	0
ENSMUSG00000102940.1	0.010438
ENSMUSG00000102941.1	0
ENSMUSG00000102942.1	0
ENSMUSG00000102943.1	0
ENSMUSG00000102945.1	0
ENSMUSG00000102946.2	0
ENSMUSG00000102948.1	0
ENSMUSG00000102949.1	0
ENSMUSG00000102950.1	0
ENSMUSG00000102951.1	0
ENSMUSG00000102952.1	0
ENSMUSG00000102953.1	0.028631
ENSMUSG00000102955.1	0
ENSMUSG00000102956.1	0
ENSMUSG00000102957.1	0
ENSMUSG00000102958.1	0
ENSMUSG00000102959.1	0
ENSMUSG00000102960.1	0
ENSMUSG00000102961.1	0.246769
ENSMUSG00000102962.1	0
ENSMUSG00000102963.1	0
ENSMUSG00000102964.1	0.015531
ENSMUSG00000102965.1	0
ENSMUSG00000102966.1	0
ENSMUSG00000102967.1	0.157605
ENSMUSG00000102968.5	0
ENSMUSG00000102969.1	0.084436
ENSMUSG00000102970.1	0
ENSMUSG00000102971.1	0
ENSMUSG00000102972.1	0.191166
ENSMUSG00000102973.1	0
ENSMUSG00000102975.1	0
ENSMUSG00000102976.6	1.299389
ENSMUSG00000102977.5	0
ENSMUSG00000102979.1	0
ENSMUSG00000102980.1	0
ENSMUSG00000102981.1	0
ENSMUSG00000102982.1	0
ENSMUSG00000102983.1	0
ENSMUSG00000102984.1	0
ENSMUSG00000102985.1	0.31584
ENSMUSG00000102986.1	0
ENSMUSG00000102987.1	0
ENSMUSG00000102988.1	0
ENSMUSG00000102989.1	0
ENSMUSG00000102990.1	0
ENSMUSG00000102991.1	0
ENSMUSG00000102992.1	0
ENSMUSG00000102993.1	0
ENSMUSG00000102994.1	0
ENSMUSG00000102995.1	0.292451
ENSMUSG00000102997.1	2.139728
ENSMUSG00000102998.1	0
ENSMUSG00000102999.1	0
ENSMUSG00000103000.1	0
ENSMUSG00000103001.1	0
ENSMUSG00000103002.1	0.113089
ENSMUSG00000103003.1	0
ENSMUSG00000103004.1	0
ENSMUSG00000103005.1	0
ENSMUSG00000103006.1	0.082542
ENSMUSG00000103007.1	0
ENSMUSG00000103008.1	0
ENSMUSG00000103009.1	3.965884
ENSMUSG00000103010.1	0
ENSMUSG00000103011.1	0.10364
ENSMUSG00000103012.1	0.015407
ENSMUSG00000103013.1	0
ENSMUSG00000103015.1	0
ENSMUSG00000103016.1	0
ENSMUSG00000103017.1	0
ENSMUSG00000103018.1	0
ENSMUSG00000103020.1	0
ENSMUSG00000103021.1	0
ENSMUSG00000103023.1	0
ENSMUSG00000103024.1	0
ENSMUSG00000103025.1	0
ENSMUSG00000103026.1	0
ENSMUSG00000103027.1	0
ENSMUSG00000103028.1	0
ENSMUSG00000103029.5	0
ENSMUSG00000103030.1	0.0693
ENSMUSG00000103031.1	0
ENSMUSG00000103032.1	0
ENSMUSG00000103033.1	0
ENSMUSG00000103034.1	17.531929
ENSMUSG00000103035.1	0
ENSMUSG00000103037.1	1.966805
ENSMUSG00000103038.1	0
ENSMUSG00000103039.1	0.112722
ENSMUSG00000103041.1	1.147478
ENSMUSG00000103042.1	0.245796
ENSMUSG00000103043.1	0
ENSMUSG00000103044.1	0.080243
ENSMUSG00000103045.1	0
ENSMUSG00000103046.1	0
ENSMUSG00000103047.1	0.010038
ENSMUSG00000103049.1	0
ENSMUSG00000103050.1	0.076234
ENSMUSG00000103051.1	0
ENSMUSG00000103052.1	0
ENSMUSG00000103053.1	0.058935
ENSMUSG00000103054.1	0
ENSMUSG00000103055.1	0
ENSMUSG00000103056.1	0
ENSMUSG00000103058.1	0
ENSMUSG00000103059.1	0
ENSMUSG00000103060.1	0
ENSMUSG00000103061.1	0
ENSMUSG00000103062.1	0.070214
ENSMUSG00000103063.1	0
ENSMUSG00000103064.1	0
ENSMUSG00000103065.1	0
ENSMUSG00000103066.1	0
ENSMUSG00000103067.1	0
ENSMUSG00000103069.1	0
ENSMUSG00000103070.1	0
ENSMUSG00000103071.1	0
ENSMUSG00000103072.1	0
ENSMUSG00000103073.1	0
ENSMUSG00000103074.1	0
ENSMUSG00000103075.1	0
ENSMUSG00000103076.1	0
ENSMUSG00000103077.5	0
ENSMUSG00000103078.1	0
ENSMUSG00000103079.1	0
ENSMUSG00000103080.1	0
ENSMUSG00000103081.3	2.440193
ENSMUSG00000103082.1	0.372928
ENSMUSG00000103083.1	0
ENSMUSG00000103084.1	0
ENSMUSG00000103085.1	0
ENSMUSG00000103086.1	0
ENSMUSG00000103087.1	0
ENSMUSG00000103088.1	3.300482
ENSMUSG00000103089.1	0
ENSMUSG00000103090.1	0
ENSMUSG00000103091.1	0
ENSMUSG00000103092.1	0.936641
ENSMUSG00000103094.1	0
ENSMUSG00000103095.1	0
ENSMUSG00000103096.1	0
ENSMUSG00000103097.1	0
ENSMUSG00000103098.1	0
ENSMUSG00000103099.1	0
ENSMUSG00000103100.1	0
ENSMUSG00000103101.1	0
ENSMUSG00000103102.1	0
ENSMUSG00000103103.1	1.851025
ENSMUSG00000103105.5	0
ENSMUSG00000103106.1	0
ENSMUSG00000103107.1	0
ENSMUSG00000103108.2	0
ENSMUSG00000103110.1	0
ENSMUSG00000103111.1	0
ENSMUSG00000103112.1	0
ENSMUSG00000103113.1	0
ENSMUSG00000103114.1	0.291832
ENSMUSG00000103115.1	0.805387
ENSMUSG00000103116.1	0.125591
ENSMUSG00000103118.1	0
ENSMUSG00000103119.1	0.121282
ENSMUSG00000103120.1	0
ENSMUSG00000103121.1	0
ENSMUSG00000103122.1	0
ENSMUSG00000103123.1	0
ENSMUSG00000103124.1	0
ENSMUSG00000103125.1	0
ENSMUSG00000103127.1	0
ENSMUSG00000103129.1	0
ENSMUSG00000103130.1	0
ENSMUSG00000103131.1	0
ENSMUSG00000103132.1	0
ENSMUSG00000103133.1	0.040541
ENSMUSG00000103135.1	0.157017
ENSMUSG00000103136.1	0
ENSMUSG00000103137.1	0
ENSMUSG00000103138.1	0
ENSMUSG00000103139.1	0
ENSMUSG00000103140.1	0
ENSMUSG00000103141.1	0
ENSMUSG00000103142.1	0
ENSMUSG00000103143.1	0
ENSMUSG00000103144.1	1.191857
ENSMUSG00000103145.1	0
ENSMUSG00000103146.1	0.003508
ENSMUSG00000103147.1	0
ENSMUSG00000103148.1	0
ENSMUSG00000103149.1	0.141615
ENSMUSG00000103150.1	0
ENSMUSG00000103151.1	0
ENSMUSG00000103152.1	0
ENSMUSG00000103153.1	0
ENSMUSG00000103154.1	0
ENSMUSG00000103155.1	0
ENSMUSG00000103156.1	0
ENSMUSG00000103157.1	0
ENSMUSG00000103158.5	0
ENSMUSG00000103159.1	0
ENSMUSG00000103160.1	0.016065
ENSMUSG00000103161.1	0
ENSMUSG00000103162.1	0
ENSMUSG00000103163.1	0
ENSMUSG00000103164.1	0.101092
ENSMUSG00000103165.1	0
ENSMUSG00000103166.1	0
ENSMUSG00000103167.1	0
ENSMUSG00000103168.1	0
ENSMUSG00000103170.1	0.111613
ENSMUSG00000103172.1	0
ENSMUSG00000103174.1	0.351539
ENSMUSG00000103175.1	0
ENSMUSG00000103176.1	0
ENSMUSG00000103177.1	0
ENSMUSG00000103178.1	0
ENSMUSG00000103179.1	0
ENSMUSG00000103180.1	0
ENSMUSG00000103181.1	0.075698
ENSMUSG00000103182.1	0
ENSMUSG00000103183.1	0.07846
ENSMUSG00000103184.1	0
ENSMUSG00000103185.1	0
ENSMUSG00000103186.1	0
ENSMUSG00000103187.1	0
ENSMUSG00000103188.1	0
ENSMUSG00000103189.1	0.04178
ENSMUSG00000103190.5	0
ENSMUSG00000103191.1	0
ENSMUSG00000103192.1	0
ENSMUSG00000103193.1	0
ENSMUSG00000103194.1	0
ENSMUSG00000103195.1	0
ENSMUSG00000103196.1	0
ENSMUSG00000103197.1	0
ENSMUSG00000103198.1	0
ENSMUSG00000103199.1	0
ENSMUSG00000103200.1	0.060462
ENSMUSG00000103201.1	0
ENSMUSG00000103202.1	0
ENSMUSG00000103203.1	0
ENSMUSG00000103204.1	0
ENSMUSG00000103206.1	0.212712
ENSMUSG00000103207.1	0
ENSMUSG00000103208.1	0
ENSMUSG00000103209.1	0
ENSMUSG00000103210.1	0
ENSMUSG00000103211.1	0
ENSMUSG00000103213.1	0
ENSMUSG00000103214.1	0.009569
ENSMUSG00000103215.1	0
ENSMUSG00000103216.1	0
ENSMUSG00000103217.1	0.044848
ENSMUSG00000103218.1	0
ENSMUSG00000103219.1	0
ENSMUSG00000103220.1	0
ENSMUSG00000103221.1	0
ENSMUSG00000103222.1	0
ENSMUSG00000103223.1	0
ENSMUSG00000103224.1	0
ENSMUSG00000103225.1	0
ENSMUSG00000103226.1	0
ENSMUSG00000103227.1	0
ENSMUSG00000103228.1	0
ENSMUSG00000103230.1	0
ENSMUSG00000103231.1	0
ENSMUSG00000103232.1	0
ENSMUSG00000103233.1	0
ENSMUSG00000103234.1	0
ENSMUSG00000103236.1	0
ENSMUSG00000103237.1	0
ENSMUSG00000103238.1	0
ENSMUSG00000103239.1	0
ENSMUSG00000103240.1	0
ENSMUSG00000103241.1	0
ENSMUSG00000103242.1	0
ENSMUSG00000103243.1	0
ENSMUSG00000103244.1	0
ENSMUSG00000103245.1	0
ENSMUSG00000103246.1	0
ENSMUSG00000103247.1	0.015169
ENSMUSG00000103248.1	0
ENSMUSG00000103249.1	0
ENSMUSG00000103250.1	0
ENSMUSG00000103251.1	0
ENSMUSG00000103252.1	0
ENSMUSG00000103253.1	0
ENSMUSG00000103254.1	0
ENSMUSG00000103255.1	0.953808
ENSMUSG00000103256.1	0
ENSMUSG00000103257.1	0
ENSMUSG00000103258.1	0
ENSMUSG00000103259.1	0
ENSMUSG00000103260.1	0.150978
ENSMUSG00000103261.1	0
ENSMUSG00000103262.1	0
ENSMUSG00000103263.1	0
ENSMUSG00000103264.1	0
ENSMUSG00000103265.1	0
ENSMUSG00000103266.1	0
ENSMUSG00000103267.1	0
ENSMUSG00000103269.1	0
ENSMUSG00000103270.1	0
ENSMUSG00000103271.1	0
ENSMUSG00000103272.1	0
ENSMUSG00000103273.1	0.023672
ENSMUSG00000103274.1	0
ENSMUSG00000103275.1	0
ENSMUSG00000103276.1	0
ENSMUSG00000103277.1	0
ENSMUSG00000103279.1	0
ENSMUSG00000103280.1	0.269913
ENSMUSG00000103281.1	0
ENSMUSG00000103282.1	0
ENSMUSG00000103284.1	0
ENSMUSG00000103285.1	0
ENSMUSG00000103286.1	0
ENSMUSG00000103287.1	0
ENSMUSG00000103288.1	0
ENSMUSG00000103289.1	0
ENSMUSG00000103290.1	0
ENSMUSG00000103291.1	0
ENSMUSG00000103292.1	0
ENSMUSG00000103293.1	0
ENSMUSG00000103294.1	0
ENSMUSG00000103295.1	0
ENSMUSG00000103296.1	0
ENSMUSG00000103297.1	0
ENSMUSG00000103298.1	0
ENSMUSG00000103299.1	0
ENSMUSG00000103300.1	0
ENSMUSG00000103301.1	0
ENSMUSG00000103302.1	0
ENSMUSG00000103303.1	0
ENSMUSG00000103304.1	0
ENSMUSG00000103305.1	0
ENSMUSG00000103306.1	0
ENSMUSG00000103307.1	0
ENSMUSG00000103308.5	0.057489
ENSMUSG00000103309.1	0.801235
ENSMUSG00000103310.1	2.683621
ENSMUSG00000103311.1	0
ENSMUSG00000103312.1	0
ENSMUSG00000103313.1	0
ENSMUSG00000103314.1	0
ENSMUSG00000103315.1	0
ENSMUSG00000103317.1	0.01368
ENSMUSG00000103318.1	0
ENSMUSG00000103320.1	0
ENSMUSG00000103321.1	0
ENSMUSG00000103322.1	0
ENSMUSG00000103323.1	0
ENSMUSG00000103324.1	0.011618
ENSMUSG00000103325.1	0
ENSMUSG00000103327.1	0
ENSMUSG00000103328.1	0
ENSMUSG00000103329.2	0
ENSMUSG00000103330.1	0
ENSMUSG00000103331.1	0
ENSMUSG00000103332.1	2.97645
ENSMUSG00000103333.1	0
ENSMUSG00000103334.1	0.157377
ENSMUSG00000103336.1	0
ENSMUSG00000103338.1	0
ENSMUSG00000103339.1	0
ENSMUSG00000103340.1	0
ENSMUSG00000103341.1	0
ENSMUSG00000103343.1	0
ENSMUSG00000103345.1	0
ENSMUSG00000103346.1	0
ENSMUSG00000103347.1	0
ENSMUSG00000103348.1	0
ENSMUSG00000103349.1	0
ENSMUSG00000103350.1	0
ENSMUSG00000103351.1	0
ENSMUSG00000103352.1	0
ENSMUSG00000103353.1	0
ENSMUSG00000103354.1	0
ENSMUSG00000103355.1	0
ENSMUSG00000103356.1	0
ENSMUSG00000103357.1	0
ENSMUSG00000103358.1	0.027316
ENSMUSG00000103360.1	0
ENSMUSG00000103361.1	0
ENSMUSG00000103362.1	0
ENSMUSG00000103364.1	0
ENSMUSG00000103365.1	0
ENSMUSG00000103366.1	0.025652
ENSMUSG00000103367.1	0
ENSMUSG00000103368.1	0
ENSMUSG00000103369.1	0
ENSMUSG00000103370.1	0.020568
ENSMUSG00000103371.1	0
ENSMUSG00000103372.1	0
ENSMUSG00000103373.1	0
ENSMUSG00000103374.1	0
ENSMUSG00000103375.1	0
ENSMUSG00000103376.1	0
ENSMUSG00000103377.1	0
ENSMUSG00000103378.1	0.057857
ENSMUSG00000103379.1	0
ENSMUSG00000103380.1	0
ENSMUSG00000103382.1	0
ENSMUSG00000103383.1	0
ENSMUSG00000103384.1	0
ENSMUSG00000103385.1	0
ENSMUSG00000103386.1	0
ENSMUSG00000103387.1	0
ENSMUSG00000103388.1	0
ENSMUSG00000103389.1	0
ENSMUSG00000103390.1	0
ENSMUSG00000103391.1	0
ENSMUSG00000103392.1	0
ENSMUSG00000103393.1	0
ENSMUSG00000103394.1	0
ENSMUSG00000103395.1	0
ENSMUSG00000103396.1	0
ENSMUSG00000103397.1	0
ENSMUSG00000103398.1	0
ENSMUSG00000103399.1	0
ENSMUSG00000103400.2	0.670471
ENSMUSG00000103401.1	0
ENSMUSG00000103402.1	0
ENSMUSG00000103403.1	0.041676
ENSMUSG00000103404.1	0
ENSMUSG00000103406.1	0
ENSMUSG00000103407.1	0
ENSMUSG00000103408.1	0.104512
ENSMUSG00000103409.2	0.516681
ENSMUSG00000103410.1	0
ENSMUSG00000103411.1	0
ENSMUSG00000103412.1	0
ENSMUSG00000103413.1	0
ENSMUSG00000103415.1	0.127654
ENSMUSG00000103416.1	0
ENSMUSG00000103417.1	0
ENSMUSG00000103419.1	0
ENSMUSG00000103420.1	0
ENSMUSG00000103421.1	0.01944
ENSMUSG00000103422.1	0
ENSMUSG00000103423.1	0.045498
ENSMUSG00000103424.1	0
ENSMUSG00000103425.1	0
ENSMUSG00000103426.1	0
ENSMUSG00000103427.1	0
ENSMUSG00000103428.1	1.614459
ENSMUSG00000103430.1	0
ENSMUSG00000103431.5	0
ENSMUSG00000103432.1	0
ENSMUSG00000103433.1	0
ENSMUSG00000103434.1	0
ENSMUSG00000103435.1	0
ENSMUSG00000103436.1	0.227778
ENSMUSG00000103437.1	0
ENSMUSG00000103438.1	0
ENSMUSG00000103439.1	0
ENSMUSG00000103440.1	0
ENSMUSG00000103441.1	0.073218
ENSMUSG00000103442.5	0.174594
ENSMUSG00000103443.1	0
ENSMUSG00000103444.1	0
ENSMUSG00000103445.1	0.027378
ENSMUSG00000103446.1	0
ENSMUSG00000103448.1	0
ENSMUSG00000103449.1	0
ENSMUSG00000103451.1	0.391481
ENSMUSG00000103452.1	0
ENSMUSG00000103454.1	0
ENSMUSG00000103456.1	0
ENSMUSG00000103457.1	0
ENSMUSG00000103458.1	0
ENSMUSG00000103459.1	0
ENSMUSG00000103460.1	0
ENSMUSG00000103461.1	0
ENSMUSG00000103462.5	0
ENSMUSG00000103463.1	0
ENSMUSG00000103464.1	0.083999
ENSMUSG00000103465.1	0
ENSMUSG00000103466.1	0
ENSMUSG00000103467.1	0
ENSMUSG00000103468.1	0
ENSMUSG00000103469.1	0.12242
ENSMUSG00000103470.1	0
ENSMUSG00000103471.1	0
ENSMUSG00000103472.1	5.036102
ENSMUSG00000103473.1	0.344471
ENSMUSG00000103474.1	0
ENSMUSG00000103475.1	0
ENSMUSG00000103476.1	4.015596
ENSMUSG00000103477.1	1.127105
ENSMUSG00000103478.1	0
ENSMUSG00000103479.1	0
ENSMUSG00000103481.1	0
ENSMUSG00000103482.1	0
ENSMUSG00000103483.1	0
ENSMUSG00000103484.1	0
ENSMUSG00000103485.1	0
ENSMUSG00000103486.1	0.81997
ENSMUSG00000103487.1	0
ENSMUSG00000103488.1	0
ENSMUSG00000103489.1	0
ENSMUSG00000103491.1	0
ENSMUSG00000103492.1	0.047327
ENSMUSG00000103493.1	0
ENSMUSG00000103494.1	0
ENSMUSG00000103495.1	0
ENSMUSG00000103497.1	0.073782
ENSMUSG00000103498.1	0
ENSMUSG00000103499.5	0
ENSMUSG00000103500.1	0
ENSMUSG00000103501.1	0
ENSMUSG00000103502.1	0.356145
ENSMUSG00000103503.1	0
ENSMUSG00000103504.1	0
ENSMUSG00000103505.1	0
ENSMUSG00000103506.1	0
ENSMUSG00000103507.1	0
ENSMUSG00000103509.1	0.014551
ENSMUSG00000103510.1	0
ENSMUSG00000103511.1	0
ENSMUSG00000103512.1	0
ENSMUSG00000103513.1	0
ENSMUSG00000103514.1	0
ENSMUSG00000103516.1	0
ENSMUSG00000103517.1	0
ENSMUSG00000103518.1	0
ENSMUSG00000103519.1	0
ENSMUSG00000103520.1	0.413083
ENSMUSG00000103521.1	0
ENSMUSG00000103522.1	0
ENSMUSG00000103523.1	0
ENSMUSG00000103524.1	0
ENSMUSG00000103525.1	0.034143
ENSMUSG00000103526.1	0
ENSMUSG00000103527.1	0
ENSMUSG00000103528.1	0
ENSMUSG00000103529.1	0.136967
ENSMUSG00000103530.1	0
ENSMUSG00000103531.1	0
ENSMUSG00000103532.1	1.977578
ENSMUSG00000103533.1	0
ENSMUSG00000103534.1	0
ENSMUSG00000103535.1	0
ENSMUSG00000103536.1	0
ENSMUSG00000103537.1	0
ENSMUSG00000103538.3	0
ENSMUSG00000103539.1	0
ENSMUSG00000103540.1	0.079273
ENSMUSG00000103541.1	0
ENSMUSG00000103542.1	0
ENSMUSG00000103543.1	0
ENSMUSG00000103544.2	0
ENSMUSG00000103545.1	0
ENSMUSG00000103546.1	0
ENSMUSG00000103547.1	0
ENSMUSG00000103548.1	0.349009
ENSMUSG00000103549.1	0
ENSMUSG00000103552.1	0
ENSMUSG00000103553.1	0.012419
ENSMUSG00000103554.1	0
ENSMUSG00000103555.1	0
ENSMUSG00000103556.1	0
ENSMUSG00000103557.1	0
ENSMUSG00000103558.1	0
ENSMUSG00000103559.1	0
ENSMUSG00000103560.1	0
ENSMUSG00000103561.1	0
ENSMUSG00000103562.1	0
ENSMUSG00000103563.1	0
ENSMUSG00000103564.1	0
ENSMUSG00000103566.1	0
ENSMUSG00000103567.1	2.909348
ENSMUSG00000103568.1	0
ENSMUSG00000103569.1	0
ENSMUSG00000103570.1	0.148913
ENSMUSG00000103571.1	0
ENSMUSG00000103572.1	0
ENSMUSG00000103573.1	0
ENSMUSG00000103574.1	0.953391
ENSMUSG00000103575.1	0
ENSMUSG00000103576.1	0
ENSMUSG00000103577.1	0
ENSMUSG00000103579.1	0
ENSMUSG00000103580.1	0
ENSMUSG00000103581.1	0
ENSMUSG00000103583.1	0.046688
ENSMUSG00000103584.1	0
ENSMUSG00000103585.1	1.501793
ENSMUSG00000103586.5	0
ENSMUSG00000103587.1	0
ENSMUSG00000103588.1	0
ENSMUSG00000103589.5	0
ENSMUSG00000103590.1	0
ENSMUSG00000103591.1	0
ENSMUSG00000103592.1	0
ENSMUSG00000103593.1	0
ENSMUSG00000103594.1	0
ENSMUSG00000103595.1	0
ENSMUSG00000103596.1	0
ENSMUSG00000103597.1	0
ENSMUSG00000103598.1	0
ENSMUSG00000103599.1	0.2341
ENSMUSG00000103600.1	0
ENSMUSG00000103601.1	0
ENSMUSG00000103602.1	0
ENSMUSG00000103603.1	0.171837
ENSMUSG00000103604.1	0
ENSMUSG00000103606.1	0
ENSMUSG00000103607.1	0
ENSMUSG00000103608.1	0
ENSMUSG00000103609.1	0
ENSMUSG00000103610.1	0
ENSMUSG00000103611.1	0
ENSMUSG00000103612.1	0
ENSMUSG00000103613.1	0.035143
ENSMUSG00000103614.1	0
ENSMUSG00000103615.5	0
ENSMUSG00000103616.1	0
ENSMUSG00000103617.1	0
ENSMUSG00000103618.1	0
ENSMUSG00000103620.1	0
ENSMUSG00000103621.1	0.03189
ENSMUSG00000103622.1	0.086385
ENSMUSG00000103624.1	0
ENSMUSG00000103625.1	0.00951
ENSMUSG00000103626.1	0
ENSMUSG00000103628.1	0
ENSMUSG00000103629.1	0
ENSMUSG00000103630.1	0.102782
ENSMUSG00000103631.1	0
ENSMUSG00000103632.1	0.553947
ENSMUSG00000103633.1	0
ENSMUSG00000103634.1	0
ENSMUSG00000103635.1	0
ENSMUSG00000103636.1	0
ENSMUSG00000103637.1	0
ENSMUSG00000103638.1	0
ENSMUSG00000103639.1	0
ENSMUSG00000103640.1	0.170031
ENSMUSG00000103641.1	0
ENSMUSG00000103642.1	0
ENSMUSG00000103643.1	0
ENSMUSG00000103644.1	0
ENSMUSG00000103646.1	0
ENSMUSG00000103647.1	0
ENSMUSG00000103649.1	0
ENSMUSG00000103650.1	0
ENSMUSG00000103651.1	0.029063
ENSMUSG00000103652.1	0
ENSMUSG00000103653.1	0.603302
ENSMUSG00000103654.1	0
ENSMUSG00000103655.1	0
ENSMUSG00000103656.1	0
ENSMUSG00000103657.1	0
ENSMUSG00000103658.1	0
ENSMUSG00000103659.1	0.07808
ENSMUSG00000103660.5	0
ENSMUSG00000103662.1	0.020571
ENSMUSG00000103663.1	0
ENSMUSG00000103664.5	0
ENSMUSG00000103665.1	0
ENSMUSG00000103666.1	0.054159
ENSMUSG00000103667.1	0
ENSMUSG00000103668.1	0
ENSMUSG00000103669.1	0
ENSMUSG00000103670.1	0
ENSMUSG00000103672.1	0
ENSMUSG00000103673.1	0
ENSMUSG00000103675.1	0
ENSMUSG00000103676.1	0
ENSMUSG00000103677.1	3.347336
ENSMUSG00000103678.1	0
ENSMUSG00000103679.1	0
ENSMUSG00000103680.1	0
ENSMUSG00000103681.5	0
ENSMUSG00000103684.1	0
ENSMUSG00000103685.1	0
ENSMUSG00000103686.1	0
ENSMUSG00000103688.1	0
ENSMUSG00000103689.1	0
ENSMUSG00000103690.1	0
ENSMUSG00000103691.1	0
ENSMUSG00000103692.1	0
ENSMUSG00000103693.1	0
ENSMUSG00000103694.1	0
ENSMUSG00000103695.1	0.220347
ENSMUSG00000103696.1	0
ENSMUSG00000103697.1	0.04982
ENSMUSG00000103698.1	0
ENSMUSG00000103699.1	0
ENSMUSG00000103700.1	0
ENSMUSG00000103701.1	0
ENSMUSG00000103702.1	0
ENSMUSG00000103703.2	0.454566
ENSMUSG00000103704.1	0
ENSMUSG00000103705.1	0
ENSMUSG00000103706.1	0
ENSMUSG00000103707.5	1.566772
ENSMUSG00000103708.1	0
ENSMUSG00000103709.1	0
ENSMUSG00000103710.1	0
ENSMUSG00000103711.1	0.604979
ENSMUSG00000103712.1	0
ENSMUSG00000103713.1	0.968894
ENSMUSG00000103714.1	0
ENSMUSG00000103715.1	3.146962
ENSMUSG00000103716.1	0
ENSMUSG00000103717.1	0
ENSMUSG00000103718.1	0
ENSMUSG00000103719.1	0
ENSMUSG00000103720.1	0
ENSMUSG00000103722.1	0.009135
ENSMUSG00000103723.1	0
ENSMUSG00000103724.1	0
ENSMUSG00000103725.1	0
ENSMUSG00000103726.1	0
ENSMUSG00000103727.1	0
ENSMUSG00000103728.1	0
ENSMUSG00000103729.1	0
ENSMUSG00000103730.1	0
ENSMUSG00000103731.1	1.824852
ENSMUSG00000103732.1	0
ENSMUSG00000103733.1	0
ENSMUSG00000103734.1	0
ENSMUSG00000103735.1	0
ENSMUSG00000103736.1	0
ENSMUSG00000103737.1	0
ENSMUSG00000103738.1	0
ENSMUSG00000103739.1	0
ENSMUSG00000103740.1	0
ENSMUSG00000103741.1	0
ENSMUSG00000103742.1	0
ENSMUSG00000103744.1	0
ENSMUSG00000103745.1	0
ENSMUSG00000103746.1	0.282903
ENSMUSG00000103747.1	0
ENSMUSG00000103748.1	0
ENSMUSG00000103749.1	3.104438
ENSMUSG00000103751.1	0
ENSMUSG00000103752.5	0
ENSMUSG00000103753.1	0.016212
ENSMUSG00000103754.1	0
ENSMUSG00000103755.1	1.1913
ENSMUSG00000103756.1	0
ENSMUSG00000103757.1	0
ENSMUSG00000103758.1	0
ENSMUSG00000103759.1	0
ENSMUSG00000103760.1	0
ENSMUSG00000103761.1	0
ENSMUSG00000103762.1	0
ENSMUSG00000103763.1	0
ENSMUSG00000103764.1	0
ENSMUSG00000103765.1	0
ENSMUSG00000103766.5	0
ENSMUSG00000103767.1	0
ENSMUSG00000103768.1	0
ENSMUSG00000103769.1	0
ENSMUSG00000103770.1	1.668415
ENSMUSG00000103771.1	0
ENSMUSG00000103772.1	0
ENSMUSG00000103773.1	0
ENSMUSG00000103774.1	0
ENSMUSG00000103775.1	0
ENSMUSG00000103776.1	0
ENSMUSG00000103778.1	0
ENSMUSG00000103779.1	0
ENSMUSG00000103780.1	0
ENSMUSG00000103781.1	0
ENSMUSG00000103782.1	0
ENSMUSG00000103783.1	0
ENSMUSG00000103784.1	0
ENSMUSG00000103785.1	0.306269
ENSMUSG00000103786.1	0
ENSMUSG00000103787.1	0
ENSMUSG00000103788.1	0
ENSMUSG00000103789.1	0
ENSMUSG00000103790.1	0
ENSMUSG00000103791.1	0
ENSMUSG00000103792.1	0
ENSMUSG00000103793.1	3.945678
ENSMUSG00000103794.1	0
ENSMUSG00000103795.1	0
ENSMUSG00000103796.1	0
ENSMUSG00000103797.1	0
ENSMUSG00000103798.1	0
ENSMUSG00000103799.1	0
ENSMUSG00000103800.1	0.053783
ENSMUSG00000103801.1	0
ENSMUSG00000103802.1	0
ENSMUSG00000103803.1	0
ENSMUSG00000103804.1	0
ENSMUSG00000103805.1	0
ENSMUSG00000103807.1	0
ENSMUSG00000103808.1	0
ENSMUSG00000103809.1	0
ENSMUSG00000103810.1	0
ENSMUSG00000103811.1	0
ENSMUSG00000103812.5	0
ENSMUSG00000103813.5	0
ENSMUSG00000103814.1	0
ENSMUSG00000103815.1	0
ENSMUSG00000103816.1	0
ENSMUSG00000103817.1	0
ENSMUSG00000103818.1	0
ENSMUSG00000103819.1	0
ENSMUSG00000103821.1	0.066112
ENSMUSG00000103822.1	0
ENSMUSG00000103823.1	0
ENSMUSG00000103824.1	0
ENSMUSG00000103825.1	0
ENSMUSG00000103827.1	0.339798
ENSMUSG00000103828.1	0
ENSMUSG00000103829.5	0
ENSMUSG00000103830.1	0
ENSMUSG00000103831.1	0.01645
ENSMUSG00000103832.1	0
ENSMUSG00000103833.1	0
ENSMUSG00000103834.1	0
ENSMUSG00000103835.1	0
ENSMUSG00000103837.1	0
ENSMUSG00000103839.1	0.240532
ENSMUSG00000103840.1	0
ENSMUSG00000103841.1	0
ENSMUSG00000103842.1	0
ENSMUSG00000103843.1	0
ENSMUSG00000103844.1	0
ENSMUSG00000103845.1	0.058457
ENSMUSG00000103846.1	0
ENSMUSG00000103847.1	0.081727
ENSMUSG00000103848.1	0
ENSMUSG00000103849.1	0
ENSMUSG00000103850.1	0
ENSMUSG00000103851.1	0.009533
ENSMUSG00000103852.1	0
ENSMUSG00000103854.1	0
ENSMUSG00000103856.1	0
ENSMUSG00000103857.1	0.052037
ENSMUSG00000103858.1	0
ENSMUSG00000103859.1	0
ENSMUSG00000103860.1	0
ENSMUSG00000103862.3	0
ENSMUSG00000103863.2	0
ENSMUSG00000103864.1	0.208958
ENSMUSG00000103865.1	0
ENSMUSG00000103867.1	0
ENSMUSG00000103869.1	0
ENSMUSG00000103870.1	0
ENSMUSG00000103871.1	0
ENSMUSG00000103872.5	0
ENSMUSG00000103873.1	0
ENSMUSG00000103874.1	0
ENSMUSG00000103875.1	0
ENSMUSG00000103876.1	0
ENSMUSG00000103877.2	0
ENSMUSG00000103878.1	0
ENSMUSG00000103880.1	0.154919
ENSMUSG00000103881.1	0
ENSMUSG00000103882.1	0
ENSMUSG00000103883.1	0
ENSMUSG00000103884.1	0
ENSMUSG00000103885.1	0
ENSMUSG00000103886.1	0
ENSMUSG00000103887.1	0
ENSMUSG00000103889.1	0
ENSMUSG00000103890.1	0
ENSMUSG00000103891.1	0
ENSMUSG00000103892.1	0
ENSMUSG00000103893.1	0
ENSMUSG00000103894.1	0
ENSMUSG00000103895.1	0
ENSMUSG00000103896.1	0
ENSMUSG00000103897.1	2.268323
ENSMUSG00000103898.1	0.41574
ENSMUSG00000103899.1	0.018228
ENSMUSG00000103900.1	0.243401
ENSMUSG00000103901.1	0.56866
ENSMUSG00000103902.1	0
ENSMUSG00000103903.1	0
ENSMUSG00000103904.1	0
ENSMUSG00000103905.1	0
ENSMUSG00000103906.1	2.217672
ENSMUSG00000103907.1	0
ENSMUSG00000103908.1	0
ENSMUSG00000103909.1	0
ENSMUSG00000103911.1	0
ENSMUSG00000103912.1	0
ENSMUSG00000103913.1	0
ENSMUSG00000103914.1	0
ENSMUSG00000103915.1	0
ENSMUSG00000103916.1	0
ENSMUSG00000103917.1	0
ENSMUSG00000103918.1	0
ENSMUSG00000103919.1	0
ENSMUSG00000103920.1	0.008279
ENSMUSG00000103921.1	0
ENSMUSG00000103922.1	6.051693
ENSMUSG00000103923.1	0
ENSMUSG00000103924.1	0
ENSMUSG00000103925.1	0.166214
ENSMUSG00000103926.1	0
ENSMUSG00000103927.1	0
ENSMUSG00000103928.1	0.148757
ENSMUSG00000103929.1	0
ENSMUSG00000103930.1	0
ENSMUSG00000103931.1	0
ENSMUSG00000103932.1	0
ENSMUSG00000103933.1	0
ENSMUSG00000103934.1	0
ENSMUSG00000103935.1	0
ENSMUSG00000103936.1	0
ENSMUSG00000103937.1	0
ENSMUSG00000103938.1	0
ENSMUSG00000103939.1	0
ENSMUSG00000103940.1	0
ENSMUSG00000103942.1	0
ENSMUSG00000103943.5	0
ENSMUSG00000103944.1	0
ENSMUSG00000103945.1	0
ENSMUSG00000103947.1	0.43525
ENSMUSG00000103948.1	0
ENSMUSG00000103949.1	0
ENSMUSG00000103950.1	0
ENSMUSG00000103951.1	0
ENSMUSG00000103952.1	0.011496
ENSMUSG00000103953.1	1.393653
ENSMUSG00000103954.5	0
ENSMUSG00000103955.1	0
ENSMUSG00000103956.1	0
ENSMUSG00000103957.1	0.326183
ENSMUSG00000103958.1	0
ENSMUSG00000103959.2	0
ENSMUSG00000103960.1	0
ENSMUSG00000103961.1	0.056103
ENSMUSG00000103962.1	0
ENSMUSG00000103963.1	0
ENSMUSG00000103964.1	0.443158
ENSMUSG00000103965.1	0
ENSMUSG00000103966.1	0.082378
ENSMUSG00000103967.1	0.207221
ENSMUSG00000103968.1	0
ENSMUSG00000103969.1	0
ENSMUSG00000103970.1	0
ENSMUSG00000103971.1	0.027598
ENSMUSG00000103972.1	0
ENSMUSG00000103973.1	0
ENSMUSG00000103975.1	0
ENSMUSG00000103976.1	0
ENSMUSG00000103977.5	0
ENSMUSG00000103978.1	0
ENSMUSG00000103979.1	0
ENSMUSG00000103980.1	0
ENSMUSG00000103981.1	0
ENSMUSG00000103982.1	0
ENSMUSG00000103983.1	0.093394
ENSMUSG00000103984.1	0
ENSMUSG00000103985.1	0.007077
ENSMUSG00000103986.1	0.173139
ENSMUSG00000103987.1	0
ENSMUSG00000103989.1	0
ENSMUSG00000103990.1	0
ENSMUSG00000103991.1	0.019744
ENSMUSG00000103992.1	0
ENSMUSG00000103993.1	0
ENSMUSG00000103994.1	0
ENSMUSG00000103995.1	0.039385
ENSMUSG00000103996.1	0
ENSMUSG00000103997.1	0
ENSMUSG00000103998.1	0.166842
ENSMUSG00000103999.1	0
ENSMUSG00000104000.1	0.034758
ENSMUSG00000104001.1	0
ENSMUSG00000104002.2	0.047245
ENSMUSG00000104004.1	0
ENSMUSG00000104006.1	0
ENSMUSG00000104007.1	0
ENSMUSG00000104009.1	0
ENSMUSG00000104010.1	0
ENSMUSG00000104011.1	4.1588
ENSMUSG00000104012.1	0
ENSMUSG00000104013.1	0
ENSMUSG00000104014.1	0
ENSMUSG00000104015.1	0
ENSMUSG00000104016.1	0
ENSMUSG00000104017.1	0
ENSMUSG00000104018.1	0
ENSMUSG00000104020.1	0
ENSMUSG00000104021.1	0.035817
ENSMUSG00000104022.1	0.644303
ENSMUSG00000104023.1	0
ENSMUSG00000104024.1	0
ENSMUSG00000104025.1	0
ENSMUSG00000104026.1	0.193612
ENSMUSG00000104027.1	0
ENSMUSG00000104028.1	0
ENSMUSG00000104029.1	0
ENSMUSG00000104030.1	0
ENSMUSG00000104031.1	0.057755
ENSMUSG00000104032.1	0
ENSMUSG00000104033.1	0.288373
ENSMUSG00000104034.1	0
ENSMUSG00000104035.1	0
ENSMUSG00000104036.1	0
ENSMUSG00000104037.1	0
ENSMUSG00000104038.1	0
ENSMUSG00000104039.1	0
ENSMUSG00000104040.1	0.020968
ENSMUSG00000104041.1	0
ENSMUSG00000104042.1	0
ENSMUSG00000104043.1	0
ENSMUSG00000104044.1	0
ENSMUSG00000104045.1	0
ENSMUSG00000104046.1	0
ENSMUSG00000104048.1	0
ENSMUSG00000104050.1	0
ENSMUSG00000104051.1	0
ENSMUSG00000104052.1	0
ENSMUSG00000104053.1	0
ENSMUSG00000104054.1	0
ENSMUSG00000104055.1	0
ENSMUSG00000104057.1	0
ENSMUSG00000104059.1	0
ENSMUSG00000104060.1	0
ENSMUSG00000104061.1	0
ENSMUSG00000104062.5	0
ENSMUSG00000104063.1	2.132035
ENSMUSG00000104064.1	0
ENSMUSG00000104065.1	0
ENSMUSG00000104066.1	0
ENSMUSG00000104067.1	0
ENSMUSG00000104068.1	0
ENSMUSG00000104069.1	0
ENSMUSG00000104070.1	0
ENSMUSG00000104071.1	0
ENSMUSG00000104072.1	0
ENSMUSG00000104073.1	0
ENSMUSG00000104074.1	0
ENSMUSG00000104075.1	0
ENSMUSG00000104076.1	0
ENSMUSG00000104077.1	0
ENSMUSG00000104078.1	0
ENSMUSG00000104079.1	0
ENSMUSG00000104080.1	0.029362
ENSMUSG00000104081.1	0
ENSMUSG00000104082.2	0
ENSMUSG00000104083.1	0
ENSMUSG00000104084.1	0
ENSMUSG00000104085.1	0
ENSMUSG00000104086.1	0
ENSMUSG00000104087.1	0
ENSMUSG00000104088.1	0
ENSMUSG00000104089.1	0
ENSMUSG00000104091.1	0
ENSMUSG00000104092.2	0
ENSMUSG00000104093.1	0.291395
ENSMUSG00000104094.1	0
ENSMUSG00000104095.1	0
ENSMUSG00000104096.1	0
ENSMUSG00000104097.1	0
ENSMUSG00000104098.1	0
ENSMUSG00000104099.1	0
ENSMUSG00000104100.1	0
ENSMUSG00000104101.1	0
ENSMUSG00000104102.1	0
ENSMUSG00000104103.1	0
ENSMUSG00000104104.1	0
ENSMUSG00000104105.1	0
ENSMUSG00000104106.1	0.03429
ENSMUSG00000104107.1	0
ENSMUSG00000104108.1	0
ENSMUSG00000104109.1	0
ENSMUSG00000104110.1	0
ENSMUSG00000104111.1	0
ENSMUSG00000104112.1	0
ENSMUSG00000104113.1	0.433795
ENSMUSG00000104114.1	0
ENSMUSG00000104115.1	0
ENSMUSG00000104116.1	0.010206
ENSMUSG00000104117.5	0.220578
ENSMUSG00000104118.1	0
ENSMUSG00000104120.1	0
ENSMUSG00000104121.1	0
ENSMUSG00000104122.1	0
ENSMUSG00000104123.1	0
ENSMUSG00000104125.1	0
ENSMUSG00000104126.1	0.242056
ENSMUSG00000104127.1	0
ENSMUSG00000104129.1	0
ENSMUSG00000104130.1	0
ENSMUSG00000104131.5	0
ENSMUSG00000104132.1	0
ENSMUSG00000104133.1	0
ENSMUSG00000104134.1	0
ENSMUSG00000104135.1	0
ENSMUSG00000104136.1	0
ENSMUSG00000104137.1	0
ENSMUSG00000104138.1	0
ENSMUSG00000104140.1	0.018589
ENSMUSG00000104141.1	0
ENSMUSG00000104142.1	0
ENSMUSG00000104144.1	0
ENSMUSG00000104145.1	0
ENSMUSG00000104146.1	0
ENSMUSG00000104147.1	0
ENSMUSG00000104148.5	0.773162
ENSMUSG00000104149.1	0
ENSMUSG00000104150.2	0.038325
ENSMUSG00000104152.1	0
ENSMUSG00000104153.1	0
ENSMUSG00000104154.1	0
ENSMUSG00000104155.1	0.16307
ENSMUSG00000104156.2	0
ENSMUSG00000104157.1	0.082891
ENSMUSG00000104158.2	0
ENSMUSG00000104159.1	0
ENSMUSG00000104161.1	0
ENSMUSG00000104162.1	0
ENSMUSG00000104163.1	0
ENSMUSG00000104164.1	0
ENSMUSG00000104165.1	0
ENSMUSG00000104166.1	0
ENSMUSG00000104167.1	0
ENSMUSG00000104168.1	0.475454
ENSMUSG00000104169.1	0
ENSMUSG00000104170.1	0
ENSMUSG00000104171.1	0
ENSMUSG00000104172.1	0
ENSMUSG00000104173.1	0
ENSMUSG00000104174.1	0
ENSMUSG00000104175.1	0
ENSMUSG00000104176.1	0
ENSMUSG00000104177.1	0
ENSMUSG00000104178.1	0.346484
ENSMUSG00000104180.1	0
ENSMUSG00000104181.1	0
ENSMUSG00000104182.1	0
ENSMUSG00000104183.1	0
ENSMUSG00000104184.1	0
ENSMUSG00000104185.1	0
ENSMUSG00000104186.1	0
ENSMUSG00000104187.1	0
ENSMUSG00000104188.1	0
ENSMUSG00000104189.1	0
ENSMUSG00000104190.1	0.058214
ENSMUSG00000104191.1	0
ENSMUSG00000104192.1	0
ENSMUSG00000104194.1	0
ENSMUSG00000104195.1	0.68439
ENSMUSG00000104197.1	0
ENSMUSG00000104198.1	0
ENSMUSG00000104199.1	0
ENSMUSG00000104200.1	0
ENSMUSG00000104201.1	0
ENSMUSG00000104202.1	0
ENSMUSG00000104203.1	0
ENSMUSG00000104204.1	0.095652
ENSMUSG00000104205.1	0
ENSMUSG00000104206.1	0
ENSMUSG00000104207.1	0
ENSMUSG00000104208.1	0.472816
ENSMUSG00000104209.1	0
ENSMUSG00000104210.1	0
ENSMUSG00000104211.1	0
ENSMUSG00000104212.1	0
ENSMUSG00000104213.5	0.326751
ENSMUSG00000104214.1	0.042192
ENSMUSG00000104215.1	0
ENSMUSG00000104216.1	0
ENSMUSG00000104217.1	0.253637
ENSMUSG00000104218.1	0.15084
ENSMUSG00000104219.1	0
ENSMUSG00000104220.1	0
ENSMUSG00000104221.1	0
ENSMUSG00000104222.1	11.569411
ENSMUSG00000104223.1	0
ENSMUSG00000104224.1	0
ENSMUSG00000104225.1	0
ENSMUSG00000104226.1	0
ENSMUSG00000104227.1	0
ENSMUSG00000104228.1	0
ENSMUSG00000104229.1	0
ENSMUSG00000104230.1	0
ENSMUSG00000104231.1	0
ENSMUSG00000104232.1	0
ENSMUSG00000104233.1	0
ENSMUSG00000104234.1	0
ENSMUSG00000104235.1	0.01468
ENSMUSG00000104236.1	0
ENSMUSG00000104237.1	0
ENSMUSG00000104238.1	0
ENSMUSG00000104239.1	0
ENSMUSG00000104240.1	0
ENSMUSG00000104241.1	0.366554
ENSMUSG00000104242.1	0
ENSMUSG00000104243.1	0
ENSMUSG00000104244.1	0
ENSMUSG00000104245.1	0.010834
ENSMUSG00000104247.1	0
ENSMUSG00000104248.1	0
ENSMUSG00000104249.1	0
ENSMUSG00000104251.1	0
ENSMUSG00000104252.5	3.992898
ENSMUSG00000104253.1	0.175044
ENSMUSG00000104254.1	0
ENSMUSG00000104255.1	0
ENSMUSG00000104256.2	0
ENSMUSG00000104257.1	0
ENSMUSG00000104258.1	0
ENSMUSG00000104259.1	0
ENSMUSG00000104260.1	0
ENSMUSG00000104261.1	0
ENSMUSG00000104262.1	0
ENSMUSG00000104263.1	0
ENSMUSG00000104264.1	0.103749
ENSMUSG00000104265.1	0
ENSMUSG00000104266.1	0.087262
ENSMUSG00000104267.1	0
ENSMUSG00000104268.1	1.323525
ENSMUSG00000104269.1	0
ENSMUSG00000104270.1	0
ENSMUSG00000104271.1	0
ENSMUSG00000104272.1	0
ENSMUSG00000104273.1	0
ENSMUSG00000104274.1	0
ENSMUSG00000104275.1	0
ENSMUSG00000104276.1	0
ENSMUSG00000104277.1	0.108594
ENSMUSG00000104278.1	0
ENSMUSG00000104279.1	1.35689
ENSMUSG00000104280.1	0
ENSMUSG00000104281.1	0
ENSMUSG00000104282.1	0
ENSMUSG00000104283.1	0
ENSMUSG00000104284.1	0
ENSMUSG00000104285.1	0
ENSMUSG00000104286.1	0
ENSMUSG00000104287.1	0
ENSMUSG00000104288.1	0
ENSMUSG00000104289.5	0
ENSMUSG00000104290.1	0
ENSMUSG00000104291.1	0
ENSMUSG00000104292.1	0
ENSMUSG00000104293.1	0
ENSMUSG00000104294.1	0
ENSMUSG00000104295.1	0
ENSMUSG00000104296.1	0
ENSMUSG00000104297.1	0
ENSMUSG00000104298.1	0
ENSMUSG00000104299.1	0.21025
ENSMUSG00000104301.3	0
ENSMUSG00000104302.1	0
ENSMUSG00000104303.1	2.581933
ENSMUSG00000104304.1	0
ENSMUSG00000104306.1	0
ENSMUSG00000104307.1	0
ENSMUSG00000104308.1	0
ENSMUSG00000104309.1	0.069665
ENSMUSG00000104310.1	0.101197
ENSMUSG00000104311.1	0
ENSMUSG00000104312.1	0
ENSMUSG00000104313.1	0
ENSMUSG00000104314.1	0
ENSMUSG00000104315.1	0
ENSMUSG00000104316.1	0
ENSMUSG00000104317.1	0
ENSMUSG00000104318.1	0.847668
ENSMUSG00000104319.1	0
ENSMUSG00000104320.1	0
ENSMUSG00000104321.1	0
ENSMUSG00000104323.1	0
ENSMUSG00000104324.1	0
ENSMUSG00000104325.1	0
ENSMUSG00000104326.1	0
ENSMUSG00000104327.1	0
ENSMUSG00000104328.1	0
ENSMUSG00000104329.1	0
ENSMUSG00000104330.1	0.22557
ENSMUSG00000104331.1	0
ENSMUSG00000104332.1	0
ENSMUSG00000104333.1	0.110126
ENSMUSG00000104334.1	0
ENSMUSG00000104335.1	0
ENSMUSG00000104336.1	0
ENSMUSG00000104337.1	0
ENSMUSG00000104338.1	0
ENSMUSG00000104339.1	0
ENSMUSG00000104340.1	0
ENSMUSG00000104341.1	0
ENSMUSG00000104342.1	0
ENSMUSG00000104343.1	0
ENSMUSG00000104344.1	0.009132
ENSMUSG00000104345.5	0
ENSMUSG00000104346.1	3.164925
ENSMUSG00000104347.1	0
ENSMUSG00000104348.1	0.187086
ENSMUSG00000104349.1	0
ENSMUSG00000104350.1	0
ENSMUSG00000104351.1	0
ENSMUSG00000104352.1	0
ENSMUSG00000104354.1	0
ENSMUSG00000104355.1	0
ENSMUSG00000104356.1	0
ENSMUSG00000104358.1	0
ENSMUSG00000104360.1	0
ENSMUSG00000104361.1	0
ENSMUSG00000104362.1	0.148803
ENSMUSG00000104363.1	0
ENSMUSG00000104364.1	0
ENSMUSG00000104365.1	0
ENSMUSG00000104366.1	0
ENSMUSG00000104367.1	0
ENSMUSG00000104368.1	0
ENSMUSG00000104369.1	0
ENSMUSG00000104370.1	0
ENSMUSG00000104371.1	0
ENSMUSG00000104373.1	0
ENSMUSG00000104374.1	0
ENSMUSG00000104375.1	0
ENSMUSG00000104376.1	0
ENSMUSG00000104377.1	0
ENSMUSG00000104378.1	0
ENSMUSG00000104379.1	0.028092
ENSMUSG00000104380.1	0
ENSMUSG00000104381.1	0
ENSMUSG00000104382.1	0
ENSMUSG00000104383.1	0
ENSMUSG00000104384.1	0
ENSMUSG00000104385.1	0
ENSMUSG00000104386.1	0
ENSMUSG00000104388.1	0
ENSMUSG00000104390.1	0
ENSMUSG00000104391.1	0
ENSMUSG00000104392.1	0.030173
ENSMUSG00000104393.1	0
ENSMUSG00000104394.2	0.225704
ENSMUSG00000104395.1	0
ENSMUSG00000104396.1	0.0103
ENSMUSG00000104397.1	0
ENSMUSG00000104398.1	0
ENSMUSG00000104399.1	0.32097
ENSMUSG00000104400.1	0
ENSMUSG00000104401.1	0
ENSMUSG00000104402.1	0
ENSMUSG00000104403.1	0
ENSMUSG00000104404.1	0
ENSMUSG00000104405.1	0.106112
ENSMUSG00000104406.1	0
ENSMUSG00000104407.5	0
ENSMUSG00000104408.1	0
ENSMUSG00000104409.5	0
ENSMUSG00000104410.1	0
ENSMUSG00000104411.1	0.12476
ENSMUSG00000104412.1	0
ENSMUSG00000104413.1	0
ENSMUSG00000104414.1	0
ENSMUSG00000104415.1	0.416906
ENSMUSG00000104416.1	0
ENSMUSG00000104417.1	0.181385
ENSMUSG00000104418.1	0
ENSMUSG00000104419.1	0
ENSMUSG00000104420.1	0
ENSMUSG00000104422.1	0
ENSMUSG00000104423.1	0
ENSMUSG00000104424.1	0
ENSMUSG00000104425.5	0
ENSMUSG00000104426.1	0
ENSMUSG00000104427.1	0
ENSMUSG00000104428.1	0
ENSMUSG00000104429.1	0
ENSMUSG00000104430.1	0
ENSMUSG00000104431.1	0
ENSMUSG00000104432.1	0
ENSMUSG00000104433.1	0
ENSMUSG00000104434.1	0
ENSMUSG00000104435.1	0.00617
ENSMUSG00000104436.1	0
ENSMUSG00000104437.1	0
ENSMUSG00000104438.1	0
ENSMUSG00000104439.1	0
ENSMUSG00000104440.1	0
ENSMUSG00000104441.1	0
ENSMUSG00000104442.1	0
ENSMUSG00000104443.1	0
ENSMUSG00000104444.1	1.21928
ENSMUSG00000104445.1	0.079588
ENSMUSG00000104446.1	0
ENSMUSG00000104448.1	0
ENSMUSG00000104449.1	0
ENSMUSG00000104450.1	0
ENSMUSG00000104451.1	0
ENSMUSG00000104452.1	0
ENSMUSG00000104453.1	0
ENSMUSG00000104454.1	0
ENSMUSG00000104455.1	0
ENSMUSG00000104456.1	0
ENSMUSG00000104457.1	0
ENSMUSG00000104459.1	0.018318
ENSMUSG00000104460.1	0
ENSMUSG00000104461.1	0
ENSMUSG00000104462.1	0
ENSMUSG00000104464.1	0
ENSMUSG00000104465.1	0
ENSMUSG00000104466.1	0
ENSMUSG00000104467.1	0.036031
ENSMUSG00000104468.1	0
ENSMUSG00000104469.1	0
ENSMUSG00000104470.1	0
ENSMUSG00000104471.1	0
ENSMUSG00000104472.1	0
ENSMUSG00000104473.1	0
ENSMUSG00000104474.1	0
ENSMUSG00000104476.1	0
ENSMUSG00000104477.1	0
ENSMUSG00000104478.1	0
ENSMUSG00000104479.1	0
ENSMUSG00000104480.1	0
ENSMUSG00000104481.1	0
ENSMUSG00000104482.1	0
ENSMUSG00000104484.1	0
ENSMUSG00000104485.1	0
ENSMUSG00000104486.1	0
ENSMUSG00000104487.1	0
ENSMUSG00000104488.1	0
ENSMUSG00000104489.1	0
ENSMUSG00000104490.1	0
ENSMUSG00000104491.1	0
ENSMUSG00000104493.1	0
ENSMUSG00000104494.1	1.163821
ENSMUSG00000104496.1	0.050315
ENSMUSG00000104497.1	0
ENSMUSG00000104498.1	0.540588
ENSMUSG00000104499.5	0
ENSMUSG00000104500.5	0
ENSMUSG00000104501.1	0
ENSMUSG00000104502.1	0
ENSMUSG00000104503.1	0
ENSMUSG00000104504.1	0
ENSMUSG00000104505.5	0
ENSMUSG00000104506.5	0
ENSMUSG00000104507.1	2.005478
ENSMUSG00000104508.1	0
ENSMUSG00000104509.1	0.012524
ENSMUSG00000104510.1	0
ENSMUSG00000104511.1	0
ENSMUSG00000104512.1	0.043567
ENSMUSG00000104513.1	0
ENSMUSG00000104514.1	0
ENSMUSG00000104515.1	0
ENSMUSG00000104516.1	0
ENSMUSG00000104517.1	0
ENSMUSG00000104518.1	0
ENSMUSG00000104519.1	0
ENSMUSG00000104520.1	0
ENSMUSG00000104521.1	0
ENSMUSG00000104522.5	0
ENSMUSG00000104523.1	0
ENSMUSG00000104524.1	0
ENSMUSG00000104525.1	0
ENSMUSG00000104526.1	0
ENSMUSG00000104527.1	0
ENSMUSG00000104528.1	0
ENSMUSG00000104529.4	0
ENSMUSG00000104530.1	0
ENSMUSG00000104531.1	0
ENSMUSG00000104532.1	0
ENSMUSG00000104533.1	0
ENSMUSG00000104534.1	0
ENSMUSG00000104535.1	0.007127
ENSMUSG00000104536.1	0
ENSMUSG00000104537.1	0
ENSMUSG00000104538.1	0
ENSMUSG00000104539.1	0
ENSMUSG00000104540.1	0
ENSMUSG00000104541.1	0
ENSMUSG00000104542.1	0
ENSMUSG00000104543.1	0
ENSMUSG00000104544.4	0
ENSMUSG00000104545.1	0
ENSMUSG00000104546.1	0
ENSMUSG00000104547.1	0
ENSMUSG00000104548.1	0.096543
ENSMUSG00000104549.1	0
ENSMUSG00000104550.1	0
ENSMUSG00000104551.1	0
ENSMUSG00000104552.1	0
ENSMUSG00000104553.1	0
ENSMUSG00000104554.1	0
ENSMUSG00000104555.1	0
ENSMUSG00000104556.1	0
ENSMUSG00000104557.1	0
ENSMUSG00000104558.1	0
ENSMUSG00000104559.1	0.093661
ENSMUSG00000104560.1	0
ENSMUSG00000104561.1	0
ENSMUSG00000104562.1	0
ENSMUSG00000104563.1	0
ENSMUSG00000104564.1	0
ENSMUSG00000104566.1	0
ENSMUSG00000104567.1	0
ENSMUSG00000104568.1	0
ENSMUSG00000104569.1	0
ENSMUSG00000104570.1	0
ENSMUSG00000104571.1	0
ENSMUSG00000104572.5	0.023132
ENSMUSG00000104573.1	0
ENSMUSG00000104574.1	0
ENSMUSG00000104575.1	0
ENSMUSG00000104576.1	0
ENSMUSG00000104577.1	0
ENSMUSG00000104578.1	0
ENSMUSG00000104579.1	0
ENSMUSG00000104580.1	0
ENSMUSG00000104581.1	0
ENSMUSG00000104582.1	0
ENSMUSG00000104583.1	0
ENSMUSG00000104584.1	0
ENSMUSG00000104585.1	0
ENSMUSG00000104586.1	0.345826
ENSMUSG00000104587.1	0
ENSMUSG00000104588.1	0
ENSMUSG00000104589.1	0
ENSMUSG00000104590.2	0
ENSMUSG00000104591.1	0
ENSMUSG00000104592.1	0
ENSMUSG00000104593.1	0
ENSMUSG00000104594.1	0
ENSMUSG00000104595.1	0
ENSMUSG00000104596.1	0
ENSMUSG00000104597.1	1.120745
ENSMUSG00000104598.1	0
ENSMUSG00000104599.1	0
ENSMUSG00000104600.4	0
ENSMUSG00000104601.1	0.109804
ENSMUSG00000104602.1	0
ENSMUSG00000104603.1	0
ENSMUSG00000104604.1	0
ENSMUSG00000104605.1	0.235794
ENSMUSG00000104606.1	0
ENSMUSG00000104607.1	0
ENSMUSG00000104608.1	0
ENSMUSG00000104609.1	0
ENSMUSG00000104610.1	0
ENSMUSG00000104612.1	0
ENSMUSG00000104613.1	0
ENSMUSG00000104614.5	0
ENSMUSG00000104615.1	0
ENSMUSG00000104616.1	0
ENSMUSG00000104617.1	0
ENSMUSG00000104618.1	0
ENSMUSG00000104619.1	0
ENSMUSG00000104620.1	0.166008
ENSMUSG00000104621.1	0
ENSMUSG00000104622.1	0
ENSMUSG00000104623.1	0.092942
ENSMUSG00000104624.1	0
ENSMUSG00000104625.1	0
ENSMUSG00000104626.1	0
ENSMUSG00000104627.1	0
ENSMUSG00000104628.1	0
ENSMUSG00000104629.1	0
ENSMUSG00000104630.1	0
ENSMUSG00000104631.1	0.039954
ENSMUSG00000104632.1	0
ENSMUSG00000104633.1	0
ENSMUSG00000104634.1	0
ENSMUSG00000104635.1	0
ENSMUSG00000104636.1	0
ENSMUSG00000104637.1	0
ENSMUSG00000104638.1	0
ENSMUSG00000104639.1	0
ENSMUSG00000104640.1	0
ENSMUSG00000104641.1	0
ENSMUSG00000104642.1	0.061504
ENSMUSG00000104643.1	0
ENSMUSG00000104644.1	0
ENSMUSG00000104645.1	0.102169
ENSMUSG00000104646.1	0
ENSMUSG00000104647.1	0
ENSMUSG00000104648.1	0
ENSMUSG00000104649.1	0.223297
ENSMUSG00000104650.1	0
ENSMUSG00000104651.1	0.288726
ENSMUSG00000104652.1	0
ENSMUSG00000104653.1	0
ENSMUSG00000104654.1	0.234007
ENSMUSG00000104655.1	0
ENSMUSG00000104656.1	0
ENSMUSG00000104657.1	0
ENSMUSG00000104658.4	0
ENSMUSG00000104659.1	0
ENSMUSG00000104660.1	0
ENSMUSG00000104661.1	0
ENSMUSG00000104662.1	0.622931
ENSMUSG00000104663.1	0
ENSMUSG00000104664.1	0
ENSMUSG00000104665.1	0
ENSMUSG00000104666.1	0
ENSMUSG00000104667.1	0.013521
ENSMUSG00000104668.1	0
ENSMUSG00000104669.1	0
ENSMUSG00000104670.1	0
ENSMUSG00000104671.1	0.490587
ENSMUSG00000104672.1	0
ENSMUSG00000104673.1	0
ENSMUSG00000104674.1	0.42536
ENSMUSG00000104675.1	0
ENSMUSG00000104676.1	0
ENSMUSG00000104677.1	0
ENSMUSG00000104678.1	0
ENSMUSG00000104679.1	0
ENSMUSG00000104680.1	0
ENSMUSG00000104681.1	0
ENSMUSG00000104682.1	0.271733
ENSMUSG00000104683.1	0
ENSMUSG00000104684.1	0.012643
ENSMUSG00000104685.1	0
ENSMUSG00000104686.1	0.064996
ENSMUSG00000104687.1	0
ENSMUSG00000104688.1	0
ENSMUSG00000104689.1	0
ENSMUSG00000104690.1	0
ENSMUSG00000104691.1	0
ENSMUSG00000104692.1	0
ENSMUSG00000104693.1	0
ENSMUSG00000104694.1	0.236193
ENSMUSG00000104695.1	0
ENSMUSG00000104696.1	0
ENSMUSG00000104697.1	0
ENSMUSG00000104698.1	0
ENSMUSG00000104699.1	0.060802
ENSMUSG00000104700.1	0
ENSMUSG00000104701.1	0
ENSMUSG00000104702.1	0
ENSMUSG00000104703.1	0
ENSMUSG00000104704.1	0
ENSMUSG00000104705.1	0.082146
ENSMUSG00000104706.1	0
ENSMUSG00000104707.1	0
ENSMUSG00000104708.1	0
ENSMUSG00000104709.1	0
ENSMUSG00000104710.1	0
ENSMUSG00000104711.1	0
ENSMUSG00000104712.1	0
ENSMUSG00000104713.4	0.09816
ENSMUSG00000104714.1	0
ENSMUSG00000104715.1	0
ENSMUSG00000104716.1	0
ENSMUSG00000104717.1	0
ENSMUSG00000104718.1	0
ENSMUSG00000104719.1	0
ENSMUSG00000104720.1	0
ENSMUSG00000104721.1	0
ENSMUSG00000104722.1	0
ENSMUSG00000104723.1	0
ENSMUSG00000104724.1	0
ENSMUSG00000104725.1	0
ENSMUSG00000104726.1	0
ENSMUSG00000104727.1	0
ENSMUSG00000104728.1	0.165337
ENSMUSG00000104729.1	0
ENSMUSG00000104730.1	0
ENSMUSG00000104731.1	0
ENSMUSG00000104732.1	0
ENSMUSG00000104733.1	0
ENSMUSG00000104734.1	0
ENSMUSG00000104735.1	0
ENSMUSG00000104736.1	0
ENSMUSG00000104737.1	0
ENSMUSG00000104738.1	0
ENSMUSG00000104739.1	0
ENSMUSG00000104740.1	0
ENSMUSG00000104741.1	0
ENSMUSG00000104742.1	0
ENSMUSG00000104743.1	0
ENSMUSG00000104744.1	0
ENSMUSG00000104745.1	0
ENSMUSG00000104746.1	0
ENSMUSG00000104747.1	0
ENSMUSG00000104748.1	0
ENSMUSG00000104749.1	0
ENSMUSG00000104750.1	0
ENSMUSG00000104751.1	0
ENSMUSG00000104752.1	0
ENSMUSG00000104753.1	0
ENSMUSG00000104754.1	0
ENSMUSG00000104755.1	0
ENSMUSG00000104756.1	0
ENSMUSG00000104757.1	0
ENSMUSG00000104758.1	0
ENSMUSG00000104759.2	0
ENSMUSG00000104760.1	0
ENSMUSG00000104761.1	0
ENSMUSG00000104762.1	0
ENSMUSG00000104763.1	0
ENSMUSG00000104764.1	0
ENSMUSG00000104765.1	0
ENSMUSG00000104766.1	0
ENSMUSG00000104767.1	0
ENSMUSG00000104768.1	0
ENSMUSG00000104769.1	0
ENSMUSG00000104770.1	0
ENSMUSG00000104771.1	0
ENSMUSG00000104772.1	0
ENSMUSG00000104773.1	0
ENSMUSG00000104774.1	0
ENSMUSG00000104775.1	0
ENSMUSG00000104776.1	0.215389
ENSMUSG00000104777.1	0
ENSMUSG00000104778.1	0.120848
ENSMUSG00000104779.1	0
ENSMUSG00000104780.1	0
ENSMUSG00000104781.1	0
ENSMUSG00000104782.1	0
ENSMUSG00000104783.1	0
ENSMUSG00000104784.1	0.069159
ENSMUSG00000104785.1	0
ENSMUSG00000104786.1	0.640656
ENSMUSG00000104787.1	0
ENSMUSG00000104788.1	0
ENSMUSG00000104789.1	0
ENSMUSG00000104790.1	0
ENSMUSG00000104791.1	0
ENSMUSG00000104792.1	0
ENSMUSG00000104793.1	0
ENSMUSG00000104794.1	0
ENSMUSG00000104795.1	0.317212
ENSMUSG00000104796.1	1.018751
ENSMUSG00000104797.1	0
ENSMUSG00000104798.1	0
ENSMUSG00000104799.1	0
ENSMUSG00000104800.1	0
ENSMUSG00000104801.1	0
ENSMUSG00000104802.1	0.162374
ENSMUSG00000104803.1	0
ENSMUSG00000104804.1	0
ENSMUSG00000104805.1	0
ENSMUSG00000104806.1	0
ENSMUSG00000104807.1	0.834521
ENSMUSG00000104808.1	0
ENSMUSG00000104809.1	0
ENSMUSG00000104810.1	0
ENSMUSG00000104811.1	0
ENSMUSG00000104812.1	0
ENSMUSG00000104813.1	0
ENSMUSG00000104814.1	0.027319
ENSMUSG00000104815.1	0
ENSMUSG00000104816.1	0
ENSMUSG00000104817.1	0
ENSMUSG00000104818.1	0
ENSMUSG00000104819.1	0
ENSMUSG00000104820.1	0
ENSMUSG00000104821.1	0
ENSMUSG00000104822.1	0
ENSMUSG00000104823.1	0.011917
ENSMUSG00000104824.1	0
ENSMUSG00000104825.1	0
ENSMUSG00000104826.1	0
ENSMUSG00000104827.1	0
ENSMUSG00000104828.1	0
ENSMUSG00000104829.1	0
ENSMUSG00000104830.1	0.016064
ENSMUSG00000104831.1	0
ENSMUSG00000104832.1	0
ENSMUSG00000104833.1	0.227626
ENSMUSG00000104834.1	0
ENSMUSG00000104835.4	0
ENSMUSG00000104836.1	0
ENSMUSG00000104837.1	0
ENSMUSG00000104838.1	0
ENSMUSG00000104839.1	0
ENSMUSG00000104840.1	0
ENSMUSG00000104841.1	0
ENSMUSG00000104842.1	0
ENSMUSG00000104843.1	0.0238
ENSMUSG00000104844.1	0
ENSMUSG00000104845.1	0
ENSMUSG00000104846.1	0
ENSMUSG00000104847.1	0
ENSMUSG00000104848.1	0
ENSMUSG00000104849.1	0
ENSMUSG00000104850.1	0.12165
ENSMUSG00000104851.1	0
ENSMUSG00000104852.1	0
ENSMUSG00000104853.2	0
ENSMUSG00000104854.1	0
ENSMUSG00000104855.1	0
ENSMUSG00000104856.1	0.398031
ENSMUSG00000104857.1	0
ENSMUSG00000104858.1	0
ENSMUSG00000104859.1	0
ENSMUSG00000104860.1	0
ENSMUSG00000104861.1	4.693339
ENSMUSG00000104862.1	0
ENSMUSG00000104863.1	0
ENSMUSG00000104864.1	0
ENSMUSG00000104865.1	0
ENSMUSG00000104866.1	0
ENSMUSG00000104867.1	0
ENSMUSG00000104868.1	1.269055
ENSMUSG00000104869.1	0
ENSMUSG00000104870.1	0
ENSMUSG00000104871.1	0
ENSMUSG00000104872.1	0
ENSMUSG00000104873.1	0
ENSMUSG00000104874.1	0
ENSMUSG00000104875.1	0
ENSMUSG00000104876.1	0.030388
ENSMUSG00000104877.1	0
ENSMUSG00000104878.1	0
ENSMUSG00000104879.1	0
ENSMUSG00000104880.1	0
ENSMUSG00000104881.1	0
ENSMUSG00000104882.1	0
ENSMUSG00000104883.1	0
ENSMUSG00000104884.1	0
ENSMUSG00000104885.1	0
ENSMUSG00000104886.1	0
ENSMUSG00000104887.1	0
ENSMUSG00000104888.1	0
ENSMUSG00000104889.1	0
ENSMUSG00000104890.1	0
ENSMUSG00000104891.1	0
ENSMUSG00000104892.1	0
ENSMUSG00000104893.1	0
ENSMUSG00000104894.4	0
ENSMUSG00000104895.1	0
ENSMUSG00000104896.1	0
ENSMUSG00000104897.1	0
ENSMUSG00000104898.1	0
ENSMUSG00000104899.1	0
ENSMUSG00000104900.1	0
ENSMUSG00000104901.1	0.073839
ENSMUSG00000104902.1	0
ENSMUSG00000104903.1	0
ENSMUSG00000104904.1	0.061026
ENSMUSG00000104905.1	0.016675
ENSMUSG00000104906.1	0
ENSMUSG00000104908.1	0
ENSMUSG00000104909.1	0
ENSMUSG00000104910.1	0
ENSMUSG00000104911.1	0
ENSMUSG00000104912.1	0
ENSMUSG00000104913.1	1.135481
ENSMUSG00000104914.1	0
ENSMUSG00000104915.1	0
ENSMUSG00000104916.1	0
ENSMUSG00000104917.1	0
ENSMUSG00000104918.1	0
ENSMUSG00000104919.1	0
ENSMUSG00000104920.1	0
ENSMUSG00000104921.1	0
ENSMUSG00000104922.1	0
ENSMUSG00000104923.1	0.182566
ENSMUSG00000104924.1	0
ENSMUSG00000104925.1	0
ENSMUSG00000104926.1	0
ENSMUSG00000104927.1	0
ENSMUSG00000104928.1	0
ENSMUSG00000104929.1	0
ENSMUSG00000104930.1	0
ENSMUSG00000104931.1	0
ENSMUSG00000104932.1	0
ENSMUSG00000104933.1	0
ENSMUSG00000104934.1	0
ENSMUSG00000104935.1	0
ENSMUSG00000104936.1	0
ENSMUSG00000104937.1	0.219907
ENSMUSG00000104938.1	0.189113
ENSMUSG00000104939.1	0
ENSMUSG00000104940.1	0
ENSMUSG00000104941.1	0
ENSMUSG00000104942.1	0
ENSMUSG00000104943.1	0
ENSMUSG00000104944.1	0
ENSMUSG00000104945.1	0.029851
ENSMUSG00000104946.1	0
ENSMUSG00000104947.1	0
ENSMUSG00000104948.1	0
ENSMUSG00000104949.1	0
ENSMUSG00000104950.1	1.251094
ENSMUSG00000104951.1	0.060505
ENSMUSG00000104952.1	0
ENSMUSG00000104953.1	0
ENSMUSG00000104954.1	0
ENSMUSG00000104955.1	0
ENSMUSG00000104956.1	0
ENSMUSG00000104957.1	0
ENSMUSG00000104958.1	0
ENSMUSG00000104959.1	0
ENSMUSG00000104960.1	117.37943
ENSMUSG00000104961.1	0
ENSMUSG00000104962.1	0
ENSMUSG00000104963.1	0
ENSMUSG00000104964.1	0
ENSMUSG00000104965.1	0.645187
ENSMUSG00000104966.1	0
ENSMUSG00000104967.1	0
ENSMUSG00000104968.1	0
ENSMUSG00000104969.1	0.087822
ENSMUSG00000104970.1	0.872371
ENSMUSG00000104971.1	0
ENSMUSG00000104972.1	0
ENSMUSG00000104973.1	0.053085
ENSMUSG00000104974.1	0
ENSMUSG00000104975.1	0
ENSMUSG00000104976.1	0
ENSMUSG00000104978.1	0
ENSMUSG00000104979.1	0
ENSMUSG00000104980.1	0
ENSMUSG00000104981.1	0
ENSMUSG00000104982.1	0
ENSMUSG00000104983.1	0
ENSMUSG00000104984.1	0
ENSMUSG00000104985.1	0.223769
ENSMUSG00000104986.1	0.269975
ENSMUSG00000104987.1	0
ENSMUSG00000104988.1	0.045627
ENSMUSG00000104989.1	0
ENSMUSG00000104990.1	0
ENSMUSG00000104991.1	0
ENSMUSG00000104992.1	0
ENSMUSG00000104993.1	0
ENSMUSG00000104994.1	0
ENSMUSG00000104995.1	0
ENSMUSG00000104996.1	0
ENSMUSG00000104997.1	0
ENSMUSG00000104998.1	0
ENSMUSG00000104999.1	0.030714
ENSMUSG00000105000.1	0
ENSMUSG00000105001.1	0
ENSMUSG00000105002.1	0
ENSMUSG00000105003.1	0.076458
ENSMUSG00000105004.1	0.007515
ENSMUSG00000105005.1	0
ENSMUSG00000105006.1	0.399348
ENSMUSG00000105007.1	0
ENSMUSG00000105008.1	0
ENSMUSG00000105009.1	0
ENSMUSG00000105010.1	0
ENSMUSG00000105011.1	0
ENSMUSG00000105012.1	0
ENSMUSG00000105013.1	0
ENSMUSG00000105014.1	0
ENSMUSG00000105015.1	0
ENSMUSG00000105016.1	0
ENSMUSG00000105017.1	0
ENSMUSG00000105018.1	0
ENSMUSG00000105019.1	0
ENSMUSG00000105020.1	0
ENSMUSG00000105021.1	0.030119
ENSMUSG00000105023.1	0
ENSMUSG00000105024.1	0
ENSMUSG00000105025.1	0.398031
ENSMUSG00000105026.1	0
ENSMUSG00000105027.1	0
ENSMUSG00000105028.1	0
ENSMUSG00000105029.1	0
ENSMUSG00000105030.1	0
ENSMUSG00000105031.1	0.450087
ENSMUSG00000105032.1	0
ENSMUSG00000105033.1	0
ENSMUSG00000105034.1	0
ENSMUSG00000105035.1	0
ENSMUSG00000105036.1	0
ENSMUSG00000105037.1	0
ENSMUSG00000105038.1	0
ENSMUSG00000105039.1	0.047707
ENSMUSG00000105040.1	0
ENSMUSG00000105041.1	0
ENSMUSG00000105042.1	0
ENSMUSG00000105043.1	0
ENSMUSG00000105044.1	0.119635
ENSMUSG00000105045.1	0
ENSMUSG00000105046.1	0
ENSMUSG00000105047.1	0
ENSMUSG00000105048.1	0
ENSMUSG00000105049.1	0
ENSMUSG00000105050.1	0
ENSMUSG00000105051.1	0
ENSMUSG00000105052.4	0
ENSMUSG00000105053.1	0
ENSMUSG00000105054.1	0
ENSMUSG00000105055.1	8.069385
ENSMUSG00000105056.1	0
ENSMUSG00000105057.1	0
ENSMUSG00000105058.1	0
ENSMUSG00000105059.1	0.046883
ENSMUSG00000105060.1	0
ENSMUSG00000105061.1	0
ENSMUSG00000105062.1	0
ENSMUSG00000105063.1	0
ENSMUSG00000105064.1	0
ENSMUSG00000105065.1	0.043278
ENSMUSG00000105066.1	0
ENSMUSG00000105067.1	0
ENSMUSG00000105068.1	0
ENSMUSG00000105070.1	0
ENSMUSG00000105071.1	0
ENSMUSG00000105072.1	1.055614
ENSMUSG00000105073.1	0
ENSMUSG00000105074.1	0
ENSMUSG00000105075.1	0
ENSMUSG00000105076.1	0.172664
ENSMUSG00000105077.1	0
ENSMUSG00000105078.2	0.286273
ENSMUSG00000105079.1	0
ENSMUSG00000105080.1	0
ENSMUSG00000105081.1	0
ENSMUSG00000105082.2	0
ENSMUSG00000105083.1	0
ENSMUSG00000105084.1	0
ENSMUSG00000105085.1	0.307362
ENSMUSG00000105086.1	0
ENSMUSG00000105087.1	0
ENSMUSG00000105088.1	0
ENSMUSG00000105089.2	0
ENSMUSG00000105090.1	0
ENSMUSG00000105091.1	0
ENSMUSG00000105092.1	0
ENSMUSG00000105093.1	0
ENSMUSG00000105094.1	0
ENSMUSG00000105095.1	0.173683
ENSMUSG00000105096.1	0
ENSMUSG00000105097.1	0
ENSMUSG00000105098.1	0
ENSMUSG00000105099.1	0
ENSMUSG00000105100.1	0
ENSMUSG00000105101.1	0
ENSMUSG00000105102.1	0
ENSMUSG00000105103.1	0
ENSMUSG00000105104.1	0
ENSMUSG00000105105.1	0
ENSMUSG00000105106.1	0
ENSMUSG00000105107.1	0.021217
ENSMUSG00000105108.1	0
ENSMUSG00000105109.1	0
ENSMUSG00000105110.1	0
ENSMUSG00000105111.1	0
ENSMUSG00000105112.1	0.669389
ENSMUSG00000105113.1	0
ENSMUSG00000105114.1	0
ENSMUSG00000105115.1	0
ENSMUSG00000105116.1	0
ENSMUSG00000105117.1	0
ENSMUSG00000105118.1	0
ENSMUSG00000105119.1	0
ENSMUSG00000105120.1	0
ENSMUSG00000105121.1	0
ENSMUSG00000105122.1	0
ENSMUSG00000105123.1	0
ENSMUSG00000105124.2	0
ENSMUSG00000105125.1	0
ENSMUSG00000105126.1	0
ENSMUSG00000105127.1	0.289468
ENSMUSG00000105128.1	0
ENSMUSG00000105129.1	0
ENSMUSG00000105130.1	0.050274
ENSMUSG00000105131.1	0
ENSMUSG00000105132.1	0
ENSMUSG00000105133.1	0
ENSMUSG00000105134.1	0
ENSMUSG00000105135.1	1.403593
ENSMUSG00000105136.1	0
ENSMUSG00000105137.1	0
ENSMUSG00000105138.1	0
ENSMUSG00000105139.1	0.613353
ENSMUSG00000105140.1	0
ENSMUSG00000105141.1	0
ENSMUSG00000105142.1	0
ENSMUSG00000105143.1	0
ENSMUSG00000105144.1	0
ENSMUSG00000105145.1	0
ENSMUSG00000105146.1	0
ENSMUSG00000105147.1	0
ENSMUSG00000105148.1	0
ENSMUSG00000105149.1	0
ENSMUSG00000105150.1	0
ENSMUSG00000105151.1	0
ENSMUSG00000105152.1	0.823263
ENSMUSG00000105153.4	0
ENSMUSG00000105154.1	0
ENSMUSG00000105155.1	0
ENSMUSG00000105156.1	0
ENSMUSG00000105157.1	0
ENSMUSG00000105158.1	0
ENSMUSG00000105159.1	0
ENSMUSG00000105160.1	0
ENSMUSG00000105161.1	0.724836
ENSMUSG00000105162.1	0
ENSMUSG00000105163.1	0
ENSMUSG00000105164.1	0
ENSMUSG00000105165.1	0
ENSMUSG00000105166.1	0
ENSMUSG00000105167.1	0
ENSMUSG00000105168.1	0
ENSMUSG00000105169.1	0
ENSMUSG00000105170.1	0
ENSMUSG00000105171.1	0
ENSMUSG00000105172.1	0
ENSMUSG00000105173.1	0
ENSMUSG00000105174.1	0.050112
ENSMUSG00000105175.1	0
ENSMUSG00000105176.1	0.39057
ENSMUSG00000105177.1	0
ENSMUSG00000105178.1	0
ENSMUSG00000105179.1	0
ENSMUSG00000105180.1	0
ENSMUSG00000105181.1	0
ENSMUSG00000105182.1	0
ENSMUSG00000105183.1	0
ENSMUSG00000105184.1	0
ENSMUSG00000105185.4	0
ENSMUSG00000105186.1	0
ENSMUSG00000105187.1	0
ENSMUSG00000105188.1	0
ENSMUSG00000105189.1	0
ENSMUSG00000105190.1	0
ENSMUSG00000105191.1	0
ENSMUSG00000105192.1	0
ENSMUSG00000105193.1	0
ENSMUSG00000105194.1	0
ENSMUSG00000105195.1	0
ENSMUSG00000105196.1	0
ENSMUSG00000105197.1	0
ENSMUSG00000105198.1	0
ENSMUSG00000105199.1	0
ENSMUSG00000105200.1	0
ENSMUSG00000105201.1	0
ENSMUSG00000105202.1	0
ENSMUSG00000105203.1	0.116818
ENSMUSG00000105204.1	0
ENSMUSG00000105205.1	0
ENSMUSG00000105206.1	0
ENSMUSG00000105207.1	0
ENSMUSG00000105208.1	0
ENSMUSG00000105209.1	0
ENSMUSG00000105210.1	0
ENSMUSG00000105211.1	0
ENSMUSG00000105212.1	0
ENSMUSG00000105213.1	0
ENSMUSG00000105214.1	0
ENSMUSG00000105215.1	0
ENSMUSG00000105216.1	0
ENSMUSG00000105217.1	0.018085
ENSMUSG00000105218.4	0.077428
ENSMUSG00000105219.1	0
ENSMUSG00000105220.1	0
ENSMUSG00000105221.1	0
ENSMUSG00000105222.1	0.044666
ENSMUSG00000105223.1	0
ENSMUSG00000105224.1	0
ENSMUSG00000105225.1	0
ENSMUSG00000105226.1	0.120348
ENSMUSG00000105227.1	0
ENSMUSG00000105228.1	0
ENSMUSG00000105229.1	0
ENSMUSG00000105230.1	11.379672
ENSMUSG00000105231.1	0
ENSMUSG00000105232.1	0
ENSMUSG00000105233.1	0
ENSMUSG00000105234.1	0
ENSMUSG00000105235.1	0
ENSMUSG00000105236.1	0
ENSMUSG00000105237.1	0
ENSMUSG00000105238.1	0
ENSMUSG00000105239.1	0
ENSMUSG00000105240.1	0
ENSMUSG00000105241.1	0
ENSMUSG00000105242.1	0
ENSMUSG00000105243.1	2.032692
ENSMUSG00000105244.1	0
ENSMUSG00000105245.1	0
ENSMUSG00000105246.1	0
ENSMUSG00000105247.1	0
ENSMUSG00000105248.1	0
ENSMUSG00000105249.1	0
ENSMUSG00000105250.1	0
ENSMUSG00000105251.1	0
ENSMUSG00000105252.1	0
ENSMUSG00000105253.1	0
ENSMUSG00000105254.1	0
ENSMUSG00000105255.1	0
ENSMUSG00000105256.1	0
ENSMUSG00000105257.1	0
ENSMUSG00000105258.1	0
ENSMUSG00000105259.1	0
ENSMUSG00000105260.1	0
ENSMUSG00000105261.1	0
ENSMUSG00000105262.1	0
ENSMUSG00000105263.1	2.261774
ENSMUSG00000105264.1	0
ENSMUSG00000105265.4	8.487064
ENSMUSG00000105266.1	0
ENSMUSG00000105267.1	0
ENSMUSG00000105269.1	0
ENSMUSG00000105270.1	0
ENSMUSG00000105271.1	0
ENSMUSG00000105272.1	0.030205
ENSMUSG00000105273.1	0
ENSMUSG00000105274.1	0
ENSMUSG00000105275.1	0
ENSMUSG00000105277.1	0
ENSMUSG00000105278.1	0
ENSMUSG00000105279.1	0
ENSMUSG00000105280.1	0
ENSMUSG00000105281.1	0
ENSMUSG00000105282.1	0
ENSMUSG00000105283.1	0
ENSMUSG00000105284.1	0.986512
ENSMUSG00000105285.1	0
ENSMUSG00000105286.1	0
ENSMUSG00000105287.1	0
ENSMUSG00000105288.1	0
ENSMUSG00000105289.1	0
ENSMUSG00000105290.1	0
ENSMUSG00000105291.1	0
ENSMUSG00000105292.1	0
ENSMUSG00000105293.1	0
ENSMUSG00000105294.1	0
ENSMUSG00000105295.1	0
ENSMUSG00000105296.1	0
ENSMUSG00000105297.1	0
ENSMUSG00000105298.1	0
ENSMUSG00000105299.1	0
ENSMUSG00000105300.1	0
ENSMUSG00000105301.1	0
ENSMUSG00000105302.1	0
ENSMUSG00000105303.1	0
ENSMUSG00000105304.1	0.009507
ENSMUSG00000105305.1	0
ENSMUSG00000105306.1	0
ENSMUSG00000105307.1	0
ENSMUSG00000105308.4	0
ENSMUSG00000105309.1	0
ENSMUSG00000105310.1	0
ENSMUSG00000105311.1	0
ENSMUSG00000105312.1	0
ENSMUSG00000105313.1	0
ENSMUSG00000105314.1	0
ENSMUSG00000105315.1	0
ENSMUSG00000105316.1	0
ENSMUSG00000105317.2	0
ENSMUSG00000105318.1	0
ENSMUSG00000105319.1	0
ENSMUSG00000105320.1	0
ENSMUSG00000105321.1	0
ENSMUSG00000105322.1	0
ENSMUSG00000105323.1	0
ENSMUSG00000105324.1	0
ENSMUSG00000105325.1	0
ENSMUSG00000105326.1	0
ENSMUSG00000105327.1	0
ENSMUSG00000105328.1	0
ENSMUSG00000105329.1	0
ENSMUSG00000105330.1	0
ENSMUSG00000105331.1	0
ENSMUSG00000105332.1	0
ENSMUSG00000105333.1	0
ENSMUSG00000105334.1	0
ENSMUSG00000105335.1	0
ENSMUSG00000105336.1	0
ENSMUSG00000105337.4	0
ENSMUSG00000105338.1	0
ENSMUSG00000105339.1	0.428656
ENSMUSG00000105340.5	0
ENSMUSG00000105341.1	0
ENSMUSG00000105342.1	0
ENSMUSG00000105343.1	0
ENSMUSG00000105344.1	0
ENSMUSG00000105345.1	1.610115
ENSMUSG00000105346.1	0
ENSMUSG00000105347.1	0
ENSMUSG00000105348.1	0
ENSMUSG00000105349.1	0.159097
ENSMUSG00000105350.1	0
ENSMUSG00000105351.1	0
ENSMUSG00000105352.4	0.508899
ENSMUSG00000105353.1	0
ENSMUSG00000105355.1	3.397001
ENSMUSG00000105356.1	0
ENSMUSG00000105357.1	0
ENSMUSG00000105358.1	0
ENSMUSG00000105359.1	0
ENSMUSG00000105360.1	0
ENSMUSG00000105362.1	0.046909
ENSMUSG00000105363.1	0
ENSMUSG00000105364.1	0
ENSMUSG00000105365.1	0
ENSMUSG00000105366.1	0.138554
ENSMUSG00000105367.1	0
ENSMUSG00000105368.1	0.103366
ENSMUSG00000105369.1	0
ENSMUSG00000105370.1	0
ENSMUSG00000105371.1	0
ENSMUSG00000105372.1	0
ENSMUSG00000105373.1	0
ENSMUSG00000105374.1	0
ENSMUSG00000105375.1	0
ENSMUSG00000105376.4	0
ENSMUSG00000105377.1	0.325779
ENSMUSG00000105378.1	0
ENSMUSG00000105379.1	0
ENSMUSG00000105380.1	0
ENSMUSG00000105381.1	0
ENSMUSG00000105382.1	0
ENSMUSG00000105384.1	0
ENSMUSG00000105385.1	0
ENSMUSG00000105386.1	0
ENSMUSG00000105387.1	0
ENSMUSG00000105388.1	2.673527
ENSMUSG00000105389.1	0.67295
ENSMUSG00000105390.1	0
ENSMUSG00000105391.1	0
ENSMUSG00000105392.1	0
ENSMUSG00000105393.1	0
ENSMUSG00000105394.1	0
ENSMUSG00000105395.1	0
ENSMUSG00000105396.1	0
ENSMUSG00000105397.1	0
ENSMUSG00000105398.1	0
ENSMUSG00000105399.1	0
ENSMUSG00000105400.1	0
ENSMUSG00000105401.1	0
ENSMUSG00000105402.4	0.020843
ENSMUSG00000105403.1	0
ENSMUSG00000105404.1	0
ENSMUSG00000105405.1	0
ENSMUSG00000105406.1	0.309437
ENSMUSG00000105407.1	0
ENSMUSG00000105408.1	0.28235
ENSMUSG00000105409.1	0
ENSMUSG00000105410.1	0
ENSMUSG00000105411.1	0
ENSMUSG00000105412.1	0
ENSMUSG00000105413.1	0
ENSMUSG00000105415.1	0
ENSMUSG00000105416.1	0
ENSMUSG00000105418.1	0
ENSMUSG00000105419.1	0.328485
ENSMUSG00000105420.1	0
ENSMUSG00000105421.1	0
ENSMUSG00000105422.1	0.36805
ENSMUSG00000105423.4	0
ENSMUSG00000105424.1	0
ENSMUSG00000105425.1	0
ENSMUSG00000105426.1	0
ENSMUSG00000105427.1	0
ENSMUSG00000105428.1	0
ENSMUSG00000105429.1	0.03165
ENSMUSG00000105430.1	0.093194
ENSMUSG00000105431.1	0
ENSMUSG00000105432.1	0
ENSMUSG00000105433.1	0
ENSMUSG00000105434.1	0
ENSMUSG00000105435.1	0
ENSMUSG00000105436.1	0
ENSMUSG00000105437.1	0
ENSMUSG00000105438.1	0
ENSMUSG00000105439.1	0
ENSMUSG00000105440.1	0
ENSMUSG00000105441.1	0
ENSMUSG00000105442.1	0
ENSMUSG00000105443.1	0
ENSMUSG00000105444.1	0
ENSMUSG00000105445.1	0
ENSMUSG00000105446.1	0
ENSMUSG00000105447.1	0.117459
ENSMUSG00000105448.1	0
ENSMUSG00000105449.1	0.233828
ENSMUSG00000105450.1	0
ENSMUSG00000105451.1	0
ENSMUSG00000105452.1	0.032197
ENSMUSG00000105453.1	0
ENSMUSG00000105454.1	0
ENSMUSG00000105455.1	0
ENSMUSG00000105456.1	0
ENSMUSG00000105457.1	0
ENSMUSG00000105458.1	0
ENSMUSG00000105459.1	0
ENSMUSG00000105460.1	0
ENSMUSG00000105461.1	0.636957
ENSMUSG00000105462.1	0
ENSMUSG00000105463.1	0
ENSMUSG00000105464.1	0
ENSMUSG00000105465.1	0
ENSMUSG00000105466.1	0.012769
ENSMUSG00000105467.1	0
ENSMUSG00000105468.1	0
ENSMUSG00000105469.1	0
ENSMUSG00000105470.1	0
ENSMUSG00000105471.1	0
ENSMUSG00000105472.1	0
ENSMUSG00000105473.1	0
ENSMUSG00000105474.1	0
ENSMUSG00000105475.1	0
ENSMUSG00000105476.1	0
ENSMUSG00000105477.1	0
ENSMUSG00000105478.1	0
ENSMUSG00000105479.1	0
ENSMUSG00000105480.1	0
ENSMUSG00000105481.1	0.02804
ENSMUSG00000105482.1	0.12584
ENSMUSG00000105483.1	0
ENSMUSG00000105484.1	0.099478
ENSMUSG00000105485.1	0
ENSMUSG00000105486.1	0
ENSMUSG00000105487.1	0
ENSMUSG00000105488.1	0
ENSMUSG00000105489.1	0.118066
ENSMUSG00000105490.1	0
ENSMUSG00000105491.1	0
ENSMUSG00000105492.1	0
ENSMUSG00000105493.1	0
ENSMUSG00000105494.1	0
ENSMUSG00000105495.1	0
ENSMUSG00000105496.1	0
ENSMUSG00000105497.1	0
ENSMUSG00000105498.1	0
ENSMUSG00000105499.1	0
ENSMUSG00000105500.1	0
ENSMUSG00000105501.1	0
ENSMUSG00000105502.1	0
ENSMUSG00000105503.1	0
ENSMUSG00000105504.4	0.146022
ENSMUSG00000105505.1	0
ENSMUSG00000105506.1	0
ENSMUSG00000105507.1	0
ENSMUSG00000105508.1	0
ENSMUSG00000105509.1	0.494188
ENSMUSG00000105510.1	0
ENSMUSG00000105511.1	0
ENSMUSG00000105512.1	0
ENSMUSG00000105513.1	0
ENSMUSG00000105514.1	0.066861
ENSMUSG00000105515.1	0
ENSMUSG00000105516.4	0
ENSMUSG00000105517.1	0
ENSMUSG00000105518.1	0
ENSMUSG00000105519.1	0
ENSMUSG00000105520.1	0
ENSMUSG00000105521.1	0
ENSMUSG00000105522.1	0
ENSMUSG00000105523.1	0
ENSMUSG00000105524.1	0
ENSMUSG00000105525.1	0
ENSMUSG00000105526.1	0
ENSMUSG00000105527.1	0
ENSMUSG00000105528.1	0
ENSMUSG00000105529.1	0
ENSMUSG00000105530.1	0
ENSMUSG00000105531.1	0
ENSMUSG00000105532.1	0
ENSMUSG00000105533.1	0
ENSMUSG00000105534.1	0
ENSMUSG00000105535.1	0
ENSMUSG00000105536.1	0.032308
ENSMUSG00000105537.1	0
ENSMUSG00000105538.1	0
ENSMUSG00000105539.1	0
ENSMUSG00000105540.1	0
ENSMUSG00000105541.1	0.304938
ENSMUSG00000105542.1	0
ENSMUSG00000105543.1	0
ENSMUSG00000105544.1	0
ENSMUSG00000105545.1	0
ENSMUSG00000105546.1	0
ENSMUSG00000105547.1	0
ENSMUSG00000105548.1	0
ENSMUSG00000105549.1	0
ENSMUSG00000105550.1	0
ENSMUSG00000105551.1	0
ENSMUSG00000105552.1	0.060462
ENSMUSG00000105553.1	0
ENSMUSG00000105554.1	0
ENSMUSG00000105555.1	0
ENSMUSG00000105556.1	0
ENSMUSG00000105557.1	0
ENSMUSG00000105558.1	0.128025
ENSMUSG00000105559.1	0
ENSMUSG00000105560.1	0
ENSMUSG00000105561.1	0
ENSMUSG00000105562.1	0
ENSMUSG00000105563.1	0
ENSMUSG00000105564.1	0
ENSMUSG00000105565.1	0.887666
ENSMUSG00000105566.1	0
ENSMUSG00000105567.1	0
ENSMUSG00000105568.1	0
ENSMUSG00000105569.1	0
ENSMUSG00000105570.1	0
ENSMUSG00000105571.1	0
ENSMUSG00000105572.1	0.030027
ENSMUSG00000105573.2	0
ENSMUSG00000105574.1	0
ENSMUSG00000105575.1	0
ENSMUSG00000105576.1	0
ENSMUSG00000105577.1	0
ENSMUSG00000105578.1	0
ENSMUSG00000105579.2	0
ENSMUSG00000105580.1	0
ENSMUSG00000105581.1	0
ENSMUSG00000105582.1	0
ENSMUSG00000105583.1	0.822278
ENSMUSG00000105584.1	0
ENSMUSG00000105585.1	0
ENSMUSG00000105586.1	0
ENSMUSG00000105588.1	0
ENSMUSG00000105589.4	0
ENSMUSG00000105590.1	0
ENSMUSG00000105591.1	0
ENSMUSG00000105592.1	0.021499
ENSMUSG00000105593.4	0
ENSMUSG00000105594.1	1.004877
ENSMUSG00000105595.1	0
ENSMUSG00000105596.1	0
ENSMUSG00000105597.1	0
ENSMUSG00000105598.1	0
ENSMUSG00000105599.1	0
ENSMUSG00000105600.1	0
ENSMUSG00000105601.1	0.020929
ENSMUSG00000105602.1	0.012496
ENSMUSG00000105603.1	0.022058
ENSMUSG00000105604.1	0
ENSMUSG00000105605.1	0
ENSMUSG00000105606.1	0
ENSMUSG00000105607.1	0
ENSMUSG00000105608.1	0
ENSMUSG00000105609.1	0.098976
ENSMUSG00000105610.1	0.958139
ENSMUSG00000105611.1	0
ENSMUSG00000105612.1	0
ENSMUSG00000105613.1	0.021903
ENSMUSG00000105614.1	0
ENSMUSG00000105615.1	0
ENSMUSG00000105616.1	0
ENSMUSG00000105617.4	0.740325
ENSMUSG00000105618.1	0
ENSMUSG00000105619.1	0
ENSMUSG00000105620.1	0
ENSMUSG00000105621.1	0
ENSMUSG00000105622.1	0
ENSMUSG00000105624.1	0
ENSMUSG00000105625.1	0
ENSMUSG00000105626.1	0
ENSMUSG00000105627.1	0
ENSMUSG00000105628.1	0
ENSMUSG00000105629.1	0
ENSMUSG00000105630.1	0
ENSMUSG00000105632.1	0.099552
ENSMUSG00000105633.1	0
ENSMUSG00000105634.1	0
ENSMUSG00000105635.1	0
ENSMUSG00000105636.1	0
ENSMUSG00000105637.1	0
ENSMUSG00000105638.1	0
ENSMUSG00000105639.1	0.142395
ENSMUSG00000105640.1	0
ENSMUSG00000105641.1	0
ENSMUSG00000105642.1	0
ENSMUSG00000105643.1	0
ENSMUSG00000105644.1	0
ENSMUSG00000105645.1	0
ENSMUSG00000105646.1	0
ENSMUSG00000105647.1	0
ENSMUSG00000105648.1	0
ENSMUSG00000105649.1	0
ENSMUSG00000105650.1	0
ENSMUSG00000105651.1	0.036709
ENSMUSG00000105652.1	0
ENSMUSG00000105653.1	0
ENSMUSG00000105654.1	0
ENSMUSG00000105655.1	0
ENSMUSG00000105656.1	0
ENSMUSG00000105657.1	0
ENSMUSG00000105658.1	0
ENSMUSG00000105659.1	0
ENSMUSG00000105660.1	0
ENSMUSG00000105661.1	0
ENSMUSG00000105662.4	0
ENSMUSG00000105663.1	0
ENSMUSG00000105664.1	0
ENSMUSG00000105665.1	0
ENSMUSG00000105666.1	0.083061
ENSMUSG00000105667.1	0
ENSMUSG00000105668.1	0
ENSMUSG00000105669.1	0
ENSMUSG00000105670.1	0
ENSMUSG00000105671.1	0
ENSMUSG00000105672.1	0
ENSMUSG00000105673.1	0.386346
ENSMUSG00000105674.1	0
ENSMUSG00000105675.1	0
ENSMUSG00000105676.1	0.069645
ENSMUSG00000105677.1	0
ENSMUSG00000105678.1	0
ENSMUSG00000105679.1	0.041079
ENSMUSG00000105680.1	0
ENSMUSG00000105681.1	0
ENSMUSG00000105682.1	0
ENSMUSG00000105683.1	0
ENSMUSG00000105684.1	0
ENSMUSG00000105685.1	0
ENSMUSG00000105686.1	0.692451
ENSMUSG00000105687.1	0.065151
ENSMUSG00000105688.1	0
ENSMUSG00000105689.1	0
ENSMUSG00000105690.1	0
ENSMUSG00000105691.1	0
ENSMUSG00000105692.1	2.995122
ENSMUSG00000105693.1	0
ENSMUSG00000105694.1	0
ENSMUSG00000105695.1	0.021674
ENSMUSG00000105696.1	0
ENSMUSG00000105697.1	0
ENSMUSG00000105698.1	0.918107
ENSMUSG00000105699.1	0.477885
ENSMUSG00000105700.1	0
ENSMUSG00000105701.1	0
ENSMUSG00000105702.1	0.008185
ENSMUSG00000105703.2	0.053379
ENSMUSG00000105704.1	0
ENSMUSG00000105705.1	0
ENSMUSG00000105706.1	0
ENSMUSG00000105707.1	0
ENSMUSG00000105708.1	0.052109
ENSMUSG00000105709.1	0
ENSMUSG00000105710.1	0
ENSMUSG00000105711.1	0
ENSMUSG00000105712.1	0
ENSMUSG00000105713.1	0
ENSMUSG00000105714.1	0
ENSMUSG00000105715.1	0
ENSMUSG00000105716.1	0
ENSMUSG00000105717.1	0
ENSMUSG00000105718.1	0
ENSMUSG00000105719.1	0
ENSMUSG00000105720.1	0
ENSMUSG00000105721.1	0
ENSMUSG00000105722.1	0
ENSMUSG00000105723.1	0
ENSMUSG00000105724.1	0
ENSMUSG00000105725.1	0
ENSMUSG00000105726.1	0
ENSMUSG00000105727.1	0
ENSMUSG00000105728.1	0
ENSMUSG00000105729.1	0.098859
ENSMUSG00000105730.1	0
ENSMUSG00000105731.1	0
ENSMUSG00000105732.1	0
ENSMUSG00000105733.1	0
ENSMUSG00000105734.1	0
ENSMUSG00000105735.1	0
ENSMUSG00000105736.1	0.521838
ENSMUSG00000105737.1	0
ENSMUSG00000105738.1	0
ENSMUSG00000105739.1	0
ENSMUSG00000105740.1	0
ENSMUSG00000105741.1	0.040812
ENSMUSG00000105742.1	0
ENSMUSG00000105743.1	0
ENSMUSG00000105744.1	0
ENSMUSG00000105745.1	0.045113
ENSMUSG00000105746.1	0
ENSMUSG00000105747.1	0
ENSMUSG00000105748.1	0
ENSMUSG00000105749.1	0
ENSMUSG00000105750.1	0
ENSMUSG00000105751.1	0
ENSMUSG00000105752.1	0
ENSMUSG00000105753.1	0
ENSMUSG00000105754.1	0
ENSMUSG00000105755.1	0
ENSMUSG00000105756.1	0
ENSMUSG00000105757.1	0
ENSMUSG00000105758.1	0
ENSMUSG00000105759.1	0
ENSMUSG00000105760.1	0
ENSMUSG00000105761.1	0
ENSMUSG00000105762.1	0
ENSMUSG00000105763.1	0.071911
ENSMUSG00000105764.1	0
ENSMUSG00000105765.1	0
ENSMUSG00000105766.1	0
ENSMUSG00000105767.1	0
ENSMUSG00000105768.1	0
ENSMUSG00000105769.1	0
ENSMUSG00000105770.1	0
ENSMUSG00000105771.1	0.019085
ENSMUSG00000105772.1	0
ENSMUSG00000105773.1	0
ENSMUSG00000105774.1	0
ENSMUSG00000105775.1	0.06914
ENSMUSG00000105776.1	0
ENSMUSG00000105777.1	0
ENSMUSG00000105778.1	0
ENSMUSG00000105779.1	0
ENSMUSG00000105780.1	0
ENSMUSG00000105781.1	0
ENSMUSG00000105782.1	0
ENSMUSG00000105783.1	0
ENSMUSG00000105784.1	0.441477
ENSMUSG00000105785.1	0
ENSMUSG00000105786.1	0
ENSMUSG00000105787.1	0.049576
ENSMUSG00000105788.1	0
ENSMUSG00000105789.1	0.037798
ENSMUSG00000105790.1	0
ENSMUSG00000105791.1	0
ENSMUSG00000105792.1	0
ENSMUSG00000105793.1	0
ENSMUSG00000105794.1	0
ENSMUSG00000105795.1	0
ENSMUSG00000105796.1	0
ENSMUSG00000105797.1	0
ENSMUSG00000105798.1	0
ENSMUSG00000105799.1	0
ENSMUSG00000105800.1	0
ENSMUSG00000105801.1	0
ENSMUSG00000105802.1	0
ENSMUSG00000105803.1	0
ENSMUSG00000105804.1	0
ENSMUSG00000105805.1	0
ENSMUSG00000105806.1	0
ENSMUSG00000105807.1	0
ENSMUSG00000105808.1	0
ENSMUSG00000105809.1	0
ENSMUSG00000105810.1	0
ENSMUSG00000105811.1	0
ENSMUSG00000105813.1	0.097466
ENSMUSG00000105814.1	22.727934
ENSMUSG00000105815.1	0
ENSMUSG00000105816.4	0
ENSMUSG00000105817.1	0
ENSMUSG00000105818.1	0
ENSMUSG00000105819.1	0
ENSMUSG00000105820.1	0
ENSMUSG00000105821.1	0
ENSMUSG00000105822.1	0
ENSMUSG00000105823.1	0
ENSMUSG00000105824.1	0
ENSMUSG00000105825.1	0
ENSMUSG00000105826.1	0
ENSMUSG00000105827.1	0
ENSMUSG00000105828.1	0
ENSMUSG00000105829.1	0.107109
ENSMUSG00000105830.1	0
ENSMUSG00000105831.1	0
ENSMUSG00000105832.1	0
ENSMUSG00000105833.1	0
ENSMUSG00000105834.1	0.11569
ENSMUSG00000105835.1	0
ENSMUSG00000105836.1	0
ENSMUSG00000105837.4	0
ENSMUSG00000105838.1	0
ENSMUSG00000105839.1	0
ENSMUSG00000105840.1	0
ENSMUSG00000105841.1	0
ENSMUSG00000105842.1	0
ENSMUSG00000105843.1	3.167808
ENSMUSG00000105844.1	0
ENSMUSG00000105845.1	0
ENSMUSG00000105846.1	0
ENSMUSG00000105847.1	0
ENSMUSG00000105848.1	0.026049
ENSMUSG00000105849.1	0
ENSMUSG00000105850.1	0.057255
ENSMUSG00000105851.1	1.58202
ENSMUSG00000105852.4	0
ENSMUSG00000105853.1	0
ENSMUSG00000105854.1	0
ENSMUSG00000105855.1	0
ENSMUSG00000105856.1	0
ENSMUSG00000105857.1	0.065086
ENSMUSG00000105858.1	1.381711
ENSMUSG00000105859.1	0
ENSMUSG00000105860.1	0
ENSMUSG00000105861.1	0
ENSMUSG00000105862.1	0
ENSMUSG00000105863.1	0
ENSMUSG00000105864.1	0
ENSMUSG00000105865.2	0
ENSMUSG00000105866.1	0
ENSMUSG00000105867.2	22.806991
ENSMUSG00000105868.1	0.032082
ENSMUSG00000105869.1	0
ENSMUSG00000105870.1	0
ENSMUSG00000105871.1	0
ENSMUSG00000105872.1	0
ENSMUSG00000105873.1	0
ENSMUSG00000105874.1	0
ENSMUSG00000105875.1	0
ENSMUSG00000105876.1	0
ENSMUSG00000105877.1	0
ENSMUSG00000105878.1	0
ENSMUSG00000105879.1	1.322273
ENSMUSG00000105880.1	0
ENSMUSG00000105881.1	0.136554
ENSMUSG00000105882.1	0
ENSMUSG00000105883.1	0
ENSMUSG00000105884.1	0
ENSMUSG00000105885.1	0
ENSMUSG00000105886.1	0
ENSMUSG00000105887.1	0
ENSMUSG00000105888.1	0
ENSMUSG00000105889.1	0
ENSMUSG00000105890.1	0
ENSMUSG00000105891.4	1.169484
ENSMUSG00000105892.1	0
ENSMUSG00000105893.1	0
ENSMUSG00000105894.1	0
ENSMUSG00000105895.1	5.526454
ENSMUSG00000105896.1	0
ENSMUSG00000105897.2	0
ENSMUSG00000105898.1	0
ENSMUSG00000105899.1	0
ENSMUSG00000105900.1	0.741511
ENSMUSG00000105901.1	0
ENSMUSG00000105902.1	0
ENSMUSG00000105903.1	0
ENSMUSG00000105904.1	0
ENSMUSG00000105905.1	0
ENSMUSG00000105906.1	0.30116
ENSMUSG00000105907.1	0
ENSMUSG00000105908.1	0
ENSMUSG00000105909.1	0
ENSMUSG00000105910.1	0
ENSMUSG00000105911.1	0
ENSMUSG00000105912.1	0
ENSMUSG00000105913.1	0
ENSMUSG00000105914.1	0
ENSMUSG00000105915.1	0
ENSMUSG00000105916.1	0
ENSMUSG00000105917.1	0.009246
ENSMUSG00000105918.1	0
ENSMUSG00000105919.1	0
ENSMUSG00000105920.1	0
ENSMUSG00000105921.1	0
ENSMUSG00000105922.1	0
ENSMUSG00000105923.4	0.046882
ENSMUSG00000105924.1	0
ENSMUSG00000105925.1	0
ENSMUSG00000105926.1	0
ENSMUSG00000105927.1	0
ENSMUSG00000105928.1	0
ENSMUSG00000105929.1	0.078392
ENSMUSG00000105930.1	0
ENSMUSG00000105931.1	0
ENSMUSG00000105932.1	0
ENSMUSG00000105933.1	0
ENSMUSG00000105934.1	0
ENSMUSG00000105935.1	0
ENSMUSG00000105936.1	0
ENSMUSG00000105937.1	0
ENSMUSG00000105938.1	0
ENSMUSG00000105939.1	0.019522
ENSMUSG00000105940.1	0.023405
ENSMUSG00000105941.1	0
ENSMUSG00000105942.1	0
ENSMUSG00000105943.1	0
ENSMUSG00000105944.1	0.264061
ENSMUSG00000105945.1	0.087778
ENSMUSG00000105946.1	0
ENSMUSG00000105947.1	0.012207
ENSMUSG00000105948.1	0
ENSMUSG00000105949.1	0
ENSMUSG00000105950.1	0.024015
ENSMUSG00000105951.1	0
ENSMUSG00000105952.1	0
ENSMUSG00000105953.1	0
ENSMUSG00000105954.1	0
ENSMUSG00000105955.1	0
ENSMUSG00000105956.1	0
ENSMUSG00000105957.1	0.908041
ENSMUSG00000105958.1	0
ENSMUSG00000105959.1	0
ENSMUSG00000105960.1	0.037923
ENSMUSG00000105961.1	0
ENSMUSG00000105962.1	0
ENSMUSG00000105963.1	0
ENSMUSG00000105964.1	0
ENSMUSG00000105965.1	0
ENSMUSG00000105966.1	0
ENSMUSG00000105967.1	0
ENSMUSG00000105968.1	0
ENSMUSG00000105969.1	0
ENSMUSG00000105970.1	0.031015
ENSMUSG00000105971.1	0
ENSMUSG00000105972.1	0
ENSMUSG00000105973.1	0
ENSMUSG00000105974.1	0
ENSMUSG00000105975.4	0
ENSMUSG00000105976.1	0.08098
ENSMUSG00000105977.1	0
ENSMUSG00000105978.1	0
ENSMUSG00000105979.1	0
ENSMUSG00000105980.1	0
ENSMUSG00000105981.1	0.122342
ENSMUSG00000105982.1	0
ENSMUSG00000105983.1	0
ENSMUSG00000105984.1	0
ENSMUSG00000105985.1	0
ENSMUSG00000105986.1	0
ENSMUSG00000105987.4	1.143715
ENSMUSG00000105988.1	0
ENSMUSG00000105989.1	0
ENSMUSG00000105990.1	0
ENSMUSG00000105991.1	0
ENSMUSG00000105992.1	0
ENSMUSG00000105993.1	0.050721
ENSMUSG00000105994.1	0
ENSMUSG00000105995.1	0
ENSMUSG00000105996.1	0
ENSMUSG00000105997.1	0
ENSMUSG00000105998.1	0
ENSMUSG00000105999.1	0
ENSMUSG00000106000.1	0
ENSMUSG00000106001.1	0
ENSMUSG00000106002.1	0
ENSMUSG00000106003.1	0
ENSMUSG00000106004.4	0
ENSMUSG00000106005.1	0
ENSMUSG00000106006.1	0
ENSMUSG00000106007.1	0
ENSMUSG00000106008.1	0
ENSMUSG00000106009.1	0
ENSMUSG00000106010.1	0
ENSMUSG00000106011.1	0
ENSMUSG00000106012.1	0
ENSMUSG00000106013.4	0
ENSMUSG00000106014.1	0
ENSMUSG00000106015.1	0.065829
ENSMUSG00000106016.1	0
ENSMUSG00000106017.1	0
ENSMUSG00000106018.1	0
ENSMUSG00000106019.1	3.659537
ENSMUSG00000106020.1	0
ENSMUSG00000106021.1	0
ENSMUSG00000106022.1	0.025259
ENSMUSG00000106023.1	0
ENSMUSG00000106024.1	0
ENSMUSG00000106025.1	0.115397
ENSMUSG00000106026.1	0
ENSMUSG00000106027.1	0
ENSMUSG00000106028.1	0
ENSMUSG00000106029.1	0
ENSMUSG00000106030.1	0
ENSMUSG00000106031.1	0
ENSMUSG00000106032.1	0
ENSMUSG00000106033.1	0
ENSMUSG00000106034.1	0
ENSMUSG00000106035.1	0.043069
ENSMUSG00000106036.1	0
ENSMUSG00000106037.1	3.937196
ENSMUSG00000106038.1	0
ENSMUSG00000106039.1	0
ENSMUSG00000106040.1	0
ENSMUSG00000106041.1	0
ENSMUSG00000106042.1	0
ENSMUSG00000106043.1	0
ENSMUSG00000106044.2	0.014692
ENSMUSG00000106045.1	0
ENSMUSG00000106046.1	0
ENSMUSG00000106047.1	0
ENSMUSG00000106048.1	0
ENSMUSG00000106049.1	0
ENSMUSG00000106050.1	0
ENSMUSG00000106051.1	0
ENSMUSG00000106052.1	0.164309
ENSMUSG00000106053.1	0
ENSMUSG00000106054.1	0
ENSMUSG00000106056.1	0
ENSMUSG00000106057.1	0
ENSMUSG00000106058.1	0
ENSMUSG00000106059.1	0
ENSMUSG00000106060.1	0
ENSMUSG00000106061.1	0.014114
ENSMUSG00000106062.1	0.123773
ENSMUSG00000106063.1	0
ENSMUSG00000106064.1	0
ENSMUSG00000106065.1	0
ENSMUSG00000106066.1	0
ENSMUSG00000106067.1	0.253924
ENSMUSG00000106068.1	0
ENSMUSG00000106069.1	0.418755
ENSMUSG00000106070.1	0
ENSMUSG00000106071.1	0
ENSMUSG00000106072.1	0
ENSMUSG00000106073.1	0
ENSMUSG00000106074.1	0
ENSMUSG00000106075.1	0
ENSMUSG00000106076.1	0
ENSMUSG00000106077.1	0
ENSMUSG00000106078.1	0
ENSMUSG00000106079.1	0
ENSMUSG00000106080.1	0
ENSMUSG00000106081.1	0
ENSMUSG00000106082.4	0
ENSMUSG00000106083.1	0
ENSMUSG00000106084.1	0
ENSMUSG00000106085.1	0
ENSMUSG00000106086.1	0.08731
ENSMUSG00000106087.1	0
ENSMUSG00000106088.1	0
ENSMUSG00000106089.1	0
ENSMUSG00000106090.1	0
ENSMUSG00000106091.1	0
ENSMUSG00000106092.1	0
ENSMUSG00000106093.1	0.146834
ENSMUSG00000106094.1	0
ENSMUSG00000106095.2	0
ENSMUSG00000106096.1	0
ENSMUSG00000106097.1	0
ENSMUSG00000106098.1	0
ENSMUSG00000106099.1	0.02745
ENSMUSG00000106100.1	0
ENSMUSG00000106101.1	0
ENSMUSG00000106102.1	0
ENSMUSG00000106103.1	0.093143
ENSMUSG00000106104.1	0
ENSMUSG00000106105.1	0
ENSMUSG00000106106.3	20416.521202
ENSMUSG00000106107.1	0
ENSMUSG00000106108.1	0
ENSMUSG00000106109.1	0
ENSMUSG00000106110.1	0
ENSMUSG00000106111.1	0
ENSMUSG00000106112.1	0
ENSMUSG00000106113.1	0
ENSMUSG00000106114.1	0
ENSMUSG00000106115.1	0
ENSMUSG00000106116.1	0
ENSMUSG00000106117.1	0
ENSMUSG00000106118.1	0
ENSMUSG00000106119.1	0
ENSMUSG00000106120.1	0.014313
ENSMUSG00000106121.1	0
ENSMUSG00000106122.1	0
ENSMUSG00000106123.1	0
ENSMUSG00000106124.1	0
ENSMUSG00000106125.1	0
ENSMUSG00000106126.1	0
ENSMUSG00000106127.1	0
ENSMUSG00000106128.1	0
ENSMUSG00000106129.1	0
ENSMUSG00000106130.1	0
ENSMUSG00000106131.2	0
ENSMUSG00000106132.1	0
ENSMUSG00000106133.1	0.97793
ENSMUSG00000106134.1	0
ENSMUSG00000106135.1	0
ENSMUSG00000106136.2	0
ENSMUSG00000106137.1	0
ENSMUSG00000106138.1	0
ENSMUSG00000106139.1	0.220343
ENSMUSG00000106140.1	0
ENSMUSG00000106141.1	0
ENSMUSG00000106142.1	0
ENSMUSG00000106143.1	0
ENSMUSG00000106144.1	0
ENSMUSG00000106145.1	0
ENSMUSG00000106146.1	0
ENSMUSG00000106147.1	0
ENSMUSG00000106148.1	0
ENSMUSG00000106149.1	0
ENSMUSG00000106150.2	0
ENSMUSG00000106151.1	0
ENSMUSG00000106152.1	0
ENSMUSG00000106153.1	0
ENSMUSG00000106154.1	0
ENSMUSG00000106155.1	0
ENSMUSG00000106156.1	0
ENSMUSG00000106157.1	0
ENSMUSG00000106158.1	0
ENSMUSG00000106159.1	0
ENSMUSG00000106160.1	0
ENSMUSG00000106161.1	0
ENSMUSG00000106162.1	0
ENSMUSG00000106163.1	0
ENSMUSG00000106164.1	0.251852
ENSMUSG00000106165.1	0
ENSMUSG00000106166.1	0
ENSMUSG00000106168.1	0
ENSMUSG00000106169.1	0
ENSMUSG00000106170.1	0
ENSMUSG00000106172.1	0
ENSMUSG00000106173.1	0
ENSMUSG00000106174.1	0
ENSMUSG00000106175.1	0
ENSMUSG00000106176.1	0
ENSMUSG00000106177.1	0
ENSMUSG00000106178.1	0
ENSMUSG00000106179.1	0
ENSMUSG00000106180.1	0
ENSMUSG00000106181.1	0.05705
ENSMUSG00000106182.1	0
ENSMUSG00000106183.1	0
ENSMUSG00000106184.1	0
ENSMUSG00000106185.1	0
ENSMUSG00000106186.1	0
ENSMUSG00000106187.1	0
ENSMUSG00000106188.1	0
ENSMUSG00000106189.1	0
ENSMUSG00000106190.1	0
ENSMUSG00000106191.1	0
ENSMUSG00000106192.1	0
ENSMUSG00000106193.1	0
ENSMUSG00000106194.1	0
ENSMUSG00000106195.1	0
ENSMUSG00000106196.1	0
ENSMUSG00000106197.1	0
ENSMUSG00000106198.1	0
ENSMUSG00000106199.1	0
ENSMUSG00000106200.1	0.958139
ENSMUSG00000106201.1	0
ENSMUSG00000106202.1	0
ENSMUSG00000106203.1	0
ENSMUSG00000106204.1	0
ENSMUSG00000106205.1	0.380778
ENSMUSG00000106206.1	0
ENSMUSG00000106207.1	0
ENSMUSG00000106208.1	0
ENSMUSG00000106209.1	2.096545
ENSMUSG00000106210.1	0
ENSMUSG00000106211.1	0
ENSMUSG00000106212.1	0
ENSMUSG00000106213.1	0
ENSMUSG00000106214.1	0
ENSMUSG00000106215.1	0
ENSMUSG00000106216.1	0
ENSMUSG00000106217.1	0
ENSMUSG00000106218.1	0
ENSMUSG00000106219.1	0
ENSMUSG00000106220.1	0
ENSMUSG00000106221.1	0
ENSMUSG00000106222.1	0
ENSMUSG00000106223.1	0
ENSMUSG00000106224.1	0.257645
ENSMUSG00000106225.1	0
ENSMUSG00000106226.1	0
ENSMUSG00000106227.1	0
ENSMUSG00000106228.1	0
ENSMUSG00000106229.1	0.0418
ENSMUSG00000106230.1	0.018751
ENSMUSG00000106231.1	0
ENSMUSG00000106232.1	0
ENSMUSG00000106233.1	0
ENSMUSG00000106234.1	0
ENSMUSG00000106235.1	0
ENSMUSG00000106236.1	0
ENSMUSG00000106237.1	0.362204
ENSMUSG00000106238.1	0
ENSMUSG00000106239.1	0
ENSMUSG00000106240.1	0
ENSMUSG00000106241.1	0.136585
ENSMUSG00000106242.1	0
ENSMUSG00000106243.1	0
ENSMUSG00000106244.1	0
ENSMUSG00000106245.1	0
ENSMUSG00000106246.1	0
ENSMUSG00000106247.1	0
ENSMUSG00000106248.1	0
ENSMUSG00000106249.1	0
ENSMUSG00000106250.1	0
ENSMUSG00000106251.1	0
ENSMUSG00000106252.1	0
ENSMUSG00000106253.1	0
ENSMUSG00000106254.1	0
ENSMUSG00000106255.1	0
ENSMUSG00000106256.1	0
ENSMUSG00000106257.1	0
ENSMUSG00000106258.1	0.184669
ENSMUSG00000106259.1	0
ENSMUSG00000106260.1	0
ENSMUSG00000106261.1	0.098951
ENSMUSG00000106262.1	0.036495
ENSMUSG00000106263.1	0.258457
ENSMUSG00000106264.1	0
ENSMUSG00000106265.1	0
ENSMUSG00000106266.1	0
ENSMUSG00000106267.1	0
ENSMUSG00000106268.1	0
ENSMUSG00000106269.1	0
ENSMUSG00000106270.1	0
ENSMUSG00000106271.1	0
ENSMUSG00000106272.1	0
ENSMUSG00000106273.1	0
ENSMUSG00000106274.1	0
ENSMUSG00000106275.1	0
ENSMUSG00000106276.1	0
ENSMUSG00000106278.1	0
ENSMUSG00000106279.1	0
ENSMUSG00000106280.1	0
ENSMUSG00000106281.1	0
ENSMUSG00000106282.1	0
ENSMUSG00000106283.1	0
ENSMUSG00000106284.1	0
ENSMUSG00000106285.1	0
ENSMUSG00000106286.1	0
ENSMUSG00000106287.1	0
ENSMUSG00000106288.1	0.311518
ENSMUSG00000106289.1	0
ENSMUSG00000106290.1	0
ENSMUSG00000106291.1	0.18986
ENSMUSG00000106292.1	0
ENSMUSG00000106293.1	0
ENSMUSG00000106294.1	0.174666
ENSMUSG00000106295.1	0
ENSMUSG00000106296.1	0
ENSMUSG00000106297.1	0
ENSMUSG00000106298.1	0
ENSMUSG00000106299.1	0
ENSMUSG00000106300.1	0.009484
ENSMUSG00000106301.1	0
ENSMUSG00000106302.1	0
ENSMUSG00000106303.1	0
ENSMUSG00000106304.1	1.435397
ENSMUSG00000106305.1	0
ENSMUSG00000106306.4	0
ENSMUSG00000106307.1	0
ENSMUSG00000106308.1	0
ENSMUSG00000106309.1	0
ENSMUSG00000106310.1	0
ENSMUSG00000106311.1	0
ENSMUSG00000106312.1	0
ENSMUSG00000106313.1	0
ENSMUSG00000106314.1	0
ENSMUSG00000106315.1	0
ENSMUSG00000106316.1	0
ENSMUSG00000106317.1	0.863923
ENSMUSG00000106318.1	0
ENSMUSG00000106319.1	0
ENSMUSG00000106320.1	0.012623
ENSMUSG00000106321.1	0.95783
ENSMUSG00000106322.1	0
ENSMUSG00000106323.1	0
ENSMUSG00000106324.1	0
ENSMUSG00000106325.1	0
ENSMUSG00000106326.1	0
ENSMUSG00000106327.1	0
ENSMUSG00000106328.1	0
ENSMUSG00000106329.1	0
ENSMUSG00000106330.1	0
ENSMUSG00000106331.1	0
ENSMUSG00000106332.1	0
ENSMUSG00000106333.1	0
ENSMUSG00000106334.1	0.055888
ENSMUSG00000106335.1	0
ENSMUSG00000106336.1	0
ENSMUSG00000106337.1	0
ENSMUSG00000106338.1	0
ENSMUSG00000106339.1	0.240277
ENSMUSG00000106340.1	0
ENSMUSG00000106341.1	0
ENSMUSG00000106342.1	0
ENSMUSG00000106343.1	0
ENSMUSG00000106344.1	0
ENSMUSG00000106345.1	0
ENSMUSG00000106346.2	0
ENSMUSG00000106347.1	0
ENSMUSG00000106348.1	0
ENSMUSG00000106349.1	0
ENSMUSG00000106350.2	0
ENSMUSG00000106351.1	0
ENSMUSG00000106352.4	0
ENSMUSG00000106353.1	0
ENSMUSG00000106354.1	0
ENSMUSG00000106355.1	0
ENSMUSG00000106356.1	0
ENSMUSG00000106357.1	0
ENSMUSG00000106358.1	0
ENSMUSG00000106359.1	0
ENSMUSG00000106360.1	0
ENSMUSG00000106361.1	0
ENSMUSG00000106362.1	0
ENSMUSG00000106363.1	0
ENSMUSG00000106364.1	0
ENSMUSG00000106365.1	0
ENSMUSG00000106366.1	0
ENSMUSG00000106367.1	0
ENSMUSG00000106368.1	0
ENSMUSG00000106369.1	0
ENSMUSG00000106370.2	0
ENSMUSG00000106371.1	0
ENSMUSG00000106372.1	0
ENSMUSG00000106373.1	0
ENSMUSG00000106374.1	0
ENSMUSG00000106375.1	0
ENSMUSG00000106376.1	0
ENSMUSG00000106377.1	0
ENSMUSG00000106378.1	0
ENSMUSG00000106379.1	9.924201
ENSMUSG00000106380.1	0
ENSMUSG00000106381.1	0
ENSMUSG00000106382.1	0
ENSMUSG00000106383.1	0.572819
ENSMUSG00000106384.1	0
ENSMUSG00000106385.1	0
ENSMUSG00000106386.1	0
ENSMUSG00000106387.1	0
ENSMUSG00000106388.1	0
ENSMUSG00000106389.1	0
ENSMUSG00000106390.1	0
ENSMUSG00000106391.1	0.101319
ENSMUSG00000106392.1	0
ENSMUSG00000106393.1	0
ENSMUSG00000106394.1	0
ENSMUSG00000106395.1	0
ENSMUSG00000106396.1	0.404082
ENSMUSG00000106397.1	0
ENSMUSG00000106398.1	0
ENSMUSG00000106399.1	0
ENSMUSG00000106400.1	0
ENSMUSG00000106401.1	0
ENSMUSG00000106402.1	0
ENSMUSG00000106403.1	0
ENSMUSG00000106404.1	0
ENSMUSG00000106405.1	0
ENSMUSG00000106406.1	0
ENSMUSG00000106407.1	0
ENSMUSG00000106408.1	0
ENSMUSG00000106409.1	0
ENSMUSG00000106410.1	0
ENSMUSG00000106411.1	0
ENSMUSG00000106412.1	0
ENSMUSG00000106413.1	0
ENSMUSG00000106414.1	0
ENSMUSG00000106415.1	0.274849
ENSMUSG00000106416.1	0.534556
ENSMUSG00000106417.1	0
ENSMUSG00000106418.1	0
ENSMUSG00000106419.1	0
ENSMUSG00000106420.1	0
ENSMUSG00000106421.1	0
ENSMUSG00000106422.1	0
ENSMUSG00000106423.1	0
ENSMUSG00000106424.1	0.165267
ENSMUSG00000106425.1	0
ENSMUSG00000106426.1	0
ENSMUSG00000106427.1	0
ENSMUSG00000106428.1	0
ENSMUSG00000106429.1	0
ENSMUSG00000106430.1	0.1055
ENSMUSG00000106431.1	0
ENSMUSG00000106432.1	0
ENSMUSG00000106433.1	0
ENSMUSG00000106434.1	0
ENSMUSG00000106435.1	0
ENSMUSG00000106436.1	0
ENSMUSG00000106437.1	0
ENSMUSG00000106438.1	0
ENSMUSG00000106439.1	0
ENSMUSG00000106440.1	0
ENSMUSG00000106441.1	0
ENSMUSG00000106442.1	0
ENSMUSG00000106443.1	0
ENSMUSG00000106444.1	0
ENSMUSG00000106445.1	0
ENSMUSG00000106446.1	0
ENSMUSG00000106447.1	0
ENSMUSG00000106448.1	0
ENSMUSG00000106450.1	0
ENSMUSG00000106451.1	0
ENSMUSG00000106452.1	0
ENSMUSG00000106453.1	0
ENSMUSG00000106454.1	0
ENSMUSG00000106455.1	0
ENSMUSG00000106456.1	0
ENSMUSG00000106457.1	0
ENSMUSG00000106458.1	0
ENSMUSG00000106459.1	0
ENSMUSG00000106460.1	0
ENSMUSG00000106461.1	0
ENSMUSG00000106462.1	0
ENSMUSG00000106463.1	0
ENSMUSG00000106464.1	0
ENSMUSG00000106465.1	0
ENSMUSG00000106466.1	0
ENSMUSG00000106467.1	0
ENSMUSG00000106468.1	0
ENSMUSG00000106469.1	0
ENSMUSG00000106470.1	0
ENSMUSG00000106471.1	0
ENSMUSG00000106472.1	0
ENSMUSG00000106473.1	0
ENSMUSG00000106474.1	0
ENSMUSG00000106475.1	0
ENSMUSG00000106476.1	0
ENSMUSG00000106477.1	0
ENSMUSG00000106478.1	0
ENSMUSG00000106479.1	0
ENSMUSG00000106480.1	0
ENSMUSG00000106481.1	0
ENSMUSG00000106482.1	0
ENSMUSG00000106483.1	0
ENSMUSG00000106484.1	0.157717
ENSMUSG00000106485.1	0
ENSMUSG00000106486.1	0
ENSMUSG00000106487.1	0
ENSMUSG00000106488.1	0
ENSMUSG00000106489.1	0
ENSMUSG00000106490.1	0
ENSMUSG00000106491.1	0.009017
ENSMUSG00000106492.1	0.11617
ENSMUSG00000106493.1	0
ENSMUSG00000106494.1	0
ENSMUSG00000106495.1	0
ENSMUSG00000106496.1	0
ENSMUSG00000106497.1	0
ENSMUSG00000106498.1	0.941502
ENSMUSG00000106499.1	0.041939
ENSMUSG00000106500.1	0
ENSMUSG00000106501.1	0
ENSMUSG00000106502.1	0
ENSMUSG00000106503.1	0
ENSMUSG00000106504.1	0
ENSMUSG00000106505.1	0
ENSMUSG00000106506.1	0
ENSMUSG00000106507.1	0
ENSMUSG00000106508.1	0.020493
ENSMUSG00000106509.1	0
ENSMUSG00000106510.1	0
ENSMUSG00000106511.1	0
ENSMUSG00000106512.1	0
ENSMUSG00000106513.1	0
ENSMUSG00000106514.1	0
ENSMUSG00000106515.4	0.016666
ENSMUSG00000106516.1	0
ENSMUSG00000106517.1	0
ENSMUSG00000106518.1	0
ENSMUSG00000106519.1	0
ENSMUSG00000106520.1	0
ENSMUSG00000106521.1	0
ENSMUSG00000106522.1	0
ENSMUSG00000106523.1	0
ENSMUSG00000106524.1	0.064662
ENSMUSG00000106525.1	0
ENSMUSG00000106526.1	0
ENSMUSG00000106527.1	0
ENSMUSG00000106528.1	0
ENSMUSG00000106529.1	0
ENSMUSG00000106530.2	0
ENSMUSG00000106531.1	0
ENSMUSG00000106532.1	0
ENSMUSG00000106533.1	0
ENSMUSG00000106534.1	0
ENSMUSG00000106535.1	0.049149
ENSMUSG00000106536.1	0
ENSMUSG00000106537.1	0
ENSMUSG00000106538.1	0
ENSMUSG00000106539.1	0
ENSMUSG00000106540.1	0
ENSMUSG00000106541.1	0
ENSMUSG00000106542.1	0
ENSMUSG00000106543.1	0
ENSMUSG00000106544.1	0
ENSMUSG00000106545.1	0
ENSMUSG00000106546.1	0
ENSMUSG00000106547.1	0.032315
ENSMUSG00000106548.1	0
ENSMUSG00000106549.1	0
ENSMUSG00000106550.1	0
ENSMUSG00000106551.1	0
ENSMUSG00000106552.1	0
ENSMUSG00000106553.1	0
ENSMUSG00000106554.1	0
ENSMUSG00000106555.4	0
ENSMUSG00000106556.1	0
ENSMUSG00000106557.1	0
ENSMUSG00000106558.1	0
ENSMUSG00000106559.1	0
ENSMUSG00000106560.1	0
ENSMUSG00000106561.1	0
ENSMUSG00000106562.1	0
ENSMUSG00000106563.1	0
ENSMUSG00000106564.1	0
ENSMUSG00000106565.1	0
ENSMUSG00000106566.1	0
ENSMUSG00000106567.1	0.099007
ENSMUSG00000106568.1	0.19992
ENSMUSG00000106569.1	0
ENSMUSG00000106570.1	0
ENSMUSG00000106571.1	0
ENSMUSG00000106572.1	0
ENSMUSG00000106573.1	0
ENSMUSG00000106574.1	0.369417
ENSMUSG00000106575.1	0
ENSMUSG00000106576.1	0
ENSMUSG00000106577.1	0
ENSMUSG00000106578.1	0
ENSMUSG00000106579.1	0
ENSMUSG00000106580.1	0
ENSMUSG00000106581.1	0
ENSMUSG00000106582.1	0
ENSMUSG00000106583.1	0.028583
ENSMUSG00000106584.1	0
ENSMUSG00000106585.1	0
ENSMUSG00000106586.1	0
ENSMUSG00000106587.1	0.958139
ENSMUSG00000106588.1	0.026552
ENSMUSG00000106589.1	0
ENSMUSG00000106590.1	0.096274
ENSMUSG00000106591.1	0
ENSMUSG00000106592.1	0
ENSMUSG00000106593.1	0
ENSMUSG00000106594.1	0
ENSMUSG00000106595.1	0
ENSMUSG00000106596.1	0
ENSMUSG00000106597.1	0
ENSMUSG00000106598.1	0
ENSMUSG00000106599.1	0
ENSMUSG00000106600.1	0
ENSMUSG00000106601.1	0
ENSMUSG00000106602.1	0
ENSMUSG00000106603.1	0
ENSMUSG00000106604.1	0
ENSMUSG00000106605.1	0
ENSMUSG00000106606.1	0
ENSMUSG00000106607.1	0
ENSMUSG00000106608.1	0
ENSMUSG00000106609.1	0
ENSMUSG00000106610.1	0
ENSMUSG00000106611.1	0
ENSMUSG00000106612.1	0
ENSMUSG00000106613.1	0
ENSMUSG00000106614.1	0
ENSMUSG00000106615.1	0
ENSMUSG00000106616.1	0
ENSMUSG00000106617.1	0.089104
ENSMUSG00000106618.1	0
ENSMUSG00000106619.1	0
ENSMUSG00000106620.1	0
ENSMUSG00000106621.1	0.030152
ENSMUSG00000106622.2	0
ENSMUSG00000106623.1	0
ENSMUSG00000106624.1	0.072012
ENSMUSG00000106625.1	0
ENSMUSG00000106626.1	0
ENSMUSG00000106627.1	0
ENSMUSG00000106628.1	0
ENSMUSG00000106629.1	0
ENSMUSG00000106630.1	0
ENSMUSG00000106631.2	0.019474
ENSMUSG00000106632.1	0
ENSMUSG00000106633.1	0
ENSMUSG00000106634.1	0.153458
ENSMUSG00000106635.1	0
ENSMUSG00000106636.1	0
ENSMUSG00000106637.1	0
ENSMUSG00000106639.1	0
ENSMUSG00000106640.1	0
ENSMUSG00000106641.1	0
ENSMUSG00000106642.1	0
ENSMUSG00000106643.1	0
ENSMUSG00000106644.1	0
ENSMUSG00000106645.1	0
ENSMUSG00000106646.1	0
ENSMUSG00000106647.1	0
ENSMUSG00000106648.1	0
ENSMUSG00000106649.1	0
ENSMUSG00000106650.1	0
ENSMUSG00000106651.1	0.121739
ENSMUSG00000106652.1	0
ENSMUSG00000106653.1	0
ENSMUSG00000106654.1	0
ENSMUSG00000106655.1	0
ENSMUSG00000106656.1	0
ENSMUSG00000106657.1	0
ENSMUSG00000106658.1	0
ENSMUSG00000106659.1	0
ENSMUSG00000106660.1	0
ENSMUSG00000106661.1	0
ENSMUSG00000106662.1	2.949958
ENSMUSG00000106663.1	0
ENSMUSG00000106664.1	0
ENSMUSG00000106665.1	0
ENSMUSG00000106666.1	0
ENSMUSG00000106667.1	0
ENSMUSG00000106668.1	0
ENSMUSG00000106669.1	0
ENSMUSG00000106670.1	0
ENSMUSG00000106671.1	0
ENSMUSG00000106673.1	0
ENSMUSG00000106674.1	0
ENSMUSG00000106675.1	0
ENSMUSG00000106676.1	0
ENSMUSG00000106677.1	0
ENSMUSG00000106678.1	0
ENSMUSG00000106679.1	0
ENSMUSG00000106680.1	0.264943
ENSMUSG00000106681.1	0
ENSMUSG00000106682.1	0
ENSMUSG00000106683.1	0
ENSMUSG00000106688.1	0.158907
ENSMUSG00000106689.1	0
ENSMUSG00000106690.1	0
ENSMUSG00000106691.1	0.021749
ENSMUSG00000106692.1	0.311106
ENSMUSG00000106694.1	0.01744
ENSMUSG00000106696.1	0
ENSMUSG00000106698.1	0
ENSMUSG00000106699.1	0
ENSMUSG00000106701.1	0
ENSMUSG00000106702.1	0.165751
ENSMUSG00000106703.1	0
ENSMUSG00000106704.1	0
ENSMUSG00000106705.1	0
ENSMUSG00000106706.1	0
ENSMUSG00000106707.1	0
ENSMUSG00000106708.1	0
ENSMUSG00000106709.1	0.241558
ENSMUSG00000106710.1	0
ENSMUSG00000106712.1	0
ENSMUSG00000106713.1	0
ENSMUSG00000106714.1	0.023202
ENSMUSG00000106715.3	1.824478
ENSMUSG00000106717.1	0.014765
ENSMUSG00000106718.1	0.059438
ENSMUSG00000106719.1	0
ENSMUSG00000106720.1	0
ENSMUSG00000106721.1	0
ENSMUSG00000106725.1	0
ENSMUSG00000106726.1	0
ENSMUSG00000106729.1	0
ENSMUSG00000106730.1	0
ENSMUSG00000106732.1	0
ENSMUSG00000106733.1	0
ENSMUSG00000106734.3	0.300758
ENSMUSG00000106735.1	0
ENSMUSG00000106736.1	0
ENSMUSG00000106737.1	0
ENSMUSG00000106738.1	0.631848
ENSMUSG00000106739.1	0
ENSMUSG00000106740.1	0
ENSMUSG00000106741.3	0
ENSMUSG00000106742.1	0
ENSMUSG00000106743.1	2.252141
ENSMUSG00000106745.1	0
ENSMUSG00000106746.1	4.381816
ENSMUSG00000106747.1	0
ENSMUSG00000106749.1	0
ENSMUSG00000106750.1	0
ENSMUSG00000106751.1	0.066173
ENSMUSG00000106752.1	0
ENSMUSG00000106753.1	0
ENSMUSG00000106754.1	0
ENSMUSG00000106755.1	0.388261
ENSMUSG00000106756.1	0
ENSMUSG00000106757.1	0
ENSMUSG00000106758.1	0
ENSMUSG00000106759.1	0
ENSMUSG00000106760.1	0
ENSMUSG00000106762.3	0
ENSMUSG00000106763.1	0
ENSMUSG00000106764.1	0
ENSMUSG00000106766.1	0
ENSMUSG00000106767.1	0
ENSMUSG00000106768.1	0
ENSMUSG00000106771.1	0
ENSMUSG00000106772.1	0
ENSMUSG00000106773.1	0
ENSMUSG00000106775.1	0.314475
ENSMUSG00000106776.1	0
ENSMUSG00000106777.1	0
ENSMUSG00000106779.1	0
ENSMUSG00000106780.1	0
ENSMUSG00000106783.1	0
ENSMUSG00000106784.1	0
ENSMUSG00000106785.1	0
ENSMUSG00000106786.1	0
ENSMUSG00000106788.1	0
ENSMUSG00000106791.1	1.833584
ENSMUSG00000106794.1	0
ENSMUSG00000106795.3	0
ENSMUSG00000106797.1	0
ENSMUSG00000106798.1	0
ENSMUSG00000106799.1	0
ENSMUSG00000106800.1	0
ENSMUSG00000106801.1	0
ENSMUSG00000106802.1	0
ENSMUSG00000106803.1	0
ENSMUSG00000106805.1	0
ENSMUSG00000106806.1	0
ENSMUSG00000106807.1	0
ENSMUSG00000106808.1	0
ENSMUSG00000106810.1	0
ENSMUSG00000106812.1	0.414404
ENSMUSG00000106813.1	0
ENSMUSG00000106814.1	0
ENSMUSG00000106815.1	0
ENSMUSG00000106817.1	0
ENSMUSG00000106818.1	0
ENSMUSG00000106819.1	0
ENSMUSG00000106820.1	0.030985
ENSMUSG00000106821.1	0
ENSMUSG00000106822.1	0
ENSMUSG00000106824.1	0
ENSMUSG00000106825.1	0.658635
ENSMUSG00000106826.1	0.008591
ENSMUSG00000106827.1	0
ENSMUSG00000106828.1	0
ENSMUSG00000106829.1	0
ENSMUSG00000106831.1	0
ENSMUSG00000106832.1	0
ENSMUSG00000106833.1	0
ENSMUSG00000106834.1	0
ENSMUSG00000106835.3	0
ENSMUSG00000106836.1	0
ENSMUSG00000106837.1	0
ENSMUSG00000106838.1	0
ENSMUSG00000106839.1	0
ENSMUSG00000106840.1	0
ENSMUSG00000106841.1	0.013165
ENSMUSG00000106843.1	0.283083
ENSMUSG00000106845.1	0
ENSMUSG00000106846.1	0
ENSMUSG00000106847.1	99.984277
ENSMUSG00000106849.1	0
ENSMUSG00000106851.1	0
ENSMUSG00000106853.1	0
ENSMUSG00000106854.1	0
ENSMUSG00000106855.1	0
ENSMUSG00000106856.1	0
ENSMUSG00000106858.1	0
ENSMUSG00000106859.1	0
ENSMUSG00000106860.1	0
ENSMUSG00000106862.1	0
ENSMUSG00000106863.3	0
ENSMUSG00000106864.3	11.903347
ENSMUSG00000106865.1	0
ENSMUSG00000106866.1	0
ENSMUSG00000106867.1	0.021939
ENSMUSG00000106868.1	0
ENSMUSG00000106869.1	0
ENSMUSG00000106870.1	0.357084
ENSMUSG00000106871.1	0
ENSMUSG00000106872.1	0
ENSMUSG00000106873.1	0
ENSMUSG00000106874.1	0.100011
ENSMUSG00000106875.1	0
ENSMUSG00000106876.1	0
ENSMUSG00000106878.1	0
ENSMUSG00000106879.1	0
ENSMUSG00000106880.1	0
ENSMUSG00000106883.1	0.06554
ENSMUSG00000106884.1	0
ENSMUSG00000106885.1	0
ENSMUSG00000106887.1	0.210882
ENSMUSG00000106888.1	0
ENSMUSG00000106889.1	0
ENSMUSG00000106891.1	0.03183
ENSMUSG00000106892.1	0
ENSMUSG00000106893.1	0
ENSMUSG00000106894.1	0.033539
ENSMUSG00000106895.1	0
ENSMUSG00000106896.1	0.397926
ENSMUSG00000106897.1	0
ENSMUSG00000106898.1	0
ENSMUSG00000106899.1	0
ENSMUSG00000106900.1	0
ENSMUSG00000106902.1	0
ENSMUSG00000106904.1	0
ENSMUSG00000106905.1	0
ENSMUSG00000106906.1	0
ENSMUSG00000106909.1	0
ENSMUSG00000106910.1	0
ENSMUSG00000106912.1	0
ENSMUSG00000106913.1	0
ENSMUSG00000106914.1	0
ENSMUSG00000106915.1	0.05854
ENSMUSG00000106916.1	0
ENSMUSG00000106917.1	0.079709
ENSMUSG00000106918.3	120.635028
ENSMUSG00000106924.1	0
ENSMUSG00000106925.1	0.215967
ENSMUSG00000106926.1	0.138626
ENSMUSG00000106927.1	0
ENSMUSG00000106928.1	0.254896
ENSMUSG00000106930.1	0
ENSMUSG00000106932.1	0
ENSMUSG00000106933.1	0
ENSMUSG00000106934.1	0
ENSMUSG00000106935.1	0
ENSMUSG00000106936.1	0
ENSMUSG00000106938.1	0
ENSMUSG00000106939.1	0
ENSMUSG00000106940.1	0
ENSMUSG00000106943.2	2.051576
ENSMUSG00000106944.1	0.119208
ENSMUSG00000106945.1	0
ENSMUSG00000106946.1	0
ENSMUSG00000106947.1	0.064786
ENSMUSG00000106948.1	0
ENSMUSG00000106950.1	0
ENSMUSG00000106951.1	0.424273
ENSMUSG00000106954.1	0
ENSMUSG00000106955.1	0
ENSMUSG00000106956.1	0
ENSMUSG00000106957.1	0
ENSMUSG00000106958.1	0
ENSMUSG00000106959.1	0
ENSMUSG00000106960.1	0
ENSMUSG00000106961.1	0.058201
ENSMUSG00000106962.1	0
ENSMUSG00000106963.1	0
ENSMUSG00000106965.1	0
ENSMUSG00000106967.1	0
ENSMUSG00000106968.1	0
ENSMUSG00000106969.1	0.084864
ENSMUSG00000106970.1	0
ENSMUSG00000106971.1	0
ENSMUSG00000106973.1	0
ENSMUSG00000106974.1	0
ENSMUSG00000106975.1	0
ENSMUSG00000106976.1	0
ENSMUSG00000106978.1	1.60655
ENSMUSG00000106980.1	1.290843
ENSMUSG00000106981.1	7.32087
ENSMUSG00000106982.1	0
ENSMUSG00000106985.1	0
ENSMUSG00000106986.1	0
ENSMUSG00000106987.1	0
ENSMUSG00000106988.1	0.177041
ENSMUSG00000106989.1	0
ENSMUSG00000106990.1	1.121931
ENSMUSG00000106991.1	0
ENSMUSG00000106992.1	0
ENSMUSG00000106993.1	0
ENSMUSG00000106994.1	0
ENSMUSG00000106995.1	0
ENSMUSG00000106996.1	0
ENSMUSG00000106999.1	0
ENSMUSG00000107000.1	0.120246
ENSMUSG00000107002.1	42.991911
ENSMUSG00000107004.1	0
ENSMUSG00000107005.1	0
ENSMUSG00000107006.1	0
ENSMUSG00000107008.3	1.016267
ENSMUSG00000107009.1	0
ENSMUSG00000107010.1	0
ENSMUSG00000107011.1	0
ENSMUSG00000107012.1	0
ENSMUSG00000107013.1	0
ENSMUSG00000107014.1	0
ENSMUSG00000107015.1	0.061657
ENSMUSG00000107017.1	0
ENSMUSG00000107018.1	0.237886
ENSMUSG00000107019.1	1.244801
ENSMUSG00000107020.1	0
ENSMUSG00000107021.1	0.023151
ENSMUSG00000107022.1	0
ENSMUSG00000107023.2	4.708773
ENSMUSG00000107026.1	0
ENSMUSG00000107027.1	0
ENSMUSG00000107028.1	0
ENSMUSG00000107029.1	0
ENSMUSG00000107030.1	0
ENSMUSG00000107031.1	0
ENSMUSG00000107032.2	0
ENSMUSG00000107033.1	0
ENSMUSG00000107034.1	0
ENSMUSG00000107035.1	0.220308
ENSMUSG00000107036.1	0
ENSMUSG00000107037.1	0
ENSMUSG00000107040.1	0
ENSMUSG00000107041.1	0.01907
ENSMUSG00000107042.1	0
ENSMUSG00000107043.1	0
ENSMUSG00000107044.1	0
ENSMUSG00000107045.1	0.040839
ENSMUSG00000107046.1	0
ENSMUSG00000107047.1	0
ENSMUSG00000107048.1	0
ENSMUSG00000107049.1	0
ENSMUSG00000107050.1	0.013006
ENSMUSG00000107053.1	0
ENSMUSG00000107054.1	0.024616
ENSMUSG00000107056.1	0
ENSMUSG00000107058.1	0
ENSMUSG00000107059.1	0
ENSMUSG00000107060.1	0.039586
ENSMUSG00000107061.1	0.027516
ENSMUSG00000107062.1	0
ENSMUSG00000107063.1	0
ENSMUSG00000107064.1	0
ENSMUSG00000107065.1	0.088024
ENSMUSG00000107066.2	0
ENSMUSG00000107067.1	0
ENSMUSG00000107068.1	36.767601
ENSMUSG00000107069.1	0
ENSMUSG00000107070.1	0
ENSMUSG00000107071.1	0
ENSMUSG00000107072.1	0
ENSMUSG00000107073.1	0
ENSMUSG00000107074.1	0
ENSMUSG00000107075.1	0
ENSMUSG00000107076.1	0
ENSMUSG00000107078.1	0
ENSMUSG00000107079.1	0
ENSMUSG00000107081.1	0
ENSMUSG00000107082.1	0
ENSMUSG00000107083.1	0
ENSMUSG00000107084.1	0
ENSMUSG00000107085.1	0
ENSMUSG00000107086.1	0.133548
ENSMUSG00000107087.1	0
ENSMUSG00000107089.1	0.05057
ENSMUSG00000107090.1	0.564248
ENSMUSG00000107091.1	0
ENSMUSG00000107092.1	4.055645
ENSMUSG00000107093.1	0
ENSMUSG00000107094.1	0
ENSMUSG00000107096.3	1.542878
ENSMUSG00000107097.1	0
ENSMUSG00000107098.1	0
ENSMUSG00000107100.1	0
ENSMUSG00000107102.1	0
ENSMUSG00000107103.1	0
ENSMUSG00000107105.1	0
ENSMUSG00000107106.1	0
ENSMUSG00000107108.2	0.123544
ENSMUSG00000107109.1	0
ENSMUSG00000107110.1	0
ENSMUSG00000107111.1	0
ENSMUSG00000107112.1	0
ENSMUSG00000107113.1	0
ENSMUSG00000107114.1	0
ENSMUSG00000107115.1	0
ENSMUSG00000107116.1	0
ENSMUSG00000107117.1	0
ENSMUSG00000107118.1	0.008733
ENSMUSG00000107120.1	0
ENSMUSG00000107121.1	0.663387
ENSMUSG00000107122.1	0
ENSMUSG00000107123.1	0
ENSMUSG00000107125.1	0
ENSMUSG00000107126.1	0.013398
ENSMUSG00000107127.1	0
ENSMUSG00000107128.1	0
ENSMUSG00000107129.1	0
ENSMUSG00000107130.1	0
ENSMUSG00000107131.1	0
ENSMUSG00000107132.1	0
ENSMUSG00000107133.1	0.113522
ENSMUSG00000107134.1	0.553253
ENSMUSG00000107135.1	0
ENSMUSG00000107136.1	0
ENSMUSG00000107139.1	0
ENSMUSG00000107140.1	0
ENSMUSG00000107141.1	0
ENSMUSG00000107142.1	0
ENSMUSG00000107143.1	0.08044
ENSMUSG00000107144.1	0
ENSMUSG00000107145.1	0.118038
ENSMUSG00000107148.1	0
ENSMUSG00000107149.1	0
ENSMUSG00000107151.1	0
ENSMUSG00000107152.1	0
ENSMUSG00000107153.1	0
ENSMUSG00000107154.1	0
ENSMUSG00000107155.1	0
ENSMUSG00000107157.1	0
ENSMUSG00000107158.1	0
ENSMUSG00000107159.1	0
ENSMUSG00000107160.1	0
ENSMUSG00000107161.1	0
ENSMUSG00000107162.1	0
ENSMUSG00000107163.1	0
ENSMUSG00000107164.1	0.036288
ENSMUSG00000107165.1	0
ENSMUSG00000107167.3	0
ENSMUSG00000107168.1	0
ENSMUSG00000107171.1	0
ENSMUSG00000107172.1	0
ENSMUSG00000107173.1	0.052725
ENSMUSG00000107176.1	2.892952
ENSMUSG00000107177.1	0
ENSMUSG00000107178.1	0
ENSMUSG00000107179.1	0
ENSMUSG00000107180.1	0
ENSMUSG00000107181.1	0
ENSMUSG00000107182.1	0.484056
ENSMUSG00000107183.1	0
ENSMUSG00000107184.1	0
ENSMUSG00000107185.1	0
ENSMUSG00000107187.1	0
ENSMUSG00000107189.1	0
ENSMUSG00000107191.1	0.421426
ENSMUSG00000107192.1	0
ENSMUSG00000107193.1	0
ENSMUSG00000107194.1	0.605394
ENSMUSG00000107195.1	0.113089
ENSMUSG00000107197.1	0
ENSMUSG00000107198.1	0.046324
ENSMUSG00000107199.1	0
ENSMUSG00000107200.1	0
ENSMUSG00000107201.1	0.346202
ENSMUSG00000107203.1	0
ENSMUSG00000107204.1	0
ENSMUSG00000107205.1	0
ENSMUSG00000107206.1	0
ENSMUSG00000107207.1	0
ENSMUSG00000107208.1	0
ENSMUSG00000107209.1	0
ENSMUSG00000107211.1	0
ENSMUSG00000107212.1	0
ENSMUSG00000107213.1	0
ENSMUSG00000107214.3	0
ENSMUSG00000107215.1	0
ENSMUSG00000107216.1	0.086945
ENSMUSG00000107217.1	0
ENSMUSG00000107218.1	0
ENSMUSG00000107219.1	2.118605
ENSMUSG00000107220.1	0
ENSMUSG00000107222.1	0
ENSMUSG00000107223.1	0
ENSMUSG00000107225.1	0
ENSMUSG00000107226.1	0
ENSMUSG00000107227.1	0.025053
ENSMUSG00000107230.1	1.171877
ENSMUSG00000107232.1	0
ENSMUSG00000107233.1	0
ENSMUSG00000107234.1	0
ENSMUSG00000107237.1	0
ENSMUSG00000107238.1	0
ENSMUSG00000107240.1	0.026925
ENSMUSG00000107241.1	0
ENSMUSG00000107243.1	0
ENSMUSG00000107244.1	0
ENSMUSG00000107245.1	0.101448
ENSMUSG00000107246.1	0
ENSMUSG00000107247.1	0
ENSMUSG00000107248.1	0
ENSMUSG00000107251.1	0
ENSMUSG00000107252.1	0
ENSMUSG00000107253.1	0
ENSMUSG00000107254.1	0.006758
ENSMUSG00000107255.1	0
ENSMUSG00000107256.1	0
ENSMUSG00000107257.1	0
ENSMUSG00000107258.2	0
ENSMUSG00000107259.1	0
ENSMUSG00000107261.1	0
ENSMUSG00000107262.1	0
ENSMUSG00000107263.1	0
ENSMUSG00000107265.1	0
ENSMUSG00000107266.1	0
ENSMUSG00000107270.1	0
ENSMUSG00000107271.3	0
ENSMUSG00000107272.1	6.433257
ENSMUSG00000107276.1	0.623763
ENSMUSG00000107277.1	0.261394
ENSMUSG00000107278.1	0.049283
ENSMUSG00000107279.1	0
ENSMUSG00000107280.1	0
ENSMUSG00000107282.1	0
ENSMUSG00000107283.3	44.535657
ENSMUSG00000107284.1	0
ENSMUSG00000107285.1	0
ENSMUSG00000107286.1	0
ENSMUSG00000107287.1	0
ENSMUSG00000107288.1	0.091715
ENSMUSG00000107289.1	0
ENSMUSG00000107290.1	0
ENSMUSG00000107291.1	0
ENSMUSG00000107292.1	0
ENSMUSG00000107295.1	0
ENSMUSG00000107296.1	0
ENSMUSG00000107299.1	0
ENSMUSG00000107300.1	0.023997
ENSMUSG00000107301.1	0
ENSMUSG00000107303.1	0
ENSMUSG00000107304.1	0
ENSMUSG00000107305.1	0
ENSMUSG00000107306.1	0
ENSMUSG00000107307.1	0
ENSMUSG00000107308.1	0
ENSMUSG00000107309.1	0
ENSMUSG00000107310.1	0
ENSMUSG00000107312.1	0
ENSMUSG00000107313.1	0
ENSMUSG00000107314.1	0.116947
ENSMUSG00000107315.1	0
ENSMUSG00000107316.1	0
ENSMUSG00000107317.1	0.082954
ENSMUSG00000107318.1	0.267642
ENSMUSG00000107319.1	0.175862
ENSMUSG00000107320.1	0
ENSMUSG00000107322.1	0
ENSMUSG00000107325.1	0
ENSMUSG00000107326.1	0
ENSMUSG00000107327.1	0
ENSMUSG00000107331.1	10.023793
ENSMUSG00000107333.1	0
ENSMUSG00000107334.1	0.11961
ENSMUSG00000107335.1	0.019737
ENSMUSG00000107336.1	0
ENSMUSG00000107337.1	0
ENSMUSG00000107340.1	0
ENSMUSG00000107341.1	0
ENSMUSG00000107344.1	0
ENSMUSG00000107346.1	0
ENSMUSG00000107348.1	0
ENSMUSG00000107349.1	0
ENSMUSG00000107350.1	0
ENSMUSG00000107351.1	0
ENSMUSG00000107352.1	0.013193
ENSMUSG00000107353.1	0
ENSMUSG00000107354.1	0
ENSMUSG00000107355.1	0.708795
ENSMUSG00000107356.1	0
ENSMUSG00000107357.1	0
ENSMUSG00000107358.1	0
ENSMUSG00000107359.1	0
ENSMUSG00000107360.1	0
ENSMUSG00000107362.1	0
ENSMUSG00000107363.1	0
ENSMUSG00000107364.1	0
ENSMUSG00000107365.1	0
ENSMUSG00000107368.1	0
ENSMUSG00000107369.1	0.525775
ENSMUSG00000107370.1	0
ENSMUSG00000107371.1	0
ENSMUSG00000107373.1	0.024256
ENSMUSG00000107374.1	0
ENSMUSG00000107375.1	0
ENSMUSG00000107376.1	0
ENSMUSG00000107377.1	0
ENSMUSG00000107378.1	0
ENSMUSG00000107379.1	0.219907
ENSMUSG00000107380.1	0
ENSMUSG00000107383.1	1.617661
ENSMUSG00000107384.1	0
ENSMUSG00000107385.3	0.097467
ENSMUSG00000107386.1	0
ENSMUSG00000107387.1	0
ENSMUSG00000107388.1	0.018801
ENSMUSG00000107389.1	0.711448
ENSMUSG00000107390.1	0
ENSMUSG00000107392.1	0
ENSMUSG00000107394.1	0
ENSMUSG00000107395.1	0
ENSMUSG00000107396.2	0.193961
ENSMUSG00000107397.1	0
ENSMUSG00000107398.1	0
ENSMUSG00000107399.2	0
ENSMUSG00000107400.1	0
ENSMUSG00000107401.1	0
ENSMUSG00000107402.1	0.152728
ENSMUSG00000107403.1	0
ENSMUSG00000107404.1	0
ENSMUSG00000107405.1	0.059229
ENSMUSG00000107406.1	0.076805
ENSMUSG00000107407.1	0
ENSMUSG00000107408.1	0
ENSMUSG00000107409.1	0
ENSMUSG00000107410.1	0
ENSMUSG00000107411.1	0
ENSMUSG00000107412.1	1.467291
ENSMUSG00000107413.1	0.083979
ENSMUSG00000107414.1	0
ENSMUSG00000107415.1	0
ENSMUSG00000107416.1	0
ENSMUSG00000107417.2	0
ENSMUSG00000107418.1	0
ENSMUSG00000107419.1	0
ENSMUSG00000107420.1	0
ENSMUSG00000107421.1	0
ENSMUSG00000107422.1	0
ENSMUSG00000107423.1	0
ENSMUSG00000107424.1	0
ENSMUSG00000107425.1	0
ENSMUSG00000107427.1	0.01274
ENSMUSG00000107428.1	0.022
ENSMUSG00000107429.2	0
ENSMUSG00000107430.1	0.09493
ENSMUSG00000107431.1	0
ENSMUSG00000107432.1	0
ENSMUSG00000107433.1	0
ENSMUSG00000107434.1	0
ENSMUSG00000107435.1	0
ENSMUSG00000107436.1	0
ENSMUSG00000107438.1	0
ENSMUSG00000107439.1	0.067266
ENSMUSG00000107440.1	0
ENSMUSG00000107441.1	0
ENSMUSG00000107442.1	0
ENSMUSG00000107443.1	0
ENSMUSG00000107445.1	0
ENSMUSG00000107446.1	0
ENSMUSG00000107447.1	0
ENSMUSG00000107448.1	0
ENSMUSG00000107449.1	0
ENSMUSG00000107450.1	0
ENSMUSG00000107451.1	2.012347
ENSMUSG00000107452.1	0
ENSMUSG00000107453.1	0
ENSMUSG00000107454.1	0
ENSMUSG00000107455.1	0.028927
ENSMUSG00000107456.1	0
ENSMUSG00000107457.1	0
ENSMUSG00000107458.1	0
ENSMUSG00000107459.1	0
ENSMUSG00000107460.1	0
ENSMUSG00000107461.1	0
ENSMUSG00000107462.1	0.088882
ENSMUSG00000107463.1	0
ENSMUSG00000107464.1	0
ENSMUSG00000107465.1	0
ENSMUSG00000107466.1	0
ENSMUSG00000107467.1	0
ENSMUSG00000107468.1	0
ENSMUSG00000107469.1	0
ENSMUSG00000107470.1	107.135174
ENSMUSG00000107471.1	0
ENSMUSG00000107472.1	0
ENSMUSG00000107473.1	0
ENSMUSG00000107474.1	0
ENSMUSG00000107475.1	0
ENSMUSG00000107476.3	1.990993
ENSMUSG00000107477.1	0
ENSMUSG00000107478.1	0
ENSMUSG00000107479.1	0.0174
ENSMUSG00000107480.1	0
ENSMUSG00000107481.1	0.032799
ENSMUSG00000107482.2	0
ENSMUSG00000107483.1	0
ENSMUSG00000107484.1	0
ENSMUSG00000107486.1	0
ENSMUSG00000107487.1	0
ENSMUSG00000107488.1	0
ENSMUSG00000107489.1	0
ENSMUSG00000107490.1	0
ENSMUSG00000107491.1	0
ENSMUSG00000107492.1	0
ENSMUSG00000107493.1	0
ENSMUSG00000107495.1	0
ENSMUSG00000107496.1	0
ENSMUSG00000107497.1	0
ENSMUSG00000107498.1	0.033932
ENSMUSG00000107499.1	0.154074
ENSMUSG00000107500.1	0
ENSMUSG00000107501.1	0
ENSMUSG00000107502.1	0.133813
ENSMUSG00000107503.1	0
ENSMUSG00000107504.3	0
ENSMUSG00000107505.1	0
ENSMUSG00000107506.1	0
ENSMUSG00000107508.1	0
ENSMUSG00000107509.1	0
ENSMUSG00000107510.1	0
ENSMUSG00000107511.1	0
ENSMUSG00000107512.1	0
ENSMUSG00000107513.1	0
ENSMUSG00000107514.1	0
ENSMUSG00000107515.1	0
ENSMUSG00000107516.1	0
ENSMUSG00000107517.1	0
ENSMUSG00000107518.1	0
ENSMUSG00000107519.1	0
ENSMUSG00000107520.1	0
ENSMUSG00000107521.1	0
ENSMUSG00000107522.1	0
ENSMUSG00000107523.1	0
ENSMUSG00000107524.1	0
ENSMUSG00000107525.1	0
ENSMUSG00000107526.1	0
ENSMUSG00000107527.1	0
ENSMUSG00000107528.1	0
ENSMUSG00000107529.1	0
ENSMUSG00000107530.1	0
ENSMUSG00000107531.1	0.030815
ENSMUSG00000107532.1	0
ENSMUSG00000107533.1	0
ENSMUSG00000107534.1	0
ENSMUSG00000107535.1	0
ENSMUSG00000107536.1	0
ENSMUSG00000107538.1	0
ENSMUSG00000107539.1	0
ENSMUSG00000107540.1	0
ENSMUSG00000107541.1	0
ENSMUSG00000107542.1	0
ENSMUSG00000107543.1	0
ENSMUSG00000107544.1	0
ENSMUSG00000107545.1	0
ENSMUSG00000107546.1	0.008398
ENSMUSG00000107548.1	0
ENSMUSG00000107549.1	0
ENSMUSG00000107550.1	0
ENSMUSG00000107551.1	0
ENSMUSG00000107552.1	0
ENSMUSG00000107553.1	0
ENSMUSG00000107555.1	0
ENSMUSG00000107556.1	0
ENSMUSG00000107557.1	0
ENSMUSG00000107558.1	0
ENSMUSG00000107559.1	0
ENSMUSG00000107560.1	0
ENSMUSG00000107561.1	0
ENSMUSG00000107562.1	0
ENSMUSG00000107563.2	0
ENSMUSG00000107564.1	0
ENSMUSG00000107565.1	0
ENSMUSG00000107566.1	0
ENSMUSG00000107567.1	0
ENSMUSG00000107568.1	0
ENSMUSG00000107569.1	0
ENSMUSG00000107570.1	0
ENSMUSG00000107571.1	0
ENSMUSG00000107572.1	0
ENSMUSG00000107573.2	0
ENSMUSG00000107574.1	0
ENSMUSG00000107575.1	0
ENSMUSG00000107576.1	0
ENSMUSG00000107577.1	0.008039
ENSMUSG00000107578.1	0
ENSMUSG00000107579.1	0
ENSMUSG00000107580.1	0
ENSMUSG00000107581.1	0
ENSMUSG00000107582.2	0
ENSMUSG00000107583.1	0
ENSMUSG00000107584.1	0
ENSMUSG00000107585.1	2.75516
ENSMUSG00000107586.1	0
ENSMUSG00000107587.1	0
ENSMUSG00000107588.1	0
ENSMUSG00000107590.1	0
ENSMUSG00000107591.1	0.29814
ENSMUSG00000107592.1	0
ENSMUSG00000107593.1	0
ENSMUSG00000107594.1	0
ENSMUSG00000107595.1	0
ENSMUSG00000107596.1	0
ENSMUSG00000107597.1	0
ENSMUSG00000107598.1	0
ENSMUSG00000107599.1	0
ENSMUSG00000107600.1	0
ENSMUSG00000107601.1	0
ENSMUSG00000107602.1	0
ENSMUSG00000107603.1	0
ENSMUSG00000107604.1	0
ENSMUSG00000107605.1	0
ENSMUSG00000107606.1	0
ENSMUSG00000107608.1	0.137988
ENSMUSG00000107609.1	0
ENSMUSG00000107610.1	0
ENSMUSG00000107611.1	0
ENSMUSG00000107612.1	0
ENSMUSG00000107613.1	0
ENSMUSG00000107614.1	0
ENSMUSG00000107615.1	0
ENSMUSG00000107616.1	0
ENSMUSG00000107618.1	0
ENSMUSG00000107619.1	0
ENSMUSG00000107620.1	0
ENSMUSG00000107622.1	0
ENSMUSG00000107623.1	0
ENSMUSG00000107624.1	0
ENSMUSG00000107625.1	0
ENSMUSG00000107626.1	0
ENSMUSG00000107627.1	0
ENSMUSG00000107628.1	0
ENSMUSG00000107629.1	0
ENSMUSG00000107630.1	0
ENSMUSG00000107631.1	0
ENSMUSG00000107632.1	0
ENSMUSG00000107633.1	0
ENSMUSG00000107634.1	0
ENSMUSG00000107635.1	0
ENSMUSG00000107637.1	0
ENSMUSG00000107638.2	0
ENSMUSG00000107639.1	0
ENSMUSG00000107640.1	0.047465
ENSMUSG00000107641.1	0
ENSMUSG00000107642.1	0
ENSMUSG00000107643.1	0
ENSMUSG00000107644.2	0
ENSMUSG00000107645.2	0
ENSMUSG00000107646.1	0
ENSMUSG00000107647.1	0
ENSMUSG00000107648.4	0
ENSMUSG00000107649.1	0
ENSMUSG00000107650.1	0
ENSMUSG00000107651.1	0
ENSMUSG00000107652.1	0
ENSMUSG00000107653.1	0
ENSMUSG00000107655.1	0.388101
ENSMUSG00000107656.1	0
ENSMUSG00000107657.1	0
ENSMUSG00000107658.1	0
ENSMUSG00000107659.1	0
ENSMUSG00000107660.1	0
ENSMUSG00000107661.1	0
ENSMUSG00000107662.2	0
ENSMUSG00000107663.1	0
ENSMUSG00000107664.1	0
ENSMUSG00000107666.1	0.105473
ENSMUSG00000107667.2	0.105507
ENSMUSG00000107668.1	0
ENSMUSG00000107669.1	0
ENSMUSG00000107671.1	0
ENSMUSG00000107672.1	0
ENSMUSG00000107673.1	0
ENSMUSG00000107674.1	0
ENSMUSG00000107675.1	0
ENSMUSG00000107676.1	0
ENSMUSG00000107677.2	0
ENSMUSG00000107678.1	0
ENSMUSG00000107679.1	0
ENSMUSG00000107680.1	0
ENSMUSG00000107681.1	0
ENSMUSG00000107682.1	0
ENSMUSG00000107683.1	0
ENSMUSG00000107684.1	0
ENSMUSG00000107685.1	0
ENSMUSG00000107686.1	0
ENSMUSG00000107687.1	0
ENSMUSG00000107688.1	0
ENSMUSG00000107689.1	6.817103
ENSMUSG00000107690.1	0.42999
ENSMUSG00000107691.1	0
ENSMUSG00000107692.1	0
ENSMUSG00000107693.1	0
ENSMUSG00000107694.1	0
ENSMUSG00000107695.1	0
ENSMUSG00000107696.1	0
ENSMUSG00000107697.1	0
ENSMUSG00000107698.1	0.23969
ENSMUSG00000107699.1	0
ENSMUSG00000107700.1	0
ENSMUSG00000107701.1	0
ENSMUSG00000107702.1	0
ENSMUSG00000107703.1	0
ENSMUSG00000107704.1	0
ENSMUSG00000107705.1	2.895217
ENSMUSG00000107706.1	0
ENSMUSG00000107707.1	0
ENSMUSG00000107708.1	0
ENSMUSG00000107709.1	0
ENSMUSG00000107710.1	0
ENSMUSG00000107711.2	0
ENSMUSG00000107712.1	0
ENSMUSG00000107713.1	0
ENSMUSG00000107714.1	0
ENSMUSG00000107715.1	0.284418
ENSMUSG00000107716.1	0
ENSMUSG00000107718.2	0
ENSMUSG00000107719.1	0
ENSMUSG00000107720.1	0
ENSMUSG00000107721.1	0
ENSMUSG00000107722.1	0
ENSMUSG00000107723.1	0
ENSMUSG00000107724.1	0.026179
ENSMUSG00000107725.1	0
ENSMUSG00000107726.1	0.081724
ENSMUSG00000107727.1	0
ENSMUSG00000107728.1	1.973827
ENSMUSG00000107729.1	0
ENSMUSG00000107730.1	0
ENSMUSG00000107731.1	0
ENSMUSG00000107732.1	0
ENSMUSG00000107733.1	0
ENSMUSG00000107734.1	0
ENSMUSG00000107735.1	0
ENSMUSG00000107736.1	0.745853
ENSMUSG00000107737.1	0
ENSMUSG00000107738.1	0
ENSMUSG00000107739.1	0
ENSMUSG00000107740.1	0
ENSMUSG00000107741.2	3.627291
ENSMUSG00000107742.1	0.318028
ENSMUSG00000107743.1	0.142387
ENSMUSG00000107744.1	0
ENSMUSG00000107745.1	0
ENSMUSG00000107746.1	0
ENSMUSG00000107747.1	1.285969
ENSMUSG00000107748.4	0
ENSMUSG00000107749.1	0.010462
ENSMUSG00000107750.1	0
ENSMUSG00000107751.1	0
ENSMUSG00000107752.1	0
ENSMUSG00000107753.1	0
ENSMUSG00000107754.1	0
ENSMUSG00000107755.1	0
ENSMUSG00000107756.1	0.011752
ENSMUSG00000107757.1	0
ENSMUSG00000107758.1	0
ENSMUSG00000107759.1	0
ENSMUSG00000107760.1	0
ENSMUSG00000107761.1	0.201798
ENSMUSG00000107762.1	0
ENSMUSG00000107763.1	0
ENSMUSG00000107764.1	0
ENSMUSG00000107765.1	0
ENSMUSG00000107766.1	0
ENSMUSG00000107767.1	0
ENSMUSG00000107768.1	0
ENSMUSG00000107769.1	0
ENSMUSG00000107770.1	0.139409
ENSMUSG00000107771.1	0
ENSMUSG00000107772.1	0
ENSMUSG00000107773.1	0
ENSMUSG00000107774.1	0
ENSMUSG00000107775.1	0
ENSMUSG00000107776.1	0
ENSMUSG00000107777.1	0
ENSMUSG00000107778.1	0
ENSMUSG00000107779.1	0
ENSMUSG00000107780.1	0
ENSMUSG00000107781.1	0
ENSMUSG00000107782.1	0
ENSMUSG00000107783.1	0
ENSMUSG00000107784.1	0
ENSMUSG00000107785.1	0
ENSMUSG00000107786.1	0
ENSMUSG00000107787.1	0
ENSMUSG00000107788.1	0.046468
ENSMUSG00000107789.1	0
ENSMUSG00000107790.1	0
ENSMUSG00000107791.1	0
ENSMUSG00000107792.1	0
ENSMUSG00000107793.1	0
ENSMUSG00000107794.1	0
ENSMUSG00000107795.1	0
ENSMUSG00000107796.1	0
ENSMUSG00000107797.1	0
ENSMUSG00000107798.1	0.061562
ENSMUSG00000107799.1	0
ENSMUSG00000107800.1	0
ENSMUSG00000107801.1	0
ENSMUSG00000107802.1	0
ENSMUSG00000107803.1	0
ENSMUSG00000107804.1	0
ENSMUSG00000107805.1	0
ENSMUSG00000107806.1	0
ENSMUSG00000107808.1	0
ENSMUSG00000107809.1	0
ENSMUSG00000107810.1	0
ENSMUSG00000107811.1	0
ENSMUSG00000107812.1	0.06417
ENSMUSG00000107813.1	0
ENSMUSG00000107814.1	0
ENSMUSG00000107815.1	0.309051
ENSMUSG00000107816.1	0
ENSMUSG00000107817.1	0
ENSMUSG00000107818.1	0
ENSMUSG00000107819.1	0
ENSMUSG00000107821.1	0.015005
ENSMUSG00000107822.4	0
ENSMUSG00000107823.1	0
ENSMUSG00000107824.1	0
ENSMUSG00000107825.1	0
ENSMUSG00000107826.1	0
ENSMUSG00000107828.1	0
ENSMUSG00000107829.1	0
ENSMUSG00000107830.1	0
ENSMUSG00000107831.1	0
ENSMUSG00000107832.1	0
ENSMUSG00000107833.1	0
ENSMUSG00000107834.1	0
ENSMUSG00000107835.1	0
ENSMUSG00000107836.1	0
ENSMUSG00000107837.1	0
ENSMUSG00000107838.1	0.220588
ENSMUSG00000107839.1	0
ENSMUSG00000107840.1	0.018865
ENSMUSG00000107841.1	0
ENSMUSG00000107842.1	0.015981
ENSMUSG00000107844.1	0
ENSMUSG00000107845.1	0
ENSMUSG00000107846.1	0
ENSMUSG00000107847.1	0
ENSMUSG00000107848.1	0
ENSMUSG00000107849.1	0
ENSMUSG00000107850.1	0
ENSMUSG00000107851.1	0
ENSMUSG00000107852.1	0
ENSMUSG00000107853.1	0
ENSMUSG00000107854.1	0
ENSMUSG00000107855.1	0
ENSMUSG00000107856.1	0
ENSMUSG00000107857.1	0
ENSMUSG00000107858.1	0
ENSMUSG00000107859.1	0.08644
ENSMUSG00000107861.1	0
ENSMUSG00000107862.1	0
ENSMUSG00000107863.1	0.574997
ENSMUSG00000107864.1	0
ENSMUSG00000107865.1	0
ENSMUSG00000107866.1	0
ENSMUSG00000107867.1	0
ENSMUSG00000107868.1	0.652127
ENSMUSG00000107869.1	0
ENSMUSG00000107870.1	0
ENSMUSG00000107872.2	0.17283
ENSMUSG00000107873.1	0
ENSMUSG00000107874.1	0
ENSMUSG00000107875.1	0.772192
ENSMUSG00000107876.1	0
ENSMUSG00000107877.2	1.004278
ENSMUSG00000107878.1	0
ENSMUSG00000107879.2	3.912953
ENSMUSG00000107880.1	0
ENSMUSG00000107881.1	0.373383
ENSMUSG00000107882.1	0
ENSMUSG00000107883.1	0
ENSMUSG00000107884.1	0
ENSMUSG00000107885.1	0
ENSMUSG00000107886.1	0
ENSMUSG00000107887.1	0
ENSMUSG00000107888.1	0
ENSMUSG00000107889.1	0
ENSMUSG00000107890.1	0
ENSMUSG00000107891.1	0
ENSMUSG00000107892.1	0
ENSMUSG00000107893.1	0
ENSMUSG00000107894.1	0
ENSMUSG00000107895.1	0
ENSMUSG00000107896.1	0
ENSMUSG00000107898.1	0
ENSMUSG00000107899.1	0
ENSMUSG00000107900.1	0
ENSMUSG00000107901.1	0
ENSMUSG00000107902.1	0.009507
ENSMUSG00000107903.1	0
ENSMUSG00000107904.1	0
ENSMUSG00000107905.1	0
ENSMUSG00000107906.1	0.024321
ENSMUSG00000107907.1	0
ENSMUSG00000107908.1	0
ENSMUSG00000107909.1	0.037755
ENSMUSG00000107911.1	0
ENSMUSG00000107913.1	0
ENSMUSG00000107914.1	0
ENSMUSG00000107915.1	0
ENSMUSG00000107916.1	0
ENSMUSG00000107917.1	0.009725
ENSMUSG00000107918.1	0
ENSMUSG00000107919.1	0
ENSMUSG00000107920.1	0
ENSMUSG00000107921.1	0
ENSMUSG00000107922.1	0
ENSMUSG00000107923.1	0
ENSMUSG00000107924.1	0
ENSMUSG00000107925.1	0
ENSMUSG00000107926.1	0
ENSMUSG00000107927.1	0
ENSMUSG00000107928.1	0
ENSMUSG00000107929.1	0
ENSMUSG00000107930.1	0
ENSMUSG00000107931.1	0
ENSMUSG00000107932.1	0
ENSMUSG00000107933.1	0
ENSMUSG00000107934.1	0
ENSMUSG00000107935.1	0.024966
ENSMUSG00000107936.1	0.117472
ENSMUSG00000107937.1	0
ENSMUSG00000107938.1	0
ENSMUSG00000107940.1	0
ENSMUSG00000107941.1	0
ENSMUSG00000107942.1	0
ENSMUSG00000107943.1	0
ENSMUSG00000107944.1	0
ENSMUSG00000107945.1	0
ENSMUSG00000107946.1	0.08168
ENSMUSG00000107947.1	0
ENSMUSG00000107948.2	0
ENSMUSG00000107949.1	0
ENSMUSG00000107950.1	0
ENSMUSG00000107951.1	0.054044
ENSMUSG00000107952.1	0.029327
ENSMUSG00000107953.1	0
ENSMUSG00000107954.1	0
ENSMUSG00000107955.1	0.008482
ENSMUSG00000107956.1	0
ENSMUSG00000107957.1	0
ENSMUSG00000107959.1	0
ENSMUSG00000107960.1	0
ENSMUSG00000107961.1	0
ENSMUSG00000107962.1	0
ENSMUSG00000107964.1	0
ENSMUSG00000107965.1	0
ENSMUSG00000107966.1	0
ENSMUSG00000107967.1	0
ENSMUSG00000107968.1	0.349009
ENSMUSG00000107969.1	0
ENSMUSG00000107970.1	0.011
ENSMUSG00000107971.1	0
ENSMUSG00000107972.1	0
ENSMUSG00000107973.1	0
ENSMUSG00000107975.1	0
ENSMUSG00000107976.1	0
ENSMUSG00000107977.1	0
ENSMUSG00000107978.1	0.031531
ENSMUSG00000107979.1	0
ENSMUSG00000107980.1	0
ENSMUSG00000107981.1	0
ENSMUSG00000107982.1	0
ENSMUSG00000107983.1	0
ENSMUSG00000107984.1	0
ENSMUSG00000107985.1	1.018362
ENSMUSG00000107986.1	0
ENSMUSG00000107987.1	0
ENSMUSG00000107988.1	0
ENSMUSG00000107989.1	0
ENSMUSG00000107990.1	0
ENSMUSG00000107991.1	0
ENSMUSG00000107992.1	0
ENSMUSG00000107993.3	0
ENSMUSG00000107994.1	0.925224
ENSMUSG00000107995.1	0
ENSMUSG00000107996.1	0
ENSMUSG00000107997.1	0.271847
ENSMUSG00000107998.1	0
ENSMUSG00000107999.1	0
ENSMUSG00000108000.1	0
ENSMUSG00000108002.1	0
ENSMUSG00000108003.1	0
ENSMUSG00000108004.1	0
ENSMUSG00000108005.1	0
ENSMUSG00000108006.1	0
ENSMUSG00000108007.1	0
ENSMUSG00000108008.1	0
ENSMUSG00000108009.1	0
ENSMUSG00000108010.1	0
ENSMUSG00000108011.1	0.431917
ENSMUSG00000108012.1	0
ENSMUSG00000108013.1	0
ENSMUSG00000108014.1	0
ENSMUSG00000108015.3	0.051592
ENSMUSG00000108016.1	0
ENSMUSG00000108017.1	0
ENSMUSG00000108018.1	0
ENSMUSG00000108019.1	0
ENSMUSG00000108020.1	0
ENSMUSG00000108021.1	0
ENSMUSG00000108022.1	0
ENSMUSG00000108023.1	0
ENSMUSG00000108024.1	0.154875
ENSMUSG00000108025.1	0.040125
ENSMUSG00000108026.1	0
ENSMUSG00000108027.1	0
ENSMUSG00000108028.1	0
ENSMUSG00000108029.1	0
ENSMUSG00000108030.1	0.734557
ENSMUSG00000108032.1	0
ENSMUSG00000108033.1	0.240122
ENSMUSG00000108034.1	0
ENSMUSG00000108035.1	0
ENSMUSG00000108036.1	0
ENSMUSG00000108037.2	0
ENSMUSG00000108038.1	0
ENSMUSG00000108039.1	0
ENSMUSG00000108040.1	0
ENSMUSG00000108041.1	0
ENSMUSG00000108042.1	0
ENSMUSG00000108043.2	0.018378
ENSMUSG00000108044.1	0
ENSMUSG00000108045.1	0.025799
ENSMUSG00000108046.1	0
ENSMUSG00000108047.1	0
ENSMUSG00000108048.1	0
ENSMUSG00000108049.1	0.050001
ENSMUSG00000108050.1	0
ENSMUSG00000108052.1	0
ENSMUSG00000108053.1	0.02137
ENSMUSG00000108054.1	0
ENSMUSG00000108055.1	0
ENSMUSG00000108056.1	0
ENSMUSG00000108057.1	0
ENSMUSG00000108058.1	0
ENSMUSG00000108059.1	0
ENSMUSG00000108060.2	0
ENSMUSG00000108062.1	0
ENSMUSG00000108063.1	0.122452
ENSMUSG00000108064.1	0.037594
ENSMUSG00000108065.1	0
ENSMUSG00000108066.2	0
ENSMUSG00000108067.1	0
ENSMUSG00000108068.1	0
ENSMUSG00000108069.1	0
ENSMUSG00000108070.1	0
ENSMUSG00000108071.1	0.015765
ENSMUSG00000108072.1	0
ENSMUSG00000108073.1	0
ENSMUSG00000108074.1	0
ENSMUSG00000108075.1	0.029213
ENSMUSG00000108076.1	0
ENSMUSG00000108077.1	0
ENSMUSG00000108078.1	0
ENSMUSG00000108079.1	5.903296
ENSMUSG00000108080.1	0.176312
ENSMUSG00000108081.1	0.01466
ENSMUSG00000108082.1	0
ENSMUSG00000108083.1	0
ENSMUSG00000108084.1	0.611148
ENSMUSG00000108085.1	0
ENSMUSG00000108086.1	0
ENSMUSG00000108087.1	0
ENSMUSG00000108088.1	0
ENSMUSG00000108089.1	0
ENSMUSG00000108090.1	0
ENSMUSG00000108091.1	0
ENSMUSG00000108092.1	0
ENSMUSG00000108093.1	0
ENSMUSG00000108094.1	0
ENSMUSG00000108095.1	0
ENSMUSG00000108096.1	0
ENSMUSG00000108097.1	0
ENSMUSG00000108098.1	0
ENSMUSG00000108099.1	0
ENSMUSG00000108100.1	0
ENSMUSG00000108101.1	0
ENSMUSG00000108102.1	0
ENSMUSG00000108103.1	0.36044
ENSMUSG00000108104.1	0
ENSMUSG00000108105.1	0
ENSMUSG00000108106.2	0
ENSMUSG00000108107.2	0
ENSMUSG00000108108.1	0
ENSMUSG00000108109.1	0
ENSMUSG00000108110.1	0
ENSMUSG00000108111.1	0.11569
ENSMUSG00000108112.1	0
ENSMUSG00000108113.2	0
ENSMUSG00000108114.2	0
ENSMUSG00000108115.1	0
ENSMUSG00000108117.1	0
ENSMUSG00000108118.1	0
ENSMUSG00000108119.1	0
ENSMUSG00000108120.1	0
ENSMUSG00000108121.1	0
ENSMUSG00000108122.1	0
ENSMUSG00000108123.1	0
ENSMUSG00000108124.1	0
ENSMUSG00000108125.1	0
ENSMUSG00000108126.1	0.263824
ENSMUSG00000108127.1	0
ENSMUSG00000108128.1	0
ENSMUSG00000108129.2	0.06815
ENSMUSG00000108130.1	0
ENSMUSG00000108131.1	0
ENSMUSG00000108132.1	0
ENSMUSG00000108134.1	0
ENSMUSG00000108135.1	0
ENSMUSG00000108137.1	0.335207
ENSMUSG00000108138.1	0
ENSMUSG00000108139.1	0
ENSMUSG00000108140.1	0
ENSMUSG00000108141.1	0
ENSMUSG00000108142.1	0
ENSMUSG00000108143.1	0.116006
ENSMUSG00000108144.1	0
ENSMUSG00000108145.1	0
ENSMUSG00000108146.1	0
ENSMUSG00000108147.1	0
ENSMUSG00000108148.1	0
ENSMUSG00000108149.1	0
ENSMUSG00000108150.1	0
ENSMUSG00000108151.1	0
ENSMUSG00000108152.1	0
ENSMUSG00000108153.1	0
ENSMUSG00000108154.1	0.054055
ENSMUSG00000108155.1	0
ENSMUSG00000108156.1	0
ENSMUSG00000108157.1	0
ENSMUSG00000108158.1	0.73816
ENSMUSG00000108160.1	0
ENSMUSG00000108161.1	0
ENSMUSG00000108162.1	0
ENSMUSG00000108163.1	0
ENSMUSG00000108164.1	0
ENSMUSG00000108166.1	0
ENSMUSG00000108167.2	0
ENSMUSG00000108168.1	0.021826
ENSMUSG00000108169.1	0
ENSMUSG00000108170.1	0.128682
ENSMUSG00000108171.1	0
ENSMUSG00000108172.1	0
ENSMUSG00000108173.1	0
ENSMUSG00000108174.1	0
ENSMUSG00000108175.1	0.63806
ENSMUSG00000108176.1	0
ENSMUSG00000108177.1	0.046061
ENSMUSG00000108178.1	0
ENSMUSG00000108179.1	0
ENSMUSG00000108180.1	0
ENSMUSG00000108181.1	0.554659
ENSMUSG00000108183.1	0
ENSMUSG00000108184.1	0
ENSMUSG00000108185.1	0
ENSMUSG00000108186.1	0
ENSMUSG00000108187.1	0
ENSMUSG00000108188.1	0
ENSMUSG00000108189.1	0
ENSMUSG00000108190.1	0
ENSMUSG00000108191.1	0
ENSMUSG00000108192.1	0
ENSMUSG00000108193.1	0
ENSMUSG00000108194.1	0
ENSMUSG00000108195.1	0
ENSMUSG00000108196.1	0
ENSMUSG00000108197.1	1.369968
ENSMUSG00000108198.1	0
ENSMUSG00000108199.1	0
ENSMUSG00000108200.1	0
ENSMUSG00000108201.1	0
ENSMUSG00000108202.1	0
ENSMUSG00000108203.1	0
ENSMUSG00000108204.1	0
ENSMUSG00000108205.1	0
ENSMUSG00000108206.1	0
ENSMUSG00000108207.2	2.538417
ENSMUSG00000108208.1	0
ENSMUSG00000108209.1	0
ENSMUSG00000108210.1	0
ENSMUSG00000108211.1	0
ENSMUSG00000108212.1	0
ENSMUSG00000108213.1	0
ENSMUSG00000108214.1	0
ENSMUSG00000108215.1	0
ENSMUSG00000108216.1	0
ENSMUSG00000108217.1	0
ENSMUSG00000108218.2	0
ENSMUSG00000108219.1	0.027413
ENSMUSG00000108220.1	0
ENSMUSG00000108221.1	0
ENSMUSG00000108222.1	0
ENSMUSG00000108223.1	0
ENSMUSG00000108224.1	0
ENSMUSG00000108225.1	0
ENSMUSG00000108226.1	0
ENSMUSG00000108227.1	0
ENSMUSG00000108228.2	0.499291
ENSMUSG00000108229.1	0
ENSMUSG00000108230.1	0
ENSMUSG00000108231.1	6.095871
ENSMUSG00000108232.1	0
ENSMUSG00000108233.1	0
ENSMUSG00000108234.1	0
ENSMUSG00000108235.1	0
ENSMUSG00000108236.1	0.121128
ENSMUSG00000108237.1	0
ENSMUSG00000108238.1	0
ENSMUSG00000108239.1	0
ENSMUSG00000108240.1	0
ENSMUSG00000108241.1	0
ENSMUSG00000108242.1	0.266402
ENSMUSG00000108244.1	0
ENSMUSG00000108245.1	0
ENSMUSG00000108246.1	0
ENSMUSG00000108247.1	0
ENSMUSG00000108248.1	0
ENSMUSG00000108249.1	0
ENSMUSG00000108250.1	0
ENSMUSG00000108251.1	0
ENSMUSG00000108252.1	0
ENSMUSG00000108253.1	0
ENSMUSG00000108254.1	0
ENSMUSG00000108255.1	0.280155
ENSMUSG00000108256.1	0
ENSMUSG00000108257.1	0
ENSMUSG00000108258.1	0
ENSMUSG00000108259.1	0
ENSMUSG00000108260.1	0
ENSMUSG00000108261.1	0
ENSMUSG00000108262.1	0
ENSMUSG00000108263.1	0
ENSMUSG00000108264.1	0
ENSMUSG00000108265.2	0
ENSMUSG00000108266.1	0
ENSMUSG00000108267.1	0.068659
ENSMUSG00000108268.1	0
ENSMUSG00000108269.1	0
ENSMUSG00000108270.1	0
ENSMUSG00000108271.1	0
ENSMUSG00000108272.1	0
ENSMUSG00000108274.1	0
ENSMUSG00000108275.1	0
ENSMUSG00000108276.1	0
ENSMUSG00000108278.1	0
ENSMUSG00000108279.1	0
ENSMUSG00000108280.1	0
ENSMUSG00000108282.1	0
ENSMUSG00000108283.1	0
ENSMUSG00000108284.1	0
ENSMUSG00000108285.1	0
ENSMUSG00000108286.1	0
ENSMUSG00000108287.1	0
ENSMUSG00000108288.1	0.236193
ENSMUSG00000108289.1	0
ENSMUSG00000108290.1	0
ENSMUSG00000108291.1	0.051241
ENSMUSG00000108292.1	0
ENSMUSG00000108293.1	0
ENSMUSG00000108294.1	0
ENSMUSG00000108295.2	0
ENSMUSG00000108296.1	0
ENSMUSG00000108297.1	0.065879
ENSMUSG00000108298.1	0
ENSMUSG00000108299.1	0
ENSMUSG00000108300.1	0
ENSMUSG00000108301.1	0
ENSMUSG00000108302.1	0
ENSMUSG00000108303.1	0
ENSMUSG00000108304.1	0
ENSMUSG00000108305.1	0
ENSMUSG00000108306.1	0
ENSMUSG00000108307.1	0
ENSMUSG00000108308.1	0.037327
ENSMUSG00000108309.1	0
ENSMUSG00000108310.1	0.062315
ENSMUSG00000108311.1	0
ENSMUSG00000108312.1	0
ENSMUSG00000108313.1	0
ENSMUSG00000108314.1	0.109784
ENSMUSG00000108315.1	0
ENSMUSG00000108316.1	0
ENSMUSG00000108317.1	0
ENSMUSG00000108318.1	0
ENSMUSG00000108319.1	0
ENSMUSG00000108320.1	0
ENSMUSG00000108321.1	0
ENSMUSG00000108322.2	0
ENSMUSG00000108323.1	0
ENSMUSG00000108324.1	0
ENSMUSG00000108325.1	0.794187
ENSMUSG00000108326.1	0
ENSMUSG00000108327.1	0
ENSMUSG00000108328.1	0
ENSMUSG00000108329.1	0
ENSMUSG00000108330.1	0
ENSMUSG00000108331.1	0
ENSMUSG00000108332.1	0.469911
ENSMUSG00000108333.1	0
ENSMUSG00000108334.1	0
ENSMUSG00000108335.1	0
ENSMUSG00000108336.1	0
ENSMUSG00000108337.1	0
ENSMUSG00000108338.1	0
ENSMUSG00000108339.1	0
ENSMUSG00000108340.1	0
ENSMUSG00000108341.1	0
ENSMUSG00000108342.1	0
ENSMUSG00000108343.1	0
ENSMUSG00000108344.1	0
ENSMUSG00000108345.1	0
ENSMUSG00000108346.1	0
ENSMUSG00000108347.1	0
ENSMUSG00000108348.2	13.945923
ENSMUSG00000108349.1	0
ENSMUSG00000108350.1	5.354593
ENSMUSG00000108351.1	0.059691
ENSMUSG00000108352.1	0
ENSMUSG00000108353.1	0.026657
ENSMUSG00000108354.1	0
ENSMUSG00000108355.1	0
ENSMUSG00000108356.1	0
ENSMUSG00000108357.1	0
ENSMUSG00000108358.1	19.977574
ENSMUSG00000108359.1	0
ENSMUSG00000108360.1	0
ENSMUSG00000108361.1	0
ENSMUSG00000108362.1	0
ENSMUSG00000108363.1	0
ENSMUSG00000108364.1	0
ENSMUSG00000108365.1	0
ENSMUSG00000108366.1	0
ENSMUSG00000108367.2	0.344755
ENSMUSG00000108368.1	0.301637
ENSMUSG00000108370.1	0
ENSMUSG00000108371.1	0
ENSMUSG00000108372.1	0.021735
ENSMUSG00000108373.1	0
ENSMUSG00000108374.1	0
ENSMUSG00000108375.1	0
ENSMUSG00000108376.1	0
ENSMUSG00000108377.1	0
ENSMUSG00000108378.1	0
ENSMUSG00000108379.1	0
ENSMUSG00000108380.1	0
ENSMUSG00000108381.1	0
ENSMUSG00000108382.1	0.065368
ENSMUSG00000108383.1	0
ENSMUSG00000108384.1	0
ENSMUSG00000108385.1	0
ENSMUSG00000108387.1	0
ENSMUSG00000108388.1	0
ENSMUSG00000108389.1	0
ENSMUSG00000108390.1	0
ENSMUSG00000108391.1	0.741123
ENSMUSG00000108392.1	0
ENSMUSG00000108393.1	0.272983
ENSMUSG00000108394.1	0
ENSMUSG00000108395.1	0
ENSMUSG00000108396.1	0
ENSMUSG00000108397.1	0
ENSMUSG00000108398.1	0
ENSMUSG00000108400.1	0
ENSMUSG00000108401.1	0
ENSMUSG00000108402.1	0.31479
ENSMUSG00000108403.1	0
ENSMUSG00000108404.1	0
ENSMUSG00000108405.1	0
ENSMUSG00000108406.1	0
ENSMUSG00000108407.1	0
ENSMUSG00000108409.1	0
ENSMUSG00000108410.1	0
ENSMUSG00000108411.1	0
ENSMUSG00000108412.1	0
ENSMUSG00000108413.1	0
ENSMUSG00000108414.1	11.666449
ENSMUSG00000108415.1	0
ENSMUSG00000108416.1	0
ENSMUSG00000108417.1	0
ENSMUSG00000108418.1	0
ENSMUSG00000108419.1	0
ENSMUSG00000108420.1	0
ENSMUSG00000108421.1	0.593858
ENSMUSG00000108422.1	0
ENSMUSG00000108423.1	0
ENSMUSG00000108424.1	0
ENSMUSG00000108425.1	0
ENSMUSG00000108426.2	0
ENSMUSG00000108427.1	0
ENSMUSG00000108428.1	0
ENSMUSG00000108429.1	0
ENSMUSG00000108430.1	0
ENSMUSG00000108431.1	0.098603
ENSMUSG00000108432.1	0
ENSMUSG00000108433.1	0
ENSMUSG00000108435.1	1.425396
ENSMUSG00000108436.1	0.052562
ENSMUSG00000108437.1	0
ENSMUSG00000108438.1	0
ENSMUSG00000108440.1	0
ENSMUSG00000108441.1	0
ENSMUSG00000108442.1	0
ENSMUSG00000108443.1	0.070768
ENSMUSG00000108444.1	0.011175
ENSMUSG00000108445.1	0
ENSMUSG00000108446.1	0.008343
ENSMUSG00000108447.1	0
ENSMUSG00000108448.2	0
ENSMUSG00000108449.1	0
ENSMUSG00000108450.1	0
ENSMUSG00000108451.1	0
ENSMUSG00000108452.1	0.068651
ENSMUSG00000108454.1	0
ENSMUSG00000108455.1	0
ENSMUSG00000108456.1	0.39799
ENSMUSG00000108457.1	0
ENSMUSG00000108459.1	0.036281
ENSMUSG00000108460.1	0
ENSMUSG00000108461.1	5.766856
ENSMUSG00000108462.1	0
ENSMUSG00000108464.5	0
ENSMUSG00000108465.1	0.068603
ENSMUSG00000108466.1	0.124682
ENSMUSG00000108467.1	0
ENSMUSG00000108468.1	0
ENSMUSG00000108469.1	0
ENSMUSG00000108470.1	0.093059
ENSMUSG00000108471.1	0
ENSMUSG00000108472.1	0.008685
ENSMUSG00000108473.1	0
ENSMUSG00000108474.1	0
ENSMUSG00000108476.1	0
ENSMUSG00000108477.1	0.676507
ENSMUSG00000108478.1	0
ENSMUSG00000108479.1	0
ENSMUSG00000108480.1	0
ENSMUSG00000108481.1	0
ENSMUSG00000108482.1	0
ENSMUSG00000108483.1	0.072002
ENSMUSG00000108484.1	0.17124
ENSMUSG00000108485.1	0
ENSMUSG00000108486.1	0
ENSMUSG00000108487.1	0
ENSMUSG00000108488.1	0
ENSMUSG00000108489.1	0
ENSMUSG00000108490.1	0
ENSMUSG00000108491.1	0
ENSMUSG00000108492.1	0
ENSMUSG00000108493.1	0
ENSMUSG00000108494.1	0.016938
ENSMUSG00000108495.1	0
ENSMUSG00000108496.1	0
ENSMUSG00000108497.1	0
ENSMUSG00000108498.1	0
ENSMUSG00000108500.1	0.01874
ENSMUSG00000108502.1	0
ENSMUSG00000108503.1	0
ENSMUSG00000108504.1	0
ENSMUSG00000108505.1	0
ENSMUSG00000108506.1	0
ENSMUSG00000108507.1	0
ENSMUSG00000108508.1	0
ENSMUSG00000108509.1	0
ENSMUSG00000108510.1	0
ENSMUSG00000108511.1	0
ENSMUSG00000108512.1	0
ENSMUSG00000108513.1	0
ENSMUSG00000108514.1	0
ENSMUSG00000108515.1	0
ENSMUSG00000108516.1	0
ENSMUSG00000108517.1	0
ENSMUSG00000108518.1	0
ENSMUSG00000108519.1	0
ENSMUSG00000108520.1	0
ENSMUSG00000108521.1	0
ENSMUSG00000108522.1	0
ENSMUSG00000108523.1	0
ENSMUSG00000108524.1	0
ENSMUSG00000108525.1	0.271604
ENSMUSG00000108526.1	0
ENSMUSG00000108527.1	0
ENSMUSG00000108528.1	0
ENSMUSG00000108529.1	0
ENSMUSG00000108530.1	0
ENSMUSG00000108531.1	0
ENSMUSG00000108532.1	0
ENSMUSG00000108533.1	0
ENSMUSG00000108534.2	0
ENSMUSG00000108535.1	0
ENSMUSG00000108536.1	0.093369
ENSMUSG00000108537.1	0
ENSMUSG00000108538.1	0
ENSMUSG00000108539.1	0
ENSMUSG00000108540.1	0
ENSMUSG00000108541.1	0
ENSMUSG00000108542.1	0
ENSMUSG00000108543.1	0
ENSMUSG00000108544.1	0
ENSMUSG00000108545.1	0
ENSMUSG00000108546.1	0.352416
ENSMUSG00000108547.1	0
ENSMUSG00000108548.1	0
ENSMUSG00000108550.1	0
ENSMUSG00000108551.1	0.274989
ENSMUSG00000108552.1	0
ENSMUSG00000108553.1	0
ENSMUSG00000108554.1	0
ENSMUSG00000108556.1	0
ENSMUSG00000108557.1	0
ENSMUSG00000108558.1	0
ENSMUSG00000108559.1	0
ENSMUSG00000108560.1	0
ENSMUSG00000108561.1	0
ENSMUSG00000108562.1	0
ENSMUSG00000108563.1	0
ENSMUSG00000108565.1	0
ENSMUSG00000108566.1	0
ENSMUSG00000108567.1	0
ENSMUSG00000108568.1	0
ENSMUSG00000108570.1	0
ENSMUSG00000108571.1	0
ENSMUSG00000108572.1	0
ENSMUSG00000108573.1	0.021129
ENSMUSG00000108574.1	0
ENSMUSG00000108575.1	0
ENSMUSG00000108576.1	0
ENSMUSG00000108577.1	0
ENSMUSG00000108578.1	0
ENSMUSG00000108579.1	0
ENSMUSG00000108580.1	0
ENSMUSG00000108581.1	0
ENSMUSG00000108582.1	0
ENSMUSG00000108583.1	0.012952
ENSMUSG00000108584.1	0.140688
ENSMUSG00000108586.1	0
ENSMUSG00000108587.1	0
ENSMUSG00000108588.1	0
ENSMUSG00000108589.1	0
ENSMUSG00000108590.1	0
ENSMUSG00000108591.1	16.913582
ENSMUSG00000108592.2	0
ENSMUSG00000108593.1	0
ENSMUSG00000108594.1	0.02577
ENSMUSG00000108596.1	0.009261
ENSMUSG00000108597.1	0
ENSMUSG00000108598.1	0
ENSMUSG00000108599.1	0.215503
ENSMUSG00000108600.1	0
ENSMUSG00000108601.1	1.423482
ENSMUSG00000108602.1	0
ENSMUSG00000108603.1	0
ENSMUSG00000108604.1	0
ENSMUSG00000108605.2	0
ENSMUSG00000108606.1	0
ENSMUSG00000108607.2	1.080544
ENSMUSG00000108608.1	0.957091
ENSMUSG00000108609.1	0
ENSMUSG00000108610.1	0
ENSMUSG00000108611.1	0
ENSMUSG00000108612.2	0
ENSMUSG00000108613.1	0
ENSMUSG00000108614.1	0
ENSMUSG00000108615.1	0.024211
ENSMUSG00000108616.1	5.817833
ENSMUSG00000108617.1	0.06647
ENSMUSG00000108618.1	0
ENSMUSG00000108619.1	0
ENSMUSG00000108620.1	0
ENSMUSG00000108621.1	0.329922
ENSMUSG00000108622.2	0
ENSMUSG00000108623.1	0
ENSMUSG00000108624.1	0.256122
ENSMUSG00000108625.1	0
ENSMUSG00000108626.1	0.056192
ENSMUSG00000108627.1	0
ENSMUSG00000108628.1	0
ENSMUSG00000108629.1	0
ENSMUSG00000108630.1	0
ENSMUSG00000108633.1	0
ENSMUSG00000108634.1	1.035193
ENSMUSG00000108635.1	0.10593
ENSMUSG00000108636.1	0
ENSMUSG00000108637.1	0
ENSMUSG00000108638.1	0
ENSMUSG00000108639.1	0
ENSMUSG00000108640.1	0
ENSMUSG00000108641.1	0
ENSMUSG00000108642.1	0
ENSMUSG00000108643.1	0
ENSMUSG00000108644.1	0
ENSMUSG00000108645.1	0
ENSMUSG00000108646.1	0
ENSMUSG00000108647.1	0
ENSMUSG00000108648.1	0
ENSMUSG00000108649.1	0
ENSMUSG00000108650.1	0
ENSMUSG00000108651.1	0
ENSMUSG00000108652.1	0
ENSMUSG00000108654.1	0
ENSMUSG00000108655.1	0
ENSMUSG00000108657.1	0.1801
ENSMUSG00000108659.1	0.060437
ENSMUSG00000108660.1	0.007872
ENSMUSG00000108661.1	0
ENSMUSG00000108662.3	0
ENSMUSG00000108663.1	0
ENSMUSG00000108665.1	0
ENSMUSG00000108666.1	0
ENSMUSG00000108667.1	0
ENSMUSG00000108668.1	0
ENSMUSG00000108669.1	0
ENSMUSG00000108670.1	0.038481
ENSMUSG00000108671.1	0
ENSMUSG00000108672.1	0
ENSMUSG00000108673.1	0
ENSMUSG00000108674.2	0
ENSMUSG00000108675.1	0
ENSMUSG00000108676.1	0
ENSMUSG00000108677.1	0
ENSMUSG00000108678.1	0.044445
ENSMUSG00000108679.1	0
ENSMUSG00000108681.1	0
ENSMUSG00000108682.1	0
ENSMUSG00000108683.1	0
ENSMUSG00000108685.1	0
ENSMUSG00000108686.1	0
ENSMUSG00000108687.1	0
ENSMUSG00000108688.1	0.26708
ENSMUSG00000108689.1	0
ENSMUSG00000108691.1	0
ENSMUSG00000108692.1	0
ENSMUSG00000108693.1	0.04875
ENSMUSG00000108694.1	0
ENSMUSG00000108695.1	0
ENSMUSG00000108696.1	0
ENSMUSG00000108697.1	0
ENSMUSG00000108698.2	0
ENSMUSG00000108699.1	0
ENSMUSG00000108700.1	0
ENSMUSG00000108701.1	0.108094
ENSMUSG00000108702.1	0.049461
ENSMUSG00000108703.1	0
ENSMUSG00000108704.1	0
ENSMUSG00000108705.1	0.037295
ENSMUSG00000108707.1	0
ENSMUSG00000108708.1	0
ENSMUSG00000108709.1	0
ENSMUSG00000108711.1	0
ENSMUSG00000108712.1	0
ENSMUSG00000108713.1	0.07493
ENSMUSG00000108714.1	0
ENSMUSG00000108716.1	0
ENSMUSG00000108717.1	0
ENSMUSG00000108718.1	0
ENSMUSG00000108719.1	0
ENSMUSG00000108720.1	0.030414
ENSMUSG00000108721.1	0
ENSMUSG00000108722.1	0
ENSMUSG00000108723.1	0.051855
ENSMUSG00000108724.1	0
ENSMUSG00000108725.1	0
ENSMUSG00000108726.1	0.198471
ENSMUSG00000108727.1	0
ENSMUSG00000108728.4	0
ENSMUSG00000108729.1	0
ENSMUSG00000108730.1	0
ENSMUSG00000108731.1	0
ENSMUSG00000108732.1	0.105897
ENSMUSG00000108734.1	0
ENSMUSG00000108735.1	0
ENSMUSG00000108736.1	0.157017
ENSMUSG00000108737.1	0
ENSMUSG00000108738.1	0
ENSMUSG00000108739.1	0
ENSMUSG00000108740.1	0
ENSMUSG00000108741.1	0
ENSMUSG00000108742.1	0
ENSMUSG00000108743.1	0
ENSMUSG00000108744.1	0
ENSMUSG00000108745.1	0
ENSMUSG00000108746.1	0
ENSMUSG00000108748.1	0
ENSMUSG00000108749.1	0
ENSMUSG00000108750.1	0.013693
ENSMUSG00000108751.1	0
ENSMUSG00000108752.1	0
ENSMUSG00000108753.1	0
ENSMUSG00000108754.1	0
ENSMUSG00000108756.1	0
ENSMUSG00000108757.1	0
ENSMUSG00000108758.1	0
ENSMUSG00000108759.1	0
ENSMUSG00000108760.1	0
ENSMUSG00000108761.1	0
ENSMUSG00000108763.1	0
ENSMUSG00000108764.1	0
ENSMUSG00000108765.1	0
ENSMUSG00000108766.1	0
ENSMUSG00000108767.1	0
ENSMUSG00000108768.1	0
ENSMUSG00000108770.1	0
ENSMUSG00000108771.1	0
ENSMUSG00000108772.1	0.27325
ENSMUSG00000108773.1	0
ENSMUSG00000108774.1	0
ENSMUSG00000108775.1	0
ENSMUSG00000108776.1	1.878361
ENSMUSG00000108777.1	0
ENSMUSG00000108778.1	1.214415
ENSMUSG00000108779.1	0
ENSMUSG00000108780.1	0
ENSMUSG00000108781.1	0
ENSMUSG00000108782.1	0
ENSMUSG00000108783.1	0
ENSMUSG00000108784.1	0
ENSMUSG00000108785.1	0
ENSMUSG00000108786.1	0.02204
ENSMUSG00000108787.1	0
ENSMUSG00000108788.1	0
ENSMUSG00000108790.1	0
ENSMUSG00000108791.1	0.477612
ENSMUSG00000108792.1	0
ENSMUSG00000108793.1	0
ENSMUSG00000108794.1	0
ENSMUSG00000108795.1	0.258301
ENSMUSG00000108796.1	0
ENSMUSG00000108797.1	0
ENSMUSG00000108798.1	0
ENSMUSG00000108799.1	0
ENSMUSG00000108800.1	0
ENSMUSG00000108801.1	0.070463
ENSMUSG00000108802.1	0.042578
ENSMUSG00000108803.1	0
ENSMUSG00000108804.1	0
ENSMUSG00000108805.1	0
ENSMUSG00000108806.1	0.224122
ENSMUSG00000108807.1	0
ENSMUSG00000108808.1	0
ENSMUSG00000108809.1	0
ENSMUSG00000108810.1	0
ENSMUSG00000108811.1	0
ENSMUSG00000108812.1	0
ENSMUSG00000108813.1	0
ENSMUSG00000108814.1	0
ENSMUSG00000108815.1	0.383262
ENSMUSG00000108816.1	0
ENSMUSG00000108818.1	0
ENSMUSG00000108819.1	0.013153
ENSMUSG00000108820.1	0
ENSMUSG00000108821.1	0
ENSMUSG00000108822.1	0
ENSMUSG00000108823.1	0
ENSMUSG00000108825.1	0.024684
ENSMUSG00000108826.1	0
ENSMUSG00000108827.3	0
ENSMUSG00000108828.1	0
ENSMUSG00000108829.1	0
ENSMUSG00000108830.1	0.008424
ENSMUSG00000108831.1	0
ENSMUSG00000108832.1	0.065888
ENSMUSG00000108833.1	0
ENSMUSG00000108834.1	0
ENSMUSG00000108835.1	0
ENSMUSG00000108836.1	0
ENSMUSG00000108837.1	0
ENSMUSG00000108838.1	0
ENSMUSG00000108839.1	0
ENSMUSG00000108840.1	0
ENSMUSG00000108841.1	0.086595
ENSMUSG00000108842.1	0
ENSMUSG00000108843.1	0
ENSMUSG00000108844.1	0
ENSMUSG00000108845.1	0
ENSMUSG00000108846.1	0
ENSMUSG00000108847.1	0
ENSMUSG00000108848.1	0
ENSMUSG00000108849.1	0.017051
ENSMUSG00000108850.1	0.011017
ENSMUSG00000108851.1	0
ENSMUSG00000108852.1	0
ENSMUSG00000108853.1	0
ENSMUSG00000108854.1	0.122598
ENSMUSG00000108855.1	0
ENSMUSG00000108856.1	0
ENSMUSG00000108857.1	0
ENSMUSG00000108858.1	0
ENSMUSG00000108859.1	0
ENSMUSG00000108860.1	0
ENSMUSG00000108861.1	0
ENSMUSG00000108862.1	0
ENSMUSG00000108863.2	0
ENSMUSG00000108864.1	0
ENSMUSG00000108865.1	0
ENSMUSG00000108866.1	4.385806
ENSMUSG00000108867.1	0
ENSMUSG00000108868.1	0
ENSMUSG00000108869.1	0
ENSMUSG00000108870.1	0
ENSMUSG00000108871.1	0.288308
ENSMUSG00000108873.1	0
ENSMUSG00000108874.1	0
ENSMUSG00000108875.1	0
ENSMUSG00000108876.1	0
ENSMUSG00000108877.1	0
ENSMUSG00000108878.1	0.0782
ENSMUSG00000108879.1	0
ENSMUSG00000108880.1	0
ENSMUSG00000108881.1	0
ENSMUSG00000108882.1	0
ENSMUSG00000108883.1	1.402832
ENSMUSG00000108884.1	0
ENSMUSG00000108885.1	0
ENSMUSG00000108886.1	0
ENSMUSG00000108887.1	0
ENSMUSG00000108888.1	0.126316
ENSMUSG00000108889.2	0
ENSMUSG00000108890.1	0
ENSMUSG00000108891.4	0
ENSMUSG00000108892.1	0
ENSMUSG00000108893.1	0
ENSMUSG00000108894.1	0
ENSMUSG00000108895.1	0
ENSMUSG00000108896.1	0
ENSMUSG00000108897.1	0
ENSMUSG00000108899.1	0
ENSMUSG00000108900.1	0.37512
ENSMUSG00000108902.1	0
ENSMUSG00000108903.1	0
ENSMUSG00000108904.1	0
ENSMUSG00000108905.1	0.550908
ENSMUSG00000108906.1	0
ENSMUSG00000108907.1	0
ENSMUSG00000108908.4	0
ENSMUSG00000108909.1	0
ENSMUSG00000108910.1	0
ENSMUSG00000108911.1	0
ENSMUSG00000108912.1	0
ENSMUSG00000108913.1	0
ENSMUSG00000108914.1	0
ENSMUSG00000108915.1	0
ENSMUSG00000108916.1	0
ENSMUSG00000108917.1	0.056736
ENSMUSG00000108918.1	0
ENSMUSG00000108919.3	0
ENSMUSG00000108920.1	0
ENSMUSG00000108921.1	0
ENSMUSG00000108922.1	0
ENSMUSG00000108923.1	0
ENSMUSG00000108924.1	0
ENSMUSG00000108925.1	0
ENSMUSG00000108926.1	0
ENSMUSG00000108928.1	0
ENSMUSG00000108929.2	0
ENSMUSG00000108930.1	0.010281
ENSMUSG00000108931.2	0
ENSMUSG00000108932.1	0
ENSMUSG00000108933.1	0
ENSMUSG00000108934.1	0.305602
ENSMUSG00000108935.1	0
ENSMUSG00000108936.1	0
ENSMUSG00000108937.1	0
ENSMUSG00000108938.1	0
ENSMUSG00000108939.2	0
ENSMUSG00000108940.1	0
ENSMUSG00000108941.1	0
ENSMUSG00000108942.1	0
ENSMUSG00000108943.1	0.033545
ENSMUSG00000108944.1	0
ENSMUSG00000108945.1	0
ENSMUSG00000108946.1	0
ENSMUSG00000108947.1	0
ENSMUSG00000108948.3	0
ENSMUSG00000108949.1	0
ENSMUSG00000108950.1	0
ENSMUSG00000108952.1	0
ENSMUSG00000108953.1	0.054745
ENSMUSG00000108954.1	0
ENSMUSG00000108955.1	0.459952
ENSMUSG00000108956.1	0
ENSMUSG00000108957.1	0
ENSMUSG00000108958.1	0
ENSMUSG00000108959.1	0.074605
ENSMUSG00000108960.1	0
ENSMUSG00000108961.1	0
ENSMUSG00000108962.1	0
ENSMUSG00000108963.1	0
ENSMUSG00000108964.1	0
ENSMUSG00000108965.1	0
ENSMUSG00000108966.1	0
ENSMUSG00000108967.1	0
ENSMUSG00000108968.1	0
ENSMUSG00000108969.1	0
ENSMUSG00000108971.1	0
ENSMUSG00000108972.1	0
ENSMUSG00000108973.1	0
ENSMUSG00000108974.1	0
ENSMUSG00000108975.1	0.035365
ENSMUSG00000108976.1	0.048449
ENSMUSG00000108977.1	0
ENSMUSG00000108978.1	0
ENSMUSG00000108979.1	0
ENSMUSG00000108980.1	0.133572
ENSMUSG00000108981.1	0
ENSMUSG00000108982.1	0
ENSMUSG00000108983.1	0
ENSMUSG00000108984.1	0
ENSMUSG00000108985.1	0
ENSMUSG00000108986.1	0
ENSMUSG00000108987.1	0
ENSMUSG00000108988.1	0
ENSMUSG00000108989.1	0
ENSMUSG00000108990.1	0
ENSMUSG00000108991.1	0
ENSMUSG00000108992.1	0
ENSMUSG00000108993.1	0
ENSMUSG00000108994.1	0.083188
ENSMUSG00000108995.1	0
ENSMUSG00000108997.1	0
ENSMUSG00000108998.2	0
ENSMUSG00000109000.1	0
ENSMUSG00000109001.1	0
ENSMUSG00000109002.1	0
ENSMUSG00000109003.1	0
ENSMUSG00000109004.1	0
ENSMUSG00000109005.1	0
ENSMUSG00000109006.2	5.159471
ENSMUSG00000109007.1	0
ENSMUSG00000109008.2	0.256413
ENSMUSG00000109009.1	0.024149
ENSMUSG00000109010.1	0
ENSMUSG00000109011.1	0
ENSMUSG00000109012.1	0
ENSMUSG00000109013.1	0
ENSMUSG00000109014.1	0
ENSMUSG00000109015.1	0.296124
ENSMUSG00000109016.1	0.110369
ENSMUSG00000109017.1	0.053744
ENSMUSG00000109018.1	0
ENSMUSG00000109019.1	0
ENSMUSG00000109020.4	0
ENSMUSG00000109021.1	0
ENSMUSG00000109022.2	0
ENSMUSG00000109023.1	0
ENSMUSG00000109024.1	0
ENSMUSG00000109025.1	0
ENSMUSG00000109026.1	0
ENSMUSG00000109027.1	0
ENSMUSG00000109028.1	0
ENSMUSG00000109029.1	0
ENSMUSG00000109030.1	0
ENSMUSG00000109031.1	0
ENSMUSG00000109032.1	0.083754
ENSMUSG00000109033.2	0
ENSMUSG00000109034.1	0
ENSMUSG00000109035.1	0
ENSMUSG00000109036.1	0
ENSMUSG00000109037.1	0
ENSMUSG00000109038.1	0
ENSMUSG00000109039.1	0
ENSMUSG00000109040.1	0
ENSMUSG00000109041.1	0
ENSMUSG00000109042.1	0
ENSMUSG00000109043.1	0
ENSMUSG00000109044.1	0
ENSMUSG00000109045.1	0
ENSMUSG00000109046.1	0
ENSMUSG00000109047.1	0
ENSMUSG00000109049.1	0
ENSMUSG00000109050.1	0
ENSMUSG00000109051.1	0
ENSMUSG00000109052.1	0
ENSMUSG00000109053.1	0
ENSMUSG00000109054.1	0
ENSMUSG00000109055.1	0
ENSMUSG00000109056.1	0
ENSMUSG00000109057.1	0.301705
ENSMUSG00000109058.3	0
ENSMUSG00000109059.1	0.095807
ENSMUSG00000109060.1	0
ENSMUSG00000109061.1	0
ENSMUSG00000109062.1	0
ENSMUSG00000109063.1	0
ENSMUSG00000109064.1	0
ENSMUSG00000109065.1	0
ENSMUSG00000109066.1	0
ENSMUSG00000109067.1	0
ENSMUSG00000109068.1	0
ENSMUSG00000109069.1	0
ENSMUSG00000109070.2	0
ENSMUSG00000109071.1	0
ENSMUSG00000109072.1	0
ENSMUSG00000109073.1	0
ENSMUSG00000109074.1	0
ENSMUSG00000109076.1	0
ENSMUSG00000109077.1	0
ENSMUSG00000109078.1	0
ENSMUSG00000109079.1	0
ENSMUSG00000109080.1	0.583547
ENSMUSG00000109081.1	0
ENSMUSG00000109082.1	0
ENSMUSG00000109083.2	0
ENSMUSG00000109084.1	0
ENSMUSG00000109085.1	0
ENSMUSG00000109086.1	0
ENSMUSG00000109087.1	0
ENSMUSG00000109088.1	0.836181
ENSMUSG00000109089.1	0.315567
ENSMUSG00000109090.1	0
ENSMUSG00000109091.1	0
ENSMUSG00000109092.1	0
ENSMUSG00000109093.1	0
ENSMUSG00000109094.1	0
ENSMUSG00000109095.1	0
ENSMUSG00000109096.1	0
ENSMUSG00000109097.1	0.230336
ENSMUSG00000109098.1	0
ENSMUSG00000109099.1	0
ENSMUSG00000109100.1	0
ENSMUSG00000109101.1	0
ENSMUSG00000109102.1	0
ENSMUSG00000109103.1	0
ENSMUSG00000109104.1	0.142885
ENSMUSG00000109105.1	0
ENSMUSG00000109106.1	0
ENSMUSG00000109107.1	0
ENSMUSG00000109108.1	0.635236
ENSMUSG00000109109.1	0
ENSMUSG00000109110.1	0
ENSMUSG00000109111.1	0
ENSMUSG00000109112.1	0
ENSMUSG00000109113.1	0
ENSMUSG00000109114.1	0
ENSMUSG00000109115.1	0
ENSMUSG00000109116.1	0
ENSMUSG00000109117.1	0
ENSMUSG00000109118.1	3.190473
ENSMUSG00000109119.1	0
ENSMUSG00000109121.1	0.552761
ENSMUSG00000109122.1	0.03033
ENSMUSG00000109123.1	0.448278
ENSMUSG00000109124.1	0
ENSMUSG00000109125.1	0.007825
ENSMUSG00000109126.1	0
ENSMUSG00000109127.1	0.017455
ENSMUSG00000109128.1	0.455866
ENSMUSG00000109129.1	0
ENSMUSG00000109130.1	0.268476
ENSMUSG00000109131.1	0
ENSMUSG00000109132.1	0
ENSMUSG00000109133.1	0
ENSMUSG00000109134.1	0
ENSMUSG00000109135.1	0
ENSMUSG00000109136.1	0
ENSMUSG00000109137.1	0
ENSMUSG00000109138.1	0
ENSMUSG00000109139.1	0.037639
ENSMUSG00000109140.1	0.015038
ENSMUSG00000109141.1	0
ENSMUSG00000109142.1	0
ENSMUSG00000109143.1	0.184566
ENSMUSG00000109145.1	0
ENSMUSG00000109147.1	1.299119
ENSMUSG00000109148.1	0
ENSMUSG00000109149.1	0.00632
ENSMUSG00000109150.1	0
ENSMUSG00000109151.1	0
ENSMUSG00000109152.1	0
ENSMUSG00000109153.1	0
ENSMUSG00000109154.1	0
ENSMUSG00000109155.1	0
ENSMUSG00000109156.1	0
ENSMUSG00000109157.1	0.027868
ENSMUSG00000109158.1	0
ENSMUSG00000109159.1	0
ENSMUSG00000109160.1	0
ENSMUSG00000109161.1	0
ENSMUSG00000109162.1	0.01312
ENSMUSG00000109163.1	0
ENSMUSG00000109164.1	0
ENSMUSG00000109165.1	0
ENSMUSG00000109166.1	0
ENSMUSG00000109167.1	0
ENSMUSG00000109168.1	0.205067
ENSMUSG00000109169.1	0
ENSMUSG00000109170.1	0
ENSMUSG00000109171.1	2.809966
ENSMUSG00000109172.1	0
ENSMUSG00000109173.1	0
ENSMUSG00000109174.1	0
ENSMUSG00000109175.1	0
ENSMUSG00000109176.1	0.298956
ENSMUSG00000109177.1	0
ENSMUSG00000109178.1	0
ENSMUSG00000109179.2	0.052501
ENSMUSG00000109180.1	0
ENSMUSG00000109181.1	0
ENSMUSG00000109182.1	0
ENSMUSG00000109183.1	0
ENSMUSG00000109184.1	0
ENSMUSG00000109185.1	0
ENSMUSG00000109186.1	0
ENSMUSG00000109188.1	0
ENSMUSG00000109189.1	0
ENSMUSG00000109190.1	0
ENSMUSG00000109191.1	0
ENSMUSG00000109192.2	0
ENSMUSG00000109193.1	0
ENSMUSG00000109194.1	0
ENSMUSG00000109195.1	0
ENSMUSG00000109196.1	0
ENSMUSG00000109197.1	0
ENSMUSG00000109198.1	0.123902
ENSMUSG00000109199.1	0
ENSMUSG00000109200.1	0
ENSMUSG00000109201.1	0
ENSMUSG00000109202.1	0
ENSMUSG00000109203.1	0.034565
ENSMUSG00000109204.1	0
ENSMUSG00000109205.1	1.42131
ENSMUSG00000109206.1	0
ENSMUSG00000109207.1	0
ENSMUSG00000109209.1	0.993675
ENSMUSG00000109210.1	0
ENSMUSG00000109211.1	0
ENSMUSG00000109212.3	0
ENSMUSG00000109213.2	0
ENSMUSG00000109214.1	0
ENSMUSG00000109215.1	0
ENSMUSG00000109216.1	0.076962
ENSMUSG00000109217.1	0
ENSMUSG00000109218.1	0
ENSMUSG00000109219.2	0
ENSMUSG00000109220.1	0
ENSMUSG00000109221.1	0.038579
ENSMUSG00000109222.1	0.322702
ENSMUSG00000109223.1	0
ENSMUSG00000109224.1	19.906455
ENSMUSG00000109225.1	0
ENSMUSG00000109226.1	0
ENSMUSG00000109227.1	0
ENSMUSG00000109228.2	0.010846
ENSMUSG00000109229.1	0
ENSMUSG00000109230.1	0
ENSMUSG00000109231.1	0
ENSMUSG00000109232.1	0
ENSMUSG00000109233.1	0
ENSMUSG00000109234.1	0
ENSMUSG00000109235.1	0
ENSMUSG00000109236.1	0
ENSMUSG00000109237.1	0
ENSMUSG00000109238.2	0
ENSMUSG00000109239.1	0
ENSMUSG00000109240.1	0
ENSMUSG00000109241.1	0.119402
ENSMUSG00000109242.1	0
ENSMUSG00000109243.1	0
ENSMUSG00000109244.1	0.073205
ENSMUSG00000109245.1	0
ENSMUSG00000109246.2	0
ENSMUSG00000109247.1	0
ENSMUSG00000109248.1	0
ENSMUSG00000109249.1	0
ENSMUSG00000109250.1	0
ENSMUSG00000109251.1	0.101448
ENSMUSG00000109252.1	0
ENSMUSG00000109253.1	0
ENSMUSG00000109254.1	0
ENSMUSG00000109255.1	0
ENSMUSG00000109256.1	0
ENSMUSG00000109257.1	0
ENSMUSG00000109258.1	0
ENSMUSG00000109259.1	0
ENSMUSG00000109260.1	0
ENSMUSG00000109261.1	0
ENSMUSG00000109262.1	0
ENSMUSG00000109263.1	0
ENSMUSG00000109264.1	0
ENSMUSG00000109266.1	0.124108
ENSMUSG00000109267.1	0
ENSMUSG00000109268.1	0
ENSMUSG00000109269.1	0
ENSMUSG00000109270.1	0.080014
ENSMUSG00000109271.1	0.089049
ENSMUSG00000109272.1	0
ENSMUSG00000109273.1	0
ENSMUSG00000109274.1	0.334557
ENSMUSG00000109275.1	0
ENSMUSG00000109276.1	0
ENSMUSG00000109277.1	0.562036
ENSMUSG00000109278.1	0
ENSMUSG00000109279.1	0
ENSMUSG00000109280.1	0
ENSMUSG00000109281.1	0
ENSMUSG00000109282.1	0.094003
ENSMUSG00000109283.1	0
ENSMUSG00000109284.1	1.358322
ENSMUSG00000109285.1	0
ENSMUSG00000109286.1	0
ENSMUSG00000109287.1	0
ENSMUSG00000109289.1	0
ENSMUSG00000109290.1	0
ENSMUSG00000109291.1	0.152794
ENSMUSG00000109292.1	0
ENSMUSG00000109293.1	0.212643
ENSMUSG00000109294.1	0
ENSMUSG00000109295.1	0
ENSMUSG00000109297.1	0
ENSMUSG00000109298.1	0
ENSMUSG00000109299.1	0
ENSMUSG00000109300.1	0
ENSMUSG00000109301.1	0
ENSMUSG00000109302.1	0
ENSMUSG00000109303.1	0
ENSMUSG00000109304.1	0.033975
ENSMUSG00000109305.1	0
ENSMUSG00000109306.1	0
ENSMUSG00000109307.1	0.251183
ENSMUSG00000109308.1	0
ENSMUSG00000109309.1	0
ENSMUSG00000109310.1	0
ENSMUSG00000109311.1	0
ENSMUSG00000109312.1	0
ENSMUSG00000109313.1	0
ENSMUSG00000109314.1	0
ENSMUSG00000109315.1	0
ENSMUSG00000109316.1	0
ENSMUSG00000109317.1	0
ENSMUSG00000109318.1	0
ENSMUSG00000109319.1	0
ENSMUSG00000109320.1	0
ENSMUSG00000109321.1	0.459402
ENSMUSG00000109322.2	0
ENSMUSG00000109323.1	0
ENSMUSG00000109324.2	176.981854
ENSMUSG00000109325.1	0
ENSMUSG00000109326.1	0
ENSMUSG00000109327.1	0
ENSMUSG00000109328.2	0
ENSMUSG00000109329.1	0
ENSMUSG00000109330.1	0
ENSMUSG00000109331.1	0
ENSMUSG00000109332.1	0
ENSMUSG00000109333.1	0
ENSMUSG00000109334.1	0
ENSMUSG00000109335.1	0
ENSMUSG00000109336.1	16.847721
ENSMUSG00000109337.1	0
ENSMUSG00000109338.2	0
ENSMUSG00000109339.1	0
ENSMUSG00000109340.1	0
ENSMUSG00000109341.1	0.053611
ENSMUSG00000109342.1	0
ENSMUSG00000109343.1	0
ENSMUSG00000109344.1	0
ENSMUSG00000109345.1	0
ENSMUSG00000109346.1	0
ENSMUSG00000109347.1	0
ENSMUSG00000109348.1	0
ENSMUSG00000109350.1	0
ENSMUSG00000109351.1	0
ENSMUSG00000109352.1	0
ENSMUSG00000109353.1	0
ENSMUSG00000109354.2	0
ENSMUSG00000109355.1	0
ENSMUSG00000109356.1	0
ENSMUSG00000109357.1	1.047027
ENSMUSG00000109358.1	0
ENSMUSG00000109359.1	0
ENSMUSG00000109360.1	0
ENSMUSG00000109361.1	0.141651
ENSMUSG00000109362.1	0
ENSMUSG00000109363.1	0
ENSMUSG00000109364.1	0
ENSMUSG00000109365.2	0
ENSMUSG00000109366.1	0.925383
ENSMUSG00000109367.1	0
ENSMUSG00000109368.1	0
ENSMUSG00000109369.2	0
ENSMUSG00000109370.1	0
ENSMUSG00000109371.1	0
ENSMUSG00000109372.1	1.397509
ENSMUSG00000109373.1	0
ENSMUSG00000109374.1	0.368003
ENSMUSG00000109375.1	0
ENSMUSG00000109376.1	0
ENSMUSG00000109377.1	0
ENSMUSG00000109378.1	0.118444
ENSMUSG00000109379.1	0
ENSMUSG00000109380.1	0
ENSMUSG00000109381.1	0
ENSMUSG00000109382.1	0
ENSMUSG00000109383.1	0
ENSMUSG00000109384.1	0
ENSMUSG00000109385.1	0
ENSMUSG00000109387.1	0
ENSMUSG00000109388.1	0
ENSMUSG00000109389.1	0
ENSMUSG00000109390.1	0.061968
ENSMUSG00000109391.1	0
ENSMUSG00000109392.1	0
ENSMUSG00000109393.1	0
ENSMUSG00000109394.2	0.221535
ENSMUSG00000109395.1	0
ENSMUSG00000109396.1	0
ENSMUSG00000109397.1	0
ENSMUSG00000109398.2	1.161888
ENSMUSG00000109399.1	0
ENSMUSG00000109400.1	0
ENSMUSG00000109401.1	1.578129
ENSMUSG00000109402.1	0
ENSMUSG00000109403.2	0
ENSMUSG00000109404.1	0
ENSMUSG00000109405.1	0
ENSMUSG00000109406.2	0
ENSMUSG00000109407.1	0
ENSMUSG00000109408.1	0.752647
ENSMUSG00000109409.1	0
ENSMUSG00000109410.1	0
ENSMUSG00000109411.1	0
ENSMUSG00000109412.1	0
ENSMUSG00000109413.1	0
ENSMUSG00000109414.1	0
ENSMUSG00000109415.1	0
ENSMUSG00000109416.1	0
ENSMUSG00000109417.1	0
ENSMUSG00000109418.1	0
ENSMUSG00000109419.1	0.029415
ENSMUSG00000109420.1	0.067427
ENSMUSG00000109421.1	0
ENSMUSG00000109422.1	0
ENSMUSG00000109423.1	0
ENSMUSG00000109424.1	0
ENSMUSG00000109425.1	0
ENSMUSG00000109426.2	0
ENSMUSG00000109427.1	0
ENSMUSG00000109428.1	0.029239
ENSMUSG00000109429.1	0
ENSMUSG00000109430.1	0
ENSMUSG00000109431.1	0.01343
ENSMUSG00000109432.1	0
ENSMUSG00000109433.1	0
ENSMUSG00000109434.1	0
ENSMUSG00000109435.1	0.235176
ENSMUSG00000109436.1	0
ENSMUSG00000109437.1	0
ENSMUSG00000109438.1	0
ENSMUSG00000109439.1	0
ENSMUSG00000109440.1	0
ENSMUSG00000109441.1	0.389325
ENSMUSG00000109442.1	0
ENSMUSG00000109443.1	0
ENSMUSG00000109444.1	0
ENSMUSG00000109445.1	0
ENSMUSG00000109446.1	0
ENSMUSG00000109447.1	0
ENSMUSG00000109448.1	0
ENSMUSG00000109449.3	0
ENSMUSG00000109450.1	0.191281
ENSMUSG00000109451.1	0
ENSMUSG00000109452.1	0
ENSMUSG00000109453.1	0
ENSMUSG00000109454.1	0
ENSMUSG00000109455.1	0.18951
ENSMUSG00000109456.1	0
ENSMUSG00000109457.1	0
ENSMUSG00000109458.1	0
ENSMUSG00000109459.1	0
ENSMUSG00000109460.1	0
ENSMUSG00000109461.1	0
ENSMUSG00000109462.1	0.352135
ENSMUSG00000109463.1	0
ENSMUSG00000109464.1	0
ENSMUSG00000109465.1	0
ENSMUSG00000109466.1	0
ENSMUSG00000109467.1	0
ENSMUSG00000109468.1	0.485384
ENSMUSG00000109469.1	0
ENSMUSG00000109471.1	0
ENSMUSG00000109472.1	0
ENSMUSG00000109473.1	0.028903
ENSMUSG00000109475.1	0
ENSMUSG00000109476.1	0
ENSMUSG00000109477.1	0
ENSMUSG00000109478.1	0
ENSMUSG00000109479.1	0
ENSMUSG00000109480.1	0
ENSMUSG00000109481.1	0
ENSMUSG00000109482.2	0
ENSMUSG00000109484.1	0
ENSMUSG00000109485.1	0
ENSMUSG00000109487.3	0
ENSMUSG00000109488.1	0
ENSMUSG00000109489.1	0.242206
ENSMUSG00000109490.1	0
ENSMUSG00000109491.1	0.153568
ENSMUSG00000109492.1	0
ENSMUSG00000109493.1	0
ENSMUSG00000109494.1	0
ENSMUSG00000109495.1	0
ENSMUSG00000109496.1	0
ENSMUSG00000109497.1	0
ENSMUSG00000109498.1	0.006784
ENSMUSG00000109499.1	0
ENSMUSG00000109500.1	0
ENSMUSG00000109501.1	0
ENSMUSG00000109502.1	0
ENSMUSG00000109503.1	0
ENSMUSG00000109504.1	0
ENSMUSG00000109505.1	0
ENSMUSG00000109506.1	0
ENSMUSG00000109507.1	0
ENSMUSG00000109508.1	0
ENSMUSG00000109509.1	0
ENSMUSG00000109510.1	0
ENSMUSG00000109511.1	15.555625
ENSMUSG00000109512.1	0
ENSMUSG00000109513.1	0
ENSMUSG00000109514.1	0
ENSMUSG00000109515.1	0
ENSMUSG00000109516.1	0
ENSMUSG00000109517.1	0.897338
ENSMUSG00000109518.1	0
ENSMUSG00000109519.1	0
ENSMUSG00000109520.2	0
ENSMUSG00000109521.3	0
ENSMUSG00000109522.1	0
ENSMUSG00000109523.1	9.890042
ENSMUSG00000109524.1	0
ENSMUSG00000109525.1	0
ENSMUSG00000109526.1	0
ENSMUSG00000109527.1	0
ENSMUSG00000109528.2	0
ENSMUSG00000109529.1	0
ENSMUSG00000109530.1	0
ENSMUSG00000109532.1	0
ENSMUSG00000109533.1	0
ENSMUSG00000109534.1	0
ENSMUSG00000109535.1	0
ENSMUSG00000109536.1	0.149363
ENSMUSG00000109537.1	0
ENSMUSG00000109538.1	0
ENSMUSG00000109539.1	0
ENSMUSG00000109540.1	0
ENSMUSG00000109541.1	0
ENSMUSG00000109542.2	0
ENSMUSG00000109543.1	0
ENSMUSG00000109544.2	0
ENSMUSG00000109545.1	0
ENSMUSG00000109546.1	0
ENSMUSG00000109547.2	0
ENSMUSG00000109548.1	0
ENSMUSG00000109549.1	0.238171
ENSMUSG00000109550.1	0
ENSMUSG00000109551.1	0
ENSMUSG00000109552.1	0
ENSMUSG00000109553.1	0
ENSMUSG00000109555.1	0
ENSMUSG00000109556.1	0.537539
ENSMUSG00000109557.1	0
ENSMUSG00000109558.1	0
ENSMUSG00000109559.1	0.014463
ENSMUSG00000109560.1	0
ENSMUSG00000109561.1	0.056385
ENSMUSG00000109562.1	0
ENSMUSG00000109564.1	0
ENSMUSG00000109565.1	0
ENSMUSG00000109566.1	0
ENSMUSG00000109567.1	0
ENSMUSG00000109568.1	0
ENSMUSG00000109569.1	0
ENSMUSG00000109570.1	0
ENSMUSG00000109571.1	0
ENSMUSG00000109572.1	0.100775
ENSMUSG00000109573.1	0
ENSMUSG00000109574.1	0
ENSMUSG00000109575.1	0.009963
ENSMUSG00000109576.1	0
ENSMUSG00000109577.1	0
ENSMUSG00000109578.1	0
ENSMUSG00000109579.1	0
ENSMUSG00000109580.1	0
ENSMUSG00000109581.1	0
ENSMUSG00000109582.1	0.030781
ENSMUSG00000109583.1	0
ENSMUSG00000109584.1	0
ENSMUSG00000109585.1	0.013165
ENSMUSG00000109586.1	0
ENSMUSG00000109587.1	0.219608
ENSMUSG00000109588.1	0.283386
ENSMUSG00000109589.1	0
ENSMUSG00000109590.1	0.190406
ENSMUSG00000109591.1	0
ENSMUSG00000109592.1	0
ENSMUSG00000109593.1	0
ENSMUSG00000109594.1	0
ENSMUSG00000109595.1	0
ENSMUSG00000109596.1	0
ENSMUSG00000109597.1	0
ENSMUSG00000109598.1	0.106727
ENSMUSG00000109599.1	0.338507
ENSMUSG00000109600.1	0
ENSMUSG00000109601.1	0
ENSMUSG00000109602.1	0
ENSMUSG00000109603.1	0.0194
ENSMUSG00000109604.1	0.051117
ENSMUSG00000109605.1	0
ENSMUSG00000109606.1	0
ENSMUSG00000109607.1	0
ENSMUSG00000109608.1	0.015418
ENSMUSG00000109609.1	0
ENSMUSG00000109610.1	0
ENSMUSG00000109611.1	0
ENSMUSG00000109612.1	0
ENSMUSG00000109613.1	0
ENSMUSG00000109614.1	0
ENSMUSG00000109615.1	0
ENSMUSG00000109616.1	0
ENSMUSG00000109617.1	0
ENSMUSG00000109618.1	0
ENSMUSG00000109619.1	0
ENSMUSG00000109620.1	0
ENSMUSG00000109621.1	0
ENSMUSG00000109622.1	0
ENSMUSG00000109623.1	0
ENSMUSG00000109624.1	0
ENSMUSG00000109625.1	0
ENSMUSG00000109626.1	0
ENSMUSG00000109627.1	0
ENSMUSG00000109628.1	0
ENSMUSG00000109629.1	0
ENSMUSG00000109630.1	0
ENSMUSG00000109631.1	0
ENSMUSG00000109632.1	0.16196
ENSMUSG00000109633.1	0
ENSMUSG00000109634.1	0
ENSMUSG00000109635.1	0
ENSMUSG00000109636.1	0
ENSMUSG00000109637.1	0
ENSMUSG00000109638.1	0
ENSMUSG00000109639.1	0
ENSMUSG00000109640.1	0
ENSMUSG00000109641.1	0
ENSMUSG00000109642.1	0
ENSMUSG00000109643.1	0
ENSMUSG00000109644.1	0
ENSMUSG00000109645.1	3.146939
ENSMUSG00000109646.1	0
ENSMUSG00000109647.1	0
ENSMUSG00000109648.1	0
ENSMUSG00000109649.1	0
ENSMUSG00000109650.1	0
ENSMUSG00000109651.1	0
ENSMUSG00000109652.1	0
ENSMUSG00000109653.1	0
ENSMUSG00000109654.1	0.120147
ENSMUSG00000109655.1	0
ENSMUSG00000109656.1	0
ENSMUSG00000109657.1	0
ENSMUSG00000109658.1	0
ENSMUSG00000109659.3	0
ENSMUSG00000109661.1	0
ENSMUSG00000109662.1	0
ENSMUSG00000109663.1	0
ENSMUSG00000109664.1	0
ENSMUSG00000109665.1	0
ENSMUSG00000109666.1	0
ENSMUSG00000109667.1	0
ENSMUSG00000109668.1	0
ENSMUSG00000109669.1	0.089714
ENSMUSG00000109670.1	0
ENSMUSG00000109671.1	0
ENSMUSG00000109672.1	0
ENSMUSG00000109673.1	0
ENSMUSG00000109674.1	0.106084
ENSMUSG00000109675.2	0.035955
ENSMUSG00000109676.1	0
ENSMUSG00000109677.1	0
ENSMUSG00000109678.1	0
ENSMUSG00000109679.1	0
ENSMUSG00000109680.1	0
ENSMUSG00000109681.1	0
ENSMUSG00000109682.1	0
ENSMUSG00000109683.1	0
ENSMUSG00000109684.1	0
ENSMUSG00000109685.1	0
ENSMUSG00000109686.1	0
ENSMUSG00000109687.1	0
ENSMUSG00000109688.1	0
ENSMUSG00000109689.1	0
ENSMUSG00000109690.1	0
ENSMUSG00000109691.1	0
ENSMUSG00000109692.1	0
ENSMUSG00000109693.1	0
ENSMUSG00000109694.1	0
ENSMUSG00000109695.1	0.462163
ENSMUSG00000109696.1	0
ENSMUSG00000109697.1	0
ENSMUSG00000109698.1	0
ENSMUSG00000109699.1	0
ENSMUSG00000109700.1	0
ENSMUSG00000109701.1	0
ENSMUSG00000109702.1	0
ENSMUSG00000109703.1	0
ENSMUSG00000109704.1	0.228119
ENSMUSG00000109705.1	0
ENSMUSG00000109706.1	0
ENSMUSG00000109707.1	0
ENSMUSG00000109708.1	0
ENSMUSG00000109709.1	0
ENSMUSG00000109710.1	0.120376
ENSMUSG00000109711.1	0
ENSMUSG00000109712.1	0
ENSMUSG00000109713.1	0
ENSMUSG00000109714.1	5.072591
ENSMUSG00000109715.1	3.456579
ENSMUSG00000109716.1	0
ENSMUSG00000109717.1	0
ENSMUSG00000109718.1	0.046692
ENSMUSG00000109719.1	0
ENSMUSG00000109720.1	0
ENSMUSG00000109721.1	0
ENSMUSG00000109722.1	0
ENSMUSG00000109723.1	0
ENSMUSG00000109724.1	0.128716
ENSMUSG00000109725.1	0
ENSMUSG00000109726.1	0
ENSMUSG00000109727.1	0
ENSMUSG00000109728.1	0
ENSMUSG00000109729.1	0
ENSMUSG00000109730.1	0
ENSMUSG00000109731.1	0
ENSMUSG00000109732.1	0
ENSMUSG00000109733.1	0.51149
ENSMUSG00000109734.1	0
ENSMUSG00000109735.1	0.049188
ENSMUSG00000109736.1	0
ENSMUSG00000109737.1	0
ENSMUSG00000109738.1	0
ENSMUSG00000109739.1	0
ENSMUSG00000109740.1	0
ENSMUSG00000109741.1	0
ENSMUSG00000109742.1	0
ENSMUSG00000109743.1	0
ENSMUSG00000109744.1	0
ENSMUSG00000109745.1	0
ENSMUSG00000109746.1	0
ENSMUSG00000109747.1	0
ENSMUSG00000109748.1	0
ENSMUSG00000109749.1	0
ENSMUSG00000109750.1	0
ENSMUSG00000109751.1	0
ENSMUSG00000109752.1	0
ENSMUSG00000109753.1	0
ENSMUSG00000109754.1	0
ENSMUSG00000109755.1	0
ENSMUSG00000109756.1	0
ENSMUSG00000109757.1	0
ENSMUSG00000109758.1	0
ENSMUSG00000109759.1	0
ENSMUSG00000109760.1	0
ENSMUSG00000109761.1	0
ENSMUSG00000109762.1	0
ENSMUSG00000109763.1	0
ENSMUSG00000109764.1	0.011048
ENSMUSG00000109765.2	0.325484
ENSMUSG00000109766.1	0
ENSMUSG00000109767.1	0
ENSMUSG00000109768.1	0
ENSMUSG00000109769.1	0
ENSMUSG00000109770.1	1.811847
ENSMUSG00000109771.1	0.017084
ENSMUSG00000109772.1	0
ENSMUSG00000109773.1	0
ENSMUSG00000109774.1	0
ENSMUSG00000109775.1	0.008475
ENSMUSG00000109776.1	0.043368
ENSMUSG00000109777.1	0
ENSMUSG00000109778.1	0
ENSMUSG00000109779.1	0
ENSMUSG00000109780.1	2.40912
ENSMUSG00000109781.1	0.053255
ENSMUSG00000109783.1	1.182808
ENSMUSG00000109784.1	0
ENSMUSG00000109785.1	0
ENSMUSG00000109786.1	0
ENSMUSG00000109787.1	0
ENSMUSG00000109788.1	0
ENSMUSG00000109789.1	0
ENSMUSG00000109790.1	0
ENSMUSG00000109791.1	0
ENSMUSG00000109792.1	0
ENSMUSG00000109793.1	0
ENSMUSG00000109794.1	0
ENSMUSG00000109795.1	0
ENSMUSG00000109796.1	0
ENSMUSG00000109797.1	0
ENSMUSG00000109798.1	0
ENSMUSG00000109799.1	0
ENSMUSG00000109800.1	0
ENSMUSG00000109801.2	0
ENSMUSG00000109802.1	0
ENSMUSG00000109803.1	0
ENSMUSG00000109805.1	0
ENSMUSG00000109806.1	0
ENSMUSG00000109807.1	0
ENSMUSG00000109808.1	0
ENSMUSG00000109809.1	0
ENSMUSG00000109810.1	0.776267
ENSMUSG00000109811.1	0
ENSMUSG00000109812.1	0
ENSMUSG00000109813.2	0
ENSMUSG00000109814.1	3.495855
ENSMUSG00000109815.1	0
ENSMUSG00000109816.1	0
ENSMUSG00000109817.1	0
ENSMUSG00000109818.1	0
ENSMUSG00000109819.1	0.014411
ENSMUSG00000109820.1	0
ENSMUSG00000109821.1	0
ENSMUSG00000109822.1	0
ENSMUSG00000109823.1	0
ENSMUSG00000109824.4	0
ENSMUSG00000109825.1	0.039008
ENSMUSG00000109826.1	0
ENSMUSG00000109827.1	0
ENSMUSG00000109828.1	0
ENSMUSG00000109829.1	0.369733
ENSMUSG00000109830.1	0
ENSMUSG00000109831.1	0
ENSMUSG00000109832.1	0
ENSMUSG00000109833.1	0
ENSMUSG00000109834.1	0
ENSMUSG00000109835.2	0
ENSMUSG00000109837.1	0
ENSMUSG00000109838.1	0
ENSMUSG00000109839.1	0
ENSMUSG00000109840.1	0
ENSMUSG00000109841.2	0.581365
ENSMUSG00000109842.1	0
ENSMUSG00000109843.1	0
ENSMUSG00000109844.2	0.695978
ENSMUSG00000109845.1	0
ENSMUSG00000109846.1	0
ENSMUSG00000109847.1	0
ENSMUSG00000109848.1	0
ENSMUSG00000109849.1	0.188231
ENSMUSG00000109850.1	0
ENSMUSG00000109851.1	0
ENSMUSG00000109852.1	0
ENSMUSG00000109853.1	0.108843
ENSMUSG00000109854.1	0
ENSMUSG00000109855.1	0
ENSMUSG00000109856.1	0
ENSMUSG00000109857.1	0.802987
ENSMUSG00000109858.1	0
ENSMUSG00000109859.1	0
ENSMUSG00000109860.1	0
ENSMUSG00000109861.1	0
ENSMUSG00000109863.1	0
ENSMUSG00000109864.1	0.049667
ENSMUSG00000109865.1	12.068077
ENSMUSG00000109866.1	0
ENSMUSG00000109867.1	0
ENSMUSG00000109868.1	1.474584
ENSMUSG00000109869.1	0
ENSMUSG00000109870.1	0
ENSMUSG00000109871.1	0
ENSMUSG00000109872.1	0
ENSMUSG00000109873.1	0
ENSMUSG00000109874.1	0
ENSMUSG00000109875.1	0
ENSMUSG00000109876.1	0.031425
ENSMUSG00000109877.1	0
ENSMUSG00000109878.1	0
ENSMUSG00000109879.1	0
ENSMUSG00000109880.1	0
ENSMUSG00000109881.1	0
ENSMUSG00000109882.1	0.252063
ENSMUSG00000109883.1	0
ENSMUSG00000109884.3	0
ENSMUSG00000109885.1	0
ENSMUSG00000109886.1	0
ENSMUSG00000109887.1	1.337008
ENSMUSG00000109888.1	0
ENSMUSG00000109889.1	0
ENSMUSG00000109890.2	0.545742
ENSMUSG00000109891.1	0
ENSMUSG00000109892.1	0
ENSMUSG00000109893.1	0
ENSMUSG00000109894.1	0.040923
ENSMUSG00000109895.1	0
ENSMUSG00000109896.1	0
ENSMUSG00000109897.1	0
ENSMUSG00000109898.1	0.614849
ENSMUSG00000109899.1	0
ENSMUSG00000109900.1	0
ENSMUSG00000109901.2	7.74711
ENSMUSG00000109902.1	0
ENSMUSG00000109903.1	0
ENSMUSG00000109904.1	0
ENSMUSG00000109905.1	0
ENSMUSG00000109906.1	0
ENSMUSG00000109907.1	0
ENSMUSG00000109909.1	0.038507
ENSMUSG00000109910.1	0
ENSMUSG00000109911.1	0
ENSMUSG00000109912.1	0
ENSMUSG00000109913.1	0
ENSMUSG00000109914.1	0
ENSMUSG00000109915.1	0
ENSMUSG00000109916.1	0.037295
ENSMUSG00000109917.1	0.112279
ENSMUSG00000109918.1	0
ENSMUSG00000109919.1	0
ENSMUSG00000109920.1	0
ENSMUSG00000109921.1	0
ENSMUSG00000109922.1	0
ENSMUSG00000109923.1	0
ENSMUSG00000109924.1	0
ENSMUSG00000109925.1	26.351933
ENSMUSG00000109926.1	0
ENSMUSG00000109927.1	0
ENSMUSG00000109928.1	0
ENSMUSG00000109929.1	0
ENSMUSG00000109930.1	0.021552
ENSMUSG00000109931.1	0.217057
ENSMUSG00000109932.1	0
ENSMUSG00000109933.1	0
ENSMUSG00000109934.1	0
ENSMUSG00000109935.1	0
ENSMUSG00000109936.1	0
ENSMUSG00000109937.1	0
ENSMUSG00000109938.1	0
ENSMUSG00000109939.1	0
ENSMUSG00000109940.1	0
ENSMUSG00000109941.1	0
ENSMUSG00000109942.1	0
ENSMUSG00000109943.1	0
ENSMUSG00000109944.1	0
ENSMUSG00000109945.1	0.017043
ENSMUSG00000109946.1	25.101079
ENSMUSG00000109947.1	0
ENSMUSG00000109948.1	0
ENSMUSG00000109949.1	0
ENSMUSG00000109950.1	0
ENSMUSG00000109951.2	0
ENSMUSG00000109952.1	0
ENSMUSG00000109953.1	0
ENSMUSG00000109954.1	0
ENSMUSG00000109955.1	0
ENSMUSG00000109956.1	0.469227
ENSMUSG00000109957.1	0.287183
ENSMUSG00000109958.1	0
ENSMUSG00000109959.1	0
ENSMUSG00000109960.1	0
ENSMUSG00000109961.1	0
ENSMUSG00000109962.1	0
ENSMUSG00000109963.1	0
ENSMUSG00000109964.1	0
ENSMUSG00000109965.1	0
ENSMUSG00000109966.1	0
ENSMUSG00000109967.1	0
ENSMUSG00000109968.1	0
ENSMUSG00000109969.1	0
ENSMUSG00000109970.1	0
ENSMUSG00000109971.1	0
ENSMUSG00000109972.1	0
ENSMUSG00000109973.1	0
ENSMUSG00000109974.1	0
ENSMUSG00000109975.1	1.216601
ENSMUSG00000109976.1	0
ENSMUSG00000109977.1	0
ENSMUSG00000109978.1	0
ENSMUSG00000109979.1	0
ENSMUSG00000109980.1	0
ENSMUSG00000109981.1	0
ENSMUSG00000109982.1	0.030221
ENSMUSG00000109983.1	0
ENSMUSG00000109984.1	0
ENSMUSG00000109985.1	0
ENSMUSG00000109986.1	0
ENSMUSG00000109987.1	0
ENSMUSG00000109988.1	0
ENSMUSG00000109990.1	0
ENSMUSG00000109991.1	0
ENSMUSG00000109992.1	0.098448
ENSMUSG00000109993.1	0
ENSMUSG00000109994.1	0
ENSMUSG00000109995.1	0
ENSMUSG00000109996.1	0
ENSMUSG00000109997.1	0
ENSMUSG00000109998.1	0.324956
ENSMUSG00000109999.1	0
ENSMUSG00000110000.1	0
ENSMUSG00000110001.1	0
ENSMUSG00000110002.1	0
ENSMUSG00000110003.1	0
ENSMUSG00000110004.1	0
ENSMUSG00000110005.1	0
ENSMUSG00000110006.1	0
ENSMUSG00000110007.2	0
ENSMUSG00000110008.5	0
ENSMUSG00000110009.1	0
ENSMUSG00000110010.1	0.413915
ENSMUSG00000110011.1	0
ENSMUSG00000110012.2	0
ENSMUSG00000110013.1	0
ENSMUSG00000110014.1	0
ENSMUSG00000110015.1	0
ENSMUSG00000110016.1	0
ENSMUSG00000110017.1	0
ENSMUSG00000110018.2	0
ENSMUSG00000110019.1	0
ENSMUSG00000110020.1	4.128756
ENSMUSG00000110022.1	0
ENSMUSG00000110023.1	0
ENSMUSG00000110024.1	0
ENSMUSG00000110025.1	0
ENSMUSG00000110026.1	0
ENSMUSG00000110027.1	1.59358
ENSMUSG00000110028.1	0
ENSMUSG00000110030.1	0.012637
ENSMUSG00000110031.1	0
ENSMUSG00000110032.1	0
ENSMUSG00000110033.1	0
ENSMUSG00000110034.1	0
ENSMUSG00000110035.1	0
ENSMUSG00000110036.1	0
ENSMUSG00000110037.1	0
ENSMUSG00000110038.1	0
ENSMUSG00000110039.1	0
ENSMUSG00000110040.1	0.112145
ENSMUSG00000110041.1	0
ENSMUSG00000110042.1	0
ENSMUSG00000110043.1	0
ENSMUSG00000110044.1	0
ENSMUSG00000110045.1	0
ENSMUSG00000110046.1	0
ENSMUSG00000110047.1	0.016685
ENSMUSG00000110048.1	0
ENSMUSG00000110049.1	0
ENSMUSG00000110050.1	0
ENSMUSG00000110051.1	0
ENSMUSG00000110052.1	0
ENSMUSG00000110053.1	0
ENSMUSG00000110054.1	0
ENSMUSG00000110055.1	0
ENSMUSG00000110056.1	0
ENSMUSG00000110057.1	1.23604
ENSMUSG00000110058.1	0
ENSMUSG00000110059.1	0
ENSMUSG00000110060.1	0
ENSMUSG00000110061.1	0.077098
ENSMUSG00000110062.1	0.078698
ENSMUSG00000110063.1	0.07519
ENSMUSG00000110064.1	0
ENSMUSG00000110065.1	0
ENSMUSG00000110066.1	0
ENSMUSG00000110067.2	0.322229
ENSMUSG00000110068.1	0
ENSMUSG00000110069.1	0
ENSMUSG00000110070.1	0.557288
ENSMUSG00000110071.1	0
ENSMUSG00000110072.1	0
ENSMUSG00000110073.1	0
ENSMUSG00000110074.1	0
ENSMUSG00000110075.1	0
ENSMUSG00000110076.1	0
ENSMUSG00000110077.1	0.016373
ENSMUSG00000110078.1	0.061254
ENSMUSG00000110079.1	0
ENSMUSG00000110080.1	2.159263
ENSMUSG00000110081.1	0
ENSMUSG00000110082.1	0
ENSMUSG00000110083.1	0
ENSMUSG00000110084.1	0
ENSMUSG00000110085.1	0
ENSMUSG00000110086.1	3.961254
ENSMUSG00000110087.1	0
ENSMUSG00000110088.1	0
ENSMUSG00000110089.1	0
ENSMUSG00000110090.1	0
ENSMUSG00000110091.1	0
ENSMUSG00000110092.2	0
ENSMUSG00000110093.1	0
ENSMUSG00000110094.1	0
ENSMUSG00000110095.1	0
ENSMUSG00000110096.1	0
ENSMUSG00000110097.1	0
ENSMUSG00000110098.1	0
ENSMUSG00000110099.1	0
ENSMUSG00000110100.1	0
ENSMUSG00000110101.1	0
ENSMUSG00000110102.1	0
ENSMUSG00000110103.1	0
ENSMUSG00000110104.1	0
ENSMUSG00000110105.1	0.179863
ENSMUSG00000110106.1	0
ENSMUSG00000110108.1	0
ENSMUSG00000110109.1	0
ENSMUSG00000110110.1	0.031508
ENSMUSG00000110111.1	0
ENSMUSG00000110112.1	0
ENSMUSG00000110113.1	0
ENSMUSG00000110114.1	0
ENSMUSG00000110115.1	0
ENSMUSG00000110116.1	0
ENSMUSG00000110117.1	0
ENSMUSG00000110118.1	0
ENSMUSG00000110119.1	0
ENSMUSG00000110120.1	0.108747
ENSMUSG00000110121.1	0
ENSMUSG00000110122.1	0
ENSMUSG00000110123.1	0.656525
ENSMUSG00000110124.1	0.129561
ENSMUSG00000110125.1	0
ENSMUSG00000110126.1	0.019601
ENSMUSG00000110127.1	0
ENSMUSG00000110128.1	0
ENSMUSG00000110129.1	0.041431
ENSMUSG00000110130.1	0
ENSMUSG00000110131.1	0
ENSMUSG00000110132.1	0
ENSMUSG00000110133.1	0
ENSMUSG00000110134.1	0
ENSMUSG00000110135.1	0
ENSMUSG00000110136.1	0.047242
ENSMUSG00000110137.1	0
ENSMUSG00000110138.1	0
ENSMUSG00000110139.1	0
ENSMUSG00000110140.1	0.159553
ENSMUSG00000110141.1	0
ENSMUSG00000110142.1	0
ENSMUSG00000110143.1	0
ENSMUSG00000110144.1	0
ENSMUSG00000110145.1	0
ENSMUSG00000110146.1	0
ENSMUSG00000110147.1	0
ENSMUSG00000110148.1	0.51768
ENSMUSG00000110149.1	0
ENSMUSG00000110150.1	0
ENSMUSG00000110151.2	0.024809
ENSMUSG00000110152.1	0
ENSMUSG00000110153.1	0
ENSMUSG00000110154.1	0
ENSMUSG00000110155.1	0
ENSMUSG00000110156.2	6.062326
ENSMUSG00000110157.1	0
ENSMUSG00000110158.1	0
ENSMUSG00000110159.1	0.03578
ENSMUSG00000110160.1	0
ENSMUSG00000110161.1	0.075978
ENSMUSG00000110162.1	0
ENSMUSG00000110163.1	0
ENSMUSG00000110164.1	0
ENSMUSG00000110165.1	0.315799
ENSMUSG00000110166.1	1.112013
ENSMUSG00000110167.1	0
ENSMUSG00000110168.1	0
ENSMUSG00000110169.1	0
ENSMUSG00000110170.1	0
ENSMUSG00000110171.2	0
ENSMUSG00000110172.1	0
ENSMUSG00000110173.1	0
ENSMUSG00000110174.1	0
ENSMUSG00000110175.1	0
ENSMUSG00000110176.1	0
ENSMUSG00000110177.1	0
ENSMUSG00000110178.1	0
ENSMUSG00000110179.1	0
ENSMUSG00000110180.1	0
ENSMUSG00000110181.1	0
ENSMUSG00000110182.1	0
ENSMUSG00000110183.1	0
ENSMUSG00000110184.1	0
ENSMUSG00000110185.2	24.459209
ENSMUSG00000110186.1	0
ENSMUSG00000110187.1	0
ENSMUSG00000110188.1	0
ENSMUSG00000110189.1	0
ENSMUSG00000110190.1	0
ENSMUSG00000110192.1	0
ENSMUSG00000110193.1	0
ENSMUSG00000110194.1	0
ENSMUSG00000110195.1	93.349966
ENSMUSG00000110196.1	0
ENSMUSG00000110197.1	0
ENSMUSG00000110198.1	0
ENSMUSG00000110199.2	0
ENSMUSG00000110200.1	0
ENSMUSG00000110201.1	0
ENSMUSG00000110202.1	0
ENSMUSG00000110203.1	0
ENSMUSG00000110204.1	0
ENSMUSG00000110205.1	0.775436
ENSMUSG00000110206.1	0.7075
ENSMUSG00000110207.1	0
ENSMUSG00000110208.1	0
ENSMUSG00000110209.1	0
ENSMUSG00000110210.1	0
ENSMUSG00000110211.1	0
ENSMUSG00000110212.1	0
ENSMUSG00000110213.1	0
ENSMUSG00000110214.1	0
ENSMUSG00000110215.1	0
ENSMUSG00000110216.1	0.144842
ENSMUSG00000110217.1	0
ENSMUSG00000110218.1	0.025652
ENSMUSG00000110219.1	0
ENSMUSG00000110220.1	0
ENSMUSG00000110221.1	0.228775
ENSMUSG00000110222.1	0
ENSMUSG00000110223.1	0
ENSMUSG00000110224.1	0
ENSMUSG00000110225.1	0
ENSMUSG00000110226.1	0
ENSMUSG00000110227.1	0
ENSMUSG00000110228.1	0
ENSMUSG00000110229.1	0
ENSMUSG00000110230.1	0.11722
ENSMUSG00000110231.1	0
ENSMUSG00000110232.1	0
ENSMUSG00000110233.1	0
ENSMUSG00000110234.2	21.171874
ENSMUSG00000110235.1	0.225924
ENSMUSG00000110236.1	0
ENSMUSG00000110237.1	0
ENSMUSG00000110238.1	0
ENSMUSG00000110239.1	0
ENSMUSG00000110240.1	0
ENSMUSG00000110241.1	0
ENSMUSG00000110242.1	0
ENSMUSG00000110243.1	0
ENSMUSG00000110244.1	0
ENSMUSG00000110245.1	0
ENSMUSG00000110246.1	0.004696
ENSMUSG00000110247.1	0
ENSMUSG00000110248.1	0
ENSMUSG00000110249.1	3.542774
ENSMUSG00000110250.1	0.084617
ENSMUSG00000110251.1	0
ENSMUSG00000110252.1	0
ENSMUSG00000110253.2	0
ENSMUSG00000110254.1	0
ENSMUSG00000110255.1	0
ENSMUSG00000110256.1	0.026707
ENSMUSG00000110257.1	0
ENSMUSG00000110258.1	0
ENSMUSG00000110259.2	0
ENSMUSG00000110260.1	0.175344
ENSMUSG00000110261.1	0
ENSMUSG00000110262.1	0
ENSMUSG00000110263.1	0
ENSMUSG00000110264.1	0
ENSMUSG00000110265.1	0
ENSMUSG00000110266.1	0
ENSMUSG00000110267.1	0
ENSMUSG00000110268.1	0
ENSMUSG00000110269.1	0
ENSMUSG00000110270.1	0
ENSMUSG00000110271.1	0
ENSMUSG00000110272.1	0
ENSMUSG00000110273.1	0.102169
ENSMUSG00000110274.1	0
ENSMUSG00000110275.1	1.328559
ENSMUSG00000110276.1	0
ENSMUSG00000110277.2	0.699122
ENSMUSG00000110278.1	0
ENSMUSG00000110279.1	1.164922
ENSMUSG00000110280.1	0
ENSMUSG00000110281.1	0
ENSMUSG00000110282.1	0.007868
ENSMUSG00000110283.1	0
ENSMUSG00000110284.1	0
ENSMUSG00000110285.1	0
ENSMUSG00000110286.1	0
ENSMUSG00000110287.1	0
ENSMUSG00000110288.1	0
ENSMUSG00000110289.1	0.238135
ENSMUSG00000110290.1	0
ENSMUSG00000110291.1	0
ENSMUSG00000110292.1	0
ENSMUSG00000110293.1	0
ENSMUSG00000110294.1	0
ENSMUSG00000110295.1	0
ENSMUSG00000110296.1	0.722615
ENSMUSG00000110297.1	0
ENSMUSG00000110298.1	0
ENSMUSG00000110299.1	0
ENSMUSG00000110300.1	0
ENSMUSG00000110301.1	0
ENSMUSG00000110302.1	0
ENSMUSG00000110303.1	0.113547
ENSMUSG00000110304.1	0
ENSMUSG00000110305.1	0
ENSMUSG00000110306.1	0
ENSMUSG00000110307.1	0
ENSMUSG00000110308.1	0.013991
ENSMUSG00000110309.1	0
ENSMUSG00000110310.1	0
ENSMUSG00000110311.1	0.061159
ENSMUSG00000110312.1	0
ENSMUSG00000110313.1	0
ENSMUSG00000110314.1	0
ENSMUSG00000110315.1	0
ENSMUSG00000110316.1	2.697985
ENSMUSG00000110317.1	0.237921
ENSMUSG00000110318.1	0
ENSMUSG00000110319.1	0
ENSMUSG00000110320.1	0.04215
ENSMUSG00000110321.1	0
ENSMUSG00000110322.1	0
ENSMUSG00000110323.1	0
ENSMUSG00000110324.1	0
ENSMUSG00000110325.1	0
ENSMUSG00000110326.1	0.011056
ENSMUSG00000110327.1	0
ENSMUSG00000110328.1	0
ENSMUSG00000110329.1	0
ENSMUSG00000110330.1	0
ENSMUSG00000110331.1	0.169458
ENSMUSG00000110332.1	5.972046
ENSMUSG00000110333.1	0
ENSMUSG00000110334.1	0
ENSMUSG00000110335.1	0
ENSMUSG00000110336.1	0
ENSMUSG00000110337.1	0
ENSMUSG00000110338.1	0
ENSMUSG00000110339.1	0
ENSMUSG00000110340.1	0.17882
ENSMUSG00000110341.1	0
ENSMUSG00000110342.1	0
ENSMUSG00000110343.1	0
ENSMUSG00000110344.1	4.414801
ENSMUSG00000110345.1	0
ENSMUSG00000110346.1	0
ENSMUSG00000110347.1	0
ENSMUSG00000110348.1	0
ENSMUSG00000110349.1	0
ENSMUSG00000110350.1	0.213791
ENSMUSG00000110351.1	0
ENSMUSG00000110352.1	0
ENSMUSG00000110353.1	0.134356
ENSMUSG00000110354.1	0.029148
ENSMUSG00000110355.1	0
ENSMUSG00000110356.1	0
ENSMUSG00000110357.1	3.078426
ENSMUSG00000110358.1	0.107985
ENSMUSG00000110359.1	0
ENSMUSG00000110360.1	1.125798
ENSMUSG00000110361.1	0
ENSMUSG00000110362.1	0
ENSMUSG00000110363.1	0.073395
ENSMUSG00000110364.1	0
ENSMUSG00000110365.1	0
ENSMUSG00000110366.1	0.069684
ENSMUSG00000110367.1	0
ENSMUSG00000110368.1	0
ENSMUSG00000110369.1	0
ENSMUSG00000110370.1	0
ENSMUSG00000110371.1	0.384423
ENSMUSG00000110372.1	0
ENSMUSG00000110373.1	1.043731
ENSMUSG00000110374.1	0
ENSMUSG00000110375.1	0
ENSMUSG00000110376.1	0
ENSMUSG00000110377.1	0
ENSMUSG00000110378.1	0.387509
ENSMUSG00000110379.1	0
ENSMUSG00000110380.1	0
ENSMUSG00000110381.1	0
ENSMUSG00000110382.1	0
ENSMUSG00000110383.1	0
ENSMUSG00000110384.1	0
ENSMUSG00000110385.1	0
ENSMUSG00000110386.1	0
ENSMUSG00000110387.1	0
ENSMUSG00000110388.1	0.009661
ENSMUSG00000110389.1	0
ENSMUSG00000110390.1	0.036692
ENSMUSG00000110391.2	0
ENSMUSG00000110392.1	0
ENSMUSG00000110393.2	0.267855
ENSMUSG00000110394.1	0
ENSMUSG00000110395.1	0
ENSMUSG00000110396.1	0.09747
ENSMUSG00000110397.1	0
ENSMUSG00000110398.1	0
ENSMUSG00000110399.1	0
ENSMUSG00000110400.1	0
ENSMUSG00000110401.1	0
ENSMUSG00000110402.1	0
ENSMUSG00000110403.1	0.25383
ENSMUSG00000110404.1	0.256468
ENSMUSG00000110405.1	0
ENSMUSG00000110406.1	0
ENSMUSG00000110407.1	0
ENSMUSG00000110409.1	0.205067
ENSMUSG00000110410.1	0
ENSMUSG00000110411.1	0
ENSMUSG00000110412.1	0
ENSMUSG00000110413.1	0
ENSMUSG00000110414.1	0
ENSMUSG00000110415.1	0
ENSMUSG00000110416.1	0
ENSMUSG00000110417.1	0
ENSMUSG00000110419.1	0
ENSMUSG00000110420.1	0
ENSMUSG00000110421.1	0
ENSMUSG00000110422.1	0
ENSMUSG00000110424.1	0.144989
ENSMUSG00000110425.1	0
ENSMUSG00000110426.1	0
ENSMUSG00000110427.1	0.141571
ENSMUSG00000110428.1	0
ENSMUSG00000110429.1	0
ENSMUSG00000110430.2	0
ENSMUSG00000110431.1	0
ENSMUSG00000110432.1	0
ENSMUSG00000110433.1	0
ENSMUSG00000110434.1	0
ENSMUSG00000110435.1	0
ENSMUSG00000110437.1	0
ENSMUSG00000110438.1	0.240084
ENSMUSG00000110439.1	0
ENSMUSG00000110440.1	0
ENSMUSG00000110441.1	0.192934
ENSMUSG00000110442.1	0
ENSMUSG00000110443.1	0
ENSMUSG00000110444.2	0.165877
ENSMUSG00000110445.1	0
ENSMUSG00000110446.1	0.12724
ENSMUSG00000110447.1	0.88075
ENSMUSG00000110448.1	0
ENSMUSG00000110449.1	0
ENSMUSG00000110450.1	0
ENSMUSG00000110452.1	0
ENSMUSG00000110453.1	0
ENSMUSG00000110454.1	0
ENSMUSG00000110455.1	0.05205
ENSMUSG00000110456.1	0.072939
ENSMUSG00000110457.2	0
ENSMUSG00000110458.1	0
ENSMUSG00000110459.1	0
ENSMUSG00000110460.1	0
ENSMUSG00000110461.1	0
ENSMUSG00000110462.1	0
ENSMUSG00000110463.1	0
ENSMUSG00000110464.1	0
ENSMUSG00000110465.1	0
ENSMUSG00000110466.3	0
ENSMUSG00000110467.1	0
ENSMUSG00000110468.1	0
ENSMUSG00000110469.1	0
ENSMUSG00000110470.1	0
ENSMUSG00000110471.1	0
ENSMUSG00000110472.1	0
ENSMUSG00000110473.1	0
ENSMUSG00000110474.1	0
ENSMUSG00000110475.1	0
ENSMUSG00000110476.1	0
ENSMUSG00000110477.1	0
ENSMUSG00000110478.1	0
ENSMUSG00000110479.1	0
ENSMUSG00000110480.1	0
ENSMUSG00000110481.1	0
ENSMUSG00000110482.1	0
ENSMUSG00000110483.1	1.019069
ENSMUSG00000110484.1	0
ENSMUSG00000110485.1	0
ENSMUSG00000110486.1	0
ENSMUSG00000110487.1	0
ENSMUSG00000110488.1	0
ENSMUSG00000110489.1	0
ENSMUSG00000110490.1	0
ENSMUSG00000110491.1	0
ENSMUSG00000110492.1	0
ENSMUSG00000110493.1	0
ENSMUSG00000110494.1	0
ENSMUSG00000110495.1	0
ENSMUSG00000110496.1	0
ENSMUSG00000110497.1	0
ENSMUSG00000110498.1	0
ENSMUSG00000110499.1	0
ENSMUSG00000110500.1	0
ENSMUSG00000110501.1	0
ENSMUSG00000110502.1	0
ENSMUSG00000110503.1	0
ENSMUSG00000110504.1	0
ENSMUSG00000110505.1	0.815054
ENSMUSG00000110506.1	0
ENSMUSG00000110507.1	0.038632
ENSMUSG00000110508.1	0
ENSMUSG00000110509.1	0
ENSMUSG00000110510.1	0
ENSMUSG00000110511.1	0
ENSMUSG00000110512.1	0
ENSMUSG00000110513.1	0
ENSMUSG00000110514.1	0
ENSMUSG00000110515.1	0
ENSMUSG00000110516.1	0.033788
ENSMUSG00000110517.1	0
ENSMUSG00000110518.1	0
ENSMUSG00000110519.2	0
ENSMUSG00000110520.1	0
ENSMUSG00000110521.1	0
ENSMUSG00000110522.1	0
ENSMUSG00000110523.1	5.708803
ENSMUSG00000110524.1	0.611978
ENSMUSG00000110525.1	0
ENSMUSG00000110526.3	0
ENSMUSG00000110527.1	0
ENSMUSG00000110528.1	0
ENSMUSG00000110529.1	0.082027
ENSMUSG00000110530.1	0
ENSMUSG00000110531.1	0
ENSMUSG00000110532.1	0
ENSMUSG00000110533.1	0
ENSMUSG00000110534.1	0.054401
ENSMUSG00000110535.1	0
ENSMUSG00000110536.1	0
ENSMUSG00000110537.1	0.252606
ENSMUSG00000110538.1	0
ENSMUSG00000110539.1	0
ENSMUSG00000110540.1	0.010701
ENSMUSG00000110541.1	0
ENSMUSG00000110542.1	0
ENSMUSG00000110543.1	0
ENSMUSG00000110544.1	0
ENSMUSG00000110545.1	0.501933
ENSMUSG00000110546.1	0
ENSMUSG00000110547.1	0.228294
ENSMUSG00000110548.1	0
ENSMUSG00000110549.1	0
ENSMUSG00000110550.1	0
ENSMUSG00000110551.1	0
ENSMUSG00000110552.1	0
ENSMUSG00000110553.1	0
ENSMUSG00000110554.1	0
ENSMUSG00000110555.1	0
ENSMUSG00000110556.1	0
ENSMUSG00000110557.2	0
ENSMUSG00000110558.1	0
ENSMUSG00000110559.1	0.020892
ENSMUSG00000110560.1	0
ENSMUSG00000110561.1	0
ENSMUSG00000110562.1	0
ENSMUSG00000110563.1	0
ENSMUSG00000110564.1	0
ENSMUSG00000110565.1	0
ENSMUSG00000110566.1	0
ENSMUSG00000110567.1	0
ENSMUSG00000110568.1	0
ENSMUSG00000110569.1	3.538447
ENSMUSG00000110570.1	0
ENSMUSG00000110571.1	0
ENSMUSG00000110572.1	0
ENSMUSG00000110573.1	0
ENSMUSG00000110574.1	0
ENSMUSG00000110575.1	0.1721
ENSMUSG00000110576.2	0
ENSMUSG00000110577.1	0
ENSMUSG00000110578.1	0
ENSMUSG00000110580.1	0
ENSMUSG00000110581.1	0
ENSMUSG00000110582.1	0
ENSMUSG00000110583.1	0
ENSMUSG00000110585.1	0
ENSMUSG00000110586.1	0
ENSMUSG00000110587.1	0
ENSMUSG00000110588.1	0.112606
ENSMUSG00000110589.1	0
ENSMUSG00000110590.1	0
ENSMUSG00000110591.1	0
ENSMUSG00000110592.1	0
ENSMUSG00000110593.1	0
ENSMUSG00000110594.1	0
ENSMUSG00000110595.1	0
ENSMUSG00000110596.1	0
ENSMUSG00000110597.1	0
ENSMUSG00000110598.1	0
ENSMUSG00000110599.1	0.044571
ENSMUSG00000110600.1	0
ENSMUSG00000110601.1	0
ENSMUSG00000110602.1	0
ENSMUSG00000110603.1	0
ENSMUSG00000110604.1	0
ENSMUSG00000110605.1	0.154138
ENSMUSG00000110606.1	0
ENSMUSG00000110607.1	0
ENSMUSG00000110608.1	0
ENSMUSG00000110609.1	0
ENSMUSG00000110610.1	0
ENSMUSG00000110611.1	1.043031
ENSMUSG00000110612.1	0
ENSMUSG00000110613.1	0
ENSMUSG00000110614.1	0
ENSMUSG00000110615.1	0.281075
ENSMUSG00000110616.1	0.029756
ENSMUSG00000110617.1	0
ENSMUSG00000110618.1	1.329651
ENSMUSG00000110619.1	0
ENSMUSG00000110620.1	1.578073
ENSMUSG00000110621.3	0
ENSMUSG00000110622.1	0
ENSMUSG00000110623.1	0.035817
ENSMUSG00000110624.1	0
ENSMUSG00000110625.1	0
ENSMUSG00000110626.1	0
ENSMUSG00000110627.1	0
ENSMUSG00000110628.1	0
ENSMUSG00000110629.1	0
ENSMUSG00000110630.1	1.17159
ENSMUSG00000110631.1	0
ENSMUSG00000110632.1	0
ENSMUSG00000110633.1	0.040368
ENSMUSG00000110634.1	0
ENSMUSG00000110635.1	0
ENSMUSG00000110636.1	0
ENSMUSG00000110637.1	0
ENSMUSG00000110638.1	0.019863
ENSMUSG00000110639.1	0
ENSMUSG00000110640.1	0
ENSMUSG00000110641.1	0
ENSMUSG00000110642.1	0
ENSMUSG00000110643.1	0
ENSMUSG00000110644.1	0
ENSMUSG00000110645.1	0
ENSMUSG00000110646.1	0
ENSMUSG00000110647.2	0.018491
ENSMUSG00000110648.1	0
ENSMUSG00000110649.1	0.338809
ENSMUSG00000110650.1	0
ENSMUSG00000110651.1	0
ENSMUSG00000110652.1	0.140672
ENSMUSG00000110653.1	0.583005
ENSMUSG00000110654.1	0
ENSMUSG00000110655.1	0
ENSMUSG00000110656.1	0
ENSMUSG00000110657.1	0
ENSMUSG00000110658.1	0
ENSMUSG00000110659.1	0
ENSMUSG00000110660.1	0
ENSMUSG00000110661.1	0
ENSMUSG00000110662.1	0
ENSMUSG00000110663.1	0
ENSMUSG00000110664.1	0
ENSMUSG00000110665.1	0
ENSMUSG00000110666.1	0
ENSMUSG00000110667.1	0
ENSMUSG00000110668.1	0
ENSMUSG00000110669.1	11.802954
ENSMUSG00000110670.1	0
ENSMUSG00000110671.1	0
ENSMUSG00000110672.1	0
ENSMUSG00000110673.1	0.065843
ENSMUSG00000110674.1	0
ENSMUSG00000110675.1	0
ENSMUSG00000110676.1	0
ENSMUSG00000110677.1	0
ENSMUSG00000110678.1	0
ENSMUSG00000110679.1	0
ENSMUSG00000110680.1	0
ENSMUSG00000110681.1	0
ENSMUSG00000110682.1	0
ENSMUSG00000110683.1	0
ENSMUSG00000110684.1	1.409701
ENSMUSG00000110685.1	0
ENSMUSG00000110686.1	0.109399
ENSMUSG00000110687.1	0
ENSMUSG00000110688.1	0.06933
ENSMUSG00000110689.1	0
ENSMUSG00000110690.1	0
ENSMUSG00000110691.1	0
ENSMUSG00000110692.1	0
ENSMUSG00000110693.1	0
ENSMUSG00000110694.1	0
ENSMUSG00000110695.1	0
ENSMUSG00000110696.1	0
ENSMUSG00000110697.1	0.03814
ENSMUSG00000110698.1	0.092731
ENSMUSG00000110699.1	0
ENSMUSG00000110700.1	0
ENSMUSG00000110701.1	0.321847
ENSMUSG00000110702.1	0.230072
ENSMUSG00000110703.1	0
ENSMUSG00000110704.1	0
ENSMUSG00000110705.1	0
ENSMUSG00000110706.1	0
ENSMUSG00000110707.1	0
ENSMUSG00000110708.1	0
ENSMUSG00000110709.1	0
ENSMUSG00000110710.1	0.238101
ENSMUSG00000110711.1	0.017455
ENSMUSG00000110712.1	0.079759
ENSMUSG00000110713.1	0
ENSMUSG00000110714.1	0
ENSMUSG00000110715.1	0
ENSMUSG00000110716.1	0
ENSMUSG00000110717.1	0
ENSMUSG00000110718.1	0.097938
ENSMUSG00000110719.1	0
ENSMUSG00000110720.1	0
ENSMUSG00000110721.1	0
ENSMUSG00000110722.1	0
ENSMUSG00000110723.1	0.998954
ENSMUSG00000110724.1	0
ENSMUSG00000110725.1	0
ENSMUSG00000110726.1	0.680277
ENSMUSG00000110727.1	0
ENSMUSG00000110729.1	0.177228
ENSMUSG00000110730.1	0
ENSMUSG00000110731.1	0
ENSMUSG00000110732.1	0
ENSMUSG00000110734.1	0
ENSMUSG00000110735.1	0
ENSMUSG00000110736.1	0
ENSMUSG00000110737.1	0
ENSMUSG00000110738.1	0
ENSMUSG00000110739.1	0
ENSMUSG00000110740.1	0
ENSMUSG00000110741.1	0
ENSMUSG00000110744.1	0.113294
ENSMUSG00000110745.1	0
ENSMUSG00000110747.1	0
ENSMUSG00000110748.1	0
ENSMUSG00000110749.1	0
ENSMUSG00000110750.1	0.044881
ENSMUSG00000110751.1	0
ENSMUSG00000110752.1	0
ENSMUSG00000110753.1	0
ENSMUSG00000110754.1	0
ENSMUSG00000110755.1	0
ENSMUSG00000110756.1	0
ENSMUSG00000110757.1	0
ENSMUSG00000110758.1	0
ENSMUSG00000110759.1	0
ENSMUSG00000110760.1	0.133064
ENSMUSG00000110761.1	0
ENSMUSG00000110762.1	0
ENSMUSG00000110765.1	0
ENSMUSG00000110766.1	0
ENSMUSG00000110767.1	0
ENSMUSG00000110768.1	0.081505
ENSMUSG00000110769.1	0
ENSMUSG00000110770.1	0
ENSMUSG00000110771.1	0
ENSMUSG00000110772.1	0
ENSMUSG00000110773.1	0.017641
ENSMUSG00000110774.1	0.922787
ENSMUSG00000110776.1	0
ENSMUSG00000110778.1	0
ENSMUSG00000110779.1	0
ENSMUSG00000110780.1	0
ENSMUSG00000110781.1	0
ENSMUSG00000110782.1	0
ENSMUSG00000110783.1	0
ENSMUSG00000110784.1	0
ENSMUSG00000110786.1	0
ENSMUSG00000110787.1	0
ENSMUSG00000110788.1	0
ENSMUSG00000110789.1	0
ENSMUSG00000110790.1	0.491231
ENSMUSG00000110791.1	0.029606
ENSMUSG00000110792.1	0
ENSMUSG00000110793.1	0
ENSMUSG00000110794.1	0
ENSMUSG00000110795.1	0
ENSMUSG00000110799.1	0
ENSMUSG00000110801.1	0
ENSMUSG00000110802.1	0
ENSMUSG00000110803.1	0
ENSMUSG00000110804.1	0
ENSMUSG00000110808.1	0
ENSMUSG00000110809.1	0
ENSMUSG00000110810.1	0
ENSMUSG00000110811.1	0
ENSMUSG00000110812.1	0
ENSMUSG00000110813.1	0
ENSMUSG00000110814.1	0.014911
ENSMUSG00000110815.1	0
ENSMUSG00000110816.1	0
ENSMUSG00000110817.1	0
ENSMUSG00000110819.1	0
ENSMUSG00000110821.1	0
ENSMUSG00000110822.1	0
ENSMUSG00000110823.1	0
ENSMUSG00000110824.1	0
ENSMUSG00000110825.1	0
ENSMUSG00000110826.1	0
ENSMUSG00000110827.1	0
ENSMUSG00000110828.1	0
ENSMUSG00000110829.1	0
ENSMUSG00000110830.1	0.062991
ENSMUSG00000110831.1	0
ENSMUSG00000110832.1	0
ENSMUSG00000110833.1	0
ENSMUSG00000110834.1	0.783964
ENSMUSG00000110835.1	0
ENSMUSG00000110836.1	0
ENSMUSG00000110837.1	0
ENSMUSG00000110838.1	0
ENSMUSG00000110839.1	0
ENSMUSG00000110840.1	0
ENSMUSG00000110841.1	45.589054
ENSMUSG00000110843.1	0.376456
ENSMUSG00000110844.1	0
ENSMUSG00000110845.1	0
ENSMUSG00000110846.1	0
ENSMUSG00000110847.1	0
ENSMUSG00000110848.1	0
ENSMUSG00000110849.1	0
ENSMUSG00000110851.1	0
ENSMUSG00000110853.1	0
ENSMUSG00000110854.1	0
ENSMUSG00000110855.1	0
ENSMUSG00000110856.1	0
ENSMUSG00000110857.1	0
ENSMUSG00000110858.1	0
ENSMUSG00000110862.1	0.057153
ENSMUSG00000110863.1	0.240064
ENSMUSG00000110864.1	0.063326
ENSMUSG00000110865.1	0
ENSMUSG00000110866.1	0.095133
ENSMUSG00000110867.1	0
ENSMUSG00000110869.1	0
ENSMUSG00000110870.1	0
ENSMUSG00000110872.1	0
ENSMUSG00000110873.1	0
ENSMUSG00000110874.1	0.03267
ENSMUSG00000110875.1	0
ENSMUSG00000110876.1	0
ENSMUSG00000110877.1	0
ENSMUSG00000110878.1	0
ENSMUSG00000110879.2	0
ENSMUSG00000110880.1	0
ENSMUSG00000110881.1	0
ENSMUSG00000110882.1	0
ENSMUSG00000110884.1	0
ENSMUSG00000110885.1	0
ENSMUSG00000110886.1	0
ENSMUSG00000110887.1	0
ENSMUSG00000110888.1	0
ENSMUSG00000110889.1	0
ENSMUSG00000110891.1	0
ENSMUSG00000110892.1	0
ENSMUSG00000110893.1	0
ENSMUSG00000110894.1	0
ENSMUSG00000110895.1	0
ENSMUSG00000110896.1	0
ENSMUSG00000110897.1	0
ENSMUSG00000110898.1	0
ENSMUSG00000110899.1	0.014967
ENSMUSG00000110901.1	0.142395
ENSMUSG00000110902.1	0
ENSMUSG00000110903.1	0
ENSMUSG00000110905.1	0
ENSMUSG00000110908.1	0
ENSMUSG00000110909.1	0
ENSMUSG00000110910.1	0.012086
ENSMUSG00000110911.1	0
ENSMUSG00000110912.1	0
ENSMUSG00000110913.1	0
ENSMUSG00000110914.1	0
ENSMUSG00000110915.1	0
ENSMUSG00000110916.1	0
ENSMUSG00000110917.1	0
ENSMUSG00000110918.1	0
ENSMUSG00000110919.1	0
ENSMUSG00000110920.1	0
ENSMUSG00000110922.1	0
ENSMUSG00000110923.1	0
ENSMUSG00000110924.1	0
ENSMUSG00000110925.1	0
ENSMUSG00000110926.1	0
ENSMUSG00000110927.1	0
ENSMUSG00000110928.1	0
ENSMUSG00000110929.1	0.051474
ENSMUSG00000110930.1	0
ENSMUSG00000110932.1	0
ENSMUSG00000110935.1	0
ENSMUSG00000110936.1	0
ENSMUSG00000110937.1	0.02372
ENSMUSG00000110938.1	0
ENSMUSG00000110940.1	0
ENSMUSG00000110941.1	0
ENSMUSG00000110942.1	0
ENSMUSG00000110943.1	0
ENSMUSG00000110944.1	0
ENSMUSG00000110945.1	0.151691
ENSMUSG00000110946.1	0
ENSMUSG00000110947.1	0
ENSMUSG00000110949.1	13.685052
ENSMUSG00000110950.1	0
ENSMUSG00000110951.1	0
ENSMUSG00000110952.1	0
ENSMUSG00000110953.1	0
ENSMUSG00000110956.1	0
ENSMUSG00000110957.1	0
ENSMUSG00000110958.1	0
ENSMUSG00000110959.1	0
ENSMUSG00000110960.1	0
ENSMUSG00000110962.1	0
ENSMUSG00000110964.1	0
ENSMUSG00000110966.1	0
ENSMUSG00000110967.1	0
ENSMUSG00000110968.1	0
ENSMUSG00000110969.1	0
ENSMUSG00000110970.2	0.030381
ENSMUSG00000110972.1	0
ENSMUSG00000110973.1	0
ENSMUSG00000110976.1	0
ENSMUSG00000110977.1	0
ENSMUSG00000110978.1	0
ENSMUSG00000110980.1	2.488315
ENSMUSG00000110981.1	0
ENSMUSG00000110982.1	0
ENSMUSG00000110983.1	0
ENSMUSG00000110984.1	0
ENSMUSG00000110985.1	0
ENSMUSG00000110986.1	0
ENSMUSG00000110987.1	0
ENSMUSG00000110988.1	0
ENSMUSG00000110989.1	0
ENSMUSG00000110991.1	0
ENSMUSG00000110992.1	0
ENSMUSG00000110993.1	0
ENSMUSG00000110995.1	0
ENSMUSG00000110996.1	0.225797
ENSMUSG00000110997.1	0
ENSMUSG00000110998.1	0
ENSMUSG00000110999.1	0
ENSMUSG00000111000.1	0.247263
ENSMUSG00000111001.1	0
ENSMUSG00000111002.1	0
ENSMUSG00000111003.1	0
ENSMUSG00000111004.1	0
ENSMUSG00000111005.1	0
ENSMUSG00000111006.1	0
ENSMUSG00000111008.1	0
ENSMUSG00000111010.1	0
ENSMUSG00000111012.1	0
ENSMUSG00000111013.1	0
ENSMUSG00000111014.1	0
ENSMUSG00000111015.1	0
ENSMUSG00000111016.1	0
ENSMUSG00000111017.1	0.010935
ENSMUSG00000111018.1	0
ENSMUSG00000111019.1	0
ENSMUSG00000111020.1	0.033306
ENSMUSG00000111021.2	0
ENSMUSG00000111022.1	0
ENSMUSG00000111023.1	0
ENSMUSG00000111025.1	0
ENSMUSG00000111027.1	0
ENSMUSG00000111028.1	0
ENSMUSG00000111029.1	0
ENSMUSG00000111030.1	0
ENSMUSG00000111031.1	0
ENSMUSG00000111032.1	0
ENSMUSG00000111033.1	0
ENSMUSG00000111034.1	0
ENSMUSG00000111035.1	0
ENSMUSG00000111036.1	0
ENSMUSG00000111037.1	0
ENSMUSG00000111039.1	0
ENSMUSG00000111041.1	0
ENSMUSG00000111042.1	0
ENSMUSG00000111043.1	0
ENSMUSG00000111044.1	0
ENSMUSG00000111045.1	0
ENSMUSG00000111046.1	0
ENSMUSG00000111047.1	0
ENSMUSG00000111048.1	0
ENSMUSG00000111049.1	0
ENSMUSG00000111050.1	0
ENSMUSG00000111051.1	0
ENSMUSG00000111052.1	0
ENSMUSG00000111053.1	0.480126
ENSMUSG00000111054.1	0.071911
ENSMUSG00000111055.1	0.074199
ENSMUSG00000111056.1	0
ENSMUSG00000111057.1	0
ENSMUSG00000111058.1	0.049301
ENSMUSG00000111059.1	0
ENSMUSG00000111060.1	0
ENSMUSG00000111061.1	0
ENSMUSG00000111062.1	0
ENSMUSG00000111063.1	0.199654
ENSMUSG00000111064.1	0
ENSMUSG00000111065.1	0
ENSMUSG00000111066.1	0.133255
ENSMUSG00000111067.1	0
ENSMUSG00000111068.1	0.046213
ENSMUSG00000111069.1	0
ENSMUSG00000111070.1	0
ENSMUSG00000111071.1	0
ENSMUSG00000111072.1	0
ENSMUSG00000111073.1	0
ENSMUSG00000111074.1	0
ENSMUSG00000111075.1	0
ENSMUSG00000111077.1	0
ENSMUSG00000111078.1	0
ENSMUSG00000111079.1	0.062114
ENSMUSG00000111080.1	10.17476
ENSMUSG00000111081.1	0
ENSMUSG00000111082.1	0.087794
ENSMUSG00000111083.1	0
ENSMUSG00000111084.1	0
ENSMUSG00000111085.1	0
ENSMUSG00000111086.1	0
ENSMUSG00000111087.1	0
ENSMUSG00000111088.1	0.699064
ENSMUSG00000111089.1	0
ENSMUSG00000111090.1	0.04637
ENSMUSG00000111091.1	0
ENSMUSG00000111092.1	0
ENSMUSG00000111093.1	0
ENSMUSG00000111094.1	0.560252
ENSMUSG00000111095.1	0
ENSMUSG00000111096.1	0
ENSMUSG00000111097.1	0
ENSMUSG00000111098.1	0
ENSMUSG00000111100.1	0
ENSMUSG00000111102.1	0
ENSMUSG00000111103.1	0
ENSMUSG00000111104.1	0
ENSMUSG00000111105.1	0
ENSMUSG00000111106.1	0
ENSMUSG00000111107.1	0
ENSMUSG00000111108.1	0
ENSMUSG00000111109.1	0
ENSMUSG00000111110.1	0.478147
ENSMUSG00000111111.1	0
ENSMUSG00000111112.1	0
ENSMUSG00000111114.1	0
ENSMUSG00000111115.1	0
ENSMUSG00000111116.1	0
ENSMUSG00000111117.1	0.044359
ENSMUSG00000111118.1	0
ENSMUSG00000111119.1	0
ENSMUSG00000111120.1	0
ENSMUSG00000111121.1	0
ENSMUSG00000111122.1	0
ENSMUSG00000111124.1	0
ENSMUSG00000111126.1	0
ENSMUSG00000111127.1	0
ENSMUSG00000111128.1	1.472941
ENSMUSG00000111129.1	0
ENSMUSG00000111131.1	0
ENSMUSG00000111132.1	0
ENSMUSG00000111133.1	0.08143
ENSMUSG00000111135.1	0
ENSMUSG00000111137.1	0
ENSMUSG00000111139.1	0
ENSMUSG00000111141.1	0
ENSMUSG00000111142.1	0
ENSMUSG00000111143.1	0
ENSMUSG00000111144.1	0
ENSMUSG00000111146.1	0
ENSMUSG00000111147.1	0.008513
ENSMUSG00000111148.1	0
ENSMUSG00000111149.1	0
ENSMUSG00000111151.1	0
ENSMUSG00000111152.1	0
ENSMUSG00000111153.1	0
ENSMUSG00000111154.1	0
ENSMUSG00000111155.1	0
ENSMUSG00000111156.1	0
ENSMUSG00000111157.1	0
ENSMUSG00000111159.1	0
ENSMUSG00000111160.1	0
ENSMUSG00000111161.1	0
ENSMUSG00000111162.1	0.033747
ENSMUSG00000111163.1	0.027326
ENSMUSG00000111164.1	0
ENSMUSG00000111165.1	0
ENSMUSG00000111166.1	0
ENSMUSG00000111167.1	0.029521
ENSMUSG00000111168.1	0
ENSMUSG00000111169.1	0.021065
ENSMUSG00000111171.1	0.021158
ENSMUSG00000111172.1	0.304938
ENSMUSG00000111173.1	0
ENSMUSG00000111174.1	0
ENSMUSG00000111175.1	0
ENSMUSG00000111176.1	0
ENSMUSG00000111177.1	0
ENSMUSG00000111179.1	0
ENSMUSG00000111180.1	0
ENSMUSG00000111181.1	0
ENSMUSG00000111182.1	0
ENSMUSG00000111183.1	0
ENSMUSG00000111184.1	0
ENSMUSG00000111186.1	0
ENSMUSG00000111188.1	0
ENSMUSG00000111189.1	0
ENSMUSG00000111190.2	0
ENSMUSG00000111191.1	0
ENSMUSG00000111192.1	0
ENSMUSG00000111193.1	0
ENSMUSG00000111194.1	0
ENSMUSG00000111195.1	0
ENSMUSG00000111196.1	0
ENSMUSG00000111197.1	0.112363
ENSMUSG00000111198.1	0
ENSMUSG00000111199.1	0
ENSMUSG00000111200.1	0
ENSMUSG00000111201.1	0
ENSMUSG00000111202.1	0
ENSMUSG00000111203.1	0
ENSMUSG00000111204.1	0
ENSMUSG00000111205.1	0
ENSMUSG00000111207.1	0
ENSMUSG00000111208.1	0
ENSMUSG00000111209.1	0
ENSMUSG00000111210.1	0
ENSMUSG00000111211.1	0
ENSMUSG00000111212.1	0
ENSMUSG00000111213.1	0
ENSMUSG00000111215.1	0
ENSMUSG00000111216.1	0
ENSMUSG00000111217.1	0
ENSMUSG00000111218.1	0
ENSMUSG00000111219.1	0.352857
ENSMUSG00000111221.1	0
ENSMUSG00000111222.1	0
ENSMUSG00000111223.1	0
ENSMUSG00000111224.1	0
ENSMUSG00000111225.1	0
ENSMUSG00000111227.1	0
ENSMUSG00000111228.1	2.64705
ENSMUSG00000111229.1	0.050663
ENSMUSG00000111231.1	0
ENSMUSG00000111232.1	0
ENSMUSG00000111233.1	0
ENSMUSG00000111234.1	0
ENSMUSG00000111235.1	0
ENSMUSG00000111236.1	0.082565
ENSMUSG00000111238.1	0
ENSMUSG00000111239.1	0
ENSMUSG00000111240.1	0
ENSMUSG00000111241.1	0
ENSMUSG00000111242.1	0
ENSMUSG00000111243.1	0
ENSMUSG00000111244.1	0
ENSMUSG00000111245.1	0
ENSMUSG00000111246.1	0.320763
ENSMUSG00000111248.1	0
ENSMUSG00000111249.1	0
ENSMUSG00000111250.1	0.032793
ENSMUSG00000111251.1	0
ENSMUSG00000111252.1	0
ENSMUSG00000111253.1	0.15616
ENSMUSG00000111254.1	0
ENSMUSG00000111256.1	0
ENSMUSG00000111257.1	0
ENSMUSG00000111258.1	0
ENSMUSG00000111259.2	0
ENSMUSG00000111260.1	0
ENSMUSG00000111262.1	0
ENSMUSG00000111263.1	0
ENSMUSG00000111264.1	0.075749
ENSMUSG00000111265.1	0
ENSMUSG00000111266.1	0.011324
ENSMUSG00000111267.1	0
ENSMUSG00000111268.1	0
ENSMUSG00000111269.1	0
ENSMUSG00000111270.1	0
ENSMUSG00000111271.1	0
ENSMUSG00000111272.1	0
ENSMUSG00000111273.1	0
ENSMUSG00000111274.1	0
ENSMUSG00000111275.1	0
ENSMUSG00000111276.1	0
ENSMUSG00000111278.1	0
ENSMUSG00000111280.1	0
ENSMUSG00000111281.1	0
ENSMUSG00000111282.1	0
ENSMUSG00000111283.1	0
ENSMUSG00000111284.1	0
ENSMUSG00000111285.1	0
ENSMUSG00000111286.1	0
ENSMUSG00000111290.1	0
ENSMUSG00000111291.1	0.62452
ENSMUSG00000111292.1	0
ENSMUSG00000111293.1	1.558997
ENSMUSG00000111294.1	0
ENSMUSG00000111295.1	0
ENSMUSG00000111296.1	0
ENSMUSG00000111297.1	0
ENSMUSG00000111298.1	0
ENSMUSG00000111299.1	0
ENSMUSG00000111300.1	0
ENSMUSG00000111301.1	0
ENSMUSG00000111302.1	0
ENSMUSG00000111303.1	0
ENSMUSG00000111304.1	0
ENSMUSG00000111305.1	0
ENSMUSG00000111306.2	0
ENSMUSG00000111308.1	0.008943
ENSMUSG00000111309.1	0
ENSMUSG00000111310.1	0
ENSMUSG00000111312.1	0.039776
ENSMUSG00000111313.1	0
ENSMUSG00000111315.1	0
ENSMUSG00000111316.1	0
ENSMUSG00000111317.1	0
ENSMUSG00000111318.1	0
ENSMUSG00000111320.1	0
ENSMUSG00000111322.1	0
ENSMUSG00000111323.1	0
ENSMUSG00000111324.1	0
ENSMUSG00000111325.1	0.04581
ENSMUSG00000111326.1	0
ENSMUSG00000111327.1	0
ENSMUSG00000111329.1	0.618574
ENSMUSG00000111330.1	0
ENSMUSG00000111333.1	0
ENSMUSG00000111334.1	0.415395
ENSMUSG00000111335.1	0
ENSMUSG00000111336.1	0
ENSMUSG00000111337.1	0
ENSMUSG00000111338.1	0
ENSMUSG00000111339.1	0
ENSMUSG00000111340.1	0
ENSMUSG00000111341.1	0
ENSMUSG00000111342.1	0
ENSMUSG00000111343.1	0.421908
ENSMUSG00000111344.1	0
ENSMUSG00000111345.1	0.049043
ENSMUSG00000111346.1	0
ENSMUSG00000111348.1	1.423988
ENSMUSG00000111349.1	0
ENSMUSG00000111350.1	0
ENSMUSG00000111351.1	0
ENSMUSG00000111352.1	0
ENSMUSG00000111353.1	0
ENSMUSG00000111354.1	0
ENSMUSG00000111355.1	0
ENSMUSG00000111356.1	0.124183
ENSMUSG00000111357.1	0.542564
ENSMUSG00000111358.1	0
ENSMUSG00000111359.1	0
ENSMUSG00000111360.1	0.367693
ENSMUSG00000111361.1	0
ENSMUSG00000111362.1	0
ENSMUSG00000111363.1	0
ENSMUSG00000111364.1	0
ENSMUSG00000111365.1	0
ENSMUSG00000111366.1	0
ENSMUSG00000111368.1	0
ENSMUSG00000111369.1	0
ENSMUSG00000111371.1	0
ENSMUSG00000111373.1	0
ENSMUSG00000111374.1	1.126226
ENSMUSG00000111375.4	13.497379
ENSMUSG00000111376.1	0
ENSMUSG00000111377.1	0.030718
ENSMUSG00000111378.1	0
ENSMUSG00000111379.1	0
ENSMUSG00000111380.1	0
ENSMUSG00000111381.1	0
ENSMUSG00000111382.1	0
ENSMUSG00000111383.1	0
ENSMUSG00000111384.1	0
ENSMUSG00000111386.1	0
ENSMUSG00000111387.1	0
ENSMUSG00000111388.1	0
ENSMUSG00000111389.1	0
ENSMUSG00000111390.1	0.008333
ENSMUSG00000111394.1	0.335586
ENSMUSG00000111395.1	0.03068
ENSMUSG00000111396.1	0
ENSMUSG00000111397.1	0
ENSMUSG00000111398.1	0
ENSMUSG00000111399.1	0.454333
ENSMUSG00000111400.1	0
ENSMUSG00000111403.1	0
ENSMUSG00000111404.1	0
ENSMUSG00000111405.1	0
ENSMUSG00000111406.1	0
ENSMUSG00000111409.1	0.192579
ENSMUSG00000111410.1	0
ENSMUSG00000111411.1	0
ENSMUSG00000111412.1	0
ENSMUSG00000111413.1	0
ENSMUSG00000111414.1	0
ENSMUSG00000111415.1	0
ENSMUSG00000111416.1	0
ENSMUSG00000111417.1	0
ENSMUSG00000111418.1	0
ENSMUSG00000111419.1	0
ENSMUSG00000111420.1	0
ENSMUSG00000111421.1	0
ENSMUSG00000111422.1	0
ENSMUSG00000111423.1	0
ENSMUSG00000111424.1	0
ENSMUSG00000111425.1	0
ENSMUSG00000111426.1	0
ENSMUSG00000111427.1	0
ENSMUSG00000111428.1	0
ENSMUSG00000111429.1	0.029614
ENSMUSG00000111430.1	0
ENSMUSG00000111431.1	0
ENSMUSG00000111432.1	0
ENSMUSG00000111433.1	0
ENSMUSG00000111434.1	0
ENSMUSG00000111435.1	0.019053
ENSMUSG00000111436.1	0
ENSMUSG00000111437.1	0
ENSMUSG00000111438.1	0
ENSMUSG00000111439.1	0
ENSMUSG00000111440.1	0
ENSMUSG00000111441.1	0
ENSMUSG00000111442.1	0
ENSMUSG00000111443.1	0
ENSMUSG00000111444.1	0
ENSMUSG00000111445.1	0
ENSMUSG00000111446.1	0
ENSMUSG00000111447.1	0.279744
ENSMUSG00000111448.2	0
ENSMUSG00000111449.1	0
ENSMUSG00000111450.1	0
ENSMUSG00000111451.1	0
ENSMUSG00000111453.1	0
ENSMUSG00000111454.2	0
ENSMUSG00000111455.1	0
ENSMUSG00000111456.1	0
ENSMUSG00000111457.1	0
ENSMUSG00000111458.1	0
ENSMUSG00000111459.1	0
ENSMUSG00000111460.1	0
ENSMUSG00000111462.2	0.309043
ENSMUSG00000111463.1	0
ENSMUSG00000111464.1	0
ENSMUSG00000111465.1	0.051052
ENSMUSG00000111466.1	0
ENSMUSG00000111467.1	0
ENSMUSG00000111468.1	0
ENSMUSG00000111470.1	0.011698
ENSMUSG00000111471.1	0
ENSMUSG00000111472.1	0
ENSMUSG00000111473.1	0
ENSMUSG00000111474.1	0.280396
ENSMUSG00000111477.1	0
ENSMUSG00000111478.1	0
ENSMUSG00000111479.1	0
ENSMUSG00000111480.1	0
ENSMUSG00000111481.1	0
ENSMUSG00000111482.1	0.071546
ENSMUSG00000111483.1	0
ENSMUSG00000111484.1	0
ENSMUSG00000111485.1	0
ENSMUSG00000111486.1	0
ENSMUSG00000111487.1	0
ENSMUSG00000111488.1	0
ENSMUSG00000111489.1	0
ENSMUSG00000111490.1	0
ENSMUSG00000111491.1	0
ENSMUSG00000111492.1	0
ENSMUSG00000111493.1	0
ENSMUSG00000111494.1	0
ENSMUSG00000111495.1	0
ENSMUSG00000111496.1	0.015242
ENSMUSG00000111497.1	1.258397
ENSMUSG00000111498.1	0
ENSMUSG00000111499.1	0
ENSMUSG00000111500.1	0
ENSMUSG00000111503.1	0
ENSMUSG00000111504.1	0.13516
ENSMUSG00000111505.1	0
ENSMUSG00000111506.1	0
ENSMUSG00000111507.1	0
ENSMUSG00000111508.1	0
ENSMUSG00000111509.1	0
ENSMUSG00000111510.2	0
ENSMUSG00000111511.1	0
ENSMUSG00000111512.1	0
ENSMUSG00000111514.1	0
ENSMUSG00000111515.1	0.069256
ENSMUSG00000111517.1	0
ENSMUSG00000111518.1	0
ENSMUSG00000111520.1	0.130129
ENSMUSG00000111521.1	0.234551
ENSMUSG00000111523.1	0
ENSMUSG00000111524.1	0
ENSMUSG00000111525.1	0
ENSMUSG00000111526.1	0
ENSMUSG00000111528.1	0
ENSMUSG00000111529.1	0
ENSMUSG00000111530.1	0.18889
ENSMUSG00000111531.1	0.274317
ENSMUSG00000111532.1	0
ENSMUSG00000111533.1	0.050095
ENSMUSG00000111534.1	0
ENSMUSG00000111535.1	0
ENSMUSG00000111537.1	0
ENSMUSG00000111539.1	0
ENSMUSG00000111540.1	0
ENSMUSG00000111541.1	0
ENSMUSG00000111542.1	0
ENSMUSG00000111543.1	0
ENSMUSG00000111544.1	0
ENSMUSG00000111545.1	0
ENSMUSG00000111546.1	0
ENSMUSG00000111547.1	0.321501
ENSMUSG00000111548.1	0
ENSMUSG00000111549.1	0
ENSMUSG00000111550.1	0
ENSMUSG00000111551.1	0
ENSMUSG00000111552.1	0
ENSMUSG00000111553.1	0
ENSMUSG00000111554.1	0
ENSMUSG00000111555.1	0
ENSMUSG00000111556.1	0
ENSMUSG00000111557.1	0
ENSMUSG00000111558.1	0
ENSMUSG00000111560.1	0
ENSMUSG00000111561.1	0
ENSMUSG00000111562.1	0
ENSMUSG00000111563.1	0
ENSMUSG00000111564.1	0
ENSMUSG00000111565.1	0
ENSMUSG00000111566.1	0
ENSMUSG00000111567.1	0
ENSMUSG00000111568.1	0
ENSMUSG00000111569.1	0
ENSMUSG00000111570.1	0
ENSMUSG00000111572.1	0
ENSMUSG00000111573.1	0
ENSMUSG00000111574.1	0
ENSMUSG00000111575.1	0
ENSMUSG00000111576.1	0
ENSMUSG00000111577.1	0
ENSMUSG00000111578.1	0
ENSMUSG00000111580.1	0
ENSMUSG00000111581.1	0
ENSMUSG00000111582.1	0
ENSMUSG00000111583.1	0.468909
ENSMUSG00000111585.1	0
ENSMUSG00000111587.1	0
ENSMUSG00000111589.1	0
ENSMUSG00000111590.2	0
ENSMUSG00000111591.1	0
ENSMUSG00000111593.1	0
ENSMUSG00000111594.1	0.236978
ENSMUSG00000111596.1	0
ENSMUSG00000111597.1	0
ENSMUSG00000111598.1	0.063301
ENSMUSG00000111600.1	0
ENSMUSG00000111601.1	0
ENSMUSG00000111602.1	0.021061
ENSMUSG00000111604.1	0
ENSMUSG00000111605.1	0.022025
ENSMUSG00000111606.1	0
ENSMUSG00000111608.1	0
ENSMUSG00000111609.1	0
ENSMUSG00000111610.1	0
ENSMUSG00000111611.1	0
ENSMUSG00000111612.1	0
ENSMUSG00000111613.1	0
ENSMUSG00000111615.1	0
ENSMUSG00000111616.1	0
ENSMUSG00000111617.1	0
ENSMUSG00000111618.1	0
ENSMUSG00000111619.1	0
ENSMUSG00000111620.1	0
ENSMUSG00000111621.1	0
ENSMUSG00000111622.1	0
ENSMUSG00000111623.1	0
ENSMUSG00000111625.1	0
ENSMUSG00000111626.1	0
ENSMUSG00000111627.1	0
ENSMUSG00000111629.1	0
ENSMUSG00000111630.1	0
ENSMUSG00000111631.1	0
ENSMUSG00000111632.1	0
ENSMUSG00000111633.1	0
ENSMUSG00000111635.1	0
ENSMUSG00000111637.1	0
ENSMUSG00000111638.1	0
ENSMUSG00000111639.1	0
ENSMUSG00000111641.1	0
ENSMUSG00000111643.1	0
ENSMUSG00000111645.1	0
ENSMUSG00000111646.1	0
ENSMUSG00000111648.1	0
ENSMUSG00000111649.1	0
ENSMUSG00000111651.1	0
ENSMUSG00000111652.1	0
ENSMUSG00000111654.1	0
ENSMUSG00000111655.1	0
ENSMUSG00000111656.1	0.081298
ENSMUSG00000111657.1	0.008505
ENSMUSG00000111658.1	0
ENSMUSG00000111660.1	0
ENSMUSG00000111661.1	0
ENSMUSG00000111662.1	0.373524
ENSMUSG00000111663.1	0
ENSMUSG00000111664.1	0.011539
ENSMUSG00000111665.1	0
ENSMUSG00000111666.1	0
ENSMUSG00000111667.1	0
ENSMUSG00000111668.1	0
ENSMUSG00000111669.1	0.054581
ENSMUSG00000111670.1	0
ENSMUSG00000111671.1	0
ENSMUSG00000111672.1	0
ENSMUSG00000111673.1	0.038845
ENSMUSG00000111674.1	0
ENSMUSG00000111678.2	0
ENSMUSG00000111679.1	0
ENSMUSG00000111680.1	0
ENSMUSG00000111681.1	0
ENSMUSG00000111682.1	0
ENSMUSG00000111683.1	0
ENSMUSG00000111684.1	0.031176
ENSMUSG00000111685.1	0.009126
ENSMUSG00000111686.1	0.601898
ENSMUSG00000111687.1	0
ENSMUSG00000111689.1	0
ENSMUSG00000111690.1	0
ENSMUSG00000111691.1	0
ENSMUSG00000111692.1	0.355676
ENSMUSG00000111693.1	0
ENSMUSG00000111694.1	0
ENSMUSG00000111695.1	0
ENSMUSG00000111696.1	0
ENSMUSG00000111697.1	0
ENSMUSG00000111698.1	0
ENSMUSG00000111699.1	0
ENSMUSG00000111700.1	0
ENSMUSG00000111702.1	0
ENSMUSG00000111703.1	0
ENSMUSG00000111704.1	0
ENSMUSG00000111707.1	0
ENSMUSG00000111708.1	0
ENSMUSG00000111709.1	0
ENSMUSG00000111710.1	0
ENSMUSG00000111711.1	0
ENSMUSG00000111712.1	0.102571
ENSMUSG00000111713.1	0
ENSMUSG00000111715.1	0
ENSMUSG00000111716.1	0
ENSMUSG00000111717.1	0
ENSMUSG00000111719.1	0
ENSMUSG00000111720.1	0
ENSMUSG00000111722.1	0.228055
ENSMUSG00000111725.1	0
ENSMUSG00000111726.1	0
ENSMUSG00000111728.1	0
ENSMUSG00000111729.1	0
ENSMUSG00000111730.1	0
ENSMUSG00000111731.1	0
ENSMUSG00000111732.1	0
ENSMUSG00000111733.1	0
ENSMUSG00000111734.1	0.015574
ENSMUSG00000111736.1	0
ENSMUSG00000111737.1	0
ENSMUSG00000111738.1	0
ENSMUSG00000111739.1	0
ENSMUSG00000111740.1	0
ENSMUSG00000111741.1	0
ENSMUSG00000111743.1	0
ENSMUSG00000111744.1	0
ENSMUSG00000111746.1	0
ENSMUSG00000111747.2	0
ENSMUSG00000111748.1	0
ENSMUSG00000111749.1	0
ENSMUSG00000111750.1	0
ENSMUSG00000111751.1	0
ENSMUSG00000111752.1	0.149873
ENSMUSG00000111753.1	0
ENSMUSG00000111754.1	0
ENSMUSG00000111755.1	0
ENSMUSG00000111756.1	0
ENSMUSG00000111757.1	0
ENSMUSG00000111758.1	0.033195
ENSMUSG00000111759.1	0.154337
ENSMUSG00000111760.1	0
ENSMUSG00000111761.1	0.155932
ENSMUSG00000111762.1	0
ENSMUSG00000111763.1	0
ENSMUSG00000111764.1	0
ENSMUSG00000111765.1	0.031622
ENSMUSG00000111766.1	0
ENSMUSG00000111767.1	0.016667
ENSMUSG00000111769.1	0
ENSMUSG00000111770.1	0
ENSMUSG00000111771.1	0
ENSMUSG00000111772.2	0
ENSMUSG00000111774.1	0
ENSMUSG00000111776.1	0
ENSMUSG00000111777.1	0
ENSMUSG00000111778.1	0
ENSMUSG00000111780.1	0
ENSMUSG00000111781.1	0
ENSMUSG00000111782.1	0
ENSMUSG00000111783.1	0
ENSMUSG00000111785.1	0.014064
ENSMUSG00000111786.1	0
ENSMUSG00000111787.1	0
ENSMUSG00000111788.1	0
ENSMUSG00000111789.1	0
ENSMUSG00000111792.1	0
ENSMUSG00000111793.1	0.0629
ENSMUSG00000111794.1	0
ENSMUSG00000111795.1	0
ENSMUSG00000111796.1	0
ENSMUSG00000111797.1	0
ENSMUSG00000111799.1	0
ENSMUSG00000111800.1	0
ENSMUSG00000111801.1	0
ENSMUSG00000111802.1	0
ENSMUSG00000111803.1	0
ENSMUSG00000111805.1	0
ENSMUSG00000111806.1	0
ENSMUSG00000111807.1	0
ENSMUSG00000111808.1	0
ENSMUSG00000111809.1	0
ENSMUSG00000111810.1	0
ENSMUSG00000111811.1	0
ENSMUSG00000111812.1	0
ENSMUSG00000111814.1	0
ENSMUSG00000111815.1	0
ENSMUSG00000111816.1	0
ENSMUSG00000111817.1	0
ENSMUSG00000111818.1	0
ENSMUSG00000111819.1	0
ENSMUSG00000111820.1	0.017993
ENSMUSG00000111821.1	0
ENSMUSG00000111822.1	0
ENSMUSG00000111823.1	0
ENSMUSG00000111824.1	0
ENSMUSG00000111825.1	0
ENSMUSG00000111827.1	0
ENSMUSG00000111828.1	0.907741
ENSMUSG00000111829.1	0
ENSMUSG00000111830.1	0
ENSMUSG00000111831.1	0
ENSMUSG00000111833.1	0
ENSMUSG00000111834.1	0
ENSMUSG00000111836.1	0
ENSMUSG00000111837.1	0.361646
ENSMUSG00000111839.1	0
ENSMUSG00000111840.1	0
ENSMUSG00000111841.1	0.007742
ENSMUSG00000111842.1	0
ENSMUSG00000111843.1	0
ENSMUSG00000111844.1	0
ENSMUSG00000111845.1	0
ENSMUSG00000111846.1	0
ENSMUSG00000111847.1	0
ENSMUSG00000111849.1	0
ENSMUSG00000111850.1	0
ENSMUSG00000111852.1	0
ENSMUSG00000111853.1	0.416473
ENSMUSG00000111854.1	0
ENSMUSG00000111856.1	0.064796
ENSMUSG00000111857.1	0
ENSMUSG00000111858.1	0.017901
ENSMUSG00000111859.1	0
ENSMUSG00000111862.1	0
ENSMUSG00000111863.2	0
ENSMUSG00000111864.1	0
ENSMUSG00000111865.1	0
ENSMUSG00000111866.1	0
ENSMUSG00000111867.1	0
ENSMUSG00000111868.1	0.065028
ENSMUSG00000111869.1	0
ENSMUSG00000111870.1	0
ENSMUSG00000111871.1	0
ENSMUSG00000111873.1	0.050184
ENSMUSG00000111874.1	0
ENSMUSG00000111875.1	0.197501
ENSMUSG00000111876.1	0
ENSMUSG00000111877.1	0.287045
ENSMUSG00000111878.1	0
ENSMUSG00000111880.1	0
ENSMUSG00000111881.1	0
ENSMUSG00000111882.2	0
ENSMUSG00000111883.1	0.025308
ENSMUSG00000111884.1	0
ENSMUSG00000111885.1	0.064839
ENSMUSG00000111886.1	0
ENSMUSG00000111887.1	0
ENSMUSG00000111888.1	0.03391
ENSMUSG00000111889.1	0
ENSMUSG00000111890.1	0
ENSMUSG00000111891.1	0
ENSMUSG00000111892.1	0
ENSMUSG00000111893.1	0
ENSMUSG00000111894.1	0
ENSMUSG00000111895.1	0.257953
ENSMUSG00000111896.1	0
ENSMUSG00000111897.1	0.289468
ENSMUSG00000111898.1	0
ENSMUSG00000111899.1	0
ENSMUSG00000111900.1	0
ENSMUSG00000111901.1	0
ENSMUSG00000111902.1	0
ENSMUSG00000111903.1	0.02577
ENSMUSG00000111904.1	3.929816
ENSMUSG00000111905.1	0.775119
ENSMUSG00000111906.1	0
ENSMUSG00000111907.1	0
ENSMUSG00000111908.1	0
ENSMUSG00000111909.1	0
ENSMUSG00000111910.1	0
ENSMUSG00000111911.1	0
ENSMUSG00000111912.1	0
ENSMUSG00000111913.1	0
ENSMUSG00000111914.1	0
ENSMUSG00000111915.1	0
ENSMUSG00000111916.1	0
ENSMUSG00000111917.1	0
ENSMUSG00000111918.1	0
ENSMUSG00000111919.1	0
ENSMUSG00000111920.1	0
ENSMUSG00000111921.1	0
ENSMUSG00000111922.1	0
ENSMUSG00000111923.1	0
ENSMUSG00000111924.1	0
ENSMUSG00000111925.1	0
ENSMUSG00000111926.1	0
ENSMUSG00000111927.1	0
ENSMUSG00000111928.1	0
ENSMUSG00000111929.1	0.239105
ENSMUSG00000111930.1	0
ENSMUSG00000111931.1	0
ENSMUSG00000111932.1	0
ENSMUSG00000111933.1	0
ENSMUSG00000111934.1	0
ENSMUSG00000111935.1	0
ENSMUSG00000111936.1	0
ENSMUSG00000111937.1	0
ENSMUSG00000111938.1	1.205913
ENSMUSG00000111939.1	0
ENSMUSG00000111940.1	0.090019
ENSMUSG00000111941.1	0
ENSMUSG00000111942.1	0.343302
ENSMUSG00000111943.1	0
ENSMUSG00000111944.1	0
ENSMUSG00000111945.1	0
ENSMUSG00000111946.1	0
ENSMUSG00000111947.1	0.038908
ENSMUSG00000111948.1	0
ENSMUSG00000111949.1	0
ENSMUSG00000111950.1	0.049651
ENSMUSG00000111951.1	0
ENSMUSG00000111952.1	0
ENSMUSG00000111953.1	0
ENSMUSG00000111954.1	0
ENSMUSG00000111955.1	0
ENSMUSG00000111956.1	0
ENSMUSG00000111957.1	0
ENSMUSG00000111958.1	0
ENSMUSG00000111959.1	0
ENSMUSG00000111960.1	0
ENSMUSG00000111961.1	0
ENSMUSG00000111962.1	0
ENSMUSG00000111963.1	0
ENSMUSG00000111964.1	0
ENSMUSG00000111965.1	0
ENSMUSG00000111966.1	0
ENSMUSG00000111967.1	0
ENSMUSG00000111968.1	0
ENSMUSG00000111969.1	0
ENSMUSG00000111970.1	0.111773
ENSMUSG00000111971.1	0.059039
ENSMUSG00000111972.1	0
ENSMUSG00000111973.1	0
ENSMUSG00000111974.1	0
ENSMUSG00000111975.1	0
ENSMUSG00000111976.1	0
ENSMUSG00000111977.1	27.73176
ENSMUSG00000111978.1	0
ENSMUSG00000111979.1	0
ENSMUSG00000111980.1	0
ENSMUSG00000111981.1	0
ENSMUSG00000111982.1	0
ENSMUSG00000111983.1	0
ENSMUSG00000111984.1	0
ENSMUSG00000111985.1	0
ENSMUSG00000111986.1	0
ENSMUSG00000111987.1	0
ENSMUSG00000111988.1	0
ENSMUSG00000111989.1	0
ENSMUSG00000111990.1	0.415574
ENSMUSG00000111991.1	0
ENSMUSG00000111992.1	0
ENSMUSG00000111993.1	0
ENSMUSG00000111994.1	0.271586
ENSMUSG00000111995.1	0
ENSMUSG00000111996.1	0
ENSMUSG00000111997.1	0.624801
ENSMUSG00000111998.1	0
ENSMUSG00000111999.1	0
ENSMUSG00000112000.1	0.066583
ENSMUSG00000112001.1	0
ENSMUSG00000112002.1	0
ENSMUSG00000112003.1	1.132367
ENSMUSG00000112004.1	0
ENSMUSG00000112005.1	0
ENSMUSG00000112006.1	0.120204
ENSMUSG00000112007.1	0.064763
ENSMUSG00000112008.1	0.024529
ENSMUSG00000112009.1	0
ENSMUSG00000112010.1	0
ENSMUSG00000112011.1	0
ENSMUSG00000112012.1	0
ENSMUSG00000112013.1	0
ENSMUSG00000112014.1	0
ENSMUSG00000112015.1	0
ENSMUSG00000112016.1	0
ENSMUSG00000112017.1	0
ENSMUSG00000112018.1	0
ENSMUSG00000112019.1	0
ENSMUSG00000112020.1	0
ENSMUSG00000112021.1	0
ENSMUSG00000112022.2	9.536148
ENSMUSG00000112023.1	0
ENSMUSG00000112024.1	0
ENSMUSG00000112025.1	0
ENSMUSG00000112026.1	0
ENSMUSG00000112027.1	0
ENSMUSG00000112028.1	0
ENSMUSG00000112029.1	0
ENSMUSG00000112030.1	0.09152
ENSMUSG00000112031.1	0
ENSMUSG00000112032.1	0
ENSMUSG00000112033.1	0
ENSMUSG00000112034.1	0
ENSMUSG00000112035.1	0.241342
ENSMUSG00000112036.1	0
ENSMUSG00000112037.1	0
ENSMUSG00000112038.1	0
ENSMUSG00000112039.1	0
ENSMUSG00000112040.1	0
ENSMUSG00000112041.1	0.039615
ENSMUSG00000112042.1	0
ENSMUSG00000112043.1	0
ENSMUSG00000112044.1	0
ENSMUSG00000112045.1	0
ENSMUSG00000112046.1	0
ENSMUSG00000112047.1	0
ENSMUSG00000112048.1	0
ENSMUSG00000112049.1	0
ENSMUSG00000112050.1	0
ENSMUSG00000112051.1	0
ENSMUSG00000112052.1	0
ENSMUSG00000112053.1	0
ENSMUSG00000112054.1	0.279079
ENSMUSG00000112055.1	0
ENSMUSG00000112056.1	0
ENSMUSG00000112057.1	0
ENSMUSG00000112058.1	0.307714
ENSMUSG00000112059.1	0
ENSMUSG00000112060.1	0
ENSMUSG00000112061.1	0
ENSMUSG00000112062.1	0
ENSMUSG00000112063.1	0
ENSMUSG00000112064.1	0
ENSMUSG00000112065.1	0
ENSMUSG00000112066.1	0
ENSMUSG00000112067.1	0
ENSMUSG00000112068.1	0
ENSMUSG00000112069.1	0
ENSMUSG00000112070.1	0
ENSMUSG00000112071.1	0
ENSMUSG00000112072.1	0
ENSMUSG00000112073.1	0.242161
ENSMUSG00000112074.1	0
ENSMUSG00000112075.1	0.012009
ENSMUSG00000112076.1	0
ENSMUSG00000112077.1	0
ENSMUSG00000112078.1	0
ENSMUSG00000112079.1	0
ENSMUSG00000112080.1	0
ENSMUSG00000112081.1	0
ENSMUSG00000112082.1	0
ENSMUSG00000112083.1	0
ENSMUSG00000112084.1	0
ENSMUSG00000112085.1	0
ENSMUSG00000112086.1	0
ENSMUSG00000112087.1	0
ENSMUSG00000112088.1	0
ENSMUSG00000112089.1	0
ENSMUSG00000112090.1	0
ENSMUSG00000112091.1	0
ENSMUSG00000112092.1	0
ENSMUSG00000112093.1	0
ENSMUSG00000112094.1	0
ENSMUSG00000112095.1	0.035463
ENSMUSG00000112096.1	2.841897
ENSMUSG00000112097.1	0
ENSMUSG00000112098.1	0
ENSMUSG00000112099.1	0
ENSMUSG00000112100.1	0
ENSMUSG00000112101.1	0
ENSMUSG00000112102.1	0
ENSMUSG00000112103.1	0
ENSMUSG00000112104.1	0.05804
ENSMUSG00000112105.1	0
ENSMUSG00000112106.1	0
ENSMUSG00000112107.1	0
ENSMUSG00000112108.1	0
ENSMUSG00000112109.1	0.07808
ENSMUSG00000112110.1	1.663966
ENSMUSG00000112111.1	0
ENSMUSG00000112112.1	0.02287
ENSMUSG00000112113.1	0
ENSMUSG00000112114.1	0
ENSMUSG00000112115.1	0
ENSMUSG00000112116.1	0
ENSMUSG00000112117.1	5.26606
ENSMUSG00000112118.1	0
ENSMUSG00000112119.1	0
ENSMUSG00000112120.1	0.095607
ENSMUSG00000112121.1	0.078101
ENSMUSG00000112122.1	0
ENSMUSG00000112123.1	0
ENSMUSG00000112124.1	0.09034
ENSMUSG00000112125.1	0
ENSMUSG00000112126.1	0.029894
ENSMUSG00000112127.1	0
ENSMUSG00000112128.1	0
ENSMUSG00000112129.1	0.213862
ENSMUSG00000112130.1	0
ENSMUSG00000112131.1	0
ENSMUSG00000112132.1	0
ENSMUSG00000112133.1	0
ENSMUSG00000112134.1	0
ENSMUSG00000112135.1	0
ENSMUSG00000112136.1	0
ENSMUSG00000112137.1	0
ENSMUSG00000112138.1	0
ENSMUSG00000112139.1	0
ENSMUSG00000112140.1	0
ENSMUSG00000112141.1	0
ENSMUSG00000112142.1	0
ENSMUSG00000112143.1	0.259259
ENSMUSG00000112144.1	0
ENSMUSG00000112145.1	0.250535
ENSMUSG00000112146.1	0
ENSMUSG00000112147.1	0
ENSMUSG00000112148.1	0.145136
ENSMUSG00000112149.1	0
ENSMUSG00000112150.1	0.31232
ENSMUSG00000112151.1	0
ENSMUSG00000112152.1	0
ENSMUSG00000112153.1	0.010983
ENSMUSG00000112154.1	0
ENSMUSG00000112155.1	0
ENSMUSG00000112156.1	0
ENSMUSG00000112157.1	0.047789
ENSMUSG00000112158.1	0
ENSMUSG00000112159.1	0
ENSMUSG00000112160.1	0.337929
ENSMUSG00000112161.1	0.276295
ENSMUSG00000112162.1	0
ENSMUSG00000112163.1	0.018784
ENSMUSG00000112164.1	0.026754
ENSMUSG00000112165.1	0
ENSMUSG00000112166.1	0
ENSMUSG00000112167.1	0
ENSMUSG00000112168.1	0.174525
ENSMUSG00000112169.1	0.062201
ENSMUSG00000112170.1	0
ENSMUSG00000112171.1	0
ENSMUSG00000112172.1	0
ENSMUSG00000112173.1	0
ENSMUSG00000112174.1	0
ENSMUSG00000112175.1	0
ENSMUSG00000112176.1	0
ENSMUSG00000112177.1	0
ENSMUSG00000112178.1	0
ENSMUSG00000112179.1	0
ENSMUSG00000112180.1	0
ENSMUSG00000112181.1	0
ENSMUSG00000112182.1	0
ENSMUSG00000112183.1	0
ENSMUSG00000112184.1	0
ENSMUSG00000112185.1	0
ENSMUSG00000112186.1	0
ENSMUSG00000112187.1	0
ENSMUSG00000112188.1	0.246088
ENSMUSG00000112189.1	0
ENSMUSG00000112190.1	0
ENSMUSG00000112191.1	0
ENSMUSG00000112192.1	0
ENSMUSG00000112193.1	0
ENSMUSG00000112194.1	0
ENSMUSG00000112195.1	0
ENSMUSG00000112196.1	0.097331
ENSMUSG00000112197.1	0
ENSMUSG00000112198.1	0
ENSMUSG00000112199.1	0
ENSMUSG00000112200.1	0
ENSMUSG00000112201.1	0
ENSMUSG00000112202.1	0
ENSMUSG00000112203.1	0.061395
ENSMUSG00000112204.1	0.092011
ENSMUSG00000112205.1	0
ENSMUSG00000112206.1	0
ENSMUSG00000112207.1	0
ENSMUSG00000112208.1	0
ENSMUSG00000112209.1	0
ENSMUSG00000112210.1	0
ENSMUSG00000112211.1	0
ENSMUSG00000112212.1	0
ENSMUSG00000112213.1	0
ENSMUSG00000112214.1	0
ENSMUSG00000112215.1	0
ENSMUSG00000112216.1	0
ENSMUSG00000112217.1	0
ENSMUSG00000112218.1	0.030951
ENSMUSG00000112219.1	0
ENSMUSG00000112220.1	0
ENSMUSG00000112221.1	0
ENSMUSG00000112222.1	0
ENSMUSG00000112223.1	0
ENSMUSG00000112224.1	0
ENSMUSG00000112225.1	0
ENSMUSG00000112226.1	0
ENSMUSG00000112227.1	0
ENSMUSG00000112228.1	0
ENSMUSG00000112229.1	0.014257
ENSMUSG00000112230.2	0
ENSMUSG00000112231.1	0
ENSMUSG00000112232.1	0
ENSMUSG00000112233.1	0
ENSMUSG00000112234.1	0
ENSMUSG00000112235.1	0
ENSMUSG00000112236.1	0
ENSMUSG00000112237.1	0.37008
ENSMUSG00000112238.1	0
ENSMUSG00000112239.1	0.13515
ENSMUSG00000112240.1	0
ENSMUSG00000112241.1	4.510682
ENSMUSG00000112242.1	0
ENSMUSG00000112243.1	0
ENSMUSG00000112244.1	0
ENSMUSG00000112245.1	0
ENSMUSG00000112246.1	0
ENSMUSG00000112247.1	0
ENSMUSG00000112248.1	0
ENSMUSG00000112249.1	0
ENSMUSG00000112250.1	0
ENSMUSG00000112251.1	0
ENSMUSG00000112252.1	0
ENSMUSG00000112253.1	0
ENSMUSG00000112254.1	0
ENSMUSG00000112255.1	0.042269
ENSMUSG00000112256.1	0
ENSMUSG00000112257.1	0
ENSMUSG00000112258.1	0.038151
ENSMUSG00000112259.1	0
ENSMUSG00000112260.1	0
ENSMUSG00000112261.1	0
ENSMUSG00000112262.1	0
ENSMUSG00000112263.1	0
ENSMUSG00000112264.1	0.030221
ENSMUSG00000112265.1	0
ENSMUSG00000112266.1	0.079303
ENSMUSG00000112267.1	0.101241
ENSMUSG00000112268.1	0
ENSMUSG00000112269.1	0
ENSMUSG00000112270.1	0
ENSMUSG00000112271.1	0
ENSMUSG00000112272.1	0
ENSMUSG00000112273.1	0
ENSMUSG00000112274.1	0.046988
ENSMUSG00000112275.1	0
ENSMUSG00000112276.1	0.08263
ENSMUSG00000112277.1	0
ENSMUSG00000112278.1	3.811568
ENSMUSG00000112279.1	0
ENSMUSG00000112280.1	2.423621
ENSMUSG00000112281.1	0
ENSMUSG00000112282.1	0
ENSMUSG00000112283.1	0
ENSMUSG00000112284.1	0
ENSMUSG00000112285.1	0
ENSMUSG00000112286.1	0
ENSMUSG00000112287.1	0
ENSMUSG00000112288.1	0
ENSMUSG00000112289.1	0
ENSMUSG00000112290.1	0
ENSMUSG00000112291.1	0
ENSMUSG00000112292.1	0
ENSMUSG00000112293.1	0
ENSMUSG00000112294.1	0.374878
ENSMUSG00000112295.1	0.043845
ENSMUSG00000112296.1	0
ENSMUSG00000112297.1	0.011548
ENSMUSG00000112298.1	0
ENSMUSG00000112299.1	0
ENSMUSG00000112300.1	0.614335
ENSMUSG00000112301.1	0
ENSMUSG00000112302.1	2.144588
ENSMUSG00000112303.1	0
ENSMUSG00000112304.1	0.019122
ENSMUSG00000112305.1	0
ENSMUSG00000112306.1	0
ENSMUSG00000112307.1	0
ENSMUSG00000112308.1	0.279124
ENSMUSG00000112309.1	0
ENSMUSG00000112311.1	0
ENSMUSG00000112312.1	0
ENSMUSG00000112313.1	0
ENSMUSG00000112314.1	0
ENSMUSG00000112315.1	0
ENSMUSG00000112316.1	0
ENSMUSG00000112317.1	0
ENSMUSG00000112318.1	0
ENSMUSG00000112319.1	0
ENSMUSG00000112320.1	0.044678
ENSMUSG00000112321.1	0
ENSMUSG00000112322.1	0
ENSMUSG00000112323.1	0.052733
ENSMUSG00000112324.1	0.023025
ENSMUSG00000112325.1	0
ENSMUSG00000112326.1	0
ENSMUSG00000112327.1	0.130653
ENSMUSG00000112328.1	0
ENSMUSG00000112329.1	0
ENSMUSG00000112330.1	0
ENSMUSG00000112331.1	0
ENSMUSG00000112332.1	1.575213
ENSMUSG00000112333.1	0
ENSMUSG00000112334.1	0
ENSMUSG00000112335.1	0
ENSMUSG00000112336.1	0.050184
ENSMUSG00000112337.1	0
ENSMUSG00000112338.1	0
ENSMUSG00000112339.1	0
ENSMUSG00000112340.1	0
ENSMUSG00000112341.1	0
ENSMUSG00000112342.1	0
ENSMUSG00000112343.1	0.308607
ENSMUSG00000112344.1	0
ENSMUSG00000112345.1	0
ENSMUSG00000112346.1	0.517091
ENSMUSG00000112347.1	0
ENSMUSG00000112348.1	0.103557
ENSMUSG00000112349.1	0
ENSMUSG00000112350.1	0
ENSMUSG00000112351.1	0
ENSMUSG00000112352.1	0.062452
ENSMUSG00000112353.1	0
ENSMUSG00000112354.1	0
ENSMUSG00000112355.1	0
ENSMUSG00000112357.1	0
ENSMUSG00000112358.1	0.047246
ENSMUSG00000112359.1	0
ENSMUSG00000112360.1	0.162558
ENSMUSG00000112361.1	0
ENSMUSG00000112362.1	0
ENSMUSG00000112363.1	0
ENSMUSG00000112364.1	0
ENSMUSG00000112366.1	0
ENSMUSG00000112367.1	0
ENSMUSG00000112368.1	0
ENSMUSG00000112369.1	0
ENSMUSG00000112370.1	0
ENSMUSG00000112371.1	0
ENSMUSG00000112372.1	0
ENSMUSG00000112373.1	0
ENSMUSG00000112374.1	0
ENSMUSG00000112375.1	0
ENSMUSG00000112376.1	0
ENSMUSG00000112377.1	0
ENSMUSG00000112378.1	0
ENSMUSG00000112379.1	0
ENSMUSG00000112380.1	0
ENSMUSG00000112381.1	0.03647
ENSMUSG00000112382.1	0
ENSMUSG00000112383.1	0
ENSMUSG00000112384.1	0
ENSMUSG00000112385.1	0
ENSMUSG00000112386.1	0
ENSMUSG00000112387.1	0
ENSMUSG00000112388.1	0
ENSMUSG00000112389.1	0
ENSMUSG00000112390.1	0.769325
ENSMUSG00000112391.1	0
ENSMUSG00000112392.1	0
ENSMUSG00000112393.1	0
ENSMUSG00000112394.1	0
ENSMUSG00000112395.1	0
ENSMUSG00000112396.1	0
ENSMUSG00000112397.1	0.013862
ENSMUSG00000112398.1	0.024878
ENSMUSG00000112399.1	0
ENSMUSG00000112400.1	0.534644
ENSMUSG00000112401.1	0
ENSMUSG00000112402.1	0
ENSMUSG00000112403.1	0
ENSMUSG00000112404.1	0.141432
ENSMUSG00000112405.1	0
ENSMUSG00000112406.1	0
ENSMUSG00000112407.1	0
ENSMUSG00000112408.1	0
ENSMUSG00000112409.1	0
ENSMUSG00000112410.1	0
ENSMUSG00000112411.1	0
ENSMUSG00000112412.1	0
ENSMUSG00000112413.1	0.11164
ENSMUSG00000112414.1	0
ENSMUSG00000112415.1	0
ENSMUSG00000112416.1	0
ENSMUSG00000112417.1	0
ENSMUSG00000112418.1	0
ENSMUSG00000112419.1	0
ENSMUSG00000112420.1	0
ENSMUSG00000112421.1	0
ENSMUSG00000112422.1	0.034143
ENSMUSG00000112423.1	0
ENSMUSG00000112424.1	0
ENSMUSG00000112425.1	0
ENSMUSG00000112426.1	0
ENSMUSG00000112427.1	0
ENSMUSG00000112428.1	0
ENSMUSG00000112429.1	0.053908
ENSMUSG00000112430.1	0.062066
ENSMUSG00000112431.1	0
ENSMUSG00000112432.1	0
ENSMUSG00000112433.1	0.302962
ENSMUSG00000112434.1	0
ENSMUSG00000112435.1	0
ENSMUSG00000112436.1	0
ENSMUSG00000112437.1	0
ENSMUSG00000112438.1	0
ENSMUSG00000112439.1	0
ENSMUSG00000112440.1	0
ENSMUSG00000112441.1	0.337005
ENSMUSG00000112442.1	0
ENSMUSG00000112443.1	0
ENSMUSG00000112444.1	0
ENSMUSG00000112445.1	0
ENSMUSG00000112446.1	0
ENSMUSG00000112447.1	0
ENSMUSG00000112448.1	0
ENSMUSG00000112449.1	7.478767
ENSMUSG00000112450.1	0
ENSMUSG00000112451.1	0
ENSMUSG00000112452.1	0
ENSMUSG00000112453.1	0
ENSMUSG00000112454.1	0.188115
ENSMUSG00000112455.1	0
ENSMUSG00000112456.1	0
ENSMUSG00000112457.1	0
ENSMUSG00000112458.1	0
ENSMUSG00000112459.1	0
ENSMUSG00000112460.1	0
ENSMUSG00000112461.1	0
ENSMUSG00000112462.1	0
ENSMUSG00000112463.1	0
ENSMUSG00000112464.1	0
ENSMUSG00000112465.1	0
ENSMUSG00000112466.1	0.827074
ENSMUSG00000112467.1	0
ENSMUSG00000112468.1	0
ENSMUSG00000112469.1	0
ENSMUSG00000112470.1	0
ENSMUSG00000112471.1	0
ENSMUSG00000112472.1	0
ENSMUSG00000112473.1	0
ENSMUSG00000112474.1	0.693921
ENSMUSG00000112475.1	0
ENSMUSG00000112476.1	0
ENSMUSG00000112477.1	0.032876
ENSMUSG00000112478.1	0.026149
ENSMUSG00000112479.1	0
ENSMUSG00000112480.1	0
ENSMUSG00000112481.1	0
ENSMUSG00000112482.1	0
ENSMUSG00000112483.1	0.006397
ENSMUSG00000112484.1	0
ENSMUSG00000112485.1	0
ENSMUSG00000112486.1	0
ENSMUSG00000112487.1	0
ENSMUSG00000112488.1	0
ENSMUSG00000112489.1	0.019912
ENSMUSG00000112490.1	0
ENSMUSG00000112491.1	0
ENSMUSG00000112492.1	0
ENSMUSG00000112493.1	0
ENSMUSG00000112494.1	0
ENSMUSG00000112495.1	0
ENSMUSG00000112496.2	0.01606
ENSMUSG00000112497.1	0
ENSMUSG00000112498.1	0
ENSMUSG00000112499.1	0
ENSMUSG00000112500.1	0
ENSMUSG00000112501.1	0
ENSMUSG00000112502.1	0
ENSMUSG00000112503.1	0
ENSMUSG00000112504.1	0
ENSMUSG00000112505.1	1.239048
ENSMUSG00000112506.1	0
ENSMUSG00000112507.1	0
ENSMUSG00000112509.1	0
ENSMUSG00000112510.1	0
ENSMUSG00000112511.1	0
ENSMUSG00000112512.1	0
ENSMUSG00000112513.1	0
ENSMUSG00000112514.1	0
ENSMUSG00000112515.1	0.08323
ENSMUSG00000112516.1	0
ENSMUSG00000112517.1	0
ENSMUSG00000112518.1	0
ENSMUSG00000112519.1	0
ENSMUSG00000112520.1	0
ENSMUSG00000112521.1	0
ENSMUSG00000112522.1	0
ENSMUSG00000112523.1	0.040356
ENSMUSG00000112524.1	0
ENSMUSG00000112525.1	0
ENSMUSG00000112526.1	0
ENSMUSG00000112527.1	0.112502
ENSMUSG00000112528.1	0
ENSMUSG00000112529.1	0
ENSMUSG00000112530.1	0
ENSMUSG00000112531.1	0
ENSMUSG00000112532.1	0
ENSMUSG00000112533.1	0
ENSMUSG00000112534.1	0
ENSMUSG00000112535.1	0
ENSMUSG00000112536.1	0
ENSMUSG00000112537.1	0
ENSMUSG00000112538.1	0
ENSMUSG00000112539.1	0
ENSMUSG00000112540.1	0
ENSMUSG00000112541.1	0
ENSMUSG00000112542.1	0
ENSMUSG00000112543.1	0
ENSMUSG00000112544.1	0.069256
ENSMUSG00000112545.1	0.169042
ENSMUSG00000112546.1	0.060744
ENSMUSG00000112547.1	0.249482
ENSMUSG00000112548.1	0
ENSMUSG00000112549.1	0
ENSMUSG00000112550.1	0.043388
ENSMUSG00000112551.1	0
ENSMUSG00000112552.1	0
ENSMUSG00000112553.1	0
ENSMUSG00000112554.1	0
ENSMUSG00000112555.1	0.140221
ENSMUSG00000112556.1	0
ENSMUSG00000112557.1	0
ENSMUSG00000112558.1	0
ENSMUSG00000112559.1	0
ENSMUSG00000112560.1	0
ENSMUSG00000112561.1	0
ENSMUSG00000112562.1	0
ENSMUSG00000112563.1	0
ENSMUSG00000112564.1	0
ENSMUSG00000112565.1	0
ENSMUSG00000112566.1	0
ENSMUSG00000112567.1	0
ENSMUSG00000112568.1	0
ENSMUSG00000112569.1	0
ENSMUSG00000112570.1	0
ENSMUSG00000112571.1	0
ENSMUSG00000112572.1	0
ENSMUSG00000112573.1	0
ENSMUSG00000112574.1	0
ENSMUSG00000112575.1	0
ENSMUSG00000112576.1	0.011866
ENSMUSG00000112577.1	0
ENSMUSG00000112578.1	0
ENSMUSG00000112579.1	0
ENSMUSG00000112580.1	0
ENSMUSG00000112581.1	0
ENSMUSG00000112582.1	0
ENSMUSG00000112583.1	0
ENSMUSG00000112584.1	0
ENSMUSG00000112585.1	0
ENSMUSG00000112586.1	0
ENSMUSG00000112587.1	0
ENSMUSG00000112588.1	0
ENSMUSG00000112589.1	0
ENSMUSG00000112590.1	0
ENSMUSG00000112591.1	0
ENSMUSG00000112592.1	0
ENSMUSG00000112593.1	0.031866
ENSMUSG00000112594.1	0
ENSMUSG00000112595.1	0
ENSMUSG00000112596.1	0.068477
ENSMUSG00000112597.1	0
ENSMUSG00000112598.1	0
ENSMUSG00000112599.1	0
ENSMUSG00000112600.1	0
ENSMUSG00000112601.1	0
ENSMUSG00000112602.1	0
ENSMUSG00000112603.1	0
ENSMUSG00000112604.1	0
ENSMUSG00000112605.1	0.059127
ENSMUSG00000112606.1	0
ENSMUSG00000112607.1	0.163425
ENSMUSG00000112608.1	0
ENSMUSG00000112609.1	0
ENSMUSG00000112610.1	0
ENSMUSG00000112611.1	0
ENSMUSG00000112612.1	0
ENSMUSG00000112613.1	0
ENSMUSG00000112614.1	0
ENSMUSG00000112615.1	0
ENSMUSG00000112616.1	0
ENSMUSG00000112617.1	0
ENSMUSG00000112618.1	0
ENSMUSG00000112619.1	0
ENSMUSG00000112620.1	0.061793
ENSMUSG00000112621.1	0.108702
ENSMUSG00000112622.1	0
ENSMUSG00000112623.1	0
ENSMUSG00000112624.1	0
ENSMUSG00000112625.1	0
ENSMUSG00000112626.1	0
ENSMUSG00000112627.1	2.903437
ENSMUSG00000112628.1	0
ENSMUSG00000112629.1	0
ENSMUSG00000112630.1	0.547078
ENSMUSG00000112631.1	0
ENSMUSG00000112632.1	0
ENSMUSG00000112633.1	0
ENSMUSG00000112634.1	0
ENSMUSG00000112635.1	0
ENSMUSG00000112636.1	0
ENSMUSG00000112637.1	0
ENSMUSG00000112638.1	0
ENSMUSG00000112639.1	5.790492
ENSMUSG00000112640.1	0
ENSMUSG00000112641.1	0
ENSMUSG00000112642.1	0
ENSMUSG00000112643.1	0
ENSMUSG00000112644.1	0
ENSMUSG00000112645.1	0
ENSMUSG00000112646.1	0
ENSMUSG00000112647.1	0
ENSMUSG00000112648.1	0
ENSMUSG00000112649.1	0
ENSMUSG00000112650.1	0
ENSMUSG00000112651.1	0
ENSMUSG00000112652.1	0.223733
ENSMUSG00000112653.1	0
ENSMUSG00000112654.1	0
ENSMUSG00000112655.1	0
ENSMUSG00000112656.1	0
ENSMUSG00000112657.1	0.162165
ENSMUSG00000112658.1	0
ENSMUSG00000112659.1	0
ENSMUSG00000112660.1	0
ENSMUSG00000112661.1	0
ENSMUSG00000112662.1	0
ENSMUSG00000112663.1	0.038885
ENSMUSG00000112664.1	0
ENSMUSG00000112665.1	0
ENSMUSG00000112666.1	0.03459
ENSMUSG00000112667.1	0
ENSMUSG00000112668.1	0
ENSMUSG00000112669.1	0
ENSMUSG00000112670.1	0
ENSMUSG00000112671.1	0
ENSMUSG00000112672.1	0
ENSMUSG00000112673.1	0
ENSMUSG00000112674.1	0
ENSMUSG00000112675.1	0
ENSMUSG00000112676.1	0
ENSMUSG00000112677.1	0
ENSMUSG00000112678.1	0
ENSMUSG00000112679.1	0
ENSMUSG00000112680.1	0
ENSMUSG00000112681.1	0
ENSMUSG00000112682.1	0
ENSMUSG00000112683.1	0
ENSMUSG00000112684.1	0
ENSMUSG00000112685.1	0
ENSMUSG00000112686.1	0
ENSMUSG00000112687.1	0
ENSMUSG00000112688.1	0
ENSMUSG00000112689.1	0
ENSMUSG00000112690.2	0
ENSMUSG00000112691.1	0
ENSMUSG00000112692.1	0
ENSMUSG00000112693.1	0.383161
ENSMUSG00000112694.1	0
ENSMUSG00000112696.1	0
ENSMUSG00000112697.1	0
ENSMUSG00000112698.1	0
ENSMUSG00000112699.1	0
ENSMUSG00000112700.1	0
ENSMUSG00000112701.1	0
ENSMUSG00000112702.1	0
ENSMUSG00000112703.1	0
ENSMUSG00000112704.1	0
ENSMUSG00000112705.1	0
ENSMUSG00000112706.1	0
ENSMUSG00000112707.1	0
ENSMUSG00000112708.1	0
ENSMUSG00000112709.1	0
ENSMUSG00000112710.1	0
ENSMUSG00000112711.1	0
ENSMUSG00000112712.1	0.091142
ENSMUSG00000112713.1	0
ENSMUSG00000112714.1	0.027458
ENSMUSG00000112715.1	0
ENSMUSG00000112716.1	0
ENSMUSG00000112717.1	0
ENSMUSG00000112718.1	0
ENSMUSG00000112719.1	0
ENSMUSG00000112720.1	0
ENSMUSG00000112721.1	0.051101
ENSMUSG00000112722.1	0
ENSMUSG00000112723.1	0
ENSMUSG00000112724.1	0
ENSMUSG00000112725.1	0
ENSMUSG00000112726.1	0
ENSMUSG00000112727.1	0
ENSMUSG00000112728.1	0
ENSMUSG00000112729.1	0
ENSMUSG00000112730.1	0
ENSMUSG00000112731.1	0
ENSMUSG00000112732.1	0
ENSMUSG00000112733.1	0
ENSMUSG00000112734.1	0
ENSMUSG00000112735.1	0
ENSMUSG00000112736.1	0.03659
ENSMUSG00000112737.1	0
ENSMUSG00000112738.1	0
ENSMUSG00000112739.1	0.084439
ENSMUSG00000112740.1	0
ENSMUSG00000112741.1	0
ENSMUSG00000112742.1	0.348225
ENSMUSG00000112743.1	0
ENSMUSG00000112744.1	0
ENSMUSG00000112745.1	0
ENSMUSG00000112746.1	0
ENSMUSG00000112747.1	0
ENSMUSG00000112748.1	0
ENSMUSG00000112749.1	0
ENSMUSG00000112750.1	0
ENSMUSG00000112751.1	0
ENSMUSG00000112752.1	0
ENSMUSG00000112753.1	0
ENSMUSG00000112754.1	0
ENSMUSG00000112755.1	0
ENSMUSG00000112756.1	0
ENSMUSG00000112757.1	0
ENSMUSG00000112758.1	0
ENSMUSG00000112759.1	0
ENSMUSG00000112760.1	0
ENSMUSG00000112761.1	0.110369
ENSMUSG00000112762.1	0
ENSMUSG00000112763.1	0.611472
ENSMUSG00000112764.1	0
ENSMUSG00000112765.1	0.218707
ENSMUSG00000112766.1	0
ENSMUSG00000112767.1	0
ENSMUSG00000112768.1	0
ENSMUSG00000112769.1	0
ENSMUSG00000112770.1	0
ENSMUSG00000112771.1	0.096846
ENSMUSG00000112772.1	0
ENSMUSG00000112773.1	0
ENSMUSG00000112774.1	0
ENSMUSG00000112775.1	0
ENSMUSG00000112776.1	0
ENSMUSG00000112777.1	0
ENSMUSG00000112778.1	0
ENSMUSG00000112779.1	0
ENSMUSG00000112780.1	0
ENSMUSG00000112781.1	0
ENSMUSG00000112782.1	0
ENSMUSG00000112783.1	0
ENSMUSG00000112784.1	0
ENSMUSG00000112785.1	0
ENSMUSG00000112786.1	0
ENSMUSG00000112787.1	0.027275
ENSMUSG00000112788.1	0
ENSMUSG00000112789.1	0
ENSMUSG00000112790.1	0.032565
ENSMUSG00000112791.1	0
ENSMUSG00000112792.1	0
ENSMUSG00000112793.1	0
ENSMUSG00000112794.1	0.011202
ENSMUSG00000112795.1	0.096467
ENSMUSG00000112796.1	0
ENSMUSG00000112797.1	0
ENSMUSG00000112798.1	0
ENSMUSG00000112799.1	0
ENSMUSG00000112800.1	0
ENSMUSG00000112801.1	0
ENSMUSG00000112802.1	0
ENSMUSG00000112803.1	0.229789
ENSMUSG00000112804.1	0
ENSMUSG00000112805.1	0.377836
ENSMUSG00000112806.1	0.156373
ENSMUSG00000112807.1	0
ENSMUSG00000112808.1	0.070017
ENSMUSG00000112809.1	0
ENSMUSG00000112810.1	0
ENSMUSG00000112811.1	0
ENSMUSG00000112812.1	0.060043
ENSMUSG00000112813.1	0.043547
ENSMUSG00000112814.1	0
ENSMUSG00000112815.1	0
ENSMUSG00000112816.1	0
ENSMUSG00000112817.1	0
ENSMUSG00000112818.1	0
ENSMUSG00000112819.1	0
ENSMUSG00000112820.1	0
ENSMUSG00000112821.1	0
ENSMUSG00000112822.1	0
ENSMUSG00000112823.1	0
ENSMUSG00000112824.1	0
ENSMUSG00000112825.1	0.048562
ENSMUSG00000112826.1	0
ENSMUSG00000112827.1	0
ENSMUSG00000112828.1	0.173535
ENSMUSG00000112829.1	0
ENSMUSG00000112830.1	0
ENSMUSG00000112831.1	0
ENSMUSG00000112832.1	0.017958
ENSMUSG00000112833.1	0.015317
ENSMUSG00000112834.1	0
ENSMUSG00000112835.1	0
ENSMUSG00000112836.1	0
ENSMUSG00000112837.1	0
ENSMUSG00000112838.1	0
ENSMUSG00000112839.1	0
ENSMUSG00000112840.1	0
ENSMUSG00000112841.1	0
ENSMUSG00000112842.2	0
ENSMUSG00000112843.1	0
ENSMUSG00000112844.1	0
ENSMUSG00000112845.1	0
ENSMUSG00000112846.1	0
ENSMUSG00000112847.1	0
ENSMUSG00000112848.1	0
ENSMUSG00000112849.1	0
ENSMUSG00000112850.1	0
ENSMUSG00000112851.1	0
ENSMUSG00000112852.1	0
ENSMUSG00000112853.1	0
ENSMUSG00000112854.1	0.012851
ENSMUSG00000112855.1	0
ENSMUSG00000112856.1	0
ENSMUSG00000112857.1	0
ENSMUSG00000112858.2	0
ENSMUSG00000112859.1	0
ENSMUSG00000112860.1	0.444636
ENSMUSG00000112861.1	0
ENSMUSG00000112862.1	0
ENSMUSG00000112863.1	0
ENSMUSG00000112864.1	0
ENSMUSG00000112865.1	0
ENSMUSG00000112866.1	0
ENSMUSG00000112867.1	0
ENSMUSG00000112868.1	0
ENSMUSG00000112869.1	0
ENSMUSG00000112870.1	0
ENSMUSG00000112871.1	0
ENSMUSG00000112872.1	0
ENSMUSG00000112873.1	0
ENSMUSG00000112874.1	0
ENSMUSG00000112875.1	0
ENSMUSG00000112876.1	0
ENSMUSG00000112877.1	0
ENSMUSG00000112878.1	0
ENSMUSG00000112879.1	0
ENSMUSG00000112880.1	0.386975
ENSMUSG00000112881.1	0
ENSMUSG00000112882.1	0
ENSMUSG00000112883.1	0
ENSMUSG00000112884.1	0
ENSMUSG00000112885.1	0
ENSMUSG00000112886.1	0
ENSMUSG00000112887.1	0
ENSMUSG00000112888.1	0
ENSMUSG00000112889.1	0
ENSMUSG00000112890.1	0
ENSMUSG00000112891.1	0.012463
ENSMUSG00000112892.1	0
ENSMUSG00000112893.1	0
ENSMUSG00000112894.1	0
ENSMUSG00000112895.1	0
ENSMUSG00000112896.1	0
ENSMUSG00000112897.1	0
ENSMUSG00000112898.1	0
ENSMUSG00000112899.1	0
ENSMUSG00000112900.1	0
ENSMUSG00000112901.1	0
ENSMUSG00000112902.1	0
ENSMUSG00000112903.1	0
ENSMUSG00000112904.1	0
ENSMUSG00000112905.1	0
ENSMUSG00000112906.1	0
ENSMUSG00000112907.1	0
ENSMUSG00000112908.1	0
ENSMUSG00000112909.1	0.358213
ENSMUSG00000112910.1	0
ENSMUSG00000112911.1	0
ENSMUSG00000112912.1	0
ENSMUSG00000112913.1	0
ENSMUSG00000112914.1	0
ENSMUSG00000112915.1	0
ENSMUSG00000112916.1	0
ENSMUSG00000112917.1	0
ENSMUSG00000112918.1	0
ENSMUSG00000112919.1	0
ENSMUSG00000112920.1	0
ENSMUSG00000112921.1	0
ENSMUSG00000112922.1	0.087993
ENSMUSG00000112923.1	0
ENSMUSG00000112924.1	0
ENSMUSG00000112925.1	0
ENSMUSG00000112926.1	0.203283
ENSMUSG00000112927.1	0
ENSMUSG00000112928.1	0
ENSMUSG00000112929.1	0
ENSMUSG00000112930.2	0
ENSMUSG00000112931.1	0
ENSMUSG00000112932.1	0
ENSMUSG00000112933.1	0
ENSMUSG00000112934.1	0
ENSMUSG00000112935.1	0
ENSMUSG00000112936.1	0
ENSMUSG00000112937.1	0.02338
ENSMUSG00000112938.1	0
ENSMUSG00000112939.1	0
ENSMUSG00000112940.1	0.020735
ENSMUSG00000112941.1	23.210085
ENSMUSG00000112942.1	0
ENSMUSG00000112943.1	0
ENSMUSG00000112944.1	0
ENSMUSG00000112945.1	0.037951
ENSMUSG00000112946.1	0
ENSMUSG00000112947.1	0
ENSMUSG00000112948.1	0
ENSMUSG00000112949.1	0
ENSMUSG00000112950.1	0.086863
ENSMUSG00000112951.2	0
ENSMUSG00000112952.1	0
ENSMUSG00000112953.1	0
ENSMUSG00000112954.1	0
ENSMUSG00000112955.1	0
ENSMUSG00000112956.1	0
ENSMUSG00000112957.1	0
ENSMUSG00000112958.1	0
ENSMUSG00000112959.1	1.757097
ENSMUSG00000112960.1	0
ENSMUSG00000112961.1	0
ENSMUSG00000112962.1	0
ENSMUSG00000112963.1	0
ENSMUSG00000112964.1	0.437428
ENSMUSG00000112965.1	0
ENSMUSG00000112966.1	0
ENSMUSG00000112967.1	0
ENSMUSG00000112968.1	0.151404
ENSMUSG00000112969.1	1.389993
ENSMUSG00000112970.1	0
ENSMUSG00000112971.1	0
ENSMUSG00000112972.1	0
ENSMUSG00000112973.1	0
ENSMUSG00000112974.1	0
ENSMUSG00000112975.1	0
ENSMUSG00000112976.1	0.019798
ENSMUSG00000112977.1	0.109162
ENSMUSG00000112978.1	0
ENSMUSG00000112979.1	0
ENSMUSG00000112980.1	0.983218
ENSMUSG00000112981.1	0
ENSMUSG00000112982.1	0
ENSMUSG00000112983.1	0.420523
ENSMUSG00000112984.1	0
ENSMUSG00000112985.1	0
ENSMUSG00000112986.1	0
ENSMUSG00000112987.1	0
ENSMUSG00000112988.1	0
ENSMUSG00000112989.1	0
ENSMUSG00000112990.1	0
ENSMUSG00000112991.1	0
ENSMUSG00000112992.1	0
ENSMUSG00000112993.1	0
ENSMUSG00000112994.1	0
ENSMUSG00000112995.1	0
ENSMUSG00000112996.1	0
ENSMUSG00000112997.1	0
ENSMUSG00000112998.1	0
ENSMUSG00000112999.1	0
ENSMUSG00000113000.1	0
ENSMUSG00000113001.1	0
ENSMUSG00000113002.1	0
ENSMUSG00000113003.1	0
ENSMUSG00000113004.1	0
ENSMUSG00000113005.1	0
ENSMUSG00000113006.1	0
ENSMUSG00000113007.1	0
ENSMUSG00000113008.1	0
ENSMUSG00000113009.1	0
ENSMUSG00000113010.1	0
ENSMUSG00000113011.1	0
ENSMUSG00000113012.1	0
ENSMUSG00000113013.1	0
ENSMUSG00000113014.1	0.233905
ENSMUSG00000113015.1	0
ENSMUSG00000113016.1	0
ENSMUSG00000113017.1	0.089475
ENSMUSG00000113018.1	0
ENSMUSG00000113019.1	0.529472
ENSMUSG00000113020.1	0.023945
ENSMUSG00000113021.1	0
ENSMUSG00000113022.1	0
ENSMUSG00000113023.1	0
ENSMUSG00000113024.1	0
ENSMUSG00000113025.1	0
ENSMUSG00000113026.1	0
ENSMUSG00000113027.1	0
ENSMUSG00000113028.1	0
ENSMUSG00000113029.1	6.992699
ENSMUSG00000113030.1	0.200741
ENSMUSG00000113031.1	3.293326
ENSMUSG00000113032.1	0
ENSMUSG00000113033.1	0
ENSMUSG00000113034.1	0
ENSMUSG00000113035.1	0
ENSMUSG00000113036.1	6.546018
ENSMUSG00000113037.1	0.34685
ENSMUSG00000113038.1	0
ENSMUSG00000113039.1	0
ENSMUSG00000113040.1	0.069771
ENSMUSG00000113041.1	0
ENSMUSG00000113042.1	0
ENSMUSG00000113043.1	0
ENSMUSG00000113044.1	0
ENSMUSG00000113045.1	0.025818
ENSMUSG00000113046.1	0
ENSMUSG00000113047.1	0.630508
ENSMUSG00000113048.1	0
ENSMUSG00000113049.1	0
ENSMUSG00000113050.1	0
ENSMUSG00000113051.1	0
ENSMUSG00000113052.1	0.883621
ENSMUSG00000113053.1	0
ENSMUSG00000113054.1	0
ENSMUSG00000113055.1	0
ENSMUSG00000113056.1	0
ENSMUSG00000113057.1	0
ENSMUSG00000113058.1	0
ENSMUSG00000113059.1	0
ENSMUSG00000113060.1	0
ENSMUSG00000113061.1	0.191704
ENSMUSG00000113062.1	0
ENSMUSG00000113063.1	0
ENSMUSG00000113064.1	0
ENSMUSG00000113065.1	0
ENSMUSG00000113066.1	0
ENSMUSG00000113067.1	0
ENSMUSG00000113068.1	0
ENSMUSG00000113069.1	0
ENSMUSG00000113070.1	1.3893
ENSMUSG00000113071.1	0
ENSMUSG00000113072.1	0
ENSMUSG00000113073.1	0
ENSMUSG00000113074.1	0
ENSMUSG00000113075.1	0
ENSMUSG00000113076.1	0
ENSMUSG00000113077.1	0
ENSMUSG00000113078.1	0.05306
ENSMUSG00000113079.1	0
ENSMUSG00000113080.1	0
ENSMUSG00000113081.1	0
ENSMUSG00000113082.1	0
ENSMUSG00000113083.1	0
ENSMUSG00000113084.1	0
ENSMUSG00000113085.1	0
ENSMUSG00000113086.1	0
ENSMUSG00000113087.1	0
ENSMUSG00000113088.1	0.198997
ENSMUSG00000113089.1	0
ENSMUSG00000113090.1	0
ENSMUSG00000113091.1	0
ENSMUSG00000113092.1	0
ENSMUSG00000113093.1	0.187009
ENSMUSG00000113094.1	0
ENSMUSG00000113095.1	0
ENSMUSG00000113096.1	0.15361
ENSMUSG00000113097.1	0
ENSMUSG00000113098.1	0
ENSMUSG00000113099.1	0.023209
ENSMUSG00000113100.1	0
ENSMUSG00000113101.1	0
ENSMUSG00000113102.1	0
ENSMUSG00000113103.1	0
ENSMUSG00000113104.1	0
ENSMUSG00000113105.1	0
ENSMUSG00000113106.1	0
ENSMUSG00000113107.1	0
ENSMUSG00000113108.1	0
ENSMUSG00000113109.1	0
ENSMUSG00000113110.1	0
ENSMUSG00000113111.1	0.014846
ENSMUSG00000113112.1	0
ENSMUSG00000113113.1	0.51564
ENSMUSG00000113114.1	0
ENSMUSG00000113115.1	0
ENSMUSG00000113116.1	0
ENSMUSG00000113117.1	0
ENSMUSG00000113118.1	0
ENSMUSG00000113119.1	0
ENSMUSG00000113120.1	0
ENSMUSG00000113121.1	0.52662
ENSMUSG00000113122.1	0
ENSMUSG00000113123.2	0.092707
ENSMUSG00000113124.1	0
ENSMUSG00000113125.1	0
ENSMUSG00000113126.1	0
ENSMUSG00000113127.1	0
ENSMUSG00000113128.1	0
ENSMUSG00000113129.1	0
ENSMUSG00000113130.1	0
ENSMUSG00000113131.1	0
ENSMUSG00000113132.1	0
ENSMUSG00000113133.1	0
ENSMUSG00000113134.2	0
ENSMUSG00000113135.1	0
ENSMUSG00000113136.1	0.146026
ENSMUSG00000113137.1	0
ENSMUSG00000113138.1	0
ENSMUSG00000113139.1	0
ENSMUSG00000113140.1	0.021281
ENSMUSG00000113141.1	0
ENSMUSG00000113142.1	0
ENSMUSG00000113143.1	0
ENSMUSG00000113144.1	0
ENSMUSG00000113145.1	0
ENSMUSG00000113146.1	0
ENSMUSG00000113147.1	0
ENSMUSG00000113148.1	0
ENSMUSG00000113149.1	2.834134
ENSMUSG00000113150.1	0
ENSMUSG00000113151.1	0
ENSMUSG00000113152.1	0
ENSMUSG00000113153.1	0
ENSMUSG00000113154.1	0
ENSMUSG00000113155.1	0
ENSMUSG00000113156.1	0
ENSMUSG00000113157.2	0.051099
ENSMUSG00000113158.1	0
ENSMUSG00000113159.1	0
ENSMUSG00000113160.1	0
ENSMUSG00000113161.1	0
ENSMUSG00000113162.1	0
ENSMUSG00000113163.1	0
ENSMUSG00000113164.1	0
ENSMUSG00000113165.1	0.996544
ENSMUSG00000113166.1	0
ENSMUSG00000113167.1	0.261611
ENSMUSG00000113168.1	0
ENSMUSG00000113169.1	0
ENSMUSG00000113170.1	0.687224
ENSMUSG00000113171.1	0
ENSMUSG00000113172.1	0
ENSMUSG00000113173.1	0
ENSMUSG00000113174.1	0.672898
ENSMUSG00000113175.1	0
ENSMUSG00000113177.1	0
ENSMUSG00000113178.1	0
ENSMUSG00000113179.1	0
ENSMUSG00000113180.1	0
ENSMUSG00000113181.1	0
ENSMUSG00000113182.1	0
ENSMUSG00000113183.1	0
ENSMUSG00000113184.1	3.751848
ENSMUSG00000113185.1	0
ENSMUSG00000113186.1	0.005785
ENSMUSG00000113187.1	0
ENSMUSG00000113188.1	2.003935
ENSMUSG00000113189.1	0
ENSMUSG00000113190.1	0
ENSMUSG00000113191.1	0
ENSMUSG00000113192.1	0
ENSMUSG00000113193.1	0.086189
ENSMUSG00000113194.1	0
ENSMUSG00000113195.1	0
ENSMUSG00000113196.1	0.04814
ENSMUSG00000113197.1	0
ENSMUSG00000113198.1	0
ENSMUSG00000113199.1	0
ENSMUSG00000113200.1	0
ENSMUSG00000113201.1	0
ENSMUSG00000113202.1	0
ENSMUSG00000113203.1	0
ENSMUSG00000113204.1	1.464217
ENSMUSG00000113205.1	0
ENSMUSG00000113206.1	0
ENSMUSG00000113207.1	0
ENSMUSG00000113208.1	0
ENSMUSG00000113209.1	0.071365
ENSMUSG00000113210.1	0
ENSMUSG00000113211.1	0.108698
ENSMUSG00000113212.1	0
ENSMUSG00000113213.1	0
ENSMUSG00000113214.1	0
ENSMUSG00000113215.1	0
ENSMUSG00000113216.1	1.112147
ENSMUSG00000113217.1	0
ENSMUSG00000113218.1	0
ENSMUSG00000113219.1	0
ENSMUSG00000113220.1	0
ENSMUSG00000113221.1	0
ENSMUSG00000113222.1	0
ENSMUSG00000113223.1	0
ENSMUSG00000113224.1	0
ENSMUSG00000113225.1	0
ENSMUSG00000113226.1	0
ENSMUSG00000113227.1	0
ENSMUSG00000113228.1	0
ENSMUSG00000113229.1	0
ENSMUSG00000113230.1	0
ENSMUSG00000113231.1	0
ENSMUSG00000113232.1	0
ENSMUSG00000113233.1	0
ENSMUSG00000113234.1	0
ENSMUSG00000113235.1	0
ENSMUSG00000113236.1	0
ENSMUSG00000113237.1	0
ENSMUSG00000113238.1	0
ENSMUSG00000113239.1	0
ENSMUSG00000113240.1	0.604354
ENSMUSG00000113241.1	0.088626
ENSMUSG00000113242.1	0.583159
ENSMUSG00000113243.1	0
ENSMUSG00000113244.1	0
ENSMUSG00000113245.1	0
ENSMUSG00000113246.1	0
ENSMUSG00000113247.1	0
ENSMUSG00000113248.1	0
ENSMUSG00000113249.1	0
ENSMUSG00000113250.1	0
ENSMUSG00000113251.1	0
ENSMUSG00000113252.1	0
ENSMUSG00000113253.1	0
ENSMUSG00000113254.1	0
ENSMUSG00000113255.1	0.101536
ENSMUSG00000113256.1	0
ENSMUSG00000113257.1	0
ENSMUSG00000113258.1	0
ENSMUSG00000113259.1	0
ENSMUSG00000113260.1	0
ENSMUSG00000113261.1	0
ENSMUSG00000113262.1	2.27617
ENSMUSG00000113263.1	0
ENSMUSG00000113264.1	0
ENSMUSG00000113265.1	0
ENSMUSG00000113266.1	0
ENSMUSG00000113267.1	0
ENSMUSG00000113268.1	0
ENSMUSG00000113269.1	0
ENSMUSG00000113270.1	0
ENSMUSG00000113271.1	0
ENSMUSG00000113272.1	0
ENSMUSG00000113273.1	0
ENSMUSG00000113274.1	0
ENSMUSG00000113275.1	0.146035
ENSMUSG00000113276.1	0
ENSMUSG00000113277.1	0
ENSMUSG00000113278.1	0
ENSMUSG00000113279.1	0
ENSMUSG00000113280.1	0
ENSMUSG00000113281.1	0
ENSMUSG00000113282.1	0.203993
ENSMUSG00000113283.1	0
ENSMUSG00000113284.1	0
ENSMUSG00000113285.1	0
ENSMUSG00000113286.1	0
ENSMUSG00000113287.1	0
ENSMUSG00000113288.1	0.828948
ENSMUSG00000113289.1	0
ENSMUSG00000113290.1	0
ENSMUSG00000113291.1	0
ENSMUSG00000113292.1	0
ENSMUSG00000113293.1	0
ENSMUSG00000113294.1	0
ENSMUSG00000113295.1	0
ENSMUSG00000113296.1	0
ENSMUSG00000113297.1	0
ENSMUSG00000113298.1	0
ENSMUSG00000113299.1	0
ENSMUSG00000113300.1	0.065299
ENSMUSG00000113301.1	0
ENSMUSG00000113302.1	0.085307
ENSMUSG00000113303.1	0.205849
ENSMUSG00000113304.1	0
ENSMUSG00000113305.1	0
ENSMUSG00000113306.1	0
ENSMUSG00000113307.1	0
ENSMUSG00000113308.1	0
ENSMUSG00000113309.1	1.908517
ENSMUSG00000113310.1	0
ENSMUSG00000113311.1	0
ENSMUSG00000113312.1	0
ENSMUSG00000113313.1	0.034152
ENSMUSG00000113314.1	0.460396
ENSMUSG00000113315.1	0
ENSMUSG00000113316.1	0
ENSMUSG00000113317.1	0
ENSMUSG00000113318.1	0.201506
ENSMUSG00000113319.1	0
ENSMUSG00000113320.1	0
ENSMUSG00000113321.1	0
ENSMUSG00000113322.1	0
ENSMUSG00000113323.1	0
ENSMUSG00000113324.1	0
ENSMUSG00000113325.1	0
ENSMUSG00000113326.1	0
ENSMUSG00000113327.1	0
ENSMUSG00000113328.1	0.13396
ENSMUSG00000113329.1	0
ENSMUSG00000113330.1	0
ENSMUSG00000113331.1	0
ENSMUSG00000113332.1	0.331391
ENSMUSG00000113333.1	0
ENSMUSG00000113334.1	0
ENSMUSG00000113335.1	0
ENSMUSG00000113336.1	0
ENSMUSG00000113337.1	0
ENSMUSG00000113338.1	0
ENSMUSG00000113339.1	0
ENSMUSG00000113340.1	0
ENSMUSG00000113341.1	0
ENSMUSG00000113342.1	0.120145
ENSMUSG00000113343.1	0
ENSMUSG00000113344.1	0
ENSMUSG00000113345.1	0
ENSMUSG00000113346.2	0
ENSMUSG00000113347.1	0
ENSMUSG00000113348.1	0
ENSMUSG00000113349.1	0
ENSMUSG00000113350.2	0
ENSMUSG00000113351.1	0
ENSMUSG00000113352.1	0
ENSMUSG00000113353.1	0
ENSMUSG00000113354.1	0
ENSMUSG00000113355.1	0
ENSMUSG00000113356.1	0
ENSMUSG00000113357.1	0
ENSMUSG00000113358.1	0
ENSMUSG00000113359.1	0
ENSMUSG00000113360.1	0
ENSMUSG00000113361.1	0.320257
ENSMUSG00000113362.1	0.109482
ENSMUSG00000113363.1	0
ENSMUSG00000113364.1	0
ENSMUSG00000113365.1	0
ENSMUSG00000113366.1	0
ENSMUSG00000113367.1	0
ENSMUSG00000113368.1	0.546009
ENSMUSG00000113369.1	0
ENSMUSG00000113370.1	0
ENSMUSG00000113371.1	0
ENSMUSG00000113372.1	0
ENSMUSG00000113373.1	0
ENSMUSG00000113374.1	0
ENSMUSG00000113375.1	0
ENSMUSG00000113376.1	0
ENSMUSG00000113377.1	0
ENSMUSG00000113378.1	0
ENSMUSG00000113379.1	0
ENSMUSG00000113380.1	0
ENSMUSG00000113381.2	0
ENSMUSG00000113382.1	0
ENSMUSG00000113383.1	0
ENSMUSG00000113384.1	0
ENSMUSG00000113385.1	0
ENSMUSG00000113386.1	0.033247
ENSMUSG00000113387.1	0.00789
ENSMUSG00000113388.1	0
ENSMUSG00000113389.1	0.261998
ENSMUSG00000113390.1	0.056876
ENSMUSG00000113391.1	0.030315
ENSMUSG00000113392.1	0
ENSMUSG00000113393.1	0
ENSMUSG00000113394.1	0.170748
ENSMUSG00000113395.1	0.010952
ENSMUSG00000113396.1	0
ENSMUSG00000113397.1	0
ENSMUSG00000113398.1	0
ENSMUSG00000113399.1	0
ENSMUSG00000113400.1	0
ENSMUSG00000113401.1	0
ENSMUSG00000113402.1	0
ENSMUSG00000113403.1	0
ENSMUSG00000113404.1	0.076339
ENSMUSG00000113405.1	0
ENSMUSG00000113406.1	0
ENSMUSG00000113407.1	0
ENSMUSG00000113408.1	0
ENSMUSG00000113409.1	0
ENSMUSG00000113410.1	0
ENSMUSG00000113411.1	0
ENSMUSG00000113412.1	0
ENSMUSG00000113413.1	0
ENSMUSG00000113414.1	0
ENSMUSG00000113415.1	0
ENSMUSG00000113416.1	0
ENSMUSG00000113417.1	0
ENSMUSG00000113418.1	0
ENSMUSG00000113419.1	0
ENSMUSG00000113420.1	0
ENSMUSG00000113421.1	0
ENSMUSG00000113422.1	0
ENSMUSG00000113423.1	0
ENSMUSG00000113424.1	0.337934
ENSMUSG00000113425.1	0.067152
ENSMUSG00000113426.1	0
ENSMUSG00000113427.1	0.027261
ENSMUSG00000113428.1	0
ENSMUSG00000113429.1	0.42999
ENSMUSG00000113430.1	0
ENSMUSG00000113431.1	0
ENSMUSG00000113432.1	0.031367
ENSMUSG00000113433.1	0
ENSMUSG00000113434.1	0
ENSMUSG00000113435.1	0
ENSMUSG00000113436.1	0
ENSMUSG00000113437.1	0
ENSMUSG00000113438.1	0
ENSMUSG00000113439.1	0.714427
ENSMUSG00000113440.1	0.270425
ENSMUSG00000113441.1	0
ENSMUSG00000113442.1	0
ENSMUSG00000113443.1	0
ENSMUSG00000113444.1	0
ENSMUSG00000113445.1	0
ENSMUSG00000113446.1	0
ENSMUSG00000113447.1	0
ENSMUSG00000113448.1	0
ENSMUSG00000113449.1	0
ENSMUSG00000113450.1	0.515696
ENSMUSG00000113451.1	0
ENSMUSG00000113452.1	0
ENSMUSG00000113453.1	0
ENSMUSG00000113454.1	0.13841
ENSMUSG00000113455.1	0
ENSMUSG00000113456.1	0
ENSMUSG00000113457.1	0
ENSMUSG00000113458.1	0
ENSMUSG00000113459.1	0.080333
ENSMUSG00000113460.1	0
ENSMUSG00000113461.1	0
ENSMUSG00000113462.1	0
ENSMUSG00000113463.1	0
ENSMUSG00000113464.1	0
ENSMUSG00000113465.1	0
ENSMUSG00000113466.1	0
ENSMUSG00000113467.1	0
ENSMUSG00000113468.1	0
ENSMUSG00000113469.1	0
ENSMUSG00000113470.1	0
ENSMUSG00000113471.1	0.227684
ENSMUSG00000113472.1	0.026146
ENSMUSG00000113473.1	0.065388
ENSMUSG00000113474.1	0
ENSMUSG00000113475.1	0
ENSMUSG00000113476.1	0
ENSMUSG00000113477.1	0
ENSMUSG00000113478.1	0
ENSMUSG00000113479.1	0
ENSMUSG00000113480.1	0
ENSMUSG00000113481.1	0
ENSMUSG00000113482.1	0
ENSMUSG00000113483.1	0
ENSMUSG00000113484.1	0
ENSMUSG00000113485.1	0
ENSMUSG00000113486.1	0
ENSMUSG00000113487.1	0
ENSMUSG00000113488.1	0
ENSMUSG00000113489.1	0
ENSMUSG00000113490.1	0
ENSMUSG00000113491.1	0
ENSMUSG00000113492.1	0
ENSMUSG00000113493.1	0.062454
ENSMUSG00000113494.1	0
ENSMUSG00000113495.1	0.091156
ENSMUSG00000113496.1	0
ENSMUSG00000113497.1	0
ENSMUSG00000113498.1	0
ENSMUSG00000113499.1	0
ENSMUSG00000113500.1	0
ENSMUSG00000113501.1	0
ENSMUSG00000113502.1	0
ENSMUSG00000113503.1	0
ENSMUSG00000113504.1	0
ENSMUSG00000113505.1	0.024298
ENSMUSG00000113506.1	0
ENSMUSG00000113507.1	0
ENSMUSG00000113508.1	0
ENSMUSG00000113509.1	0
ENSMUSG00000113510.1	0
ENSMUSG00000113511.1	0
ENSMUSG00000113512.1	0
ENSMUSG00000113513.1	0
ENSMUSG00000113514.1	0
ENSMUSG00000113515.1	0.184222
ENSMUSG00000113516.1	0
ENSMUSG00000113517.1	0
ENSMUSG00000113518.1	0
ENSMUSG00000113519.1	0
ENSMUSG00000113520.1	0
ENSMUSG00000113521.1	0
ENSMUSG00000113522.1	0
ENSMUSG00000113523.1	0
ENSMUSG00000113524.1	0
ENSMUSG00000113526.1	0
ENSMUSG00000113527.1	0.74968
ENSMUSG00000113528.1	0.092817
ENSMUSG00000113529.1	0.22075
ENSMUSG00000113530.1	0
ENSMUSG00000113531.1	0
ENSMUSG00000113532.1	0
ENSMUSG00000113533.1	0
ENSMUSG00000113534.1	0
ENSMUSG00000113535.1	0
ENSMUSG00000113536.1	2.269715
ENSMUSG00000113537.1	0
ENSMUSG00000113538.1	0
ENSMUSG00000113539.1	0
ENSMUSG00000113540.1	0
ENSMUSG00000113541.1	0
ENSMUSG00000113542.1	0
ENSMUSG00000113543.1	0
ENSMUSG00000113544.1	0
ENSMUSG00000113545.1	0
ENSMUSG00000113546.1	0
ENSMUSG00000113547.1	0
ENSMUSG00000113548.1	0
ENSMUSG00000113549.1	0
ENSMUSG00000113550.1	0
ENSMUSG00000113551.1	0
ENSMUSG00000113552.1	0
ENSMUSG00000113553.1	0
ENSMUSG00000113554.1	0
ENSMUSG00000113555.1	2.207142
ENSMUSG00000113556.1	0
ENSMUSG00000113557.1	0
ENSMUSG00000113558.1	0
ENSMUSG00000113559.1	0
ENSMUSG00000113560.1	0
ENSMUSG00000113561.1	0
ENSMUSG00000113562.1	0
ENSMUSG00000113563.1	0
ENSMUSG00000113564.1	0
ENSMUSG00000113565.1	0
ENSMUSG00000113566.1	0
ENSMUSG00000113567.1	0
ENSMUSG00000113568.1	0
ENSMUSG00000113569.1	0
ENSMUSG00000113570.1	0
ENSMUSG00000113571.1	0
ENSMUSG00000113572.1	0
ENSMUSG00000113573.1	0
ENSMUSG00000113574.1	0
ENSMUSG00000113575.1	0
ENSMUSG00000113576.1	0
ENSMUSG00000113577.1	0
ENSMUSG00000113578.1	0
ENSMUSG00000113579.1	0
ENSMUSG00000113580.1	0
ENSMUSG00000113581.1	0.093143
ENSMUSG00000113582.1	0
ENSMUSG00000113583.1	0
ENSMUSG00000113584.1	0
ENSMUSG00000113585.1	0.871374
ENSMUSG00000113586.1	0.03842
ENSMUSG00000113587.1	0.045243
ENSMUSG00000113588.1	0
ENSMUSG00000113589.1	0
ENSMUSG00000113590.1	0
ENSMUSG00000113591.1	0.065444
ENSMUSG00000113592.1	0
ENSMUSG00000113593.1	0
ENSMUSG00000113594.1	0
ENSMUSG00000113595.1	0
ENSMUSG00000113596.1	0
ENSMUSG00000113597.1	0
ENSMUSG00000113598.1	0.119635
ENSMUSG00000113599.1	0
ENSMUSG00000113600.1	0.055665
ENSMUSG00000113601.1	0
ENSMUSG00000113602.1	0
ENSMUSG00000113603.1	0
ENSMUSG00000113604.1	0
ENSMUSG00000113605.1	0
ENSMUSG00000113606.1	0
ENSMUSG00000113607.1	0
ENSMUSG00000113608.1	0
ENSMUSG00000113609.1	0
ENSMUSG00000113610.1	0
ENSMUSG00000113611.1	0
ENSMUSG00000113612.1	0
ENSMUSG00000113613.1	0.021047
ENSMUSG00000113614.1	0
ENSMUSG00000113615.1	0
ENSMUSG00000113616.1	0
ENSMUSG00000113617.1	0.041492
ENSMUSG00000113618.1	0
ENSMUSG00000113619.1	0
ENSMUSG00000113620.1	0
ENSMUSG00000113621.1	2.181626
ENSMUSG00000113622.1	11.140815
ENSMUSG00000113623.1	0.167495
ENSMUSG00000113624.1	0
ENSMUSG00000113625.1	0.166332
ENSMUSG00000113626.1	0
ENSMUSG00000113627.1	0
ENSMUSG00000113628.1	0
ENSMUSG00000113629.1	0
ENSMUSG00000113630.1	0
ENSMUSG00000113631.1	0
ENSMUSG00000113632.1	0.149936
ENSMUSG00000113633.1	0
ENSMUSG00000113634.1	0
ENSMUSG00000113635.1	0
ENSMUSG00000113636.1	0
ENSMUSG00000113637.1	1.521558
ENSMUSG00000113638.1	0.130473
ENSMUSG00000113639.1	0.589976
ENSMUSG00000113640.1	0.717167
ENSMUSG00000113641.1	0
ENSMUSG00000113642.1	4.682315
ENSMUSG00000113643.1	0
ENSMUSG00000113644.1	0
ENSMUSG00000113645.1	0
ENSMUSG00000113646.1	1.547651
ENSMUSG00000113647.1	0.681941
ENSMUSG00000113648.1	0
ENSMUSG00000113649.1	0
ENSMUSG00000113650.1	0
ENSMUSG00000113651.1	0
ENSMUSG00000113652.1	0
ENSMUSG00000113653.1	0
ENSMUSG00000113654.1	0.038579
ENSMUSG00000113655.1	0
ENSMUSG00000113656.1	0
ENSMUSG00000113657.1	0
ENSMUSG00000113658.1	0
ENSMUSG00000113659.1	0
ENSMUSG00000113660.1	0
ENSMUSG00000113661.1	0
ENSMUSG00000113662.1	0.740864
ENSMUSG00000113663.1	0
ENSMUSG00000113664.1	0
ENSMUSG00000113665.1	0
ENSMUSG00000113666.1	0.074768
ENSMUSG00000113667.1	0
ENSMUSG00000113668.1	0
ENSMUSG00000113669.1	0
ENSMUSG00000113670.1	0.183282
ENSMUSG00000113671.1	0
ENSMUSG00000113672.1	0
ENSMUSG00000113673.1	0
ENSMUSG00000113674.1	0
ENSMUSG00000113675.1	0
ENSMUSG00000113676.1	0
ENSMUSG00000113677.1	0
ENSMUSG00000113678.1	0
ENSMUSG00000113679.1	3.066075
ENSMUSG00000113680.1	0
ENSMUSG00000113681.1	0
ENSMUSG00000113682.1	0
ENSMUSG00000113683.1	0
ENSMUSG00000113684.1	0
ENSMUSG00000113685.1	0
ENSMUSG00000113686.1	0
ENSMUSG00000113687.1	0
ENSMUSG00000113688.1	0.040052
ENSMUSG00000113689.1	0.037056
ENSMUSG00000113690.1	0
ENSMUSG00000113691.1	0.020719
ENSMUSG00000113692.1	0
ENSMUSG00000113693.1	0
ENSMUSG00000113694.1	0
ENSMUSG00000113695.1	0
ENSMUSG00000113696.1	0.276606
ENSMUSG00000113697.1	0
ENSMUSG00000113698.1	0
ENSMUSG00000113699.1	0
ENSMUSG00000113700.1	0
ENSMUSG00000113701.1	3.906351
ENSMUSG00000113702.1	0.173358
ENSMUSG00000113703.1	0
ENSMUSG00000113704.1	0
ENSMUSG00000113705.1	0
ENSMUSG00000113706.1	0
ENSMUSG00000113707.1	0.048609
ENSMUSG00000113708.1	0
ENSMUSG00000113709.1	0
ENSMUSG00000113710.1	0.012829
ENSMUSG00000113711.1	0
ENSMUSG00000113712.1	0
ENSMUSG00000113713.1	0
ENSMUSG00000113714.1	0
ENSMUSG00000113715.1	0
ENSMUSG00000113716.1	0
ENSMUSG00000113717.1	0
ENSMUSG00000113718.1	0
ENSMUSG00000113719.1	0
ENSMUSG00000113720.1	0
ENSMUSG00000113721.1	0
ENSMUSG00000113722.1	10.947003
ENSMUSG00000113723.2	0
ENSMUSG00000113724.1	0
ENSMUSG00000113725.1	0.086796
ENSMUSG00000113726.1	0
ENSMUSG00000113727.1	0.262773
ENSMUSG00000113728.1	0
ENSMUSG00000113729.1	0
ENSMUSG00000113730.1	0
ENSMUSG00000113731.1	0
ENSMUSG00000113732.1	0
ENSMUSG00000113733.1	0
ENSMUSG00000113734.1	0
ENSMUSG00000113735.1	0
ENSMUSG00000113736.1	0
ENSMUSG00000113737.1	0.01491
ENSMUSG00000113738.1	0
ENSMUSG00000113739.1	0
ENSMUSG00000113740.1	0
ENSMUSG00000113741.1	0
ENSMUSG00000113742.1	0
ENSMUSG00000113743.1	0.053452
ENSMUSG00000113744.1	0
ENSMUSG00000113745.1	0
ENSMUSG00000113746.1	0.278347
ENSMUSG00000113747.1	0
ENSMUSG00000113748.1	0
ENSMUSG00000113749.1	0
ENSMUSG00000113750.1	0.327433
ENSMUSG00000113751.1	0
ENSMUSG00000113752.1	0
ENSMUSG00000113753.1	0
ENSMUSG00000113754.1	0
ENSMUSG00000113755.1	0
ENSMUSG00000113756.1	0
ENSMUSG00000113757.1	0
ENSMUSG00000113758.1	0
ENSMUSG00000113759.1	0
ENSMUSG00000113760.1	0
ENSMUSG00000113761.1	0
ENSMUSG00000113762.1	0
ENSMUSG00000113763.1	0
ENSMUSG00000113764.1	0
ENSMUSG00000113765.1	0
ENSMUSG00000113766.1	0
ENSMUSG00000113767.1	0
ENSMUSG00000113768.1	0
ENSMUSG00000113769.1	0.798806
ENSMUSG00000113770.1	0
ENSMUSG00000113771.1	0.745925
ENSMUSG00000113772.1	0
ENSMUSG00000113773.1	0
ENSMUSG00000113774.1	0.641239
ENSMUSG00000113775.1	0.025791
ENSMUSG00000113776.1	0
ENSMUSG00000113777.1	0
ENSMUSG00000113778.1	0.365159
ENSMUSG00000113779.1	0
ENSMUSG00000113780.1	0.103762
ENSMUSG00000113781.1	1.782037
ENSMUSG00000113782.1	0
ENSMUSG00000113783.1	0
ENSMUSG00000113784.1	0
ENSMUSG00000113785.1	0
ENSMUSG00000113786.1	1.9212
ENSMUSG00000113787.1	0
ENSMUSG00000113788.1	0
ENSMUSG00000113789.1	0
ENSMUSG00000113790.1	0
ENSMUSG00000113791.1	0
ENSMUSG00000113792.1	0
ENSMUSG00000113793.1	0
ENSMUSG00000113794.1	0
ENSMUSG00000113795.1	0
ENSMUSG00000113796.1	0
ENSMUSG00000113797.1	0
ENSMUSG00000113798.1	3.100069
ENSMUSG00000113799.1	0
ENSMUSG00000113800.1	0
ENSMUSG00000113801.1	0
ENSMUSG00000113802.1	0
ENSMUSG00000113803.1	0
ENSMUSG00000113804.1	0
ENSMUSG00000113805.1	0
ENSMUSG00000113806.1	0
ENSMUSG00000113807.1	0
ENSMUSG00000113808.1	0
ENSMUSG00000113809.1	0
ENSMUSG00000113810.1	0
ENSMUSG00000113811.1	0.018575
ENSMUSG00000113812.1	0.083126
ENSMUSG00000113813.1	0
ENSMUSG00000113814.1	0
ENSMUSG00000113815.1	0
ENSMUSG00000113816.1	0
ENSMUSG00000113817.1	0
ENSMUSG00000113818.1	0
ENSMUSG00000113819.1	0
ENSMUSG00000113820.2	0
ENSMUSG00000113821.1	0
ENSMUSG00000113822.1	0
ENSMUSG00000113823.1	0
ENSMUSG00000113824.1	0
ENSMUSG00000113825.1	0
ENSMUSG00000113826.1	0
ENSMUSG00000113827.1	0
ENSMUSG00000113828.1	0
ENSMUSG00000113829.1	0
ENSMUSG00000113830.1	0
ENSMUSG00000113831.1	1.414375
ENSMUSG00000113832.1	0
ENSMUSG00000113833.1	0
ENSMUSG00000113834.1	0
ENSMUSG00000113835.1	0.339311
ENSMUSG00000113836.1	0.055368
ENSMUSG00000113837.1	0
ENSMUSG00000113838.1	0
ENSMUSG00000113840.1	0
ENSMUSG00000113841.1	0.11916
ENSMUSG00000113842.1	0
ENSMUSG00000113843.1	0
ENSMUSG00000113844.1	0
ENSMUSG00000113845.1	0
ENSMUSG00000113846.1	0
ENSMUSG00000113847.1	0
ENSMUSG00000113848.1	0
ENSMUSG00000113849.1	0
ENSMUSG00000113850.1	0
ENSMUSG00000113851.1	0
ENSMUSG00000113852.1	0.022917
ENSMUSG00000113853.1	0
ENSMUSG00000113854.1	0
ENSMUSG00000113855.1	0
ENSMUSG00000113856.1	0.331966
ENSMUSG00000113857.1	0
ENSMUSG00000113858.1	0
ENSMUSG00000113859.1	0
ENSMUSG00000113860.1	0.017866
ENSMUSG00000113861.1	0
ENSMUSG00000113862.1	0
ENSMUSG00000113863.1	0
ENSMUSG00000113864.1	0
ENSMUSG00000113865.1	0
ENSMUSG00000113866.1	0
ENSMUSG00000113867.1	0
ENSMUSG00000113868.1	0
ENSMUSG00000113869.1	0
ENSMUSG00000113870.1	0
ENSMUSG00000113871.1	0.096023
ENSMUSG00000113872.1	0
ENSMUSG00000113873.1	0
ENSMUSG00000113874.1	0
ENSMUSG00000113875.1	0
ENSMUSG00000113876.1	1.407286
ENSMUSG00000113877.1	0
ENSMUSG00000113878.1	0
ENSMUSG00000113879.1	0
ENSMUSG00000113880.1	0.133573
ENSMUSG00000113881.1	0
ENSMUSG00000113882.1	0
ENSMUSG00000113883.1	0.058
ENSMUSG00000113884.1	0
ENSMUSG00000113885.1	0
ENSMUSG00000113886.1	0
ENSMUSG00000113887.1	0
ENSMUSG00000113888.1	0
ENSMUSG00000113889.1	0
ENSMUSG00000113890.1	0
ENSMUSG00000113891.1	0
ENSMUSG00000113892.1	0.039897
ENSMUSG00000113893.1	0
ENSMUSG00000113894.1	0.053003
ENSMUSG00000113895.1	0
ENSMUSG00000113896.1	0
ENSMUSG00000113897.1	0
ENSMUSG00000113898.1	0
ENSMUSG00000113899.1	0
ENSMUSG00000113900.1	0
ENSMUSG00000113901.1	0
ENSMUSG00000113902.1	277.187419
ENSMUSG00000113903.1	0
ENSMUSG00000113904.1	0
ENSMUSG00000113905.1	0
ENSMUSG00000113906.1	0
ENSMUSG00000113907.1	0
ENSMUSG00000113908.1	0
ENSMUSG00000113909.1	0
ENSMUSG00000113910.1	0
ENSMUSG00000113911.1	0
ENSMUSG00000113912.1	0
ENSMUSG00000113913.1	0
ENSMUSG00000113914.1	0
ENSMUSG00000113915.1	0
ENSMUSG00000113916.2	0
ENSMUSG00000113917.1	0
ENSMUSG00000113918.1	0
ENSMUSG00000113919.1	0.936299
ENSMUSG00000113920.1	0
ENSMUSG00000113921.1	0
ENSMUSG00000113922.1	0
ENSMUSG00000113923.1	0
ENSMUSG00000113924.1	0
ENSMUSG00000113925.1	0
ENSMUSG00000113926.1	0
ENSMUSG00000113927.1	0
ENSMUSG00000113928.1	0
ENSMUSG00000113929.1	0
ENSMUSG00000113930.1	0
ENSMUSG00000113931.1	0
ENSMUSG00000113932.1	0
ENSMUSG00000113933.1	0
ENSMUSG00000113934.1	0
ENSMUSG00000113935.1	0
ENSMUSG00000113936.1	0
ENSMUSG00000113937.1	0
ENSMUSG00000113938.1	0
ENSMUSG00000113939.1	0
ENSMUSG00000113940.1	0
ENSMUSG00000113941.1	0
ENSMUSG00000113942.1	0
ENSMUSG00000113943.1	0
ENSMUSG00000113944.1	0
ENSMUSG00000113945.1	0
ENSMUSG00000113946.1	0
ENSMUSG00000113947.1	0
ENSMUSG00000113948.1	1.074874
ENSMUSG00000113949.1	44.266203
ENSMUSG00000113950.1	0
ENSMUSG00000113951.1	0
ENSMUSG00000113952.1	0
ENSMUSG00000113953.1	0
ENSMUSG00000113954.1	0
ENSMUSG00000113955.1	0
ENSMUSG00000113956.1	0
ENSMUSG00000113957.1	0
ENSMUSG00000113958.1	0
ENSMUSG00000113959.1	0
ENSMUSG00000113960.1	0.35532
ENSMUSG00000113961.1	0
ENSMUSG00000113962.1	0
ENSMUSG00000113963.1	0
ENSMUSG00000113964.1	0
ENSMUSG00000113965.1	0.023041
ENSMUSG00000113966.1	0.02042
ENSMUSG00000113967.1	0
ENSMUSG00000113968.1	0
ENSMUSG00000113969.1	0
ENSMUSG00000113970.1	0
ENSMUSG00000113971.1	0
ENSMUSG00000113972.1	0
ENSMUSG00000113973.1	0
ENSMUSG00000113974.1	0
ENSMUSG00000113975.1	0.139791
ENSMUSG00000113976.1	0
ENSMUSG00000113977.1	0
ENSMUSG00000113978.1	0
ENSMUSG00000113979.1	0
ENSMUSG00000113980.1	0
ENSMUSG00000113981.1	0
ENSMUSG00000113982.1	0
ENSMUSG00000113983.1	0
ENSMUSG00000113984.1	0
ENSMUSG00000113985.1	0
ENSMUSG00000113986.1	0.218872
ENSMUSG00000113987.1	0
ENSMUSG00000113989.1	0
ENSMUSG00000113990.1	0
ENSMUSG00000113991.1	0
ENSMUSG00000113992.1	0
ENSMUSG00000113993.1	0
ENSMUSG00000113994.1	0
ENSMUSG00000113995.1	0
ENSMUSG00000113996.1	0
ENSMUSG00000113997.1	0
ENSMUSG00000113998.1	0
ENSMUSG00000113999.1	0
ENSMUSG00000114000.1	0
ENSMUSG00000114001.1	0
ENSMUSG00000114002.1	0
ENSMUSG00000114003.1	0.561169
ENSMUSG00000114004.1	0
ENSMUSG00000114005.1	0
ENSMUSG00000114006.1	0
ENSMUSG00000114007.1	0
ENSMUSG00000114008.1	0
ENSMUSG00000114009.1	0
ENSMUSG00000114010.1	0
ENSMUSG00000114011.1	0
ENSMUSG00000114012.1	0
ENSMUSG00000114013.1	0
ENSMUSG00000114014.1	0
ENSMUSG00000114015.1	0
ENSMUSG00000114016.1	0
ENSMUSG00000114017.1	0
ENSMUSG00000114018.1	0.055226
ENSMUSG00000114019.1	2.678161
ENSMUSG00000114020.1	0
ENSMUSG00000114021.1	0
ENSMUSG00000114022.1	0
ENSMUSG00000114023.1	0
ENSMUSG00000114024.1	0
ENSMUSG00000114025.1	0.081037
ENSMUSG00000114026.1	0
ENSMUSG00000114027.1	0
ENSMUSG00000114028.1	0.088473
ENSMUSG00000114029.1	0
ENSMUSG00000114030.1	0
ENSMUSG00000114031.1	0
ENSMUSG00000114032.1	0
ENSMUSG00000114033.1	0
ENSMUSG00000114034.1	0
ENSMUSG00000114035.1	0
ENSMUSG00000114036.1	0
ENSMUSG00000114037.1	0
ENSMUSG00000114038.1	0
ENSMUSG00000114039.1	0
ENSMUSG00000114040.1	0
ENSMUSG00000114041.2	1.075918
ENSMUSG00000114042.1	0
ENSMUSG00000114043.1	0
ENSMUSG00000114044.1	0
ENSMUSG00000114045.1	0.74135
ENSMUSG00000114046.1	0
ENSMUSG00000114047.1	0
ENSMUSG00000114048.1	0
ENSMUSG00000114049.1	0
ENSMUSG00000114050.1	0
ENSMUSG00000114051.1	0.114276
ENSMUSG00000114052.1	0
ENSMUSG00000114053.1	0
ENSMUSG00000114054.1	0
ENSMUSG00000114055.1	0
ENSMUSG00000114056.1	0
ENSMUSG00000114057.1	0
ENSMUSG00000114058.1	0
ENSMUSG00000114059.1	0
ENSMUSG00000114060.1	0
ENSMUSG00000114061.1	0.079342
ENSMUSG00000114062.1	0
ENSMUSG00000114063.1	0
ENSMUSG00000114064.1	0
ENSMUSG00000114065.1	0
ENSMUSG00000114066.1	0
ENSMUSG00000114067.1	0
ENSMUSG00000114068.1	0
ENSMUSG00000114069.1	0.069936
ENSMUSG00000114070.1	0
ENSMUSG00000114071.1	0
ENSMUSG00000114072.1	0
ENSMUSG00000114073.1	0
ENSMUSG00000114074.1	0
ENSMUSG00000114075.1	0
ENSMUSG00000114076.1	0
ENSMUSG00000114077.1	0
ENSMUSG00000114078.1	0
ENSMUSG00000114079.1	0
ENSMUSG00000114080.1	0
ENSMUSG00000114081.1	0
ENSMUSG00000114082.1	0.064637
ENSMUSG00000114083.1	0
ENSMUSG00000114084.1	0
ENSMUSG00000114085.1	0
ENSMUSG00000114086.1	0
ENSMUSG00000114087.1	0
ENSMUSG00000114088.1	0
ENSMUSG00000114089.1	0
ENSMUSG00000114090.1	0
ENSMUSG00000114091.1	0
ENSMUSG00000114092.1	0
ENSMUSG00000114093.1	0
ENSMUSG00000114094.1	0
ENSMUSG00000114095.1	0
ENSMUSG00000114096.1	0
ENSMUSG00000114097.1	0
ENSMUSG00000114098.1	0
ENSMUSG00000114099.1	0.705106
ENSMUSG00000114100.1	0
ENSMUSG00000114101.1	0
ENSMUSG00000114102.1	0
ENSMUSG00000114103.1	0
ENSMUSG00000114104.1	0
ENSMUSG00000114105.1	0
ENSMUSG00000114106.1	0
ENSMUSG00000114107.1	0
ENSMUSG00000114108.1	0
ENSMUSG00000114109.1	0
ENSMUSG00000114110.1	0
ENSMUSG00000114111.1	0
ENSMUSG00000114112.1	0
ENSMUSG00000114113.1	0
ENSMUSG00000114114.1	0
ENSMUSG00000114115.1	0
ENSMUSG00000114117.1	0.170801
ENSMUSG00000114118.1	0
ENSMUSG00000114119.1	0
ENSMUSG00000114120.1	0
ENSMUSG00000114121.1	0
ENSMUSG00000114122.1	0
ENSMUSG00000114123.1	0
ENSMUSG00000114124.1	0
ENSMUSG00000114125.1	0
ENSMUSG00000114126.1	0
ENSMUSG00000114127.1	0
ENSMUSG00000114128.1	0
ENSMUSG00000114129.1	0
ENSMUSG00000114130.1	0
ENSMUSG00000114131.1	0
ENSMUSG00000114132.1	0
ENSMUSG00000114133.1	5.037395
ENSMUSG00000114134.1	0
ENSMUSG00000114135.1	0.100548
ENSMUSG00000114136.1	0
ENSMUSG00000114137.1	0
ENSMUSG00000114138.1	0.049978
ENSMUSG00000114139.1	0.075983
ENSMUSG00000114140.1	0
ENSMUSG00000114141.1	0
ENSMUSG00000114142.1	0
ENSMUSG00000114143.1	0
ENSMUSG00000114144.1	0.610949
ENSMUSG00000114145.1	0
ENSMUSG00000114147.1	0.089707
ENSMUSG00000114148.1	0.021469
ENSMUSG00000114149.1	0
ENSMUSG00000114150.1	0
ENSMUSG00000114151.1	0
ENSMUSG00000114152.1	0
ENSMUSG00000114153.1	0
ENSMUSG00000114154.1	0
ENSMUSG00000114155.1	0
ENSMUSG00000114156.1	0
ENSMUSG00000114157.1	0.07314
ENSMUSG00000114158.1	0
ENSMUSG00000114159.1	0
ENSMUSG00000114160.1	0
ENSMUSG00000114161.1	0
ENSMUSG00000114162.1	0
ENSMUSG00000114163.1	0.03183
ENSMUSG00000114164.1	0
ENSMUSG00000114165.1	0.121871
ENSMUSG00000114166.1	0
ENSMUSG00000114167.1	0
ENSMUSG00000114168.1	0
ENSMUSG00000114169.1	0
ENSMUSG00000114170.1	0
ENSMUSG00000114171.1	0
ENSMUSG00000114172.1	0.331263
ENSMUSG00000114173.1	0
ENSMUSG00000114174.1	0
ENSMUSG00000114175.1	0
ENSMUSG00000114176.1	0
ENSMUSG00000114177.1	0
ENSMUSG00000114178.1	0
ENSMUSG00000114179.1	0.821358
ENSMUSG00000114180.1	0
ENSMUSG00000114181.1	0.763002
ENSMUSG00000114182.1	0
ENSMUSG00000114183.1	0
ENSMUSG00000114184.1	1.175496
ENSMUSG00000114185.1	0
ENSMUSG00000114186.1	0
ENSMUSG00000114187.1	0
ENSMUSG00000114188.1	0
ENSMUSG00000114189.1	0
ENSMUSG00000114190.1	0.074804
ENSMUSG00000114191.1	0
ENSMUSG00000114192.1	0
ENSMUSG00000114193.1	0
ENSMUSG00000114194.1	0
ENSMUSG00000114195.1	0
ENSMUSG00000114196.1	0.137896
ENSMUSG00000114197.1	0
ENSMUSG00000114198.1	0
ENSMUSG00000114199.1	0
ENSMUSG00000114200.1	0.036469
ENSMUSG00000114201.1	0
ENSMUSG00000114202.1	0
ENSMUSG00000114203.1	0
ENSMUSG00000114204.1	0
ENSMUSG00000114205.1	0
ENSMUSG00000114206.1	0
ENSMUSG00000114207.1	0
ENSMUSG00000114208.1	0
ENSMUSG00000114209.1	0
ENSMUSG00000114210.2	0.490772
ENSMUSG00000114211.1	0
ENSMUSG00000114212.1	0
ENSMUSG00000114213.1	0
ENSMUSG00000114214.1	0
ENSMUSG00000114215.1	0
ENSMUSG00000114216.1	0
ENSMUSG00000114217.1	0
ENSMUSG00000114218.1	0
ENSMUSG00000114219.1	0
ENSMUSG00000114220.1	0.602021
ENSMUSG00000114221.1	0
ENSMUSG00000114222.1	0
ENSMUSG00000114223.1	0
ENSMUSG00000114224.1	0
ENSMUSG00000114225.1	0
ENSMUSG00000114226.1	0
ENSMUSG00000114227.1	0
ENSMUSG00000114228.1	0
ENSMUSG00000114229.1	0
ENSMUSG00000114230.1	0
ENSMUSG00000114231.1	0
ENSMUSG00000114232.1	0
ENSMUSG00000114233.1	0
ENSMUSG00000114234.1	0.093518
ENSMUSG00000114235.1	0
ENSMUSG00000114236.1	0
ENSMUSG00000114237.1	0
ENSMUSG00000114238.1	0
ENSMUSG00000114239.1	0
ENSMUSG00000114240.1	0
ENSMUSG00000114241.1	0.306508
ENSMUSG00000114242.1	0
ENSMUSG00000114243.1	0
ENSMUSG00000114244.1	0
ENSMUSG00000114245.1	0
ENSMUSG00000114246.1	0
ENSMUSG00000114247.1	0
ENSMUSG00000114248.1	0
ENSMUSG00000114249.1	0
ENSMUSG00000114250.2	0
ENSMUSG00000114251.1	0.394072
ENSMUSG00000114252.1	0
ENSMUSG00000114253.1	0.023104
ENSMUSG00000114254.1	0
ENSMUSG00000114255.1	0.025652
ENSMUSG00000114256.1	0
ENSMUSG00000114257.1	0
ENSMUSG00000114258.1	0
ENSMUSG00000114259.1	0
ENSMUSG00000114260.1	0
ENSMUSG00000114261.1	0
ENSMUSG00000114262.1	0
ENSMUSG00000114263.1	0
ENSMUSG00000114264.1	0
ENSMUSG00000114265.1	0
ENSMUSG00000114266.1	0
ENSMUSG00000114267.1	0
ENSMUSG00000114268.1	0
ENSMUSG00000114270.1	0
ENSMUSG00000114271.1	0.642739
ENSMUSG00000114272.1	0
ENSMUSG00000114273.1	0
ENSMUSG00000114274.1	0
ENSMUSG00000114275.1	0
ENSMUSG00000114276.1	0
ENSMUSG00000114277.1	0
ENSMUSG00000114278.2	0.63365
ENSMUSG00000114279.1	0
ENSMUSG00000114280.1	0
ENSMUSG00000114281.1	0
ENSMUSG00000114282.1	0
ENSMUSG00000114283.1	0
ENSMUSG00000114284.1	0.070826
ENSMUSG00000114285.1	0
ENSMUSG00000114286.1	0
ENSMUSG00000114287.1	0
ENSMUSG00000114288.1	0
ENSMUSG00000114289.1	0
ENSMUSG00000114290.1	0
ENSMUSG00000114291.1	0
ENSMUSG00000114292.1	0
ENSMUSG00000114293.1	0
ENSMUSG00000114294.1	0
ENSMUSG00000114295.1	0
ENSMUSG00000114296.1	0
ENSMUSG00000114297.1	0
ENSMUSG00000114298.1	0
ENSMUSG00000114299.1	0
ENSMUSG00000114300.1	0
ENSMUSG00000114301.1	0
ENSMUSG00000114302.1	0
ENSMUSG00000114303.1	0
ENSMUSG00000114304.1	0
ENSMUSG00000114305.1	0
ENSMUSG00000114306.1	0
ENSMUSG00000114307.1	0
ENSMUSG00000114308.1	0
ENSMUSG00000114309.1	1.944823
ENSMUSG00000114310.1	0
ENSMUSG00000114311.1	0.042052
ENSMUSG00000114312.1	0
ENSMUSG00000114313.1	0
ENSMUSG00000114314.1	0
ENSMUSG00000114315.1	0
ENSMUSG00000114316.1	0
ENSMUSG00000114317.1	0
ENSMUSG00000114318.1	0
ENSMUSG00000114319.1	0
ENSMUSG00000114320.1	0
ENSMUSG00000114321.1	0.157563
ENSMUSG00000114322.1	0
ENSMUSG00000114323.1	0
ENSMUSG00000114324.1	0
ENSMUSG00000114325.1	0
ENSMUSG00000114326.1	0
ENSMUSG00000114327.1	0
ENSMUSG00000114328.1	0
ENSMUSG00000114329.1	0
ENSMUSG00000114330.1	0
ENSMUSG00000114331.1	0
ENSMUSG00000114332.1	0
ENSMUSG00000114333.1	0
ENSMUSG00000114334.1	0
ENSMUSG00000114335.1	0
ENSMUSG00000114336.1	0
ENSMUSG00000114337.1	0
ENSMUSG00000114338.1	0
ENSMUSG00000114339.1	0
ENSMUSG00000114340.1	0
ENSMUSG00000114341.1	0
ENSMUSG00000114342.1	0
ENSMUSG00000114343.1	0
ENSMUSG00000114344.1	0
ENSMUSG00000114345.1	0
ENSMUSG00000114346.1	0
ENSMUSG00000114347.1	0
ENSMUSG00000114348.1	0
ENSMUSG00000114349.1	0
ENSMUSG00000114350.1	0
ENSMUSG00000114352.1	0
ENSMUSG00000114353.1	0
ENSMUSG00000114354.1	0.30548
ENSMUSG00000114355.1	0
ENSMUSG00000114356.1	0
ENSMUSG00000114357.1	0
ENSMUSG00000114358.1	0
ENSMUSG00000114359.1	0
ENSMUSG00000114360.1	0
ENSMUSG00000114361.1	0
ENSMUSG00000114362.1	0
ENSMUSG00000114363.1	0
ENSMUSG00000114364.1	0
ENSMUSG00000114365.1	0
ENSMUSG00000114366.1	0
ENSMUSG00000114367.1	0
ENSMUSG00000114368.1	0
ENSMUSG00000114369.1	0
ENSMUSG00000114370.1	0
ENSMUSG00000114371.1	0
ENSMUSG00000114372.1	0
ENSMUSG00000114373.1	0
ENSMUSG00000114374.1	0
ENSMUSG00000114375.1	0
ENSMUSG00000114376.1	0
ENSMUSG00000114377.1	0
ENSMUSG00000114378.1	0
ENSMUSG00000114379.1	0
ENSMUSG00000114380.1	0
ENSMUSG00000114381.1	0
ENSMUSG00000114382.1	0.504691
ENSMUSG00000114383.1	0
ENSMUSG00000114384.1	0
ENSMUSG00000114385.1	0
ENSMUSG00000114386.1	0
ENSMUSG00000114387.1	0
ENSMUSG00000114388.1	0.192099
ENSMUSG00000114389.1	0
ENSMUSG00000114390.1	0
ENSMUSG00000114391.1	0
ENSMUSG00000114392.1	0
ENSMUSG00000114393.1	0.114743
ENSMUSG00000114394.1	0
ENSMUSG00000114395.1	0
ENSMUSG00000114396.1	0.411475
ENSMUSG00000114397.1	0
ENSMUSG00000114398.1	0
ENSMUSG00000114399.1	0
ENSMUSG00000114400.1	0
ENSMUSG00000114401.1	0.725835
ENSMUSG00000114402.1	0
ENSMUSG00000114403.1	0
ENSMUSG00000114404.1	0
ENSMUSG00000114405.1	0
ENSMUSG00000114406.1	0
ENSMUSG00000114407.1	0
ENSMUSG00000114408.1	0
ENSMUSG00000114409.1	0
ENSMUSG00000114410.1	0
ENSMUSG00000114411.1	0
ENSMUSG00000114412.1	0
ENSMUSG00000114413.1	0
ENSMUSG00000114414.1	0
ENSMUSG00000114415.1	0
ENSMUSG00000114416.1	0
ENSMUSG00000114417.1	0
ENSMUSG00000114418.1	0
ENSMUSG00000114419.1	0.684203
ENSMUSG00000114420.1	0
ENSMUSG00000114421.1	0
ENSMUSG00000114422.1	0.13434
ENSMUSG00000114423.1	0
ENSMUSG00000114424.1	0.099346
ENSMUSG00000114425.1	0.036951
ENSMUSG00000114426.1	0
ENSMUSG00000114427.1	0
ENSMUSG00000114428.1	0
ENSMUSG00000114429.1	0
ENSMUSG00000114430.1	0
ENSMUSG00000114431.1	0
ENSMUSG00000114432.1	0.129243
ENSMUSG00000114433.1	0.054436
ENSMUSG00000114434.1	0
ENSMUSG00000114435.1	0
ENSMUSG00000114436.1	0.172789
ENSMUSG00000114437.1	0
ENSMUSG00000114438.1	0
ENSMUSG00000114439.1	0
ENSMUSG00000114440.1	0
ENSMUSG00000114441.1	0
ENSMUSG00000114442.1	0.549082
ENSMUSG00000114443.1	0
ENSMUSG00000114444.1	0
ENSMUSG00000114445.1	0
ENSMUSG00000114446.1	0.131485
ENSMUSG00000114447.1	0
ENSMUSG00000114448.1	0
ENSMUSG00000114449.1	0
ENSMUSG00000114450.1	0
ENSMUSG00000114451.1	0
ENSMUSG00000114452.1	0
ENSMUSG00000114453.1	0
ENSMUSG00000114454.1	0
ENSMUSG00000114455.1	0
ENSMUSG00000114456.1	0.01894
ENSMUSG00000114457.1	0.104718
ENSMUSG00000114458.1	2.167845
ENSMUSG00000114459.1	0
ENSMUSG00000114460.1	0
ENSMUSG00000114461.1	0
ENSMUSG00000114462.1	0
ENSMUSG00000114463.1	0
ENSMUSG00000114464.1	0
ENSMUSG00000114465.1	0
ENSMUSG00000114466.1	0
ENSMUSG00000114467.1	0
ENSMUSG00000114468.1	0
ENSMUSG00000114469.2	0.828228
ENSMUSG00000114470.1	0.366876
ENSMUSG00000114471.1	0
ENSMUSG00000114472.1	0
ENSMUSG00000114473.1	0
ENSMUSG00000114474.1	0
ENSMUSG00000114475.1	0
ENSMUSG00000114476.1	0
ENSMUSG00000114477.1	0
ENSMUSG00000114478.1	0
ENSMUSG00000114479.1	0.009786
ENSMUSG00000114480.1	0
ENSMUSG00000114481.1	0
ENSMUSG00000114482.1	0
ENSMUSG00000114483.1	0
ENSMUSG00000114484.1	0
ENSMUSG00000114485.1	0
ENSMUSG00000114486.1	0
ENSMUSG00000114487.1	0
ENSMUSG00000114488.1	0.106873
ENSMUSG00000114489.2	0
ENSMUSG00000114490.1	0
ENSMUSG00000114491.1	0.467754
ENSMUSG00000114492.1	0.009526
ENSMUSG00000114493.2	0.06051
ENSMUSG00000114494.1	0
ENSMUSG00000114495.1	0
ENSMUSG00000114496.1	0
ENSMUSG00000114497.1	0
ENSMUSG00000114498.1	0
ENSMUSG00000114499.1	0
ENSMUSG00000114500.1	0.79421
ENSMUSG00000114501.1	0.004481
ENSMUSG00000114502.1	0
ENSMUSG00000114503.1	0
ENSMUSG00000114504.1	0
ENSMUSG00000114505.1	0
ENSMUSG00000114506.1	0
ENSMUSG00000114507.1	0
ENSMUSG00000114508.1	0
ENSMUSG00000114509.1	0.108739
ENSMUSG00000114510.1	0
ENSMUSG00000114511.1	0
ENSMUSG00000114512.1	0
ENSMUSG00000114513.1	0
ENSMUSG00000114514.1	0
ENSMUSG00000114515.2	0.844065
ENSMUSG00000114516.1	0
ENSMUSG00000114517.1	0
ENSMUSG00000114518.1	0
ENSMUSG00000114519.1	0
ENSMUSG00000114520.1	0
ENSMUSG00000114521.1	0
ENSMUSG00000114522.1	0
ENSMUSG00000114523.1	0
ENSMUSG00000114524.1	0
ENSMUSG00000114525.1	0
ENSMUSG00000114526.1	0
ENSMUSG00000114527.2	0
ENSMUSG00000114528.1	0
ENSMUSG00000114529.1	0
ENSMUSG00000114530.1	0
ENSMUSG00000114531.1	0
ENSMUSG00000114532.1	0
ENSMUSG00000114533.1	0
ENSMUSG00000114534.1	0
ENSMUSG00000114535.1	0.012869
ENSMUSG00000114536.1	0
ENSMUSG00000114537.1	0
ENSMUSG00000114538.1	0
ENSMUSG00000114539.1	0
ENSMUSG00000114540.1	0.361552
ENSMUSG00000114541.1	0
ENSMUSG00000114542.1	0
ENSMUSG00000114543.1	0
ENSMUSG00000114544.1	0.112672
ENSMUSG00000114545.1	0
ENSMUSG00000114546.1	0
ENSMUSG00000114547.1	73.013314
ENSMUSG00000114548.1	0
ENSMUSG00000114549.1	0
ENSMUSG00000114550.1	0
ENSMUSG00000114551.1	0.027119
ENSMUSG00000114552.1	0.381316
ENSMUSG00000114553.1	0
ENSMUSG00000114554.1	0
ENSMUSG00000114555.1	0
ENSMUSG00000114556.1	0
ENSMUSG00000114557.1	0
ENSMUSG00000114558.1	0
ENSMUSG00000114559.1	0
ENSMUSG00000114560.1	0
ENSMUSG00000114561.1	0
ENSMUSG00000114562.1	0
ENSMUSG00000114563.1	0
ENSMUSG00000114564.1	0
ENSMUSG00000114565.1	0
ENSMUSG00000114566.1	0
ENSMUSG00000114567.1	0
ENSMUSG00000114568.1	0
ENSMUSG00000114569.1	0
ENSMUSG00000114570.1	0
ENSMUSG00000114571.1	0.972777
ENSMUSG00000114572.1	0
ENSMUSG00000114573.1	0
ENSMUSG00000114574.1	0
ENSMUSG00000114575.1	0
ENSMUSG00000114576.1	0
ENSMUSG00000114577.1	0
ENSMUSG00000114578.1	0
ENSMUSG00000114579.1	0.259733
ENSMUSG00000114580.1	0
ENSMUSG00000114581.1	0
ENSMUSG00000114582.1	0
ENSMUSG00000114583.1	0
ENSMUSG00000114584.1	0.026588
ENSMUSG00000114585.1	0
ENSMUSG00000114586.1	0
ENSMUSG00000114587.1	0
ENSMUSG00000114588.1	0
ENSMUSG00000114589.1	0
ENSMUSG00000114590.1	0.024771
ENSMUSG00000114591.1	0
ENSMUSG00000114592.1	0
ENSMUSG00000114593.1	0
ENSMUSG00000114594.1	0
ENSMUSG00000114595.1	0
ENSMUSG00000114596.1	0
ENSMUSG00000114597.1	0
ENSMUSG00000114598.1	0
ENSMUSG00000114599.1	0
ENSMUSG00000114600.1	0
ENSMUSG00000114601.1	0
ENSMUSG00000114602.1	0
ENSMUSG00000114603.1	0
ENSMUSG00000114604.1	0
ENSMUSG00000114605.1	0
ENSMUSG00000114606.1	0
ENSMUSG00000114607.1	0
ENSMUSG00000114608.1	0.021031
ENSMUSG00000114609.1	0
ENSMUSG00000114610.1	0.043874
ENSMUSG00000114611.1	0
ENSMUSG00000114612.1	0
ENSMUSG00000114613.1	0
ENSMUSG00000114614.1	0
ENSMUSG00000114615.1	0
ENSMUSG00000114616.1	0
ENSMUSG00000114617.1	0
ENSMUSG00000114618.1	0.012834
ENSMUSG00000114619.1	0.157963
ENSMUSG00000114620.2	0
ENSMUSG00000114621.1	0.665078
ENSMUSG00000114622.1	0
ENSMUSG00000114623.1	0
ENSMUSG00000114624.1	0
ENSMUSG00000114625.1	0
ENSMUSG00000114626.1	0
ENSMUSG00000114627.1	0
ENSMUSG00000114628.1	0
ENSMUSG00000114629.1	0
ENSMUSG00000114630.1	0
ENSMUSG00000114631.1	0
ENSMUSG00000114632.1	0
ENSMUSG00000114633.1	0.322996
ENSMUSG00000114634.1	0
ENSMUSG00000114635.1	0
ENSMUSG00000114636.1	0
ENSMUSG00000114637.1	0
ENSMUSG00000114638.1	0.008508
ENSMUSG00000114639.1	0.556171
ENSMUSG00000114640.1	0
ENSMUSG00000114641.1	0
ENSMUSG00000114642.1	0
ENSMUSG00000114643.1	0
ENSMUSG00000114644.1	0
ENSMUSG00000114645.1	0
ENSMUSG00000114646.1	0
ENSMUSG00000114647.1	0
ENSMUSG00000114648.1	0
ENSMUSG00000114649.1	0.057339
ENSMUSG00000114650.1	0
ENSMUSG00000114651.1	0
ENSMUSG00000114652.1	0
ENSMUSG00000114653.1	0
ENSMUSG00000114654.1	0
ENSMUSG00000114655.1	0
ENSMUSG00000114656.1	0
ENSMUSG00000114657.1	0
ENSMUSG00000114658.1	0
ENSMUSG00000114659.1	0
ENSMUSG00000114660.1	0
ENSMUSG00000114661.1	0
ENSMUSG00000114662.1	0.473369
ENSMUSG00000114663.1	0
ENSMUSG00000114664.1	0
ENSMUSG00000114665.1	0
ENSMUSG00000114666.1	0
ENSMUSG00000114667.1	0
ENSMUSG00000114668.1	0
ENSMUSG00000114669.1	0
ENSMUSG00000114670.1	0
ENSMUSG00000114671.1	0
ENSMUSG00000114672.1	0
ENSMUSG00000114673.1	0
ENSMUSG00000114674.1	0
ENSMUSG00000114675.1	0
ENSMUSG00000114676.1	0
ENSMUSG00000114677.1	0.615794
ENSMUSG00000114678.1	0
ENSMUSG00000114679.1	0
ENSMUSG00000114680.1	0.168865
ENSMUSG00000114681.1	0
ENSMUSG00000114682.1	0
ENSMUSG00000114683.1	0
ENSMUSG00000114684.2	0
ENSMUSG00000114685.1	0
ENSMUSG00000114686.1	0
ENSMUSG00000114687.1	0.034161
ENSMUSG00000114688.1	0
ENSMUSG00000114689.1	0
ENSMUSG00000114690.1	0
ENSMUSG00000114691.1	0
ENSMUSG00000114692.1	0
ENSMUSG00000114693.1	0.067916
ENSMUSG00000114694.1	0
ENSMUSG00000114695.1	0
ENSMUSG00000114696.1	0
ENSMUSG00000114697.1	0
ENSMUSG00000114698.1	0
ENSMUSG00000114699.1	0
ENSMUSG00000114700.1	0
ENSMUSG00000114701.1	0
ENSMUSG00000114702.2	0.051122
ENSMUSG00000114703.1	0
ENSMUSG00000114704.1	0
ENSMUSG00000114705.1	0
ENSMUSG00000114706.1	0
ENSMUSG00000114707.1	0
ENSMUSG00000114708.1	0.069598
ENSMUSG00000114709.1	0.172523
ENSMUSG00000114710.1	0
ENSMUSG00000114711.1	0
ENSMUSG00000114712.1	0
ENSMUSG00000114713.1	0
ENSMUSG00000114714.1	0
ENSMUSG00000114715.1	0
ENSMUSG00000114717.1	0
ENSMUSG00000114718.1	0
ENSMUSG00000114719.1	0.123384
ENSMUSG00000114720.1	0
ENSMUSG00000114721.1	0
ENSMUSG00000114722.1	0
ENSMUSG00000114723.1	0
ENSMUSG00000114724.1	0
ENSMUSG00000114725.1	0
ENSMUSG00000114726.1	0
ENSMUSG00000114727.1	0
ENSMUSG00000114728.1	0
ENSMUSG00000114729.1	0
ENSMUSG00000114730.1	0
ENSMUSG00000114731.1	0
ENSMUSG00000114732.1	0
ENSMUSG00000114733.1	0
ENSMUSG00000114734.1	0
ENSMUSG00000114735.1	0
ENSMUSG00000114736.1	0
ENSMUSG00000114737.1	0
ENSMUSG00000114738.1	0
ENSMUSG00000114739.1	0
ENSMUSG00000114740.1	0
ENSMUSG00000114741.1	0
ENSMUSG00000114742.1	1.306196
ENSMUSG00000114743.1	0.183256
ENSMUSG00000114744.1	0
ENSMUSG00000114745.1	0
ENSMUSG00000114746.1	0
ENSMUSG00000114747.1	0
ENSMUSG00000114748.1	0
ENSMUSG00000114749.1	0
ENSMUSG00000114750.1	0
ENSMUSG00000114751.1	0
ENSMUSG00000114752.1	0
ENSMUSG00000114753.1	0
ENSMUSG00000114754.1	0
ENSMUSG00000114755.1	0.059115
ENSMUSG00000114756.1	0
ENSMUSG00000114757.1	0
ENSMUSG00000114758.1	0
ENSMUSG00000114759.1	0.121448
ENSMUSG00000114760.1	0
ENSMUSG00000114761.1	0
ENSMUSG00000114762.1	0
ENSMUSG00000114763.1	0
ENSMUSG00000114764.1	0
ENSMUSG00000114765.1	0
ENSMUSG00000114766.1	0
ENSMUSG00000114767.1	0.0785
ENSMUSG00000114768.1	0
ENSMUSG00000114769.1	0
ENSMUSG00000114770.1	0
ENSMUSG00000114771.1	0.201528
ENSMUSG00000114772.1	0
ENSMUSG00000114773.1	0
ENSMUSG00000114774.1	0.164384
ENSMUSG00000114775.1	0
ENSMUSG00000114776.1	0
ENSMUSG00000114777.1	0
ENSMUSG00000114778.1	0
ENSMUSG00000114779.1	0
ENSMUSG00000114780.1	0.030647
ENSMUSG00000114781.1	0
ENSMUSG00000114782.1	0
ENSMUSG00000114783.1	0
ENSMUSG00000114784.1	0
ENSMUSG00000114785.1	0
ENSMUSG00000114786.1	0
ENSMUSG00000114787.1	0.109508
ENSMUSG00000114788.1	0
ENSMUSG00000114789.1	0
ENSMUSG00000114790.1	0
ENSMUSG00000114791.1	0
ENSMUSG00000114792.1	0
ENSMUSG00000114793.1	0
ENSMUSG00000114794.1	0
ENSMUSG00000114795.1	0
ENSMUSG00000114796.1	0.225873
ENSMUSG00000114797.1	10.356137
ENSMUSG00000114798.1	0
ENSMUSG00000114799.1	0
ENSMUSG00000114800.1	0
ENSMUSG00000114801.1	0
ENSMUSG00000114802.1	0
ENSMUSG00000114803.1	0
ENSMUSG00000114804.1	0
ENSMUSG00000114805.1	0.090956
ENSMUSG00000114806.1	0
ENSMUSG00000114807.1	0
ENSMUSG00000114808.1	0
ENSMUSG00000114809.1	0.038315
ENSMUSG00000114810.1	0
ENSMUSG00000114811.1	0
ENSMUSG00000114812.1	0
ENSMUSG00000114813.1	0
ENSMUSG00000114814.1	0
ENSMUSG00000114815.1	0
ENSMUSG00000114816.1	0
ENSMUSG00000114817.1	0
ENSMUSG00000114818.1	0
ENSMUSG00000114819.1	0
ENSMUSG00000114820.1	0
ENSMUSG00000114821.1	0
ENSMUSG00000114822.1	0.09005
ENSMUSG00000114823.1	0
ENSMUSG00000114824.1	0
ENSMUSG00000114825.1	0
ENSMUSG00000114826.2	0
ENSMUSG00000114827.1	0.060724
ENSMUSG00000114828.1	0
ENSMUSG00000114829.1	0
ENSMUSG00000114830.1	0.014228
ENSMUSG00000114831.1	0
ENSMUSG00000114832.2	0
ENSMUSG00000114833.1	0.182566
ENSMUSG00000114834.1	0
ENSMUSG00000114835.1	0
ENSMUSG00000114836.1	0.016036
ENSMUSG00000114837.1	0
ENSMUSG00000114838.1	0
ENSMUSG00000114839.1	0
ENSMUSG00000114840.1	0
ENSMUSG00000114841.1	0
ENSMUSG00000114842.1	3.504733
ENSMUSG00000114843.1	0
ENSMUSG00000114844.1	0
ENSMUSG00000114845.1	0
ENSMUSG00000114846.1	0
ENSMUSG00000114847.1	0
ENSMUSG00000114848.1	0
ENSMUSG00000114849.1	0
ENSMUSG00000114850.1	0
ENSMUSG00000114851.1	0.242782
ENSMUSG00000114852.1	0
ENSMUSG00000114853.1	0.096014
ENSMUSG00000114854.1	0
ENSMUSG00000114855.1	0
ENSMUSG00000114856.1	0
ENSMUSG00000114857.1	0
ENSMUSG00000114858.1	0.136066
ENSMUSG00000114859.1	0
ENSMUSG00000114860.1	0.193274
ENSMUSG00000114861.1	0
ENSMUSG00000114862.1	0
ENSMUSG00000114863.1	0
ENSMUSG00000114864.1	0
ENSMUSG00000114865.2	0.038821
ENSMUSG00000114866.1	0
ENSMUSG00000114867.1	0
ENSMUSG00000114868.1	0
ENSMUSG00000114869.1	0
ENSMUSG00000114870.1	0
ENSMUSG00000114871.1	0
ENSMUSG00000114872.1	0
ENSMUSG00000114873.1	0
ENSMUSG00000114874.1	0
ENSMUSG00000114875.1	0
ENSMUSG00000114876.1	0
ENSMUSG00000114877.1	0
ENSMUSG00000114878.1	0
ENSMUSG00000114879.1	0
ENSMUSG00000114880.1	0
ENSMUSG00000114881.1	0
ENSMUSG00000114882.1	0
ENSMUSG00000114883.1	0.332384
ENSMUSG00000114884.1	0
ENSMUSG00000114885.1	0
ENSMUSG00000114886.1	0.073409
ENSMUSG00000114887.1	0
ENSMUSG00000114888.1	0
ENSMUSG00000114889.1	0
ENSMUSG00000114890.1	0
ENSMUSG00000114891.1	0
ENSMUSG00000114892.1	0
ENSMUSG00000114893.1	0
ENSMUSG00000114894.1	0
ENSMUSG00000114895.1	0
ENSMUSG00000114896.1	0
ENSMUSG00000114897.1	0
ENSMUSG00000114898.1	0
ENSMUSG00000114899.1	0
ENSMUSG00000114900.1	0
ENSMUSG00000114901.1	0
ENSMUSG00000114902.1	0.244605
ENSMUSG00000114903.1	0.129571
ENSMUSG00000114904.1	0
ENSMUSG00000114905.1	0
ENSMUSG00000114906.1	0
ENSMUSG00000114907.1	0.071648
ENSMUSG00000114908.1	0
ENSMUSG00000114909.1	0
ENSMUSG00000114910.1	0
ENSMUSG00000114911.1	0
ENSMUSG00000114912.1	0
ENSMUSG00000114913.1	0
ENSMUSG00000114914.1	0
ENSMUSG00000114915.1	0
ENSMUSG00000114916.1	0
ENSMUSG00000114917.1	0
ENSMUSG00000114918.1	0
ENSMUSG00000114919.1	0
ENSMUSG00000114920.1	0.100997
ENSMUSG00000114921.1	0
ENSMUSG00000114922.1	0
ENSMUSG00000114923.1	0
ENSMUSG00000114924.1	0
ENSMUSG00000114925.1	0.078296
ENSMUSG00000114926.1	0
ENSMUSG00000114927.1	0
ENSMUSG00000114928.1	0
ENSMUSG00000114929.1	0
ENSMUSG00000114930.1	0
ENSMUSG00000114931.1	0
ENSMUSG00000114932.1	0
ENSMUSG00000114933.1	0
ENSMUSG00000114934.1	0
ENSMUSG00000114935.1	0
ENSMUSG00000114936.1	0
ENSMUSG00000114937.1	0
ENSMUSG00000114938.1	0
ENSMUSG00000114939.1	0.019576
ENSMUSG00000114940.1	0
ENSMUSG00000114941.1	0
ENSMUSG00000114942.1	0
ENSMUSG00000114943.1	0
ENSMUSG00000114944.1	0
ENSMUSG00000114945.1	0
ENSMUSG00000114946.1	0
ENSMUSG00000114947.1	0
ENSMUSG00000114948.1	0
ENSMUSG00000114949.1	0
ENSMUSG00000114950.1	0
ENSMUSG00000114951.1	0.073764
ENSMUSG00000114952.1	0
ENSMUSG00000114953.1	0.210226
ENSMUSG00000114954.1	0
ENSMUSG00000114955.1	0
ENSMUSG00000114956.1	0
ENSMUSG00000114957.1	0
ENSMUSG00000114958.1	0
ENSMUSG00000114959.1	0.033705
ENSMUSG00000114960.1	0
ENSMUSG00000114961.1	0.084241
ENSMUSG00000114962.1	0
ENSMUSG00000114963.1	0
ENSMUSG00000114964.1	0
ENSMUSG00000114965.1	0
ENSMUSG00000114966.1	0
ENSMUSG00000114967.1	0
ENSMUSG00000114968.1	0.029879
ENSMUSG00000114969.1	0
ENSMUSG00000114970.1	0
ENSMUSG00000114971.1	0
ENSMUSG00000114972.1	0
ENSMUSG00000114973.1	0
ENSMUSG00000114974.1	0
ENSMUSG00000114975.1	0
ENSMUSG00000114976.1	0
ENSMUSG00000114977.1	0
ENSMUSG00000114978.1	0
ENSMUSG00000114979.1	0
ENSMUSG00000114980.1	0
ENSMUSG00000114981.1	0
ENSMUSG00000114982.1	0
ENSMUSG00000114983.1	0
ENSMUSG00000114984.1	0
ENSMUSG00000114985.1	0.10462
ENSMUSG00000114986.1	0
ENSMUSG00000114987.1	0
ENSMUSG00000114988.1	0
ENSMUSG00000114989.1	0
ENSMUSG00000114990.1	0
ENSMUSG00000114991.1	0
ENSMUSG00000114992.1	0
ENSMUSG00000114993.1	0.047761
ENSMUSG00000114994.1	0
ENSMUSG00000114995.1	0.742324
ENSMUSG00000114996.1	0
ENSMUSG00000114997.1	0
ENSMUSG00000114998.1	0
ENSMUSG00000114999.1	0.03949
ENSMUSG00000115000.1	0
ENSMUSG00000115001.1	0
ENSMUSG00000115002.1	0
ENSMUSG00000115003.1	0.19423
ENSMUSG00000115004.1	0
ENSMUSG00000115005.1	0
ENSMUSG00000115006.1	0
ENSMUSG00000115007.1	1.348191
ENSMUSG00000115008.1	0.087481
ENSMUSG00000115009.1	0
ENSMUSG00000115010.1	0
ENSMUSG00000115011.1	0
ENSMUSG00000115012.1	0
ENSMUSG00000115013.1	0
ENSMUSG00000115014.1	0
ENSMUSG00000115015.1	0
ENSMUSG00000115016.1	0
ENSMUSG00000115017.1	0
ENSMUSG00000115018.2	0
ENSMUSG00000115019.1	0
ENSMUSG00000115020.1	0
ENSMUSG00000115021.1	0
ENSMUSG00000115022.1	0
ENSMUSG00000115023.1	0
ENSMUSG00000115024.1	0
ENSMUSG00000115025.1	0
ENSMUSG00000115026.1	1.676023
ENSMUSG00000115027.1	0
ENSMUSG00000115028.1	0
ENSMUSG00000115029.1	0
ENSMUSG00000115030.1	0
ENSMUSG00000115031.1	0
ENSMUSG00000115032.1	0
ENSMUSG00000115033.1	0
ENSMUSG00000115034.1	0
ENSMUSG00000115035.1	0
ENSMUSG00000115036.1	0
ENSMUSG00000115037.1	0
ENSMUSG00000115038.1	0
ENSMUSG00000115039.1	0
ENSMUSG00000115040.1	0
ENSMUSG00000115041.1	0
ENSMUSG00000115042.1	0
ENSMUSG00000115043.1	0
ENSMUSG00000115044.1	0
ENSMUSG00000115045.1	0
ENSMUSG00000115046.1	0
ENSMUSG00000115047.1	0
ENSMUSG00000115048.1	0
ENSMUSG00000115049.1	0
ENSMUSG00000115050.1	0
ENSMUSG00000115051.1	0
ENSMUSG00000115052.1	0
ENSMUSG00000115053.1	0
ENSMUSG00000115054.1	0
ENSMUSG00000115056.1	0
ENSMUSG00000115057.1	0.118676
ENSMUSG00000115058.1	0
ENSMUSG00000115059.1	0
ENSMUSG00000115060.1	0.079837
ENSMUSG00000115061.1	0
ENSMUSG00000115062.1	0.018109
ENSMUSG00000115063.1	0
ENSMUSG00000115064.1	0
ENSMUSG00000115065.1	0
ENSMUSG00000115066.1	0
ENSMUSG00000115067.1	0
ENSMUSG00000115068.1	0
ENSMUSG00000115069.1	0
ENSMUSG00000115070.1	0
ENSMUSG00000115071.1	0
ENSMUSG00000115072.1	0
ENSMUSG00000115073.1	0
ENSMUSG00000115074.1	0.065322
ENSMUSG00000115075.1	0
ENSMUSG00000115076.1	0
ENSMUSG00000115077.1	0
ENSMUSG00000115079.1	0
ENSMUSG00000115080.1	0
ENSMUSG00000115081.1	0
ENSMUSG00000115082.1	0
ENSMUSG00000115083.1	0
ENSMUSG00000115084.1	0
ENSMUSG00000115085.1	0
ENSMUSG00000115086.1	0
ENSMUSG00000115087.1	0
ENSMUSG00000115088.1	0
ENSMUSG00000115089.1	0
ENSMUSG00000115090.1	0.064048
ENSMUSG00000115091.1	0
ENSMUSG00000115092.1	0
ENSMUSG00000115093.1	0
ENSMUSG00000115094.1	0
ENSMUSG00000115095.1	0
ENSMUSG00000115096.1	0.113813
ENSMUSG00000115097.1	0
ENSMUSG00000115098.1	0
ENSMUSG00000115099.1	1.745492
ENSMUSG00000115100.1	0.318221
ENSMUSG00000115101.1	0
ENSMUSG00000115102.1	0
ENSMUSG00000115103.1	0
ENSMUSG00000115104.1	0
ENSMUSG00000115105.1	0
ENSMUSG00000115106.1	0
ENSMUSG00000115107.1	0
ENSMUSG00000115108.1	0
ENSMUSG00000115109.1	2.18503
ENSMUSG00000115110.1	0
ENSMUSG00000115111.1	0
ENSMUSG00000115112.1	0
ENSMUSG00000115113.1	0
ENSMUSG00000115114.1	0
ENSMUSG00000115115.1	0
ENSMUSG00000115116.1	0
ENSMUSG00000115117.1	0
ENSMUSG00000115118.1	0
ENSMUSG00000115119.1	0
ENSMUSG00000115120.1	0
ENSMUSG00000115121.1	0
ENSMUSG00000115122.1	0.095942
ENSMUSG00000115123.1	0
ENSMUSG00000115124.1	0.630472
ENSMUSG00000115125.1	0
ENSMUSG00000115126.1	0
ENSMUSG00000115127.1	0
ENSMUSG00000115128.1	0
ENSMUSG00000115129.1	0
ENSMUSG00000115130.1	0
ENSMUSG00000115131.1	0
ENSMUSG00000115132.1	0
ENSMUSG00000115133.1	0
ENSMUSG00000115134.1	0
ENSMUSG00000115135.1	0
ENSMUSG00000115136.1	0
ENSMUSG00000115137.1	0
ENSMUSG00000115138.1	0
ENSMUSG00000115139.1	0
ENSMUSG00000115140.1	0
ENSMUSG00000115141.1	0.04322
ENSMUSG00000115142.1	0
ENSMUSG00000115143.1	0
ENSMUSG00000115144.1	0
ENSMUSG00000115145.1	0
ENSMUSG00000115146.1	0.105071
ENSMUSG00000115147.1	0
ENSMUSG00000115148.1	0
ENSMUSG00000115149.1	1.143924
ENSMUSG00000115150.1	0
ENSMUSG00000115151.1	0
ENSMUSG00000115152.1	0
ENSMUSG00000115153.1	0
ENSMUSG00000115154.1	0
ENSMUSG00000115155.1	0
ENSMUSG00000115156.1	0
ENSMUSG00000115157.1	0.071355
ENSMUSG00000115158.1	0
ENSMUSG00000115159.1	0
ENSMUSG00000115160.1	0.308451
ENSMUSG00000115161.1	0
ENSMUSG00000115162.1	0
ENSMUSG00000115163.1	0
ENSMUSG00000115164.2	0
ENSMUSG00000115165.1	0
ENSMUSG00000115166.1	0
ENSMUSG00000115167.1	0
ENSMUSG00000115168.1	0
ENSMUSG00000115169.1	0
ENSMUSG00000115170.1	0
ENSMUSG00000115171.1	0
ENSMUSG00000115172.1	0
ENSMUSG00000115173.1	0
ENSMUSG00000115174.1	0
ENSMUSG00000115175.1	0
ENSMUSG00000115176.1	0
ENSMUSG00000115177.1	0
ENSMUSG00000115178.1	0
ENSMUSG00000115179.1	0
ENSMUSG00000115180.1	0
ENSMUSG00000115181.1	0
ENSMUSG00000115182.1	0
ENSMUSG00000115183.1	0
ENSMUSG00000115184.1	0
ENSMUSG00000115185.1	0
ENSMUSG00000115186.1	0.038375
ENSMUSG00000115187.1	0
ENSMUSG00000115188.1	0
ENSMUSG00000115190.1	0
ENSMUSG00000115191.1	0
ENSMUSG00000115192.1	0
ENSMUSG00000115193.1	0.064935
ENSMUSG00000115194.1	2.185983
ENSMUSG00000115195.1	0
ENSMUSG00000115196.1	0
ENSMUSG00000115197.1	0
ENSMUSG00000115198.1	0
ENSMUSG00000115199.1	0
ENSMUSG00000115200.1	0
ENSMUSG00000115201.1	0
ENSMUSG00000115202.1	0
ENSMUSG00000115203.1	0
ENSMUSG00000115204.1	0
ENSMUSG00000115205.1	0.155034
ENSMUSG00000115206.1	0
ENSMUSG00000115207.1	0
ENSMUSG00000115208.1	0
ENSMUSG00000115209.1	0
ENSMUSG00000115210.1	0.032626
ENSMUSG00000115211.1	0
ENSMUSG00000115212.1	0.036603
ENSMUSG00000115213.1	0
ENSMUSG00000115214.1	0
ENSMUSG00000115215.1	0
ENSMUSG00000115216.1	0
ENSMUSG00000115217.1	0
ENSMUSG00000115218.1	0
ENSMUSG00000115219.2	1.902536
ENSMUSG00000115220.1	0.225797
ENSMUSG00000115221.1	0
ENSMUSG00000115222.1	0.827857
ENSMUSG00000115223.1	0.168126
ENSMUSG00000115224.1	0
ENSMUSG00000115225.1	0
ENSMUSG00000115226.1	0
ENSMUSG00000115227.1	0
ENSMUSG00000115228.1	0
ENSMUSG00000115229.1	0
ENSMUSG00000115230.1	0.046688
ENSMUSG00000115231.1	0
ENSMUSG00000115232.1	0
ENSMUSG00000115233.1	0
ENSMUSG00000115234.1	0
ENSMUSG00000115235.1	0
ENSMUSG00000115236.1	0
ENSMUSG00000115237.1	0
ENSMUSG00000115238.1	0
ENSMUSG00000115239.1	0
ENSMUSG00000115240.1	0.097573
ENSMUSG00000115241.1	0
ENSMUSG00000115242.1	0
ENSMUSG00000115243.1	0
ENSMUSG00000115244.1	0
ENSMUSG00000115245.1	0
ENSMUSG00000115246.1	0
ENSMUSG00000115247.1	0
ENSMUSG00000115248.1	0
ENSMUSG00000115249.1	0.020117
ENSMUSG00000115250.1	0
ENSMUSG00000115251.1	0
ENSMUSG00000115252.1	0
ENSMUSG00000115253.1	0
ENSMUSG00000115254.1	0
ENSMUSG00000115256.1	0
ENSMUSG00000115257.1	0.024274
ENSMUSG00000115258.1	0
ENSMUSG00000115259.1	0
ENSMUSG00000115260.1	0
ENSMUSG00000115261.1	0
ENSMUSG00000115262.1	0
ENSMUSG00000115263.1	0.506094
ENSMUSG00000115264.1	0
ENSMUSG00000115265.1	0
ENSMUSG00000115266.1	0
ENSMUSG00000115267.1	0
ENSMUSG00000115268.1	0
ENSMUSG00000115269.1	0
ENSMUSG00000115270.1	0
ENSMUSG00000115271.1	0
ENSMUSG00000115272.1	0
ENSMUSG00000115273.1	0
ENSMUSG00000115274.1	0
ENSMUSG00000115275.1	0
ENSMUSG00000115276.1	0
ENSMUSG00000115277.1	0
ENSMUSG00000115278.1	0
ENSMUSG00000115279.1	0
ENSMUSG00000115280.1	0
ENSMUSG00000115281.1	0
ENSMUSG00000115282.1	0
ENSMUSG00000115283.1	0
ENSMUSG00000115284.1	0
ENSMUSG00000115285.1	0
ENSMUSG00000115286.1	0
ENSMUSG00000115287.1	0
ENSMUSG00000115288.1	0
ENSMUSG00000115289.1	0.105012
ENSMUSG00000115290.1	0
ENSMUSG00000115291.1	0
ENSMUSG00000115292.1	0
ENSMUSG00000115293.2	0
ENSMUSG00000115294.1	0
ENSMUSG00000115295.1	0
ENSMUSG00000115296.1	0
ENSMUSG00000115297.1	0
ENSMUSG00000115298.1	0
ENSMUSG00000115299.1	0
ENSMUSG00000115300.1	0
ENSMUSG00000115301.1	0
ENSMUSG00000115302.1	0
ENSMUSG00000115303.1	0
ENSMUSG00000115304.1	0
ENSMUSG00000115305.1	0
ENSMUSG00000115306.1	0
ENSMUSG00000115307.1	0
ENSMUSG00000115308.1	0
ENSMUSG00000115309.1	0
ENSMUSG00000115310.1	0.056677
ENSMUSG00000115311.1	1.969838
ENSMUSG00000115312.1	0.178564
ENSMUSG00000115313.1	0
ENSMUSG00000115314.1	0
ENSMUSG00000115315.1	0
ENSMUSG00000115316.1	0.013147
ENSMUSG00000115317.1	1.622166
ENSMUSG00000115318.1	0
ENSMUSG00000115319.1	0
ENSMUSG00000115320.1	0
ENSMUSG00000115321.1	0
ENSMUSG00000115322.1	0
ENSMUSG00000115323.1	0
ENSMUSG00000115324.1	0
ENSMUSG00000115325.2	0
ENSMUSG00000115326.1	0
ENSMUSG00000115327.1	0
ENSMUSG00000115328.1	0
ENSMUSG00000115329.1	0
ENSMUSG00000115330.1	0
ENSMUSG00000115331.1	0
ENSMUSG00000115332.1	0
ENSMUSG00000115333.1	0.03568
ENSMUSG00000115334.1	0
ENSMUSG00000115335.1	0
ENSMUSG00000115336.1	0
ENSMUSG00000115337.1	0
ENSMUSG00000115338.2	13.758884
ENSMUSG00000115339.1	0.021095
ENSMUSG00000115340.1	0
ENSMUSG00000115341.1	0
ENSMUSG00000115342.1	0
ENSMUSG00000115343.1	0
ENSMUSG00000115344.1	0
ENSMUSG00000115345.1	0
ENSMUSG00000115346.1	0
ENSMUSG00000115347.1	0
ENSMUSG00000115348.1	0
ENSMUSG00000115349.1	0
ENSMUSG00000115350.1	0
ENSMUSG00000115351.1	0
ENSMUSG00000115352.1	0
ENSMUSG00000115353.1	0
ENSMUSG00000115354.1	0.015174
ENSMUSG00000115355.1	0.06685
ENSMUSG00000115356.1	0
ENSMUSG00000115357.1	0
ENSMUSG00000115358.1	0
ENSMUSG00000115359.1	0
ENSMUSG00000115360.1	0.009117
ENSMUSG00000115361.1	0
ENSMUSG00000115362.1	0
ENSMUSG00000115363.1	0
ENSMUSG00000115365.1	0
ENSMUSG00000115366.1	0
ENSMUSG00000115367.1	0
ENSMUSG00000115368.1	0
ENSMUSG00000115369.1	0
ENSMUSG00000115370.1	0
ENSMUSG00000115371.1	0
ENSMUSG00000115372.1	0
ENSMUSG00000115373.1	0.064796
ENSMUSG00000115374.1	0
ENSMUSG00000115375.1	0
ENSMUSG00000115376.1	0
ENSMUSG00000115377.1	0
ENSMUSG00000115378.1	0.090553
ENSMUSG00000115379.1	0
ENSMUSG00000115380.1	0
ENSMUSG00000115381.1	0
ENSMUSG00000115382.1	0
ENSMUSG00000115383.1	0
ENSMUSG00000115384.1	0
ENSMUSG00000115385.1	0
ENSMUSG00000115386.1	0
ENSMUSG00000115387.1	0
ENSMUSG00000115388.2	0.007022
ENSMUSG00000115389.1	0.048936
ENSMUSG00000115390.1	0
ENSMUSG00000115391.1	0
ENSMUSG00000115392.1	0
ENSMUSG00000115393.1	0
ENSMUSG00000115394.1	0
ENSMUSG00000115395.1	0
ENSMUSG00000115396.1	0
ENSMUSG00000115397.1	0
ENSMUSG00000115398.1	0.125591
ENSMUSG00000115399.1	0
ENSMUSG00000115400.1	0
ENSMUSG00000115401.1	0
ENSMUSG00000115402.1	0
ENSMUSG00000115403.1	0.050885
ENSMUSG00000115404.1	0
ENSMUSG00000115405.1	0
ENSMUSG00000115406.1	0.190255
ENSMUSG00000115407.1	0
ENSMUSG00000115408.1	0
ENSMUSG00000115409.1	0
ENSMUSG00000115410.1	0.282482
ENSMUSG00000115411.1	0
ENSMUSG00000115412.1	0
ENSMUSG00000115413.1	0
ENSMUSG00000115414.1	0
ENSMUSG00000115415.1	0
ENSMUSG00000115416.1	0
ENSMUSG00000115417.1	0.28511
ENSMUSG00000115418.1	0
ENSMUSG00000115419.1	0
ENSMUSG00000115420.1	5.645681
ENSMUSG00000115421.1	0
ENSMUSG00000115422.1	0.547401
ENSMUSG00000115423.2	19.326067
ENSMUSG00000115424.1	0
ENSMUSG00000115425.1	0
ENSMUSG00000115426.1	0.016636
ENSMUSG00000115427.1	0
ENSMUSG00000115428.1	0
ENSMUSG00000115429.1	0
ENSMUSG00000115430.1	0
ENSMUSG00000115431.1	0
ENSMUSG00000115432.1	0.047487
ENSMUSG00000115433.1	0
ENSMUSG00000115434.1	0
ENSMUSG00000115435.1	0
ENSMUSG00000115436.1	0
ENSMUSG00000115437.1	0
ENSMUSG00000115438.1	0
ENSMUSG00000115439.1	0
ENSMUSG00000115440.1	0
ENSMUSG00000115441.1	0
ENSMUSG00000115443.1	0
ENSMUSG00000115444.1	0
ENSMUSG00000115445.1	0
ENSMUSG00000115446.1	0
ENSMUSG00000115447.1	0
ENSMUSG00000115448.1	0.108634
ENSMUSG00000115449.1	0
ENSMUSG00000115450.1	0
ENSMUSG00000115451.1	0
ENSMUSG00000115452.1	0
ENSMUSG00000115453.1	0
ENSMUSG00000115454.1	0.153259
ENSMUSG00000115455.1	0
ENSMUSG00000115456.1	1.037881
ENSMUSG00000115457.1	0
ENSMUSG00000115458.1	0
ENSMUSG00000115459.1	0
ENSMUSG00000115460.1	0
ENSMUSG00000115461.1	0
ENSMUSG00000115462.1	0
ENSMUSG00000115463.1	2.656394
ENSMUSG00000115464.1	0
ENSMUSG00000115465.1	0
ENSMUSG00000115466.1	0
ENSMUSG00000115467.1	0
ENSMUSG00000115468.1	0
ENSMUSG00000115469.1	0.034116
ENSMUSG00000115470.1	0
ENSMUSG00000115471.1	0.021798
ENSMUSG00000115472.1	0
ENSMUSG00000115473.1	0
ENSMUSG00000115474.1	0
ENSMUSG00000115475.1	0
ENSMUSG00000115476.1	0
ENSMUSG00000115477.1	0
ENSMUSG00000115478.1	0
ENSMUSG00000115479.1	0
ENSMUSG00000115480.1	0.018516
ENSMUSG00000115481.1	0
ENSMUSG00000115482.1	0
ENSMUSG00000115483.1	0.296637
ENSMUSG00000115484.1	0
ENSMUSG00000115485.1	0
ENSMUSG00000115486.1	0
ENSMUSG00000115487.1	0
ENSMUSG00000115488.1	0
ENSMUSG00000115489.1	0
ENSMUSG00000115490.1	0
ENSMUSG00000115491.1	0
ENSMUSG00000115492.1	0
ENSMUSG00000115493.1	0
ENSMUSG00000115494.1	0
ENSMUSG00000115495.1	0
ENSMUSG00000115497.1	3.546645
ENSMUSG00000115498.1	0
ENSMUSG00000115499.1	0
ENSMUSG00000115500.1	0
ENSMUSG00000115501.1	0
ENSMUSG00000115502.1	0
ENSMUSG00000115503.1	0.023801
ENSMUSG00000115504.1	0
ENSMUSG00000115505.1	0.034084
ENSMUSG00000115506.1	0
ENSMUSG00000115507.1	0
ENSMUSG00000115508.1	0
ENSMUSG00000115509.1	0
ENSMUSG00000115510.1	0
ENSMUSG00000115511.1	0
ENSMUSG00000115512.1	0
ENSMUSG00000115513.1	0
ENSMUSG00000115514.1	0
ENSMUSG00000115515.1	0
ENSMUSG00000115516.1	0
ENSMUSG00000115517.1	0
ENSMUSG00000115518.1	0.209061
ENSMUSG00000115519.1	0
ENSMUSG00000115520.2	0
ENSMUSG00000115521.1	0
ENSMUSG00000115522.1	0
ENSMUSG00000115523.1	0
ENSMUSG00000115524.1	0
ENSMUSG00000115525.1	0
ENSMUSG00000115526.1	0.182878
ENSMUSG00000115527.1	0
ENSMUSG00000115528.1	0
ENSMUSG00000115529.1	0.142125
ENSMUSG00000115530.1	0
ENSMUSG00000115531.1	0
ENSMUSG00000115532.1	0
ENSMUSG00000115533.1	0
ENSMUSG00000115534.1	0
ENSMUSG00000115535.1	0
ENSMUSG00000115536.1	0.044174
ENSMUSG00000115537.1	0
ENSMUSG00000115538.1	0
ENSMUSG00000115539.1	0
ENSMUSG00000115540.1	0
ENSMUSG00000115541.1	0
ENSMUSG00000115542.1	0
ENSMUSG00000115543.1	0
ENSMUSG00000115544.1	0
ENSMUSG00000115545.1	0
ENSMUSG00000115546.1	0.308674
ENSMUSG00000115547.1	0
ENSMUSG00000115548.1	0.166925
ENSMUSG00000115549.1	0
ENSMUSG00000115550.1	0
ENSMUSG00000115551.1	0
ENSMUSG00000115552.1	0
ENSMUSG00000115553.1	0
ENSMUSG00000115554.1	0
ENSMUSG00000115555.1	0
ENSMUSG00000115556.1	0
ENSMUSG00000115557.1	0
ENSMUSG00000115558.1	0
ENSMUSG00000115559.1	0
ENSMUSG00000115560.1	0
ENSMUSG00000115561.1	0
ENSMUSG00000115562.1	0
ENSMUSG00000115563.1	0.289468
ENSMUSG00000115564.1	0
ENSMUSG00000115565.1	0
ENSMUSG00000115566.1	0
ENSMUSG00000115567.1	0
ENSMUSG00000115568.1	0
ENSMUSG00000115569.1	0.043465
ENSMUSG00000115570.1	0
ENSMUSG00000115571.1	0
ENSMUSG00000115572.1	0
ENSMUSG00000115573.1	0
ENSMUSG00000115574.1	0
ENSMUSG00000115575.1	0
ENSMUSG00000115576.1	0
ENSMUSG00000115577.1	0
ENSMUSG00000115578.1	0
ENSMUSG00000115579.1	0
ENSMUSG00000115580.1	0
ENSMUSG00000115581.1	0
ENSMUSG00000115582.1	0
ENSMUSG00000115584.1	0
ENSMUSG00000115585.1	0
ENSMUSG00000115586.1	0
ENSMUSG00000115587.1	0.125467
ENSMUSG00000115588.1	0
ENSMUSG00000115589.1	0
ENSMUSG00000115590.1	0
ENSMUSG00000115591.1	0.284545
ENSMUSG00000115592.1	0
ENSMUSG00000115593.1	0.177542
ENSMUSG00000115594.1	0
ENSMUSG00000115595.1	0
ENSMUSG00000115596.1	0
ENSMUSG00000115597.1	0
ENSMUSG00000115598.1	0
ENSMUSG00000115599.1	0
ENSMUSG00000115600.1	0
ENSMUSG00000115601.1	0
ENSMUSG00000115602.1	0.348265
ENSMUSG00000115603.1	0
ENSMUSG00000115604.1	0
ENSMUSG00000115605.1	0
ENSMUSG00000115606.1	0
ENSMUSG00000115607.1	0
ENSMUSG00000115608.1	0
ENSMUSG00000115609.1	0
ENSMUSG00000115610.1	0.078465
ENSMUSG00000115611.1	0
ENSMUSG00000115612.1	0
ENSMUSG00000115613.1	0
ENSMUSG00000115614.1	0
ENSMUSG00000115615.1	0
ENSMUSG00000115616.1	0
ENSMUSG00000115617.1	0
ENSMUSG00000115618.1	0
ENSMUSG00000115619.1	0
ENSMUSG00000115620.1	0
ENSMUSG00000115621.1	0
ENSMUSG00000115622.1	0
ENSMUSG00000115623.1	0
ENSMUSG00000115624.1	0.031389
ENSMUSG00000115625.1	4.144063
ENSMUSG00000115626.1	0
ENSMUSG00000115627.1	0
ENSMUSG00000115628.1	0
ENSMUSG00000115629.1	0
ENSMUSG00000115630.1	0
ENSMUSG00000115631.1	0
ENSMUSG00000115632.1	0
ENSMUSG00000115633.1	0.090551
ENSMUSG00000115635.1	0
ENSMUSG00000115636.1	0
ENSMUSG00000115637.1	0.448028
ENSMUSG00000115638.1	0
ENSMUSG00000115639.1	0
ENSMUSG00000115640.1	0
ENSMUSG00000115641.1	0.133361
ENSMUSG00000115642.1	0
ENSMUSG00000115643.1	0
ENSMUSG00000115644.1	0
ENSMUSG00000115645.1	0
ENSMUSG00000115646.1	0
ENSMUSG00000115647.1	0
ENSMUSG00000115648.1	0
ENSMUSG00000115649.1	0
ENSMUSG00000115650.1	0.090944
ENSMUSG00000115651.1	0
ENSMUSG00000115652.1	0
ENSMUSG00000115653.1	0
ENSMUSG00000115654.1	0
ENSMUSG00000115656.1	0
ENSMUSG00000115657.1	0
ENSMUSG00000115658.1	0
ENSMUSG00000115659.1	0
ENSMUSG00000115660.1	0
ENSMUSG00000115661.1	0
ENSMUSG00000115662.1	0.190283
ENSMUSG00000115663.1	0
ENSMUSG00000115664.1	0
ENSMUSG00000115665.1	0
ENSMUSG00000115666.1	0
ENSMUSG00000115667.1	0
ENSMUSG00000115668.1	0
ENSMUSG00000115669.1	0
ENSMUSG00000115670.1	0
ENSMUSG00000115671.1	0
ENSMUSG00000115672.1	0
ENSMUSG00000115673.1	0
ENSMUSG00000115674.1	0
ENSMUSG00000115675.1	0
ENSMUSG00000115676.1	0
ENSMUSG00000115677.1	0
ENSMUSG00000115678.1	0
ENSMUSG00000115679.1	0
ENSMUSG00000115680.1	0.06677
ENSMUSG00000115681.1	0
ENSMUSG00000115682.1	0
ENSMUSG00000115683.1	0
ENSMUSG00000115684.1	0.123867
ENSMUSG00000115685.1	0.135337
ENSMUSG00000115686.1	0
ENSMUSG00000115687.1	0
ENSMUSG00000115688.1	0
ENSMUSG00000115689.1	0
ENSMUSG00000115690.1	0
ENSMUSG00000115691.1	0
ENSMUSG00000115692.1	0
ENSMUSG00000115693.1	0
ENSMUSG00000115694.1	0
ENSMUSG00000115695.1	0
ENSMUSG00000115696.1	0
ENSMUSG00000115697.2	0
ENSMUSG00000115698.1	0
ENSMUSG00000115699.1	0.07808
ENSMUSG00000115700.1	0
ENSMUSG00000115701.1	0
ENSMUSG00000115702.1	0
ENSMUSG00000115703.1	0
ENSMUSG00000115704.1	0
ENSMUSG00000115705.1	0
ENSMUSG00000115706.1	0
ENSMUSG00000115707.1	0
ENSMUSG00000115708.1	0.023286
ENSMUSG00000115709.1	0
ENSMUSG00000115710.1	0
ENSMUSG00000115711.1	0
ENSMUSG00000115712.1	0
ENSMUSG00000115713.1	0
ENSMUSG00000115714.1	0
ENSMUSG00000115715.1	0
ENSMUSG00000115716.1	0
ENSMUSG00000115717.1	0
ENSMUSG00000115718.1	0.017504
ENSMUSG00000115719.1	0
ENSMUSG00000115720.1	0
ENSMUSG00000115721.1	0
ENSMUSG00000115722.1	0
ENSMUSG00000115723.1	0
ENSMUSG00000115724.1	0
ENSMUSG00000115725.1	0
ENSMUSG00000115726.1	0
ENSMUSG00000115727.1	0
ENSMUSG00000115728.1	0.059564
ENSMUSG00000115729.1	0.85912
ENSMUSG00000115730.1	0
ENSMUSG00000115731.1	0
ENSMUSG00000115732.1	0
ENSMUSG00000115733.1	0
ENSMUSG00000115734.1	0
ENSMUSG00000115735.1	0
ENSMUSG00000115736.1	0
ENSMUSG00000115737.1	0.070878
ENSMUSG00000115738.1	0.070826
ENSMUSG00000115739.1	0
ENSMUSG00000115740.1	0.392001
ENSMUSG00000115741.1	0
ENSMUSG00000115742.1	0
ENSMUSG00000115743.1	0.021868
ENSMUSG00000115744.1	0
ENSMUSG00000115745.1	0
ENSMUSG00000115746.1	0
ENSMUSG00000115747.1	0
ENSMUSG00000115748.1	0
ENSMUSG00000115749.1	0
ENSMUSG00000115750.1	0.225873
ENSMUSG00000115751.1	0
ENSMUSG00000115752.1	0
ENSMUSG00000115754.1	0
ENSMUSG00000115755.1	0
ENSMUSG00000115756.1	0.162523
ENSMUSG00000115757.1	0
ENSMUSG00000115758.1	0
ENSMUSG00000115759.1	0
ENSMUSG00000115760.1	0
ENSMUSG00000115761.1	0
ENSMUSG00000115762.1	0
ENSMUSG00000115763.1	0
ENSMUSG00000115764.1	0
ENSMUSG00000115765.1	0
ENSMUSG00000115766.1	0
ENSMUSG00000115767.1	0.202203
ENSMUSG00000115768.1	0
ENSMUSG00000115769.1	0
ENSMUSG00000115770.1	0
ENSMUSG00000115771.1	0.097663
ENSMUSG00000115772.1	0
ENSMUSG00000115773.1	0
ENSMUSG00000115774.1	0
ENSMUSG00000115775.1	0
ENSMUSG00000115776.1	0
ENSMUSG00000115777.1	0.239991
ENSMUSG00000115778.1	0
ENSMUSG00000115779.1	0.067575
ENSMUSG00000115780.1	0
ENSMUSG00000115781.1	0
ENSMUSG00000115782.1	0
ENSMUSG00000115783.1	193660.259939
ENSMUSG00000115784.1	0
ENSMUSG00000115785.1	0.083283
ENSMUSG00000115786.1	0
ENSMUSG00000115787.1	0
ENSMUSG00000115788.1	0
ENSMUSG00000115789.1	0
ENSMUSG00000115790.1	0
ENSMUSG00000115791.1	0
ENSMUSG00000115792.1	0
ENSMUSG00000115793.1	0
ENSMUSG00000115794.1	0
ENSMUSG00000115795.1	0
ENSMUSG00000115796.1	0
ENSMUSG00000115797.1	0
ENSMUSG00000115798.1	0
ENSMUSG00000115799.1	0
ENSMUSG00000115800.1	0
ENSMUSG00000115801.1	0.003617
ENSMUSG00000115802.1	0
ENSMUSG00000115803.1	0
ENSMUSG00000115804.1	0
ENSMUSG00000115805.1	0
ENSMUSG00000115806.1	0
ENSMUSG00000115807.1	0
ENSMUSG00000115808.1	0
ENSMUSG00000115809.1	0
ENSMUSG00000115810.1	1.035575
ENSMUSG00000115811.1	0.105665
ENSMUSG00000115812.1	0
ENSMUSG00000115813.1	0.347496
ENSMUSG00000115814.1	0
ENSMUSG00000115815.1	0
ENSMUSG00000115816.1	0
ENSMUSG00000115817.1	0
ENSMUSG00000115818.1	0
ENSMUSG00000115819.1	0.022446
ENSMUSG00000115820.1	0
ENSMUSG00000115821.1	0.081628
ENSMUSG00000115822.1	0
ENSMUSG00000115823.1	0
ENSMUSG00000115824.1	0
ENSMUSG00000115825.1	0
ENSMUSG00000115826.1	0
ENSMUSG00000115827.1	0
ENSMUSG00000115828.1	0
ENSMUSG00000115829.1	0
ENSMUSG00000115830.1	0
ENSMUSG00000115831.1	0
ENSMUSG00000115832.1	0
ENSMUSG00000115833.1	0
ENSMUSG00000115834.1	0
ENSMUSG00000115835.1	0
ENSMUSG00000115836.1	0
ENSMUSG00000115837.1	0
ENSMUSG00000115838.1	0
ENSMUSG00000115839.1	0
ENSMUSG00000115840.1	0
ENSMUSG00000115841.1	0
ENSMUSG00000115842.1	0.516627
ENSMUSG00000115843.1	0
ENSMUSG00000115844.1	0
ENSMUSG00000115845.1	0
ENSMUSG00000115846.1	0
ENSMUSG00000115847.1	0
ENSMUSG00000115848.1	0
ENSMUSG00000115849.1	0
ENSMUSG00000115850.1	0
ENSMUSG00000115852.2	0
ENSMUSG00000115854.1	0
ENSMUSG00000115855.1	0
ENSMUSG00000115856.1	0
ENSMUSG00000115858.1	0
ENSMUSG00000115860.1	0
ENSMUSG00000115862.1	0
ENSMUSG00000115863.1	0
ENSMUSG00000115866.1	0
ENSMUSG00000115867.1	1.012058
ENSMUSG00000115868.1	0.225885
ENSMUSG00000115869.1	0
ENSMUSG00000115871.1	0
ENSMUSG00000115875.1	0
ENSMUSG00000115877.1	0
ENSMUSG00000115880.1	0
ENSMUSG00000115882.1	0
ENSMUSG00000115885.1	0
ENSMUSG00000115887.1	0
ENSMUSG00000115888.1	0
ENSMUSG00000115894.1	0
ENSMUSG00000115896.1	0
ENSMUSG00000115898.1	0.026229
ENSMUSG00000115902.1	0
ENSMUSG00000115903.1	0
ENSMUSG00000115907.1	0
ENSMUSG00000115908.1	0
ENSMUSG00000115911.1	0
ENSMUSG00000115912.1	0.16319
ENSMUSG00000115914.1	0
ENSMUSG00000115916.1	0
ENSMUSG00000115917.1	0
ENSMUSG00000115918.1	0.005857
ENSMUSG00000115919.1	0
ENSMUSG00000115920.1	0
ENSMUSG00000115921.1	0
ENSMUSG00000115923.1	0
ENSMUSG00000115924.1	0
ENSMUSG00000115925.1	0
ENSMUSG00000115926.1	0
ENSMUSG00000115928.1	0.247291
ENSMUSG00000115930.1	0
ENSMUSG00000115931.1	0
ENSMUSG00000115935.1	0
ENSMUSG00000115936.1	2.233003
ENSMUSG00000115938.1	0.291799
ENSMUSG00000115943.1	0
ENSMUSG00000115944.1	0.068916
ENSMUSG00000115946.2	0
ENSMUSG00000115948.1	0
ENSMUSG00000115952.1	0
ENSMUSG00000115955.1	0.009
ENSMUSG00000115957.1	0
ENSMUSG00000115958.1	0.140987
ENSMUSG00000115959.1	0
ENSMUSG00000115961.1	0
ENSMUSG00000115962.1	0
ENSMUSG00000115964.1	0
ENSMUSG00000115965.1	0.029709
ENSMUSG00000115968.1	0
ENSMUSG00000115969.1	0.010493
ENSMUSG00000115970.1	0.131897
ENSMUSG00000115971.1	0
ENSMUSG00000115973.1	0
ENSMUSG00000115975.1	0.007436
ENSMUSG00000115976.1	0
ENSMUSG00000115979.1	0
ENSMUSG00000115980.1	0
ENSMUSG00000115983.1	0
ENSMUSG00000115985.1	0
ENSMUSG00000115986.1	0
ENSMUSG00000115987.1	215.086467
ENSMUSG00000115988.1	0
ENSMUSG00000115989.1	0
ENSMUSG00000115992.1	0
ENSMUSG00000115993.1	0
ENSMUSG00000115996.1	0
ENSMUSG00000115997.1	0
ENSMUSG00000116000.1	0
ENSMUSG00000116004.1	0
ENSMUSG00000116007.1	0
ENSMUSG00000116008.1	0
ENSMUSG00000116009.1	0.646972
ENSMUSG00000116010.1	0
ENSMUSG00000116011.1	0
ENSMUSG00000116013.1	0
ENSMUSG00000116016.1	0
ENSMUSG00000116017.1	0
ENSMUSG00000116021.1	0
ENSMUSG00000116024.1	0.628595
ENSMUSG00000116025.1	0
ENSMUSG00000116029.1	0.682959
ENSMUSG00000116030.1	0
ENSMUSG00000116031.1	0
ENSMUSG00000116033.1	0.043668
ENSMUSG00000116038.1	0
ENSMUSG00000116039.1	0
ENSMUSG00000116040.1	0
ENSMUSG00000116041.1	0
ENSMUSG00000116044.1	0
ENSMUSG00000116048.1	7.298068
ENSMUSG00000116056.1	2.017595
ENSMUSG00000116057.1	0
ENSMUSG00000116058.1	0
ENSMUSG00000116061.1	0
ENSMUSG00000116066.1	0.084358
ENSMUSG00000116068.1	0
ENSMUSG00000116069.1	0
ENSMUSG00000116071.1	0
ENSMUSG00000116072.1	0
ENSMUSG00000116074.1	0
ENSMUSG00000116075.1	0.220216
ENSMUSG00000116079.1	0
ENSMUSG00000116081.1	5.218306
ENSMUSG00000116083.1	0
ENSMUSG00000116088.1	0
ENSMUSG00000116089.1	0
ENSMUSG00000116090.1	0.076612
ENSMUSG00000116091.1	0
ENSMUSG00000116092.1	0
ENSMUSG00000116093.1	0
ENSMUSG00000116095.1	0
ENSMUSG00000116096.1	0
ENSMUSG00000116097.1	0.506242
ENSMUSG00000116102.1	0
ENSMUSG00000116104.1	0
ENSMUSG00000116107.1	0
ENSMUSG00000116109.1	0
ENSMUSG00000116113.1	0
ENSMUSG00000116114.1	0.494259
ENSMUSG00000116116.1	0
ENSMUSG00000116117.1	0
ENSMUSG00000116118.1	0
ENSMUSG00000116120.1	0
ENSMUSG00000116121.1	0.587253
ENSMUSG00000116122.1	0
ENSMUSG00000116123.1	0.057489
ENSMUSG00000116124.1	0
ENSMUSG00000116125.1	1.362434
ENSMUSG00000116127.1	0
ENSMUSG00000116129.1	0
ENSMUSG00000116130.1	0
ENSMUSG00000116131.1	0
ENSMUSG00000116132.1	0
ENSMUSG00000116136.1	0
ENSMUSG00000116138.1	25.587835
ENSMUSG00000116140.1	0
ENSMUSG00000116141.1	0
ENSMUSG00000116145.1	0.039153
ENSMUSG00000116149.1	0
ENSMUSG00000116150.1	0
ENSMUSG00000116151.1	0
ENSMUSG00000116155.1	0
ENSMUSG00000116157.1	0
ENSMUSG00000116158.1	0.522862
ENSMUSG00000116160.1	0
ENSMUSG00000116162.1	0
ENSMUSG00000116164.1	2.720501
ENSMUSG00000116165.1	191.390783
ENSMUSG00000116166.1	0
ENSMUSG00000116167.1	0.030249
ENSMUSG00000116168.1	0
ENSMUSG00000116170.1	0
ENSMUSG00000116171.1	0
ENSMUSG00000116173.1	0
ENSMUSG00000116174.1	0
ENSMUSG00000116178.1	0
ENSMUSG00000116179.1	0
ENSMUSG00000116180.1	4.168376
ENSMUSG00000116182.1	0
ENSMUSG00000116183.1	0
ENSMUSG00000116184.1	0
ENSMUSG00000116185.1	0
ENSMUSG00000116187.1	0
ENSMUSG00000116188.2	0
ENSMUSG00000116190.1	0
ENSMUSG00000116191.1	0
ENSMUSG00000116192.1	0
ENSMUSG00000116194.1	0
ENSMUSG00000116197.1	0
ENSMUSG00000116199.1	0
ENSMUSG00000116202.1	0
ENSMUSG00000116204.1	0
ENSMUSG00000116207.1	5.141855
ENSMUSG00000116210.1	0
ENSMUSG00000116212.1	0
ENSMUSG00000116213.1	0
ENSMUSG00000116215.1	0.022759
ENSMUSG00000116217.1	0
ENSMUSG00000116219.1	0
ENSMUSG00000116220.1	0
ENSMUSG00000116222.1	0
ENSMUSG00000116223.1	0.753021
ENSMUSG00000116226.1	0.04348
ENSMUSG00000116227.1	0
ENSMUSG00000116229.1	0
ENSMUSG00000116231.1	0
ENSMUSG00000116234.1	0
ENSMUSG00000116237.1	0
ENSMUSG00000116238.1	0
ENSMUSG00000116239.1	0
ENSMUSG00000116241.1	0
ENSMUSG00000116242.1	0
ENSMUSG00000116243.1	0.264036
ENSMUSG00000116244.1	0
ENSMUSG00000116245.1	0
ENSMUSG00000116246.1	0
ENSMUSG00000116247.1	0
ENSMUSG00000116249.1	0
ENSMUSG00000116250.1	0.149482
ENSMUSG00000116253.1	0
ENSMUSG00000116255.1	0.470666
ENSMUSG00000116256.1	0.015005
ENSMUSG00000116260.1	0
ENSMUSG00000116262.1	0.084895
ENSMUSG00000116263.1	0
ENSMUSG00000116265.1	0
ENSMUSG00000116270.1	0.575641
ENSMUSG00000116272.1	0.182171
ENSMUSG00000116274.1	0
ENSMUSG00000116275.1	4.165141
ENSMUSG00000116280.1	0
ENSMUSG00000116283.1	0
ENSMUSG00000116284.1	0
ENSMUSG00000116287.1	0
ENSMUSG00000116288.1	0.264256
ENSMUSG00000116289.1	0
ENSMUSG00000116290.1	0
ENSMUSG00000116291.1	0
ENSMUSG00000116292.1	0
ENSMUSG00000116294.1	0.025123
ENSMUSG00000116295.1	0.201798
ENSMUSG00000116296.1	0
ENSMUSG00000116297.1	0
ENSMUSG00000116298.1	0.059166
ENSMUSG00000116299.1	0
ENSMUSG00000116300.1	0
ENSMUSG00000116301.1	0
ENSMUSG00000116303.1	0
ENSMUSG00000116304.1	0
ENSMUSG00000116305.1	1.282411
ENSMUSG00000116307.1	0.280555
ENSMUSG00000116308.1	0.051006
ENSMUSG00000116309.1	0
ENSMUSG00000116311.1	0
ENSMUSG00000116314.1	0
ENSMUSG00000116317.1	0
ENSMUSG00000116319.1	0
ENSMUSG00000116321.1	0
ENSMUSG00000116323.1	0
ENSMUSG00000116324.1	0
ENSMUSG00000116325.1	0
ENSMUSG00000116331.1	0
ENSMUSG00000116335.1	0
ENSMUSG00000116336.1	0
ENSMUSG00000116338.1	0.018589
ENSMUSG00000116339.1	0
ENSMUSG00000116341.1	0
ENSMUSG00000116343.1	0
ENSMUSG00000116345.1	0
ENSMUSG00000116347.1	0.123505
ENSMUSG00000116348.1	0
ENSMUSG00000116350.1	0
ENSMUSG00000116352.1	0
ENSMUSG00000116353.1	0
ENSMUSG00000116354.1	0
ENSMUSG00000116355.1	0
ENSMUSG00000116356.1	0
ENSMUSG00000116358.1	0.085752
ENSMUSG00000116360.1	0
ENSMUSG00000116365.1	0
ENSMUSG00000116366.1	0
ENSMUSG00000116367.1	0
ENSMUSG00000116368.1	0
ENSMUSG00000116371.1	0
ENSMUSG00000116376.1	0
ENSMUSG00000116378.1	1.254088
ENSMUSG00000116380.1	0
ENSMUSG00000116383.1	0
ENSMUSG00000116384.1	0
ENSMUSG00000116385.1	0
ENSMUSG00000116386.1	0
ENSMUSG00000116388.1	0
ENSMUSG00000116389.1	0
ENSMUSG00000116395.1	0.024793
ENSMUSG00000116396.1	0
ENSMUSG00000116397.1	0
ENSMUSG00000116398.1	0.019563
ENSMUSG00000116400.1	0
ENSMUSG00000116402.1	0
ENSMUSG00000116403.1	0
ENSMUSG00000116404.1	0
ENSMUSG00000116406.1	0
ENSMUSG00000116409.1	0
ENSMUSG00000116412.1	0
ENSMUSG00000116413.1	0
ENSMUSG00000116414.2	0
ENSMUSG00000116416.1	0
ENSMUSG00000116419.1	0
ENSMUSG00000116423.1	0
ENSMUSG00000116424.1	0
ENSMUSG00000116426.1	0
ENSMUSG00000116428.1	0
ENSMUSG00000116429.1	0
ENSMUSG00000116433.1	0
ENSMUSG00000116435.1	0
ENSMUSG00000116437.1	0
ENSMUSG00000116438.1	0
ENSMUSG00000116439.1	0
ENSMUSG00000116441.1	0
ENSMUSG00000116442.1	0
ENSMUSG00000116445.2	0
ENSMUSG00000116449.1	0
ENSMUSG00000116450.1	0
ENSMUSG00000116455.1	0
ENSMUSG00000116461.1	0
ENSMUSG00000116464.1	0
ENSMUSG00000116467.1	0
ENSMUSG00000116469.1	0
ENSMUSG00000116472.1	0
ENSMUSG00000116475.1	0
ENSMUSG00000116478.1	0
ENSMUSG00000116480.1	0
ENSMUSG00000116481.1	0
ENSMUSG00000116482.1	0
ENSMUSG00000116483.1	0
ENSMUSG00000116490.1	0
ENSMUSG00000116491.1	0
ENSMUSG00000116493.1	0
ENSMUSG00000116494.1	0.059661
ENSMUSG00000116498.1	0
ENSMUSG00000116499.1	0
ENSMUSG00000116500.1	0
ENSMUSG00000116504.1	0
ENSMUSG00000116505.1	0
ENSMUSG00000116506.1	1.354045
ENSMUSG00000116508.1	0.650679
ENSMUSG00000116514.1	0
ENSMUSG00000116516.1	0
ENSMUSG00000116518.1	0
ENSMUSG00000116519.1	0
ENSMUSG00000116520.1	0
ENSMUSG00000116521.1	0
ENSMUSG00000116525.1	0.112123
ENSMUSG00000116528.1	0
ENSMUSG00000116529.1	0
ENSMUSG00000116530.1	0
ENSMUSG00000116531.1	0
ENSMUSG00000116532.1	0
ENSMUSG00000116533.1	0
ENSMUSG00000116534.1	0.110899
ENSMUSG00000116535.1	0
ENSMUSG00000116536.1	0.165765
ENSMUSG00000116537.1	0
ENSMUSG00000116538.1	0
ENSMUSG00000116539.1	0
ENSMUSG00000116540.1	0
ENSMUSG00000116542.1	0
ENSMUSG00000116543.1	0
ENSMUSG00000116544.1	0
ENSMUSG00000116545.1	0
ENSMUSG00000116546.1	0
ENSMUSG00000116547.1	0
ENSMUSG00000116548.1	0
ENSMUSG00000116549.1	0
ENSMUSG00000116550.1	0.324846
ENSMUSG00000116551.1	0
ENSMUSG00000116552.1	0
ENSMUSG00000116553.1	0
ENSMUSG00000116554.1	0
ENSMUSG00000116555.1	0
ENSMUSG00000116556.1	0
ENSMUSG00000116557.1	0.165476
ENSMUSG00000116558.1	0
ENSMUSG00000116559.1	0
ENSMUSG00000116560.1	0.011796
ENSMUSG00000116561.1	0
ENSMUSG00000116562.1	0
ENSMUSG00000116563.1	0
ENSMUSG00000116564.1	2.235481
ENSMUSG00000116565.1	0
ENSMUSG00000116566.1	0
ENSMUSG00000116567.1	0
ENSMUSG00000116568.1	0
ENSMUSG00000116569.1	0
ENSMUSG00000116570.1	0
ENSMUSG00000116571.1	1.277231
ENSMUSG00000116572.1	0
ENSMUSG00000116573.1	0
ENSMUSG00000116574.1	0
ENSMUSG00000116575.1	0
ENSMUSG00000116576.1	0
ENSMUSG00000116578.1	0
ENSMUSG00000116579.1	0
ENSMUSG00000116580.1	0
ENSMUSG00000116581.1	0
ENSMUSG00000116582.1	0.016999
ENSMUSG00000116583.1	0
ENSMUSG00000116585.1	0
ENSMUSG00000116586.1	0
ENSMUSG00000116587.1	0
ENSMUSG00000116588.1	0
ENSMUSG00000116589.1	0
ENSMUSG00000116590.1	0
ENSMUSG00000116591.1	0
ENSMUSG00000116592.1	0
ENSMUSG00000116593.1	0
ENSMUSG00000116594.1	60.518665
ENSMUSG00000116595.1	0
ENSMUSG00000116596.1	0
ENSMUSG00000116597.1	0.060215
ENSMUSG00000116598.1	0
ENSMUSG00000116599.1	0
ENSMUSG00000116600.1	0
ENSMUSG00000116601.1	0
ENSMUSG00000116603.1	0
ENSMUSG00000116604.1	0
ENSMUSG00000116605.1	0
ENSMUSG00000116606.1	0
ENSMUSG00000116607.1	0
ENSMUSG00000116608.1	0
ENSMUSG00000116609.1	0
ENSMUSG00000116610.1	0.21582
ENSMUSG00000116611.1	0
ENSMUSG00000116612.1	0
ENSMUSG00000116614.1	0
ENSMUSG00000116615.1	0
ENSMUSG00000116616.1	0.0236
ENSMUSG00000116617.1	0.268267
ENSMUSG00000116618.1	0.260033
ENSMUSG00000116619.1	0
ENSMUSG00000116620.1	0.556473
ENSMUSG00000116621.1	0
ENSMUSG00000116622.1	0
ENSMUSG00000116623.1	0
ENSMUSG00000116624.1	0
ENSMUSG00000116625.1	0
ENSMUSG00000116626.1	0
ENSMUSG00000116627.1	0.26602
ENSMUSG00000116628.1	0
ENSMUSG00000116629.1	0
ENSMUSG00000116630.1	0
ENSMUSG00000116631.1	0
ENSMUSG00000116632.1	2.389239
ENSMUSG00000116633.1	0
ENSMUSG00000116634.1	0
ENSMUSG00000116635.1	0.364038
ENSMUSG00000116636.1	0
ENSMUSG00000116637.1	0.35592
ENSMUSG00000116638.1	0
ENSMUSG00000116639.1	0
ENSMUSG00000116640.1	0
ENSMUSG00000116641.1	0
ENSMUSG00000116642.1	0
ENSMUSG00000116643.2	0
ENSMUSG00000116644.1	0
ENSMUSG00000116645.1	0
ENSMUSG00000116646.1	0
ENSMUSG00000116647.1	0
ENSMUSG00000116648.1	0.200163
ENSMUSG00000116649.1	0
ENSMUSG00000116650.1	0
ENSMUSG00000116651.1	0
ENSMUSG00000116652.2	2.843846
ENSMUSG00000116653.1	0
ENSMUSG00000116654.1	0
ENSMUSG00000116655.1	0
ENSMUSG00000116656.1	0.097579
ENSMUSG00000116657.1	0.06323
ENSMUSG00000116658.1	0
ENSMUSG00000116659.1	0.080219
ENSMUSG00000116660.1	0
ENSMUSG00000116661.1	0
ENSMUSG00000116662.1	0
ENSMUSG00000116663.1	0
ENSMUSG00000116664.1	0
ENSMUSG00000116665.1	0.008449
ENSMUSG00000116666.1	0
ENSMUSG00000116667.1	0
ENSMUSG00000116668.1	0
ENSMUSG00000116669.1	0
ENSMUSG00000116670.1	0
ENSMUSG00000116671.1	0
ENSMUSG00000116672.1	0
ENSMUSG00000116673.1	0.048829
ENSMUSG00000116674.1	0
ENSMUSG00000116675.1	0
ENSMUSG00000116676.1	0
ENSMUSG00000116677.1	0
ENSMUSG00000116678.1	0
ENSMUSG00000116679.1	0
ENSMUSG00000116680.1	0
ENSMUSG00000116681.1	0
ENSMUSG00000116682.1	0
ENSMUSG00000116684.1	0
ENSMUSG00000116685.1	0
ENSMUSG00000116686.1	0
ENSMUSG00000116687.1	0
ENSMUSG00000116688.2	0
ENSMUSG00000116689.1	0
ENSMUSG00000116690.1	0
ENSMUSG00000116691.1	0
ENSMUSG00000116692.1	0
ENSMUSG00000116693.1	0
ENSMUSG00000116694.1	0
ENSMUSG00000116695.1	0
ENSMUSG00000116696.1	0
ENSMUSG00000116697.1	0.128206
ENSMUSG00000116698.1	0
ENSMUSG00000116699.1	0
ENSMUSG00000116700.1	0
ENSMUSG00000116701.1	0
ENSMUSG00000116702.1	0
ENSMUSG00000116703.1	0
ENSMUSG00000116704.1	0
ENSMUSG00000116705.1	0.127105
ENSMUSG00000116706.1	0
ENSMUSG00000116707.1	0
ENSMUSG00000116708.1	0
ENSMUSG00000116709.1	0
ENSMUSG00000116710.1	0
ENSMUSG00000116711.1	0
ENSMUSG00000116712.1	0
ENSMUSG00000116713.1	0
ENSMUSG00000116714.1	0
ENSMUSG00000116715.1	0
ENSMUSG00000116716.1	0
ENSMUSG00000116717.1	0
ENSMUSG00000116718.1	0
ENSMUSG00000116719.1	0
ENSMUSG00000116720.1	0
ENSMUSG00000116721.1	0
ENSMUSG00000116722.1	0
ENSMUSG00000116723.1	0
ENSMUSG00000116725.1	0
ENSMUSG00000116727.1	0
ENSMUSG00000116728.1	0
ENSMUSG00000116729.1	0
ENSMUSG00000116730.1	0
ENSMUSG00000116731.1	0
ENSMUSG00000116732.1	0
ENSMUSG00000116733.1	0.235141
ENSMUSG00000116734.1	0
ENSMUSG00000116735.1	0
ENSMUSG00000116736.1	0
ENSMUSG00000116737.1	0
ENSMUSG00000116738.1	0
ENSMUSG00000116739.1	0.214585
ENSMUSG00000116740.1	0
ENSMUSG00000116741.1	0
ENSMUSG00000116742.1	0
ENSMUSG00000116743.1	0
ENSMUSG00000116744.1	0
ENSMUSG00000116745.1	0
ENSMUSG00000116746.1	0
ENSMUSG00000116747.1	0
ENSMUSG00000116748.1	0
ENSMUSG00000116749.1	0
ENSMUSG00000116750.1	0
ENSMUSG00000116751.1	0
ENSMUSG00000116752.1	0
ENSMUSG00000116753.1	0
ENSMUSG00000116754.1	0
ENSMUSG00000116755.1	0
ENSMUSG00000116756.1	0
ENSMUSG00000116757.1	0
ENSMUSG00000116758.1	0
ENSMUSG00000116759.1	0
ENSMUSG00000116760.1	3.422034
ENSMUSG00000116761.1	0
ENSMUSG00000116762.1	0.068483
ENSMUSG00000116763.1	0.042491
ENSMUSG00000116764.1	0.110369
ENSMUSG00000116765.1	0
ENSMUSG00000116766.1	0.069172
ENSMUSG00000116767.1	0
ENSMUSG00000116768.1	0
ENSMUSG00000116769.1	0
ENSMUSG00000116770.1	0
ENSMUSG00000116771.1	0.028612
ENSMUSG00000116772.1	0.285806
ENSMUSG00000116773.1	0
ENSMUSG00000116774.1	0
ENSMUSG00000116775.1	0.184163
ENSMUSG00000116776.1	0
ENSMUSG00000116777.1	0.025078
ENSMUSG00000116778.1	0
ENSMUSG00000116779.1	1.744742
ENSMUSG00000116780.1	0.581602
ENSMUSG00000116781.1	0
ENSMUSG00000116782.1	0
ENSMUSG00000116783.1	0
ENSMUSG00000116784.1	0
ENSMUSG00000116785.1	0
ENSMUSG00000116786.1	0
ENSMUSG00000116788.1	0
ENSMUSG00000116789.1	0
ENSMUSG00000116790.1	0
ENSMUSG00000116791.1	0
ENSMUSG00000116792.1	0
ENSMUSG00000116793.1	1.539015
ENSMUSG00000116794.1	0
ENSMUSG00000116795.1	0
ENSMUSG00000116796.1	0
ENSMUSG00000116797.1	0
ENSMUSG00000116798.1	0
ENSMUSG00000116799.1	0
ENSMUSG00000116800.1	0
ENSMUSG00000116801.1	0
ENSMUSG00000116802.1	0.263905
ENSMUSG00000116803.1	0
ENSMUSG00000116804.1	0.025699
ENSMUSG00000116805.1	0
ENSMUSG00000116806.1	0
ENSMUSG00000116807.1	0
ENSMUSG00000116808.1	0
ENSMUSG00000116809.1	0
ENSMUSG00000116810.1	0
ENSMUSG00000116811.1	0.137373
ENSMUSG00000116812.1	0
ENSMUSG00000116813.1	0.154466
ENSMUSG00000116814.1	0
ENSMUSG00000116815.1	0.017422
ENSMUSG00000116816.1	0
ENSMUSG00000116817.1	0
ENSMUSG00000116818.1	0
ENSMUSG00000116819.1	0.108721
ENSMUSG00000116820.1	0
ENSMUSG00000116821.1	0
ENSMUSG00000116822.1	0.023983
ENSMUSG00000116823.1	0
ENSMUSG00000116824.1	0
ENSMUSG00000116825.1	0.040647
ENSMUSG00000116826.1	0
ENSMUSG00000116827.1	0
ENSMUSG00000116828.1	0
ENSMUSG00000116829.1	0
ENSMUSG00000116830.1	0
ENSMUSG00000116831.1	0
ENSMUSG00000116832.1	0
ENSMUSG00000116833.1	0
ENSMUSG00000116834.1	0
ENSMUSG00000116835.1	0.290772
ENSMUSG00000116836.1	0
ENSMUSG00000116837.2	0
ENSMUSG00000116838.1	0
ENSMUSG00000116839.1	0
ENSMUSG00000116840.1	0.175504
ENSMUSG00000116841.1	0
ENSMUSG00000116842.1	0
ENSMUSG00000116843.1	0
ENSMUSG00000116845.1	0
ENSMUSG00000116846.1	0
ENSMUSG00000116847.1	0
ENSMUSG00000116848.1	0
ENSMUSG00000116849.1	0
ENSMUSG00000116850.1	0
ENSMUSG00000116851.1	0
ENSMUSG00000116852.1	0.164309
ENSMUSG00000116853.1	0
ENSMUSG00000116854.1	0
ENSMUSG00000116855.1	0
ENSMUSG00000116857.2	0
ENSMUSG00000116858.1	3.756204
ENSMUSG00000116859.1	0
ENSMUSG00000116860.1	0
ENSMUSG00000116861.1	0
ENSMUSG00000116862.1	0
ENSMUSG00000116863.1	0
ENSMUSG00000116864.1	0
ENSMUSG00000116865.1	0
ENSMUSG00000116866.1	0
ENSMUSG00000116867.1	0
ENSMUSG00000116868.1	0
ENSMUSG00000116870.1	0
ENSMUSG00000116871.1	0
ENSMUSG00000116872.1	0
ENSMUSG00000116873.1	0
ENSMUSG00000116874.1	0
ENSMUSG00000116875.1	37.13699
ENSMUSG00000116876.1	0.19193
ENSMUSG00000116877.1	0
ENSMUSG00000116878.1	0
ENSMUSG00000116879.1	0
ENSMUSG00000116880.1	0
ENSMUSG00000116881.1	0
ENSMUSG00000116882.1	0.387782
ENSMUSG00000116883.1	0.081852
ENSMUSG00000116884.1	0
ENSMUSG00000116885.1	0
ENSMUSG00000116886.1	0
ENSMUSG00000116887.1	0
ENSMUSG00000116888.1	0
ENSMUSG00000116889.1	0
ENSMUSG00000116890.1	0
ENSMUSG00000116891.1	0.941948
ENSMUSG00000116892.1	0
ENSMUSG00000116893.1	0
ENSMUSG00000116894.1	0
ENSMUSG00000116895.1	3.183929
ENSMUSG00000116896.1	0
ENSMUSG00000116897.1	0
ENSMUSG00000116898.1	0.498023
ENSMUSG00000116899.1	0
ENSMUSG00000116900.1	0
ENSMUSG00000116901.1	0
ENSMUSG00000116902.1	0
ENSMUSG00000116903.1	0.393753
ENSMUSG00000116904.1	0
ENSMUSG00000116905.1	0
ENSMUSG00000116906.1	0
ENSMUSG00000116907.1	0.154451
ENSMUSG00000116908.1	0
ENSMUSG00000116909.1	0
ENSMUSG00000116910.1	0
ENSMUSG00000116911.1	0
ENSMUSG00000116912.1	0.014242
ENSMUSG00000116913.1	0.543596
ENSMUSG00000116914.1	0
ENSMUSG00000116915.1	0
ENSMUSG00000116916.1	0
ENSMUSG00000116917.1	0
ENSMUSG00000116918.1	0.075368
ENSMUSG00000116919.1	0
ENSMUSG00000116920.1	0
ENSMUSG00000116921.1	0
ENSMUSG00000116922.1	0
ENSMUSG00000116923.1	0
ENSMUSG00000116924.1	0
ENSMUSG00000116925.1	0
ENSMUSG00000116926.1	0
ENSMUSG00000116927.1	0
ENSMUSG00000116928.1	0
ENSMUSG00000116929.1	0
ENSMUSG00000116930.1	0.179141
ENSMUSG00000116931.1	0
ENSMUSG00000116932.1	0
ENSMUSG00000116933.1	0
ENSMUSG00000116934.1	0
ENSMUSG00000116935.1	0
ENSMUSG00000116936.1	0
ENSMUSG00000116937.1	0
ENSMUSG00000116938.1	0
ENSMUSG00000116939.1	0
ENSMUSG00000116940.1	0
ENSMUSG00000116941.1	0
ENSMUSG00000116942.1	0
ENSMUSG00000116943.1	0
ENSMUSG00000116944.1	0
ENSMUSG00000116945.1	0
ENSMUSG00000116946.1	0.05765
ENSMUSG00000116947.1	0
ENSMUSG00000116948.1	0
ENSMUSG00000116949.1	0
ENSMUSG00000116950.1	0
ENSMUSG00000116951.1	0.356762
ENSMUSG00000116952.1	0
ENSMUSG00000116953.1	3.741055
ENSMUSG00000116954.1	0
ENSMUSG00000116955.1	0
ENSMUSG00000116956.1	0
ENSMUSG00000116957.1	0.087718
ENSMUSG00000116958.1	0.110236
ENSMUSG00000116959.1	0
ENSMUSG00000116960.1	0
ENSMUSG00000116961.1	0
ENSMUSG00000116962.1	0
ENSMUSG00000116963.1	0
ENSMUSG00000116964.1	0
ENSMUSG00000116965.1	0.068819
ENSMUSG00000116966.1	0
ENSMUSG00000116967.1	0
ENSMUSG00000116968.1	0.025373
ENSMUSG00000116969.1	0
ENSMUSG00000116970.1	0
ENSMUSG00000116971.1	0
ENSMUSG00000116972.1	7.122264
ENSMUSG00000116973.1	0
ENSMUSG00000116974.1	0
ENSMUSG00000116975.1	0.053978
ENSMUSG00000116976.1	0.023699
ENSMUSG00000116977.1	0
ENSMUSG00000116978.1	0
ENSMUSG00000116979.1	0
ENSMUSG00000116980.1	0
ENSMUSG00000116981.1	0
ENSMUSG00000116982.1	0
ENSMUSG00000116983.1	0
ENSMUSG00000116984.1	0
ENSMUSG00000116985.1	0
ENSMUSG00000116986.1	0
ENSMUSG00000116987.1	0
ENSMUSG00000116988.1	0.04264
ENSMUSG00000116989.1	0
ENSMUSG00000116990.1	0
ENSMUSG00000116991.1	0
ENSMUSG00000116992.1	0
ENSMUSG00000116993.1	0
ENSMUSG00000116994.1	0
ENSMUSG00000116995.1	10.141252
ENSMUSG00000116996.1	0
ENSMUSG00000116997.1	0
ENSMUSG00000116998.1	0
ENSMUSG00000116999.1	0
ENSMUSG00000117000.1	0
ENSMUSG00000117001.1	0
ENSMUSG00000117002.1	0
ENSMUSG00000117003.1	0.632523
ENSMUSG00000117004.1	1.0323
ENSMUSG00000117005.1	0
ENSMUSG00000117006.1	0
ENSMUSG00000117007.1	0.086544
ENSMUSG00000117008.1	0
ENSMUSG00000117009.1	0
ENSMUSG00000117010.1	0
ENSMUSG00000117011.1	0.129749
ENSMUSG00000117012.1	0
ENSMUSG00000117013.1	1.636844
ENSMUSG00000117014.1	0
ENSMUSG00000117015.1	0
ENSMUSG00000117016.1	0
ENSMUSG00000117017.1	0
ENSMUSG00000117018.1	0
ENSMUSG00000117019.1	0
ENSMUSG00000117020.1	0
ENSMUSG00000117021.1	0
ENSMUSG00000117022.1	0
ENSMUSG00000117023.1	0
ENSMUSG00000117024.1	0
ENSMUSG00000117025.1	0
ENSMUSG00000117026.1	0
ENSMUSG00000117027.1	0
ENSMUSG00000117028.1	0
ENSMUSG00000117029.1	0
ENSMUSG00000117030.1	0
ENSMUSG00000117031.1	0
ENSMUSG00000117033.1	0
ENSMUSG00000117035.1	0
ENSMUSG00000117036.1	0
ENSMUSG00000117037.1	0.661308
ENSMUSG00000117038.1	0
ENSMUSG00000117039.1	0
ENSMUSG00000117040.1	0
ENSMUSG00000117041.1	0
ENSMUSG00000117042.1	0.757994
ENSMUSG00000117043.1	0
ENSMUSG00000117044.1	0
ENSMUSG00000117045.1	0
ENSMUSG00000117046.1	0
ENSMUSG00000117047.1	0
ENSMUSG00000117048.1	0
ENSMUSG00000117049.1	0.106095
ENSMUSG00000117050.1	0.193397
ENSMUSG00000117051.1	0
ENSMUSG00000117053.1	0
ENSMUSG00000117054.1	0
ENSMUSG00000117055.1	0
ENSMUSG00000117056.1	0
ENSMUSG00000117057.1	0
ENSMUSG00000117058.1	0
ENSMUSG00000117059.1	0
ENSMUSG00000117060.1	0
ENSMUSG00000117061.1	0
ENSMUSG00000117062.1	0
ENSMUSG00000117063.1	0
ENSMUSG00000117064.1	0
ENSMUSG00000117065.1	0
ENSMUSG00000117066.1	0
ENSMUSG00000117067.1	0
ENSMUSG00000117068.2	0
ENSMUSG00000117069.1	0.029454
ENSMUSG00000117070.1	0
ENSMUSG00000117071.1	0
ENSMUSG00000117072.1	0
ENSMUSG00000117073.1	0
ENSMUSG00000117074.1	0
ENSMUSG00000117075.1	0
ENSMUSG00000117076.1	0
ENSMUSG00000117077.1	0
ENSMUSG00000117078.1	0
ENSMUSG00000117079.1	0
ENSMUSG00000117080.1	0
ENSMUSG00000117081.1	0
ENSMUSG00000117082.1	0
ENSMUSG00000117083.1	0
ENSMUSG00000117084.1	0
ENSMUSG00000117085.1	0
ENSMUSG00000117086.1	0
ENSMUSG00000117088.1	0
ENSMUSG00000117089.1	0
ENSMUSG00000117090.1	0
ENSMUSG00000117091.1	0
ENSMUSG00000117092.1	0
ENSMUSG00000117093.1	0.216806
ENSMUSG00000117094.1	0
ENSMUSG00000117095.1	0
ENSMUSG00000117096.1	0
ENSMUSG00000117098.1	112.37266
ENSMUSG00000117099.1	0
ENSMUSG00000117100.1	0
ENSMUSG00000117101.1	0
ENSMUSG00000117102.1	0.068525
ENSMUSG00000117103.1	0
ENSMUSG00000117104.1	0
ENSMUSG00000117105.1	0
ENSMUSG00000117106.1	0
ENSMUSG00000117107.1	0
ENSMUSG00000117108.1	0
ENSMUSG00000117109.1	0
ENSMUSG00000117110.1	0
ENSMUSG00000117111.1	0
ENSMUSG00000117112.1	0
ENSMUSG00000117113.1	0.218677
ENSMUSG00000117114.1	0
ENSMUSG00000117115.1	0
ENSMUSG00000117116.1	0
ENSMUSG00000117117.1	0.012245
ENSMUSG00000117118.1	0
ENSMUSG00000117119.1	0
ENSMUSG00000117120.1	0.174963
ENSMUSG00000117121.1	0
ENSMUSG00000117122.1	0
ENSMUSG00000117123.1	0.215467
ENSMUSG00000117124.1	0
ENSMUSG00000117125.1	0
ENSMUSG00000117126.1	0
ENSMUSG00000117127.1	0
ENSMUSG00000117128.1	0
ENSMUSG00000117129.1	0
ENSMUSG00000117130.1	0
ENSMUSG00000117131.1	0
ENSMUSG00000117132.1	0
ENSMUSG00000117133.1	0
ENSMUSG00000117134.1	0
ENSMUSG00000117135.1	0
ENSMUSG00000117136.1	0
ENSMUSG00000117137.1	0
ENSMUSG00000117138.1	0
ENSMUSG00000117139.1	0
ENSMUSG00000117140.1	0
ENSMUSG00000117141.1	0
ENSMUSG00000117142.1	0
ENSMUSG00000117143.1	0
ENSMUSG00000117145.1	0.063499
ENSMUSG00000117146.2	0
ENSMUSG00000117147.1	0
ENSMUSG00000117148.1	0.003021
ENSMUSG00000117149.1	0
ENSMUSG00000117150.1	0
ENSMUSG00000117151.1	0
ENSMUSG00000117154.1	0
ENSMUSG00000117156.1	0
ENSMUSG00000117157.1	0
ENSMUSG00000117158.1	0
ENSMUSG00000117159.1	0
ENSMUSG00000117160.1	0
ENSMUSG00000117161.1	0
ENSMUSG00000117162.1	0
ENSMUSG00000117163.1	0
ENSMUSG00000117164.1	0
ENSMUSG00000117165.1	0
ENSMUSG00000117166.1	0
ENSMUSG00000117167.1	0
ENSMUSG00000117168.1	0
ENSMUSG00000117169.2	0
ENSMUSG00000117170.1	0
ENSMUSG00000117171.1	0.48186
ENSMUSG00000117172.1	2.741593
ENSMUSG00000117174.1	0
ENSMUSG00000117175.1	0
ENSMUSG00000117176.1	0
ENSMUSG00000117177.1	0
ENSMUSG00000117178.1	0
ENSMUSG00000117179.1	0
ENSMUSG00000117180.1	0
ENSMUSG00000117181.1	0
ENSMUSG00000117182.1	0
ENSMUSG00000117183.1	0.114976
ENSMUSG00000117184.1	0
ENSMUSG00000117185.1	0
ENSMUSG00000117186.1	0
ENSMUSG00000117187.1	0.302961
ENSMUSG00000117188.1	0
ENSMUSG00000117189.1	0
ENSMUSG00000117190.1	0
ENSMUSG00000117191.1	0
ENSMUSG00000117192.1	0
ENSMUSG00000117193.1	0
ENSMUSG00000117194.1	0
ENSMUSG00000117195.1	0
ENSMUSG00000117196.1	0
ENSMUSG00000117197.1	0
ENSMUSG00000117198.1	0
ENSMUSG00000117199.1	0
ENSMUSG00000117200.1	0
ENSMUSG00000117201.1	0
ENSMUSG00000117202.1	0.306107
ENSMUSG00000117203.1	0
ENSMUSG00000117204.1	0
ENSMUSG00000117205.1	0
ENSMUSG00000117206.1	0
ENSMUSG00000117207.1	0
ENSMUSG00000117208.1	0
ENSMUSG00000117209.1	0.828809
ENSMUSG00000117210.1	0
ENSMUSG00000117211.1	0
ENSMUSG00000117213.1	0
ENSMUSG00000117214.1	0
ENSMUSG00000117215.1	0
ENSMUSG00000117216.1	0
ENSMUSG00000117217.1	0.036757
ENSMUSG00000117218.1	0.0406
ENSMUSG00000117219.1	0
ENSMUSG00000117220.1	0.373484
ENSMUSG00000117221.1	0
ENSMUSG00000117222.1	0.192694
ENSMUSG00000117223.1	0
ENSMUSG00000117224.1	0
ENSMUSG00000117225.1	0
ENSMUSG00000117226.1	0
ENSMUSG00000117227.1	0
ENSMUSG00000117228.1	0
ENSMUSG00000117229.1	0
ENSMUSG00000117230.1	0
ENSMUSG00000117231.1	0
ENSMUSG00000117232.1	0.241107
ENSMUSG00000117233.1	0
ENSMUSG00000117234.1	1.26164
ENSMUSG00000117235.1	0
ENSMUSG00000117236.1	0
ENSMUSG00000117237.1	0
ENSMUSG00000117238.1	0
ENSMUSG00000117239.1	0.013568
ENSMUSG00000117240.1	0
ENSMUSG00000117241.1	0
ENSMUSG00000117243.1	0
ENSMUSG00000117244.1	0
ENSMUSG00000117245.1	0
ENSMUSG00000117246.1	0.186078
ENSMUSG00000117247.1	0
ENSMUSG00000117248.1	0
ENSMUSG00000117249.1	0
ENSMUSG00000117250.1	0.157186
ENSMUSG00000117251.1	0
ENSMUSG00000117252.1	0
ENSMUSG00000117253.1	0
ENSMUSG00000117254.1	0.231127
ENSMUSG00000117255.1	0.315586
ENSMUSG00000117256.1	0.317275
ENSMUSG00000117257.1	0
ENSMUSG00000117258.1	0
ENSMUSG00000117259.1	0
ENSMUSG00000117260.1	0
ENSMUSG00000117262.1	0.014389
ENSMUSG00000117263.1	0.549753
ENSMUSG00000117264.1	0
ENSMUSG00000117265.1	0
ENSMUSG00000117266.1	0
ENSMUSG00000117267.1	0
ENSMUSG00000117268.1	0
ENSMUSG00000117269.1	0
ENSMUSG00000117270.1	0
ENSMUSG00000117271.1	0
ENSMUSG00000117272.1	0
ENSMUSG00000117273.1	0
ENSMUSG00000117274.1	0
ENSMUSG00000117275.1	0
ENSMUSG00000117276.1	0
ENSMUSG00000117277.1	0
ENSMUSG00000117278.1	0
ENSMUSG00000117279.1	0
ENSMUSG00000117280.1	0
ENSMUSG00000117281.1	0
ENSMUSG00000117282.1	0
ENSMUSG00000117283.1	0
ENSMUSG00000117284.1	1.031191
ENSMUSG00000117285.1	0
ENSMUSG00000117286.1	0.915804
ENSMUSG00000117287.1	0
ENSMUSG00000117288.1	0
ENSMUSG00000117289.1	0.238257
ENSMUSG00000117290.1	0.036218
ENSMUSG00000117291.1	0
ENSMUSG00000117292.1	0
ENSMUSG00000117293.1	0
ENSMUSG00000117294.1	0
ENSMUSG00000117295.1	0
ENSMUSG00000117296.1	0
ENSMUSG00000117297.1	0
ENSMUSG00000117298.1	0
ENSMUSG00000117299.1	0
ENSMUSG00000117300.1	5.19716
ENSMUSG00000117301.1	0
ENSMUSG00000117302.1	0
ENSMUSG00000117303.1	0.020125
ENSMUSG00000117304.1	0
ENSMUSG00000117305.1	0
ENSMUSG00000117306.1	0
ENSMUSG00000117307.1	0
ENSMUSG00000117308.1	0
ENSMUSG00000117309.1	0
ENSMUSG00000117310.2	39.229683
ENSMUSG00000117311.1	0
ENSMUSG00000117312.1	0
ENSMUSG00000117313.1	0
ENSMUSG00000117314.1	1.104682
ENSMUSG00000117315.1	0
ENSMUSG00000117316.1	0
ENSMUSG00000117317.1	0
ENSMUSG00000117318.1	0
ENSMUSG00000117319.1	0
ENSMUSG00000117320.1	0
ENSMUSG00000117321.1	0
ENSMUSG00000117322.1	0.580802
ENSMUSG00000117323.1	0
ENSMUSG00000117324.1	0
ENSMUSG00000117325.1	0
ENSMUSG00000117326.1	0
ENSMUSG00000117327.1	0.344864
ENSMUSG00000117328.1	0
ENSMUSG00000117329.1	0
ENSMUSG00000117330.1	0
ENSMUSG00000117331.1	0
ENSMUSG00000117332.1	0
ENSMUSG00000117333.1	0.020659
ENSMUSG00000117334.1	0
ENSMUSG00000117335.1	0.125238
ENSMUSG00000117336.1	0
ENSMUSG00000117337.1	0
ENSMUSG00000117338.1	0
ENSMUSG00000117340.1	0
ENSMUSG00000117341.1	0.068579
ENSMUSG00000117342.1	0
ENSMUSG00000117343.1	0
ENSMUSG00000117344.1	0
ENSMUSG00000117345.1	0
ENSMUSG00000117346.1	0
ENSMUSG00000117347.1	0
ENSMUSG00000117348.1	0
ENSMUSG00000117349.1	0
ENSMUSG00000117350.1	0
ENSMUSG00000117351.1	0.059095
ENSMUSG00000117352.1	0
ENSMUSG00000117353.1	0
ENSMUSG00000117354.1	0
ENSMUSG00000117355.1	0
ENSMUSG00000117356.1	0.685948
ENSMUSG00000117357.1	0
ENSMUSG00000117358.1	0
ENSMUSG00000117359.1	0
ENSMUSG00000117360.1	0
ENSMUSG00000117361.1	1.237519
ENSMUSG00000117362.1	0
ENSMUSG00000117363.1	0
ENSMUSG00000117364.1	0
ENSMUSG00000117365.1	0
ENSMUSG00000117366.1	0
ENSMUSG00000117367.1	0
ENSMUSG00000117368.1	0
ENSMUSG00000117369.1	0
ENSMUSG00000117370.1	0
ENSMUSG00000117371.1	0.10364
ENSMUSG00000117372.1	0
ENSMUSG00000117373.1	0
ENSMUSG00000117374.1	0
ENSMUSG00000117375.1	0.222426
ENSMUSG00000117376.1	0.192024
ENSMUSG00000117377.1	0
ENSMUSG00000117378.1	0
ENSMUSG00000117379.1	0
ENSMUSG00000117380.1	0.03504
ENSMUSG00000117381.1	0
ENSMUSG00000117382.1	0
ENSMUSG00000117383.1	0
ENSMUSG00000117384.1	0
ENSMUSG00000117385.1	0
ENSMUSG00000117386.1	0
ENSMUSG00000117387.1	0
ENSMUSG00000117388.1	0
ENSMUSG00000117389.1	0
ENSMUSG00000117390.1	0
ENSMUSG00000117391.1	0
ENSMUSG00000117392.1	0
ENSMUSG00000117393.1	0.432762
ENSMUSG00000117394.1	0
ENSMUSG00000117395.1	0.154526
ENSMUSG00000117396.1	0
ENSMUSG00000117397.1	0
ENSMUSG00000117398.1	0
ENSMUSG00000117399.1	0
ENSMUSG00000117400.1	0
ENSMUSG00000117401.1	0.272052
ENSMUSG00000117402.1	0
ENSMUSG00000117403.1	0
ENSMUSG00000117404.1	0
ENSMUSG00000117405.1	0
ENSMUSG00000117406.1	3.981235
ENSMUSG00000117407.1	0
ENSMUSG00000117408.1	0
ENSMUSG00000117409.1	0
ENSMUSG00000117410.1	0.260082
ENSMUSG00000117411.1	0.290689
ENSMUSG00000117412.1	0
ENSMUSG00000117413.1	0
ENSMUSG00000117414.1	0
ENSMUSG00000117415.1	0
ENSMUSG00000117416.1	0.018443
ENSMUSG00000117417.1	0
ENSMUSG00000117418.1	0
ENSMUSG00000117419.1	0
ENSMUSG00000117420.1	0
ENSMUSG00000117421.1	0.047385
ENSMUSG00000117422.1	0
ENSMUSG00000117423.1	0.041594
ENSMUSG00000117424.1	0
ENSMUSG00000117425.1	0
ENSMUSG00000117426.1	0
ENSMUSG00000117427.1	0.06554
ENSMUSG00000117428.1	0
ENSMUSG00000117429.1	0
ENSMUSG00000117430.1	0
ENSMUSG00000117431.1	0.431641
ENSMUSG00000117432.1	0
ENSMUSG00000117433.1	0
ENSMUSG00000117434.1	0
ENSMUSG00000117435.1	0
ENSMUSG00000117436.1	0
ENSMUSG00000117437.1	3.906094
ENSMUSG00000117438.1	0.046311
ENSMUSG00000117439.1	0
ENSMUSG00000117440.1	0
ENSMUSG00000117441.1	0.017993
ENSMUSG00000117442.1	0.117007
ENSMUSG00000117443.1	0
ENSMUSG00000117444.1	0
ENSMUSG00000117445.1	0
ENSMUSG00000117446.1	0
ENSMUSG00000117447.1	0
ENSMUSG00000117448.1	0
ENSMUSG00000117449.1	0
ENSMUSG00000117450.1	0
ENSMUSG00000117451.1	0
ENSMUSG00000117452.1	0
ENSMUSG00000117453.1	0
ENSMUSG00000117454.1	0
ENSMUSG00000117455.1	0
ENSMUSG00000117456.1	0
ENSMUSG00000117457.1	0
ENSMUSG00000117458.1	0.066307
ENSMUSG00000117459.1	0
ENSMUSG00000117460.1	0
ENSMUSG00000117461.1	1.27099
ENSMUSG00000117462.1	0
ENSMUSG00000117463.1	0
ENSMUSG00000117464.1	0
ENSMUSG00000117465.1	0.083534
ENSMUSG00000117466.1	0.012315
ENSMUSG00000117467.1	0
ENSMUSG00000117468.1	0
ENSMUSG00000117469.1	0
ENSMUSG00000117470.1	0
ENSMUSG00000117471.1	0
ENSMUSG00000117472.1	0
ENSMUSG00000117473.1	0
ENSMUSG00000117474.1	0
ENSMUSG00000117475.1	0
ENSMUSG00000117476.1	0
ENSMUSG00000117477.1	0
ENSMUSG00000117478.1	0.106115
ENSMUSG00000117479.1	0
ENSMUSG00000117480.1	0
ENSMUSG00000117481.1	0
ENSMUSG00000117482.1	0
ENSMUSG00000117483.1	0
ENSMUSG00000117484.1	0
ENSMUSG00000117485.1	0
ENSMUSG00000117486.1	0
ENSMUSG00000117487.1	0
ENSMUSG00000117488.1	0
ENSMUSG00000117489.1	0
ENSMUSG00000117490.1	0
ENSMUSG00000117491.1	0
ENSMUSG00000117492.1	0
ENSMUSG00000117493.1	0
ENSMUSG00000117494.1	0
ENSMUSG00000117495.2	0
ENSMUSG00000117496.1	0
ENSMUSG00000117497.1	0
ENSMUSG00000117498.1	0
ENSMUSG00000117499.1	1.564401
ENSMUSG00000117500.1	0
ENSMUSG00000117501.1	0
ENSMUSG00000117502.1	0
ENSMUSG00000117503.1	0
ENSMUSG00000117504.1	0
ENSMUSG00000117505.1	0.091439
ENSMUSG00000117506.1	0
ENSMUSG00000117507.1	0
ENSMUSG00000117508.1	0
ENSMUSG00000117509.1	0
ENSMUSG00000117510.1	0
ENSMUSG00000117511.1	0
ENSMUSG00000117512.1	0
ENSMUSG00000117513.1	0
ENSMUSG00000117514.1	0
ENSMUSG00000117515.1	0
ENSMUSG00000117516.1	0
ENSMUSG00000117517.1	0
ENSMUSG00000117518.1	0
ENSMUSG00000117519.1	0.080749
ENSMUSG00000117520.1	0
ENSMUSG00000117521.1	0.018443
ENSMUSG00000117522.1	0
ENSMUSG00000117523.1	0
ENSMUSG00000117524.1	0
ENSMUSG00000117525.1	0
ENSMUSG00000117526.1	0.306966
ENSMUSG00000117527.1	0
ENSMUSG00000117528.1	0
ENSMUSG00000117529.1	0
ENSMUSG00000117530.1	0
ENSMUSG00000117531.1	0
ENSMUSG00000117532.1	0
ENSMUSG00000117533.1	0
ENSMUSG00000117534.1	0
ENSMUSG00000117535.1	0
ENSMUSG00000117536.1	0
ENSMUSG00000117537.1	0
ENSMUSG00000117538.1	0
ENSMUSG00000117539.1	0
ENSMUSG00000117540.1	0
ENSMUSG00000117541.1	0.0222
ENSMUSG00000117542.1	0
ENSMUSG00000117543.1	0
ENSMUSG00000117544.1	0
ENSMUSG00000117545.1	0.029454
ENSMUSG00000117546.1	0
ENSMUSG00000117547.1	0
ENSMUSG00000117548.1	0.758157
ENSMUSG00000117549.1	0
ENSMUSG00000117550.1	0
ENSMUSG00000117551.1	0
ENSMUSG00000117552.1	0
ENSMUSG00000117553.1	0
ENSMUSG00000117554.1	0
ENSMUSG00000117555.1	0
ENSMUSG00000117556.1	0
ENSMUSG00000117557.1	0
ENSMUSG00000117558.1	0
ENSMUSG00000117559.1	0
ENSMUSG00000117560.1	0
ENSMUSG00000117561.1	0
ENSMUSG00000117562.2	0
ENSMUSG00000117563.1	0
ENSMUSG00000117564.1	0
ENSMUSG00000117565.1	0
ENSMUSG00000117566.1	0
ENSMUSG00000117567.1	0.073847
ENSMUSG00000117568.1	0
ENSMUSG00000117569.1	0
ENSMUSG00000117570.1	0
ENSMUSG00000117571.1	0.017379
ENSMUSG00000117572.1	0
ENSMUSG00000117573.1	0
ENSMUSG00000117574.1	0
ENSMUSG00000117575.1	0
ENSMUSG00000117576.1	0
ENSMUSG00000117577.1	0
ENSMUSG00000117578.1	0
ENSMUSG00000117579.1	0
ENSMUSG00000117580.1	0
ENSMUSG00000117581.1	0
ENSMUSG00000117582.1	0
ENSMUSG00000117583.1	0
ENSMUSG00000117584.1	0
ENSMUSG00000117585.1	0.135054
ENSMUSG00000117586.1	0
ENSMUSG00000117587.1	0
ENSMUSG00000117588.1	0
ENSMUSG00000117589.1	0
ENSMUSG00000117590.1	0
ENSMUSG00000117591.1	0
ENSMUSG00000117592.1	0.341101
ENSMUSG00000117593.1	0
ENSMUSG00000117594.1	0
ENSMUSG00000117595.1	0
ENSMUSG00000117596.1	0
ENSMUSG00000117597.1	0
ENSMUSG00000117598.1	0
ENSMUSG00000117599.1	0
ENSMUSG00000117600.1	0
ENSMUSG00000117601.1	0
ENSMUSG00000117602.1	0
ENSMUSG00000117603.1	0
ENSMUSG00000117604.1	0.116202
ENSMUSG00000117605.1	0
ENSMUSG00000117606.1	0
ENSMUSG00000117607.1	0
ENSMUSG00000117608.1	0
ENSMUSG00000117609.1	0
ENSMUSG00000117610.1	0
ENSMUSG00000117611.1	0.082634
ENSMUSG00000117612.1	0
ENSMUSG00000117613.1	0.217315
ENSMUSG00000117614.1	0
ENSMUSG00000117615.1	0
ENSMUSG00000117616.1	0
ENSMUSG00000117617.1	0
ENSMUSG00000117618.1	0
ENSMUSG00000117619.1	0
ENSMUSG00000117620.1	0
ENSMUSG00000117621.1	0.169554
ENSMUSG00000117622.1	0
ENSMUSG00000117623.1	0
ENSMUSG00000117624.1	0
ENSMUSG00000117625.1	0
ENSMUSG00000117626.1	0
ENSMUSG00000117627.1	0.093198
ENSMUSG00000117628.1	0.082348
ENSMUSG00000117629.1	0
ENSMUSG00000117630.1	0
ENSMUSG00000117631.1	0
ENSMUSG00000117632.1	0
ENSMUSG00000117633.1	0
ENSMUSG00000117634.1	0.665825
ENSMUSG00000117635.1	0
ENSMUSG00000117636.1	0
ENSMUSG00000117637.1	0.136423
ENSMUSG00000117638.1	0
ENSMUSG00000117639.1	0
ENSMUSG00000117640.1	0.032722
ENSMUSG00000117641.1	0
ENSMUSG00000117642.1	0
ENSMUSG00000117643.1	0
ENSMUSG00000117644.1	0
ENSMUSG00000117645.1	0
ENSMUSG00000117646.1	0
ENSMUSG00000117647.1	0
ENSMUSG00000117648.1	4.935978
ENSMUSG00000117649.1	0
ENSMUSG00000117650.1	0
ENSMUSG00000117651.1	0
ENSMUSG00000117652.1	0
ENSMUSG00000117653.1	0.074042
ENSMUSG00000117654.1	0.027516
ENSMUSG00000117655.1	1.160544
ENSMUSG00000117656.1	0
ENSMUSG00000117657.1	0
ENSMUSG00000117658.1	0
ENSMUSG00000117659.1	0
ENSMUSG00000117660.1	0
ENSMUSG00000117661.1	0.020178
ENSMUSG00000117662.1	3.263047
ENSMUSG00000117663.1	0
ENSMUSG00000117664.1	0
ENSMUSG00000117665.1	0
ENSMUSG00000117666.1	0
ENSMUSG00000117667.1	0
ENSMUSG00000117669.1	0
ENSMUSG00000117670.1	0.018954
ENSMUSG00000117671.1	0.055133
ENSMUSG00000117673.1	0
ENSMUSG00000117674.1	0.357385
ENSMUSG00000117675.1	0
ENSMUSG00000117676.1	0
ENSMUSG00000117677.1	0
ENSMUSG00000117678.1	0
ENSMUSG00000117679.1	24.545777
ENSMUSG00000117680.1	0
ENSMUSG00000117681.1	0.123384
ENSMUSG00000117682.1	0
ENSMUSG00000117683.1	0
ENSMUSG00000117684.1	0
ENSMUSG00000117685.1	0
ENSMUSG00000117686.1	0
ENSMUSG00000117687.1	0
ENSMUSG00000117688.1	0
ENSMUSG00000117689.1	0
ENSMUSG00000117690.1	0
ENSMUSG00000117691.1	0
ENSMUSG00000117692.1	0
ENSMUSG00000117693.1	0
ENSMUSG00000117694.1	3.605009
ENSMUSG00000117695.1	0
ENSMUSG00000117696.1	0
ENSMUSG00000117697.1	0
ENSMUSG00000117698.1	0.907186
ENSMUSG00000117699.1	0
ENSMUSG00000117700.1	0
ENSMUSG00000117701.1	0.053032
ENSMUSG00000117702.1	0
ENSMUSG00000117703.1	0
ENSMUSG00000117704.1	0
ENSMUSG00000117705.1	0
ENSMUSG00000117706.1	0
ENSMUSG00000117707.1	0
ENSMUSG00000117708.1	0
ENSMUSG00000117709.1	0
ENSMUSG00000117710.1	1.381776
ENSMUSG00000117711.1	0
ENSMUSG00000117712.1	0.06933
ENSMUSG00000117713.1	0.33863
ENSMUSG00000117714.1	0
ENSMUSG00000117715.1	0
ENSMUSG00000117717.1	0
ENSMUSG00000117718.1	0.393323
ENSMUSG00000117719.1	0
ENSMUSG00000117720.1	0
ENSMUSG00000117721.1	0
ENSMUSG00000117722.1	0
ENSMUSG00000117723.1	0
ENSMUSG00000117724.1	0
ENSMUSG00000117725.1	1.674382
ENSMUSG00000117726.1	0
ENSMUSG00000117727.1	0
ENSMUSG00000117728.1	0.340898
ENSMUSG00000117729.1	1.193692
ENSMUSG00000117730.1	5.262896
ENSMUSG00000117731.1	0
ENSMUSG00000117732.1	0
ENSMUSG00000117733.1	0.064048
ENSMUSG00000117734.1	0
ENSMUSG00000117735.1	0
ENSMUSG00000117736.1	0
ENSMUSG00000117737.1	0
ENSMUSG00000117738.1	0
ENSMUSG00000117739.1	0.266749
ENSMUSG00000117740.1	0
ENSMUSG00000117741.1	0
ENSMUSG00000117742.1	0
ENSMUSG00000117743.1	0
ENSMUSG00000117744.1	0
ENSMUSG00000117745.1	0
ENSMUSG00000117746.1	0
ENSMUSG00000117747.1	0
ENSMUSG00000117748.1	7.647671
ENSMUSG00000117749.1	0
ENSMUSG00000117750.1	0
ENSMUSG00000117751.1	0
ENSMUSG00000117752.1	0
ENSMUSG00000117753.1	0
ENSMUSG00000117754.1	0
ENSMUSG00000117755.1	0
ENSMUSG00000117756.1	0
ENSMUSG00000117757.1	0.03418
ENSMUSG00000117758.1	0
ENSMUSG00000117759.1	0
ENSMUSG00000117760.1	0
ENSMUSG00000117761.1	0
ENSMUSG00000117762.1	0
ENSMUSG00000117763.1	0.185684
ENSMUSG00000117764.1	0
ENSMUSG00000117765.1	0
ENSMUSG00000117766.1	0
ENSMUSG00000117767.1	0.052903
ENSMUSG00000117768.1	0.269975
ENSMUSG00000117769.1	0
ENSMUSG00000117770.1	0.024107
ENSMUSG00000117771.1	0.057438
ENSMUSG00000117772.1	0
ENSMUSG00000117773.1	0
ENSMUSG00000117774.1	0
ENSMUSG00000117775.1	0.985781
ENSMUSG00000117777.1	0
ENSMUSG00000117778.1	0
ENSMUSG00000117779.1	0
ENSMUSG00000117780.1	0
ENSMUSG00000117781.1	0
ENSMUSG00000117782.1	0
ENSMUSG00000117783.1	0
ENSMUSG00000117784.1	0
ENSMUSG00000117785.1	0.07506
ENSMUSG00000117786.1	0
ENSMUSG00000117787.1	0
ENSMUSG00000117788.1	0
ENSMUSG00000117789.1	1.029025
ENSMUSG00000117790.1	0
ENSMUSG00000117791.1	0
ENSMUSG00000117792.1	0
ENSMUSG00000117793.1	0
ENSMUSG00000117794.1	0
ENSMUSG00000117795.1	0
ENSMUSG00000117796.1	0
ENSMUSG00000117797.1	0.13354
ENSMUSG00000117798.1	0.011596
ENSMUSG00000117799.1	0
ENSMUSG00000117800.1	0
ENSMUSG00000117801.1	0
ENSMUSG00000117802.1	0
ENSMUSG00000117803.1	0
ENSMUSG00000117804.1	0.14943
ENSMUSG00000117805.1	0
ENSMUSG00000117806.1	0
ENSMUSG00000117807.1	0
ENSMUSG00000117808.1	0.040134
ENSMUSG00000117809.1	0
ENSMUSG00000117810.1	0
ENSMUSG00000117811.1	0
ENSMUSG00000117812.1	0
ENSMUSG00000117813.1	3.71369
ENSMUSG00000117814.1	5.07059
ENSMUSG00000117815.1	0
ENSMUSG00000117816.1	0
ENSMUSG00000117817.1	0
ENSMUSG00000117818.1	0.011056
ENSMUSG00000117819.1	0.314645
ENSMUSG00000117820.1	0
ENSMUSG00000117821.1	0
ENSMUSG00000117822.1	1.057398
ENSMUSG00000117823.1	0
ENSMUSG00000117824.1	2.666792
ENSMUSG00000117825.1	0
ENSMUSG00000117826.1	0
ENSMUSG00000117827.1	0
ENSMUSG00000117828.1	0
ENSMUSG00000117829.1	0
ENSMUSG00000117830.1	0
ENSMUSG00000117831.1	0
ENSMUSG00000117832.1	0
ENSMUSG00000117833.1	0
ENSMUSG00000117834.1	0
ENSMUSG00000117835.1	0
ENSMUSG00000117836.1	0
ENSMUSG00000117837.1	0
ENSMUSG00000117838.1	0
ENSMUSG00000117839.1	1.256739
ENSMUSG00000117840.1	0
ENSMUSG00000117841.1	0
ENSMUSG00000117842.1	0
ENSMUSG00000117843.1	0
ENSMUSG00000117844.1	0
ENSMUSG00000117845.1	0
ENSMUSG00000117846.1	0
ENSMUSG00000117847.1	0
ENSMUSG00000117848.1	0
ENSMUSG00000117849.1	0
ENSMUSG00000117850.1	0
ENSMUSG00000117851.1	0
ENSMUSG00000117852.1	0
ENSMUSG00000117853.1	0.00322
ENSMUSG00000117854.1	0
ENSMUSG00000117855.1	0
ENSMUSG00000117856.1	0.067161
ENSMUSG00000117857.1	0
ENSMUSG00000117858.1	0
ENSMUSG00000117859.1	0.070295
ENSMUSG00000117860.1	0
ENSMUSG00000117861.1	0
ENSMUSG00000117862.1	0
ENSMUSG00000117863.1	0
ENSMUSG00000117864.1	0.749339
ENSMUSG00000117865.1	0
ENSMUSG00000117866.1	0
ENSMUSG00000117867.1	0
ENSMUSG00000117868.1	0
ENSMUSG00000117869.1	7.457552
ENSMUSG00000117870.1	0
ENSMUSG00000117871.1	0
ENSMUSG00000117872.1	0
ENSMUSG00000117873.1	0
ENSMUSG00000117874.1	0.198782
ENSMUSG00000117875.1	0.188526
ENSMUSG00000117876.1	0
ENSMUSG00000117877.1	0
ENSMUSG00000117878.1	0
ENSMUSG00000117879.1	0
ENSMUSG00000117880.1	0
ENSMUSG00000117881.1	0
ENSMUSG00000117882.1	0
ENSMUSG00000117883.1	0
ENSMUSG00000117884.1	0
ENSMUSG00000117885.1	0
ENSMUSG00000117886.1	0.020403
ENSMUSG00000117887.1	0
ENSMUSG00000117888.1	0.174254
ENSMUSG00000117889.1	0
ENSMUSG00000117890.1	0
ENSMUSG00000117891.1	0
ENSMUSG00000117892.1	0
ENSMUSG00000117893.1	0.022519
ENSMUSG00000117894.1	0
ENSMUSG00000117895.1	0
ENSMUSG00000117896.1	1.939732
ENSMUSG00000117897.1	0
ENSMUSG00000117898.1	0
ENSMUSG00000117899.1	0.042434
ENSMUSG00000117900.1	0.026796
ENSMUSG00000117901.1	7.038315
ENSMUSG00000117902.1	0
ENSMUSG00000117903.1	0
ENSMUSG00000117904.1	0
ENSMUSG00000117905.1	0.07919
ENSMUSG00000117906.1	0
ENSMUSG00000117907.1	0
ENSMUSG00000117908.1	0
ENSMUSG00000117909.1	0
ENSMUSG00000117910.1	1.055782
ENSMUSG00000117911.1	0
ENSMUSG00000117912.1	0
ENSMUSG00000117913.1	0
ENSMUSG00000117914.1	0
ENSMUSG00000117915.1	0
ENSMUSG00000117916.1	0.227306
ENSMUSG00000117917.1	0
ENSMUSG00000117918.1	0
ENSMUSG00000117919.1	0
ENSMUSG00000117920.1	0
ENSMUSG00000117921.1	0
ENSMUSG00000117922.1	0
ENSMUSG00000117923.1	0
ENSMUSG00000117924.1	80.430008
ENSMUSG00000117925.1	0
ENSMUSG00000117926.1	0.228199
ENSMUSG00000117927.1	0
ENSMUSG00000117928.1	0
ENSMUSG00000117929.1	0
ENSMUSG00000117930.1	0.025667
ENSMUSG00000117931.1	0
ENSMUSG00000117932.1	0
ENSMUSG00000117933.1	0
ENSMUSG00000117934.1	0
ENSMUSG00000117935.1	0.423481
ENSMUSG00000117936.1	0
ENSMUSG00000117937.1	0
ENSMUSG00000117938.1	0
ENSMUSG00000117939.1	0
ENSMUSG00000117940.1	0
ENSMUSG00000117941.1	0
ENSMUSG00000117942.1	2.123203
ENSMUSG00000117943.1	0.005183
ENSMUSG00000117944.1	0
ENSMUSG00000117945.1	0
ENSMUSG00000117946.1	0
ENSMUSG00000117947.1	0
ENSMUSG00000117948.1	0
ENSMUSG00000117949.1	0
ENSMUSG00000117950.1	0.02961
ENSMUSG00000117951.1	0
ENSMUSG00000117952.1	0
ENSMUSG00000117953.1	0
ENSMUSG00000117955.1	0
ENSMUSG00000117956.1	0.018418
ENSMUSG00000117957.1	0.028068
ENSMUSG00000117958.1	0
ENSMUSG00000117959.1	1.131806
ENSMUSG00000117960.1	0
ENSMUSG00000117961.1	0
ENSMUSG00000117962.1	0
ENSMUSG00000117963.1	0
ENSMUSG00000117964.1	0
ENSMUSG00000117965.1	0
ENSMUSG00000117966.1	0
ENSMUSG00000117967.1	0
ENSMUSG00000117968.1	0
ENSMUSG00000117969.1	0
ENSMUSG00000117970.1	0
ENSMUSG00000117971.1	0
ENSMUSG00000117972.1	0
ENSMUSG00000117973.1	0
ENSMUSG00000117974.1	0
ENSMUSG00000117975.1	0.602102
ENSMUSG00000117976.1	0
ENSMUSG00000117977.1	0
ENSMUSG00000117978.1	0
ENSMUSG00000117979.1	0.8481
ENSMUSG00000117980.1	0.409989
ENSMUSG00000117981.1	0
ENSMUSG00000117982.1	0
ENSMUSG00000117983.1	0
ENSMUSG00000117984.1	0
ENSMUSG00000117985.1	0
ENSMUSG00000117986.1	0
ENSMUSG00000117987.1	0
ENSMUSG00000117988.1	0
ENSMUSG00000117989.1	0
ENSMUSG00000117990.1	0.008701
ENSMUSG00000117991.1	0
ENSMUSG00000117992.1	0.948192
ENSMUSG00000117993.1	0
ENSMUSG00000117994.1	0.250886
ENSMUSG00000117995.1	0
ENSMUSG00000117996.1	0
ENSMUSG00000117998.1	0
ENSMUSG00000117999.1	0
ENSMUSG00000118000.1	0
ENSMUSG00000118001.1	0
ENSMUSG00000118002.1	0
ENSMUSG00000118003.1	0
ENSMUSG00000118004.1	0
ENSMUSG00000118005.1	0
ENSMUSG00000118006.1	0
ENSMUSG00000118007.1	0
ENSMUSG00000118008.1	0.186463
ENSMUSG00000118009.1	0
ENSMUSG00000118010.1	0
ENSMUSG00000118011.1	0
ENSMUSG00000118012.1	2.146275
ENSMUSG00000118013.1	0.008358
ENSMUSG00000118014.1	0
ENSMUSG00000118015.1	0
ENSMUSG00000118016.1	0
ENSMUSG00000118017.1	0
ENSMUSG00000118018.1	1.866759
ENSMUSG00000118020.1	0
ENSMUSG00000118021.1	0.084869
ENSMUSG00000118022.1	0
ENSMUSG00000118023.1	0
ENSMUSG00000118024.1	0
ENSMUSG00000118025.1	0
ENSMUSG00000118026.1	1.006195
ENSMUSG00000118027.1	0
ENSMUSG00000118028.1	0
ENSMUSG00000118029.1	0.030052
ENSMUSG00000118030.1	1.019429
ENSMUSG00000118031.1	0
ENSMUSG00000118032.1	0
ENSMUSG00000118033.1	0
ENSMUSG00000118034.1	0
ENSMUSG00000118035.1	0
ENSMUSG00000118036.1	0
ENSMUSG00000118037.1	0
ENSMUSG00000118038.1	0.571218
ENSMUSG00000118039.1	0
ENSMUSG00000118040.1	0
ENSMUSG00000118041.1	0
ENSMUSG00000118042.1	0
ENSMUSG00000118043.1	0
ENSMUSG00000118044.1	0
ENSMUSG00000118045.1	0
ENSMUSG00000118046.1	0
ENSMUSG00000118047.1	0
ENSMUSG00000118048.1	0
ENSMUSG00000118049.1	0
ENSMUSG00000118050.1	0
ENSMUSG00000118051.1	0
ENSMUSG00000118052.1	0.474358
ENSMUSG00000118053.1	0
ENSMUSG00000118054.1	0
ENSMUSG00000118055.1	0
ENSMUSG00000118056.1	0
ENSMUSG00000118057.1	0.864728
ENSMUSG00000118058.1	0
ENSMUSG00000118059.1	0
ENSMUSG00000118060.1	0
ENSMUSG00000118061.1	0.044277
ENSMUSG00000118062.1	0
ENSMUSG00000118063.1	0
ENSMUSG00000118064.1	0
ENSMUSG00000118065.1	0
ENSMUSG00000118066.1	0
ENSMUSG00000118067.1	0
ENSMUSG00000118068.1	0
ENSMUSG00000118070.1	0.025168
ENSMUSG00000118071.1	0.112722
ENSMUSG00000118072.1	0
ENSMUSG00000118073.1	0
ENSMUSG00000118074.1	0.516574
ENSMUSG00000118075.1	0.07737
ENSMUSG00000118076.1	0
ENSMUSG00000118077.1	0
ENSMUSG00000118078.1	0
ENSMUSG00000118079.1	0
ENSMUSG00000118080.1	0
ENSMUSG00000118081.1	0
ENSMUSG00000118082.1	0
ENSMUSG00000118083.1	0
ENSMUSG00000118084.1	2.074196
ENSMUSG00000118085.1	0
ENSMUSG00000118086.1	0
ENSMUSG00000118087.1	0.582532
ENSMUSG00000118088.1	0.086406
ENSMUSG00000118089.1	0
ENSMUSG00000118090.1	0
ENSMUSG00000118091.1	0
ENSMUSG00000118092.1	0
ENSMUSG00000118093.1	0.023902
ENSMUSG00000118094.1	1.23222
ENSMUSG00000118096.1	0
ENSMUSG00000118097.1	0.027465
ENSMUSG00000118098.1	0
ENSMUSG00000118099.1	0.405116
ENSMUSG00000118100.1	0.829026
ENSMUSG00000118101.1	0
ENSMUSG00000118102.1	0
ENSMUSG00000118103.1	0
ENSMUSG00000118104.1	0
ENSMUSG00000118105.1	0
ENSMUSG00000118106.1	0.315648
ENSMUSG00000118107.1	0
ENSMUSG00000118108.1	0
ENSMUSG00000118109.1	0
ENSMUSG00000118110.1	0
ENSMUSG00000118111.1	0
ENSMUSG00000118112.1	0
ENSMUSG00000118113.1	0
ENSMUSG00000118114.1	0
ENSMUSG00000118115.1	0
ENSMUSG00000118116.1	0
ENSMUSG00000118117.1	0
ENSMUSG00000118118.1	0
ENSMUSG00000118119.1	0
ENSMUSG00000118120.1	0
ENSMUSG00000118121.1	0
ENSMUSG00000118122.1	0
ENSMUSG00000118123.1	0
ENSMUSG00000118124.1	0
ENSMUSG00000118125.1	6.16111
ENSMUSG00000118126.1	0
ENSMUSG00000118127.1	0
ENSMUSG00000118128.1	0
ENSMUSG00000118129.1	0
ENSMUSG00000118130.1	0
ENSMUSG00000118131.1	0
ENSMUSG00000118132.1	1.951759
ENSMUSG00000118133.1	0.06687
ENSMUSG00000118134.1	0
ENSMUSG00000118135.1	0
ENSMUSG00000118136.1	0
ENSMUSG00000118137.1	0
ENSMUSG00000118138.1	0.028773
ENSMUSG00000118139.1	0
ENSMUSG00000118140.1	0.304135
ENSMUSG00000118141.1	0
ENSMUSG00000118142.1	0
ENSMUSG00000118143.1	0
ENSMUSG00000118144.1	0
ENSMUSG00000118145.1	0
ENSMUSG00000118146.1	0
ENSMUSG00000118147.1	0
ENSMUSG00000118148.1	0
ENSMUSG00000118149.1	0
ENSMUSG00000118150.1	0
ENSMUSG00000118151.1	0
ENSMUSG00000118152.1	0
ENSMUSG00000118153.1	0
ENSMUSG00000118154.1	0.57276
ENSMUSG00000118155.1	0.076051
ENSMUSG00000118156.1	0
ENSMUSG00000118157.1	0.04543
ENSMUSG00000118158.1	0
ENSMUSG00000118159.1	0.323318
ENSMUSG00000118160.1	0
ENSMUSG00000118161.1	0.423545
ENSMUSG00000118162.1	0
ENSMUSG00000118163.1	0
ENSMUSG00000118164.1	0
ENSMUSG00000118165.1	0.088208
ENSMUSG00000118166.1	0
ENSMUSG00000118167.1	0
ENSMUSG00000118168.1	0
ENSMUSG00000118169.1	0
ENSMUSG00000118170.1	0
ENSMUSG00000118171.1	0.102542
ENSMUSG00000118172.1	0
ENSMUSG00000118173.1	0
ENSMUSG00000118174.1	0
ENSMUSG00000118175.1	0
ENSMUSG00000118176.1	0
ENSMUSG00000118177.1	0
ENSMUSG00000118178.1	0
ENSMUSG00000118179.1	0
ENSMUSG00000118180.1	0
ENSMUSG00000118181.1	26.977871
ENSMUSG00000118182.1	0
ENSMUSG00000118183.1	0
ENSMUSG00000118184.1	0.069426
ENSMUSG00000118185.1	0
ENSMUSG00000118186.1	0
ENSMUSG00000118187.1	0
ENSMUSG00000118188.1	0
ENSMUSG00000118189.1	0
ENSMUSG00000118190.1	0
ENSMUSG00000118191.1	0
ENSMUSG00000118192.1	0
ENSMUSG00000118193.1	0.228925
ENSMUSG00000118194.1	0
ENSMUSG00000118195.1	0
ENSMUSG00000118196.1	0
ENSMUSG00000118197.1	0
ENSMUSG00000118198.1	0
ENSMUSG00000118199.1	0
ENSMUSG00000118200.1	0
ENSMUSG00000118201.1	0
ENSMUSG00000118202.1	2.450566
ENSMUSG00000118203.1	0
ENSMUSG00000118204.1	0
ENSMUSG00000118205.1	0
ENSMUSG00000118206.1	0
ENSMUSG00000118207.1	0
ENSMUSG00000118208.1	0
ENSMUSG00000118209.1	0
ENSMUSG00000118210.1	0.354154
ENSMUSG00000118211.1	0
ENSMUSG00000118212.1	0.028818
ENSMUSG00000118213.1	0
ENSMUSG00000118214.1	0
ENSMUSG00000118215.1	0
ENSMUSG00000118216.1	0
ENSMUSG00000118217.1	0
ENSMUSG00000118218.1	0
ENSMUSG00000118219.1	0.966628
ENSMUSG00000118220.1	0.070755
ENSMUSG00000118221.1	0
ENSMUSG00000118222.1	0
ENSMUSG00000118223.1	0
ENSMUSG00000118224.1	0
ENSMUSG00000118225.1	0
ENSMUSG00000118226.1	0
ENSMUSG00000118227.1	0
ENSMUSG00000118228.1	0
ENSMUSG00000118229.1	0.085882
ENSMUSG00000118230.1	0
ENSMUSG00000118231.1	0
ENSMUSG00000118232.1	0
ENSMUSG00000118233.1	0
ENSMUSG00000118234.1	0.016514
ENSMUSG00000118235.1	0
ENSMUSG00000118236.1	0
ENSMUSG00000118237.1	0
ENSMUSG00000118238.1	0
ENSMUSG00000118239.1	3.365409
ENSMUSG00000118240.1	0
ENSMUSG00000118241.1	0
ENSMUSG00000118242.1	0
ENSMUSG00000118243.1	0.256158
ENSMUSG00000118244.1	0
ENSMUSG00000118245.1	3.021994
ENSMUSG00000118246.1	0.096347
ENSMUSG00000118247.1	0.125518
ENSMUSG00000118248.1	0
ENSMUSG00000118249.1	0.284018
ENSMUSG00000118250.1	0
ENSMUSG00000118251.1	0
ENSMUSG00000118252.1	0
ENSMUSG00000118253.1	0
ENSMUSG00000118254.1	0
ENSMUSG00000118255.1	0
ENSMUSG00000118256.1	0
ENSMUSG00000118257.1	2.096984
ENSMUSG00000118258.1	0
ENSMUSG00000118259.1	0
ENSMUSG00000118260.1	0
ENSMUSG00000118261.1	0
ENSMUSG00000118262.1	0
ENSMUSG00000118263.1	0
ENSMUSG00000118264.1	0.209814
ENSMUSG00000118265.1	0
ENSMUSG00000118266.1	0
ENSMUSG00000118267.1	0
ENSMUSG00000118268.1	0
ENSMUSG00000118269.1	0
ENSMUSG00000118270.1	0
ENSMUSG00000118271.1	0
ENSMUSG00000118272.1	0
ENSMUSG00000118273.1	0
ENSMUSG00000118274.1	0
ENSMUSG00000118275.1	0
ENSMUSG00000118276.1	0
ENSMUSG00000118277.1	0
ENSMUSG00000118278.1	0
ENSMUSG00000118279.1	0
ENSMUSG00000118280.1	0.352894
ENSMUSG00000118281.1	0
ENSMUSG00000118282.1	0.017155
ENSMUSG00000118283.1	0
ENSMUSG00000118284.1	0.196752
ENSMUSG00000118285.1	0
ENSMUSG00000118286.1	0
ENSMUSG00000118287.1	0
ENSMUSG00000118288.1	0
ENSMUSG00000118289.1	0
ENSMUSG00000118290.1	0
ENSMUSG00000118291.1	0
ENSMUSG00000118292.1	0.022104
ENSMUSG00000118293.1	0
ENSMUSG00000118294.1	0
ENSMUSG00000118295.1	0.152209
ENSMUSG00000118296.1	0
ENSMUSG00000118297.1	0
ENSMUSG00000118298.1	0
ENSMUSG00000118299.1	0
ENSMUSG00000118300.1	0
ENSMUSG00000118301.1	0
ENSMUSG00000118302.1	0
ENSMUSG00000118303.1	0
ENSMUSG00000118304.1	0
ENSMUSG00000118305.1	0
ENSMUSG00000118306.1	0
ENSMUSG00000118307.1	0
ENSMUSG00000118308.1	0
ENSMUSG00000118309.1	0
ENSMUSG00000118310.1	0.043453
ENSMUSG00000118311.1	0
ENSMUSG00000118312.1	0
ENSMUSG00000118313.1	0
ENSMUSG00000118314.1	0
ENSMUSG00000118315.1	0
ENSMUSG00000118316.1	0
ENSMUSG00000118317.1	0
ENSMUSG00000118318.1	0
ENSMUSG00000118319.1	0
ENSMUSG00000118320.1	0
ENSMUSG00000118321.1	0
ENSMUSG00000118322.1	0.396029
ENSMUSG00000118324.1	0
ENSMUSG00000118325.1	0
ENSMUSG00000118326.1	0
ENSMUSG00000118327.1	0
ENSMUSG00000118328.1	0
ENSMUSG00000118329.1	0
ENSMUSG00000118330.1	0.025527
ENSMUSG00000118331.1	0
ENSMUSG00000118332.1	20.507954
ENSMUSG00000118333.1	0
ENSMUSG00000118334.1	0
ENSMUSG00000118335.1	0
ENSMUSG00000118336.1	0
ENSMUSG00000118337.1	0
ENSMUSG00000118338.1	0
ENSMUSG00000118339.1	0
ENSMUSG00000118340.1	0.018382
ENSMUSG00000118341.1	0
ENSMUSG00000118342.1	0.101807
ENSMUSG00000118343.1	0
ENSMUSG00000118344.1	0
ENSMUSG00000118345.1	0
ENSMUSG00000118346.1	8.436988
ENSMUSG00000118347.1	0.055998
ENSMUSG00000118348.1	0
ENSMUSG00000118349.1	0
ENSMUSG00000118350.1	0
ENSMUSG00000118351.1	0
ENSMUSG00000118352.1	0
ENSMUSG00000118353.1	0.105677
ENSMUSG00000118354.1	0
ENSMUSG00000118355.1	0
ENSMUSG00000118356.1	0
ENSMUSG00000118357.1	0
ENSMUSG00000118358.1	0.03541
ENSMUSG00000118360.1	0
ENSMUSG00000118361.1	0
ENSMUSG00000118362.1	0
ENSMUSG00000118363.1	0
ENSMUSG00000118364.1	0.070923
ENSMUSG00000118365.1	0
ENSMUSG00000118366.1	0
ENSMUSG00000118367.1	0
ENSMUSG00000118368.1	0
ENSMUSG00000118369.1	0.601227
ENSMUSG00000118370.1	0
ENSMUSG00000118371.1	0
ENSMUSG00000118372.1	0
ENSMUSG00000118373.1	0
ENSMUSG00000118374.1	0
ENSMUSG00000118375.1	0
ENSMUSG00000118376.1	0
ENSMUSG00000118377.1	0.023209
ENSMUSG00000118378.1	0
ENSMUSG00000118379.1	0
ENSMUSG00000118380.1	0
ENSMUSG00000118381.1	0
ENSMUSG00000118382.1	0
ENSMUSG00000118383.1	0.396018
ENSMUSG00000118384.1	0
ENSMUSG00000118385.1	0
ENSMUSG00000118386.1	0.092609
ENSMUSG00000118387.1	0
ENSMUSG00000118388.1	0
ENSMUSG00000118389.1	0
ENSMUSG00000118390.1	0
ENSMUSG00000118391.1	0.010063
ENSMUSG00000118392.1	0
ENSMUSG00000118393.1	0
ENSMUSG00000118394.1	1.003322
ENSMUSG00000118395.1	0
ENSMUSG00000118396.2	0.326055
ENSMUSG00000118397.1	0
ENSMUSG00000118398.1	0
ENSMUSG00000118399.1	0
ENSMUSG00000118400.1	0.088573
ENSMUSG00000118401.1	2.590341
ENSMUSG00000118402.1	0
ENSMUSG00000118403.1	0
ENSMUSG00000118404.1	0
ENSMUSG00000118405.1	0
ENSMUSG00000118406.1	0
ENSMUSG00000118407.1	0
ENSMUSG00000118408.1	0
ENSMUSG00000118409.1	0
ENSMUSG00000118410.1	0
ENSMUSG00000118411.1	0
ENSMUSG00000118412.1	0
ENSMUSG00000118413.1	0
ENSMUSG00000118414.1	0
ENSMUSG00000118415.1	0
ENSMUSG00000118416.1	0
ENSMUSG00000118417.1	0
ENSMUSG00000118418.1	0
ENSMUSG00000118419.1	0
ENSMUSG00000118420.1	0
ENSMUSG00000118421.1	0
ENSMUSG00000118422.1	0
ENSMUSG00000118423.1	0.106158
ENSMUSG00000118424.1	0
ENSMUSG00000118425.1	0
ENSMUSG00000118426.1	0.049301
ENSMUSG00000118427.1	0
ENSMUSG00000118428.1	0
ENSMUSG00000118429.1	0
ENSMUSG00000118430.1	0
ENSMUSG00000118431.1	0
ENSMUSG00000118432.1	0
ENSMUSG00000118433.1	0
ENSMUSG00000118434.1	0
ENSMUSG00000118435.2	0
ENSMUSG00000118436.1	0
ENSMUSG00000118437.1	0
ENSMUSG00000118438.1	0
ENSMUSG00000118439.1	0
ENSMUSG00000118440.1	0.716259
ENSMUSG00000118441.1	0
ENSMUSG00000118442.1	0
ENSMUSG00000118443.1	0
ENSMUSG00000118444.1	0
ENSMUSG00000118445.1	0
ENSMUSG00000118447.1	0
ENSMUSG00000118448.1	0
ENSMUSG00000118449.1	0.751763
ENSMUSG00000118450.1	0
ENSMUSG00000118451.1	0
ENSMUSG00000118452.1	0
ENSMUSG00000118453.1	0
ENSMUSG00000118454.1	0
ENSMUSG00000118456.1	0
ENSMUSG00000118457.1	0
ENSMUSG00000118458.1	0
ENSMUSG00000118459.1	0
ENSMUSG00000118460.1	0
ENSMUSG00000118461.1	0
ENSMUSG00000118462.1	0.240021
ENSMUSG00000118463.1	0
ENSMUSG00000118464.1	0
ENSMUSG00000118465.1	0
ENSMUSG00000118466.1	0
ENSMUSG00000118467.1	0
ENSMUSG00000118468.1	0
ENSMUSG00000118469.1	0
ENSMUSG00000118470.1	0
ENSMUSG00000118471.1	0
ENSMUSG00000118472.1	0
ENSMUSG00000118473.1	0
ENSMUSG00000118474.1	0
ENSMUSG00000118475.1	0
ENSMUSG00000118476.1	0
ENSMUSG00000118477.1	0
ENSMUSG00000118478.1	0
ENSMUSG00000118479.1	0
ENSMUSG00000118480.1	0
ENSMUSG00000118481.1	0
ENSMUSG00000118482.1	0
ENSMUSG00000118483.1	0
ENSMUSG00000118484.1	0
ENSMUSG00000118485.1	0
ENSMUSG00000118486.1	0
ENSMUSG00000118487.1	0
ENSMUSG00000118488.1	0
ENSMUSG00000118489.1	0.04422
ENSMUSG00000118490.1	0
ENSMUSG00000118491.1	0.015057
ENSMUSG00000118492.1	0
ENSMUSG00000118493.1	0
ENSMUSG00000118494.1	1.04711
ENSMUSG00000118495.1	0
ENSMUSG00000118496.1	0
ENSMUSG00000118497.1	0
ENSMUSG00000118498.2	0
ENSMUSG00000118499.1	0
ENSMUSG00000118500.1	0
ENSMUSG00000118501.1	0
ENSMUSG00000118502.1	0
ENSMUSG00000118503.1	0
ENSMUSG00000118504.1	2.523393
ENSMUSG00000118505.1	0
ENSMUSG00000118506.1	1.16967
ENSMUSG00000118507.1	0
ENSMUSG00000118508.1	0
ENSMUSG00000118509.1	0
ENSMUSG00000118510.1	0
ENSMUSG00000118511.1	0
ENSMUSG00000118512.1	0
ENSMUSG00000118513.1	0
ENSMUSG00000118514.1	0
ENSMUSG00000118515.1	0
ENSMUSG00000118516.1	0
ENSMUSG00000118517.1	0
ENSMUSG00000118518.1	0
ENSMUSG00000118519.1	0
ENSMUSG00000118520.1	0
ENSMUSG00000118521.1	0
ENSMUSG00000118522.1	0
ENSMUSG00000118523.1	0
ENSMUSG00000118524.1	0
ENSMUSG00000118525.1	0
ENSMUSG00000118526.2	0
ENSMUSG00000118527.1	0
ENSMUSG00000118528.1	0
ENSMUSG00000118529.1	0
ENSMUSG00000118530.1	0
ENSMUSG00000118531.1	0
ENSMUSG00000118532.1	0
ENSMUSG00000118533.1	0
ENSMUSG00000118534.1	0
ENSMUSG00000118535.1	0
ENSMUSG00000118536.1	0
ENSMUSG00000118537.1	1.089084
ENSMUSG00000118538.1	0
ENSMUSG00000118539.1	0
ENSMUSG00000118540.1	0
ENSMUSG00000118541.1	0
ENSMUSG00000118542.1	0
ENSMUSG00000118543.1	0
ENSMUSG00000118544.1	0
ENSMUSG00000118545.1	0
ENSMUSG00000118546.1	0
ENSMUSG00000118547.1	0
ENSMUSG00000118548.1	0
ENSMUSG00000118549.1	0
ENSMUSG00000118550.1	0
ENSMUSG00000118551.1	0.107314
ENSMUSG00000118552.1	0.936839
ENSMUSG00000118553.1	0
ENSMUSG00000118554.1	0
ENSMUSG00000118555.1	0
ENSMUSG00000118556.1	0
ENSMUSG00000118557.1	0
ENSMUSG00000118558.1	0
ENSMUSG00000118559.2	0.339605
ENSMUSG00000118560.1	0
ENSMUSG00000118561.1	0
ENSMUSG00000118562.1	0
ENSMUSG00000118563.1	0
ENSMUSG00000118565.1	0
ENSMUSG00000118566.1	0
ENSMUSG00000118568.1	0
ENSMUSG00000118569.1	0
ENSMUSG00000118570.1	0
ENSMUSG00000118571.1	0
ENSMUSG00000118572.1	0
ENSMUSG00000118573.1	0
ENSMUSG00000118574.1	0
ENSMUSG00000118576.1	0
ENSMUSG00000118578.1	0
ENSMUSG00000118579.1	0
ENSMUSG00000118580.1	0
ENSMUSG00000118581.1	0.271896
ENSMUSG00000118582.1	0
ENSMUSG00000118583.1	0
ENSMUSG00000118584.1	0
ENSMUSG00000118585.1	0
ENSMUSG00000118586.1	0
ENSMUSG00000118587.1	0
ENSMUSG00000118588.1	0
ENSMUSG00000118589.1	0
ENSMUSG00000118590.1	0
ENSMUSG00000118591.1	0
ENSMUSG00000118592.1	0
ENSMUSG00000118593.1	0
ENSMUSG00000118594.1	0
ENSMUSG00000118595.1	0
ENSMUSG00000118596.1	0
ENSMUSG00000118597.1	0
ENSMUSG00000118598.1	0
ENSMUSG00000118599.1	0
ENSMUSG00000118600.1	0
ENSMUSG00000118601.1	0
ENSMUSG00000118602.1	0
ENSMUSG00000118603.1	0.074221
ENSMUSG00000118604.1	1.098827
ENSMUSG00000118605.1	0
ENSMUSG00000118606.1	0
ENSMUSG00000118607.1	0
ENSMUSG00000118608.1	0
ENSMUSG00000118609.1	0
ENSMUSG00000118610.1	0
ENSMUSG00000118611.1	0
ENSMUSG00000118612.1	0
ENSMUSG00000118613.1	0
ENSMUSG00000118614.1	0
ENSMUSG00000118615.1	0
ENSMUSG00000118616.1	0
ENSMUSG00000118617.1	0
ENSMUSG00000118618.1	0
ENSMUSG00000118619.1	0
ENSMUSG00000118620.1	0
ENSMUSG00000118621.1	0
ENSMUSG00000118622.1	0
ENSMUSG00000118623.1	0
ENSMUSG00000118624.1	0
ENSMUSG00000118625.1	0
ENSMUSG00000118626.1	0
ENSMUSG00000118627.1	0
ENSMUSG00000118628.1	0
ENSMUSG00000118629.1	0
ENSMUSG00000118630.1	0
ENSMUSG00000118631.1	0
ENSMUSG00000118632.1	0
ENSMUSG00000118633.1	0.162111
ENSMUSG00000118634.1	0
ENSMUSG00000118635.1	0
ENSMUSG00000118636.1	0
ENSMUSG00000118637.1	0
ENSMUSG00000118638.1	0
ENSMUSG00000118639.1	0
ENSMUSG00000118640.1	0
ENSMUSG00000118641.1	0
ENSMUSG00000118642.1	0.052144
ENSMUSG00000118643.1	0
ENSMUSG00000118644.1	0
ENSMUSG00000118645.1	0
ENSMUSG00000118646.1	0
ENSMUSG00000118647.1	0
ENSMUSG00000118648.1	0
ENSMUSG00000118649.1	0
ENSMUSG00000118650.1	0
ENSMUSG00000118651.1	0.313029
ENSMUSG00000118652.1	0
ENSMUSG00000118653.1	0.335485
ENSMUSG00000118654.1	0
ENSMUSG00000118655.1	0
ENSMUSG00000118656.1	0
ENSMUSG00000118657.1	0
ENSMUSG00000118658.1	0
ENSMUSG00000118659.1	0
ERCC-00002	1489.720862
ERCC-00003	156.671067
ERCC-00004	165.212232
ERCC-00009	33.458456
ERCC-00012	0.034283
ERCC-00013	0.488217
ERCC-00014	0.078694
ERCC-00016	0
ERCC-00017	0
ERCC-00019	1.438686
ERCC-00022	42.639514
ERCC-00024	0
ERCC-00025	1.58809
ERCC-00028	0
ERCC-00031	0.029148
ERCC-00033	0.075922
ERCC-00034	1.397175
ERCC-00035	4.52646
ERCC-00039	0.447651
ERCC-00040	0.049388
ERCC-00041	0
ERCC-00042	35.62512
ERCC-00043	83.268752
ERCC-00044	1.859795
ERCC-00046	742.179499
ERCC-00048	0
ERCC-00051	7.315681
ERCC-00053	2.416946
ERCC-00054	2.682416
ERCC-00057	0
ERCC-00058	0.146044
ERCC-00059	2.569308
ERCC-00060	50.306559
ERCC-00061	0.058418
ERCC-00062	1.456789
ERCC-00067	0.059945
ERCC-00069	0.116713
ERCC-00071	7.645672
ERCC-00073	0
ERCC-00074	2100.77693
ERCC-00075	0
ERCC-00076	22.395197
ERCC-00077	2.455674
ERCC-00078	4.462285
ERCC-00079	15.885493
ERCC-00081	0.313185
ERCC-00083	0
ERCC-00084	2.914078
ERCC-00085	0.461882
ERCC-00086	0
ERCC-00092	3.667767
ERCC-00095	3.248465
ERCC-00096	873.429246
ERCC-00097	0
ERCC-00098	0.057994
ERCC-00099	1.958263
ERCC-00104	0
ERCC-00108	17.767337
ERCC-00109	0.077865
ERCC-00111	45.322488
ERCC-00112	11.595877
ERCC-00113	380.646934
ERCC-00116	0.72586
ERCC-00117	0
ERCC-00120	0
ERCC-00123	0
ERCC-00126	0.357208
ERCC-00130	235.548368
ERCC-00131	2.262993
ERCC-00134	0
ERCC-00136	13.612431
ERCC-00137	0.465902
ERCC-00138	0
ERCC-00142	0
ERCC-00143	0.415229
ERCC-00144	0.232313
ERCC-00145	74.445853
ERCC-00147	0
ERCC-00148	0.440122
ERCC-00150	0.494756
ERCC-00154	0.155301
ERCC-00156	0
ERCC-00157	0.731854
ERCC-00158	0
ERCC-00160	8.262424
ERCC-00162	10.739603
ERCC-00163	2.750003
ERCC-00164	0.066296
ERCC-00165	7.011931
ERCC-00168	0.231488
ERCC-00170	0.29798
ERCC-00171	376.732471
