UniqueCount	AmbigCount
0	0
0	0
3	13
10	8
28	10
0	0
0	0
0	0
0	0
0	0
4	0
0	0
0	0
0	0
6	0
0	0
0	0
0	0
0	0
0	0
0	0
0	0
0	0
0	0
10	41
0	35
1	35
0	25
0	6
0	0
0	6
0	5
0	0
0	0
2	0
0	0
0	0
0	0
0	0
2	0
0	0
0	0
0	0
156	98
1	551
87	1129
1	143
2	807
0	0
5	74
4	442
0	149
2	261
980	434
0	263
1	175
1	134
0	63
1	287
0	150
0	37
112	2768
1	2768
1	16
10	0
34	593
4	586
5	200
0	139
1	84
0	7
0	0
0	0
0	0
0	0
1	0
0	3009
81	5323
35	666
0	3152
0	348
0	206
363	5170
0	1134
0	0
2	0
0	0
1	2
0	95
0	95
0	10
0	18
1	9
0	0
0	0
0	0
35	0
0	0
0	1
0	2
11	1
0	1
0	0
15	459
0	0
0	0
0	27
0	458
0	5
0	148
0	2
0	53
0	1
0	10
0	74
0	3
0	292
0	0
0	0
0	0
2	10
0	81
0	81
0	81
0	0
0	0
0	22
0	15
0	2
0	81
0	0
0	0
0	4
0	4
0	0
0	0
0	11
0	0
0	0
0	0
0	0
208	677
0	16
0	1
0	403
1	0
0	32
1	0
0	8
0	643
0	664
0	65
0	0
0	0
0	0
2	0
0	0
0	0
0	0
0	0
0	0
0	0
0	0
0	0
0	0
0	355
0	367
0	385
2	312
0	97
0	19
0	145
0	0
3	1
0	0
0	0
0	0
0	102
0	102
0	2
0	1
0	0
0	0
0	0
0	0
0	2
0	0
0	0
0	0
0	0
0	0
0	0
0	0
0	0
0	0
634	4
11	263
6	255
0	12
3	26
0	214
0	0
0	1
0	102
1	1
0	1
3786	15
0	1
0	0
70	11
0	11
0	0
0	0
0	3
964	4
0	0
0	0
0	1
0	1
0	1
0	1
0	0
3	179
0	176
0	183
0	0
0	120
2	147
0	1
0	0
0	179
0	3
0	9
0	140
1	6
0	17
0	0
0	2
0	0
0	0
0	0
0	2
10	93
2	74
0	19
0	27
15	32
0	0
1	15
0	15
0	0
0	2
0	2
2	2
0	0
0	0
0	0
0	0
0	0
179	1692
3	921
12	880
0	448
0	787
0	281
0	187
0	0
0	0
12	26
1	1
0	1
0	15
0	0
0	20
4	21
0	0
0	12
0	1
0	0
0	25
0	2
0	0
2	0
0	0
0	0
0	1
0	1
0	0
0	0
0	7
0	0
0	4
0	2
0	6
314	98
0	39
0	25
0	5
0	0
0	0
0	29
0	0
0	2
0	2
0	20
5	20
0	0
0	0
0	0
0	0
0	3
0	0
0	0
0	22
0	0
0	0
424	86
0	1
0	10
0	0
0	7
0	0
0	6
0	9
0	68
0	16
0	0
57	1109
28	233
0	35
0	89
5	174
90	1163
4	200
2	183
0	0
0	671
0	64
0	0
0	0
0	1
0	0
0	0
0	2
0	0
0	0
0	0
0	456
0	392
0	141
0	52
0	393
0	0
0	1
0	2
0	16
4	293
0	29
0	29
0	6
0	3
0	3
0	2
0	1
0	2
0	0
0	0
0	0
0	0
10	1313
0	1317
16	357
0	0
0	14
0	37
0	173
0	153
0	0
0	33
0	22
0	12
0	0
0	0
0	0
0	0
0	0
0	0
0	0
0	0
0	0
1068	75
0	61
5	21
581	17
0	17
0	0
0	0
0	0
1	4
0	0
0	0
0	0
0	121
1	119
0	63
0	36
0	0
0	3
0	3
0	0
0	7
0	4
0	1
0	0
25	18
1	13
0	3
0	5
13	2
2	0
0	148
0	961
0	2
0	2
0	0
1	352
4	63
115	63
0	0
0	0
0	0
0	0
0	3
0	0
7	126
0	41
0	112
0	19
0	0
22	0
0	0
0	0
0	3
1	3
0	3
0	851
143	6255
1	4599
0	1234
0	4103
1	2597
124	140
0	136
0	0
0	0
2	2075
0	2021
0	2036
1	2120
1	2030
0	0
0	0
0	0
1	3902
0	3943
0	3855
0	2987
0	3920
0	3769
1	1623
1	52
2	40
0	80
0	43
0	40
29	147
1	26
1374	269
0	150
0	232
0	17
0	0
860	734
11	735
9	465
5	328
16	469
0	254
2	89
3	2
0	23
0	1
0	0
0	0
0	0
3	1314
0	186
97	1314
2	47
0	8
2	10
0	2
0	0
7	12
0	0
0	0
0	21
488	21
0	0
1358	362
0	72
0	152
1	202
0	0
0	0
0	0
0	0
0	0
0	0
4	0
0	0
0	0
0	0
0	0
0	10
0	1
6	10
2	0
0	0
0	1
0	0
0	64
3	77
0	0
0	13
0	0
0	0
0	0
0	0
0	0
0	0
0	0
0	0
0	0
0	0
0	0
0	0
0	0
0	0
2	0
16	8
1	8
0	144
19	44
0	44
0	17
0	0
1	0
0	0
0	0
0	0
0	0
0	0
3	0
0	0
0	0
0	0
0	2
0	0
0	0
0	0
0	0
0	0
0	0
0	0
0	0
0	0
0	0
0	0
0	0
12	102
0	102
0	29
0	26
0	3
0	0
0	0
0	0
0	0
542	3050
0	0
0	2976
0	294
0	298
1	0
0	2
30	2
20	0
0	0
0	0
0	0
225	862
61	862
0	0
3	1
0	1
1	0
1	0
0	0
1	5
0	0
0	0
0	0
0	0
0	0
0	0
0	0
0	0
0	0
0	0
0	0
0	0
34	1377
6	1378
0	330
0	373
0	399
0	0
0	80
30	36
0	0
0	0
0	0
0	0
8	1634
6	1659
0	1662
3	1666
8	1663
0	818
11	297
1	38
55	147
0	11
6	63
0	0
0	0
5	0
0	0
0	0
0	0
0	0
0	0
0	0
0	0
0	0
0	0
2427	366
2	366
0	147
0	0
0	0
0	0
0	50
287	86
0	88
9	1093
1164	1328
0	244
0	1171
0	683
126	412
0	391
542	212
0	212
0	0
0	0
0	118
0	162
0	166
0	144
0	123
3	142
0	4
0	19
0	10
1	0
0	0
0	12
0	12
0	1
0	0
7	2
0	4
0	4
0	0
3	28
8	50808
0	11393
72	58936
86	621774
46	446176
34	243688
35	267707
12	3342
0	224
0	82
869	3277
0	109
0	257
0	0
0	0
0	0
0	0
0	0
0	1374
0	1471
0	1612
6	1612
0	1565
0	1115
1	702
0	0
0	0
0	41
0	0
3	0
0	0
0	0
0	0
2	0
0	0
0	0
0	0
0	0
0	103
0	0
0	0
0	0
0	0
0	0
0	0
0	0
0	0
0	0
0	0
0	0
0	0
0	0
2	0
0	0
0	0
0	0
0	0
0	0
0	0
0	0
0	0
0	0
0	0
10	12
0	0
0	0
0	0
0	0
0	0
0	0
0	0
0	0
3	446
0	0
0	0
0	0
0	0
0	0
1	98
0	0
0	656
0	656
0	339
0	1
0	0
0	26
4	27
0	18
0	2
0	0
3	10
0	3
0	0
0	0
1	0
0	0
0	3321
0	3364
0	3364
19	3057
4	1955
0	19
0	0
0	0
0	0
0	0
0	0
0	0
0	0
0	0
0	0
0	0
0	0
0	0
0	0
0	0
0	0
0	0
0	0
0	0
0	0
0	0
0	0
0	0
0	81
0	0
0	0
286	48
29	35
0	43
3	11
0	0
0	1
0	0
0	18
0	0
0	0
0	0
0	0
0	0
0	0
0	0
0	0
0	0
0	0
0	71
0	0
0	0
0	0
0	0
0	0
0	0
0	0
0	0
191	45
0	45
0	0
0	0
0	0
0	0
0	6
0	6
0	0
0	12
0	50
0	574
1	554
0	37
0	56
0	554
0	224
0	9
0	214
248	35
0	29
0	11
0	0
0	4
0	127
1	137
0	7
0	11
0	17
0	10
0	20
554	22
0	0
3	14
0	5384
0	4102
22	6025
0	136
1	1267
3	161
0	0
3	243
0	0
0	0
0	0
0	8
0	3
0	1
0	3
0	454
0	430
0	454
0	0
0	0
0	0
0	0
0	0
0	3
0	3
0	386
0	0
0	0
3	0
0	0
3	52
0	338
0	0
0	9
0	30
0	26
0	0
0	0
0	0
0	0
1	0
3	0
0	0
178	376
0	371
1	1
751	335
0	1
0	106
0	177
0	205
0	12
0	212
0	3
0	0
26	20
0	1
0	1
0	0
0	0
3	0
0	0
0	19
0	0
0	0
0	0
0	0
0	0
0	0
0	0
0	0
0	0
0	0
0	0
0	0
0	0
792	0
0	0
0	0
0	0
0	0
102	5847
0	2350
68	805
0	0
0	0
78	5983
16	1368
0	787
0	1262
0	11
3	0
3	7505
20	7514
19	392
2	243
0	314
0	106
2	51
0	0
0	47
56	1236
10914	1341
0	101
1	105
0	0
1	0
0	0
0	0
0	0
0	0
0	0
0	0
3	0
0	0
0	0
2	1
0	1
0	0
0	0
1564	806
2	806
1	0
0	0
379	497
0	392
0	485
0	0
0	8
0	21
0	62
0	0
1	43
0	8
0	3
0	0
31	3
1	3
0	72
0	6
0	5
0	65
0	120
0	239
0	236
0	237
1	306
4	282
2	0
0	277
0	0
0	9
0	5
0	0
0	1309
0	1342
0	547
9	557
0	0
7	58
3	33
0	8
1	17
0	0
0	0
0	0
0	0
5	109
135	913
4	791
72	892
0	853
0	52
0	34
0	21
390	50
0	43
1	0
0	1
0	979
26	963
0	23
6	0
0	124
0	0
0	9
0	7
0	9
0	4
0	0
0	0
4	245
1	226
12	45
0	24
0	57
0	21
3	431
2	429
0	429
9	431
0	45
0	20
0	0
0	1
31	0
0	0
0	7
0	6
2	6
0	5
0	0
0	0
0	0
0	1
0	5
0	0
23	5407
3063	6632
0	1164
30	653
0	49
2	3515
8843	1683
0	90
10	509
10	1199
0	889
0	144
2	222
0	0
0	2
0	0
0	0
0	2
9	54
0	0
0	0
4	1
0	8
0	45
0	949
0	949
0	162
0	13
2	21
0	11
0	17
0	3
0	0
0	0
0	0
0	0
0	0
0	6
0	4
0	6
0	36
6	36
0	6
0	18
0	0
4	5
6	0
4	6
0	11
0	3
0	0
0	4
0	4
7	4
0	0
0	16
1581	988
0	16
0	714
0	716
0	918
0	0
0	0
0	0
0	677
0	327
0	675
0	555
0	600
0	526
0	79
3377	8
2	6
52	773
42	839
3	451
2	370
1	793
3	59
5	417
0	478
2	480
0	42
0	27
0	1
0	1
0	0
0	0
0	0
1	0
280	3978
1749	4088
0	0
97	11
0	0
0	0
7	23
0	22
0	25
1	19
0	15
70	60
0	58
0	28
1	0
9	0
5	23
34	39
2	33
0	39
1	31
4	55
0	1
0	34
0	6
309	1737
159	1517
0	42
42	9
0	1064
0	1513
3	226
2	0
0	0
0	0
0	0
0	0
0	0
172	722
13	527
0	659
3	625
0	94
15	427
0	233
0	4
222	362
1	362
0	9
0	46
0	66
46	177
0	164
0	6
0	4
0	8
3	7
0	1
0	0
0	1
0	10
0	7
2	0
0	0
0	734
10	734
0	728
0	55
0	1
8	1
0	0
0	35
0	0
1	0
0	0
0	17
0	0
0	0
612	2046
0	2038
0	4
0	2667
6	2572
4	475
0	2575
1	220
0	84
0	0
0	26
0	33
0	0
2	0
0	0
146	704
0	11
0	197
0	0
1	537
0	0
0	0
0	0
4	5
828	12
0	0
0	1
0	3
370	13239
2	10648
109	8106
179	8134
3	3232
0	4087
64	366
0	29
0	312
6	276
0	6
0	0
0	0
0	0
8	998
0	998
0	714
0	139
7	211
0	0
391	321
0	106
0	4
0	26
0	0
0	0
1542	4
66	0
1	1
0	1
0	0
0	0
0	0
0	0
13	1140
0	1182
0	0
0	146
4	685
0	672
0	615
0	730
2	727
0	13
0	0
0	1
0	31
0	20
0	48
0	2
0	34
0	45
12	0
0	0
6	0
0	4
0	4
0	0
0	0
0	67
0	0
0	67
0	0
0	0
0	0
0	0
0	0
0	0
0	0
0	0
0	5
0	0
0	5
0	0
0	0
0	0
0	0
0	0
0	0
1	0
0	0
0	0
0	0
0	0
0	0
39	38
0	5
0	0
0	0
0	33
128	16
0	16
0	0
0	0
0	0
0	197
2	195
0	4
3	0
0	0
0	0
0	0
1	0
0	0
0	0
0	0
0	0
0	0
0	0
0	0
6	0
0	0
0	0
16	223
29	1504
0	774
0	498
13	1385
29	1272
22	1394
362	1217
0	1011
0	100
0	0
7	83
7	6
14	2080
2	5
25	5
131	2075
11	1
1	1
13	0
18	725
0	323
0	469
0	136
0	263
0	0
1	348
1	164
77	28
191	68
11	0
0	25
0	65
0	0
2	1214
3	1207
1	53
0	0
0	86
0	11
1	79
0	81
0	17
14	0
707	0
291	638
0	636
0	29
0	4049
0	0
0	0
0	0
0	27
1	7
936	147
0	0
0	0
0	96
0	23
0	0
294	0
0	0
0	0
0	0
5	0
58	1265
0	1097
4	300
3	234
1	31
1	23
0	27
0	1
3	35
5	0
0	0
0	0
0	0
0	0
0	418
2	15
0	32
9	425
0	157
0	141
0	37
0	217
0	46
0	0
0	0
0	0
0	0
0	0
0	0
0	109
0	94
0	66
1	79
1	56
3	74
0	69
0	11
3	9
0	12
0	20
0	13
0	25
0	13
0	15
1	69
0	68
0	56
0	33
0	13
1	18
0	3
0	313
0	2
7	313
0	0
1	3
10	234
1	234
0	7
0	3
1	21
0	28
1	0
0	0
0	0
0	0
0	0
0	0
2	175
4	32
0	174
0	4
0	0
0	0
0	0
6	164
0	0
0	0
0	0
0	0
0	0
0	0
0	8
94	31
0	2
0	0
0	1
0	0
0	6
0	16
37	5
0	0
0	5
0	1
0	0
0	0
0	0
0	0
0	0
0	0
0	0
0	0
2	277
0	259
0	19
0	19
0	182
0	3
0	163
0	47
0	19
0	0
4	251
0	0
0	0
0	0
131	31
0	31
0	3
0	2
0	2
0	0
0	1
0	16
0	0
0	4
0	3
0	0
0	0
0	0
0	0
0	0
0	0
0	4
0	4
0	0
0	1
0	1
0	0
0	0
0	42
0	0
0	0
0	0
0	0
0	0
2649	528
0	489
0	49
0	37
25	0
0	0
0	0
0	0
0	0
0	6
0	0
0	0
0	0
0	0
0	58
0	0
0	0
0	0
0	0
0	0
0	0
0	0
0	0
0	0
0	0
0	0
0	0
0	0
0	0
0	0
0	0
0	0
0	0
0	0
0	0
0	0
0	0
0	0
0	0
0	0
0	0
0	0
0	0
6	410
2039	410
0	0
0	0
0	0
4	0
0	0
136	0
0	0
0	0
2	67
0	56
0	143
44	141
0	130
0	34
1	20
0	18
0	1
0	11
0	0
0	0
0	0
0	0
0	0
15	178
0	173
0	172
5	174
0	6
0	10
0	2
0	8
0	19
0	0
0	8
0	0
0	5
0	0
0	0
0	1
0	0
0	0
0	0
20	268
0	11
0	11
0	1
0	138
2	2
0	1
10	0
0	204
0	470
0	191
0	461
1	22
0	189
0	0
0	31
0	411
0	0
0	17
0	334
0	68
4008	1269
1	1197
0	391
0	8
0	18
0	147
9	945
0	474
0	552
0	53
0	136
0	180
1	0
0	94
0	65
0	145
3	32
0	0
0	0
5	410
10	426
0	82
0	24
0	17
0	0
0	0
0	0
0	0
0	126
0	51
1	50
0	26
1	18
0	20
1	47
0	21
0	3
1	0
159	1605
52	1465
3	367
0	606
0	81
5	431
0	0
0	0
354	254
0	226
1	91
0	23
0	29
0	16
2	1
1	108
0	26
36	108
0	0
0	9
0	0
0	3
4	309
1	309
0	309
0	13
0	13
0	13
0	13
0	12
0	12
0	0
0	0
0	0
26	15
0	0
0	15
1	0
0	0
0	0
0	0
0	0
0	0
0	16
172	35
0	43
16	219
9	163
2	39
2	69
0	185
0	183
0	108
1	330
0	0
0	0
6	432
6	153
0	113
0	42
0	22
0	0
0	0
0	0
0	0
2	0
0	0
25	0
160	12
0	1
0	11
0	0
0	242
0	242
0	1
0	4
0	0
0	0
0	20
10	7
0	0
0	0
0	0
0	0
0	0
0	0
0	0
414	13
0	7
0	4
0	0
352	11
0	0
0	9
2	0
0	0
0	0
0	64
0	85
0	84
0	6
0	15
0	8
0	1
0	0
0	0
0	0
1	1
0	5
0	0
0	1
0	2
0	5
0	4
0	2
0	0
0	0
457	1025
0	886
2	65
2	141
0	14
0	35
0	32
0	14
1	0
1	158
321	161
1	1
0	3
0	0
1745	339
28	267
2	141
1816	688
2	635
0	0
0	5
0	680
5	1317
0	1232
0	227
0	377
0	212
0	34
0	0
0	6
573	696
17	519
0	424
0	72
1	102
79	45
5	45
309	2
0	0
0	0
0	0
0	0
0	0
0	13
0	0
0	0
0	0
0	0
274	5
1	0
1	94
0	0
0	5
0	1
0	0
0	1
0	0
0	0
0	2
0	0
0	0
2	604
11	612
0	588
1	1
0	0
11	74
0	10
72	7
87	70
5	0
0	0
1	0
0	0
7	0
0	0
0	0
479	5
0	3
0	3
3	135
0	115
0	136
0	49
0	59
0	46
0	9
0	15
1	28
0	29
397	114
0	112
0	0
0	0
0	0
0	0
0	0
0	32
0	18
0	107
0	460
0	0
0	52
0	476
0	79
0	393
68	490
0	17
0	4
0	0
0	476
0	13
0	0
1	118
0	156
1	150
0	90
0	16
0	34
0	16
3	28
9	2
0	17
0	13
5	4
0	4
31	7
0	7
0	0
27	3
0	0
0	3
0	0
0	0
67	49
0	49
0	0
0	0
0	0
0	0
0	0
11	0
2486	929
0	268
0	750
0	601
1	76
0	15
0	29
1	55
4	74
0	74
0	61
0	9
0	6
0	2
1	13
0	2
0	4
10	525
7	579
29	489
0	109
1	249
0	94
13	94
0	99
1	0
24	538
0	326
0	93
0	76
0	500
0	101
0	4
0	36
211	124
0	120
0	0
0	10
0	2
3	4
0	0
0	0
1	0
849	124
0	125
0	92
0	55
0	1
0	0
0	0
0	0
0	1
2065	5
0	0
0	0
0	151
0	0
15	0
0	0
0	0
0	0
0	0
0	0
0	0
0	0
9	15
0	47
0	16
0	0
0	11
1	4
1	39
136	55
14	27
10	4
0	62
1	0
0	17
0	0
8	39
0	32
3	0
0	37
0	30
0	0
2091	666
8	596
0	123
0	0
0	47
0	47
0	86
3	118
42	318
0	729
0	893
4	962
0	75
0	0
0	0
0	0
0	0
0	0
0	0
0	0
0	0
16	657
47	656
0	538
2	210
0	96
1	112
0	75
0	34
0	34
0	4
0	4
0	65
0	4
0	0
0	4
0	0
0	0
0	4
0	0
0	0
0	0
178	437
1	371
2	120
0	6
0	2
1	9
0	9
0	0
0	4
0	0
0	0
311	0
0	0
20	38
8	15
0	0
0	0
0	0
0	0
3	3
0	0
0	0
0	159
0	5
0	5
0	2
0	0
8	11
2165	845
0	503
0	360
0	0
0	0
0	17
1	128
0	7
0	14
0	12
247	165
0	8
0	16
0	14
0	0
1	30
0	0
0	20
0	23
0	25
5	32
0	0
1	42
0	0
2231	3
0	0
0	1
0	0
0	0
1855	7
0	0
0	0
0	7
0	2
0	0
13	521
0	521
0	179
3	3
36	8
69	751
0	751
33	751
0	7
0	0
0	144
0	130
0	44
0	44
0	3
0	3
0	0
179	46
0	39
0	40
0	25
0	56
0	1
0	5
35	8
0	1
0	0
0	0
0	1
0	4
0	7
0	0
0	0
0	3
0	3
0	117
0	453
2	404
0	0
10	2388
3	183
0	2097
0	1069
0	28
0	16
1	162
0	12
6	341
0	64
2	157
0	197
343	22
1	11
0	26
0	26
0	2
3	1
5	0
0	2
0	2
0	0
1	81
0	0
0	0
0	0
21	651
0	0
6	0
0	0
0	0
0	0
0	0
0	0
0	0
2	0
0	0
0	160
0	0
0	0
0	0
0	0
2	0
0	0
0	0
0	0
0	0
0	0
0	0
0	0
0	0
0	0
0	0
0	0
0	0
0	0
0	3
0	49
0	1
0	6
0	9
0	47
0	0
0	0
0	0
0	0
0	0
0	0
0	0
0	0
0	0
0	0
0	0
3	0
0	0
1	442
0	26
0	551
0	553
0	212
148	210
10	555
0	557
1	0
0	0
1	0
0	6
0	0
0	0
0	0
0	201
0	201
0	201
0	0
0	3
0	3
0	0
0	5
8	5
11	6
2	6
22	0
0	157
8	1731
0	381
0	113
34	1589
0	165
0	6
12	583
1	515
0	0
0	97
1	121
0	52
0	0
772	6860
0	1879
2	4323
1	677
30	4349
2	4101
1	1299
0	1050
0	736
0	0
0	0
0	0
0	0
21	0
0	0
0	0
0	0
0	0
0	0
0	0
0	0
0	0
0	256
0	256
0	0
0	256
0	0
0	0
0	53
0	1272
0	4306
10	983
2	162
6	1379
3	4069
0	227
0	4132
0	0
4	209
0	0
5	0
0	113
4	0
0	0
1	0
0	0
23	0
31	109
3	27
0	109
0	12
0	5
0	18
4	0
0	0
0	0
0	0
482	35
0	35
0	0
0	0
0	14
1	1
0	0
0	0
0	0
0	38
0	35
0	0
0	21
0	145
311	153
0	17
0	27
0	32
0	0
0	0
7	359
4	344
0	29
0	33
0	0
0	0
6	0
0	0
0	0
0	317
0	90
1	9
0	315
62	17
0	17
6	0
0	186
483	201
0	119
0	35
0	0
0	14
0	0
16	1645
0	0
0	0
0	0
0	0
0	0
0	0
0	0
0	0
0	0
0	0
0	0
0	0
0	0
0	0
0	0
0	0
2	60
0	10
0	10
2	40
73	62
19	64
2	37
70	1358
0	1360
0	162
11	137
0	85
0	30
0	2
0	5
0	7
0	7
1	3
1	5
180	25
4	5
0	7
0	2
0	25
0	0
0	3
46	3
0	0
0	0
0	0
0	0
0	0
0	0
0	0
0	0
0	0
0	0
0	0
0	0
0	0
6	13
0	4793
0	7157
0	0
0	0
0	7089
0	7134
0	0
1	973
3	41
1	22
0	18
0	0
0	944
0	7137
0	7127
0	70
0	36
7	970
0	130
0	10
0	5
0	199
0	174
0	229
3	172
0	187
0	0
522	277
0	32
20	25
2	245
0	0
1	40
0	0
13	8
2	391
0	388
0	391
0	66
2	96
3	119
0	47
0	0
1	0
0	0
0	18
0	0
0	0
0	0
0	14
0	0
7	0
804	207
0	207
0	5
0	0
0	0
0	27
0	30
4	30
1	24
0	23
0	10
0	0
0	0
0	232
0	0
21	5220
327	5220
4	3492
6	191
12	848
3	90
8	0
0	0
0	0
0	0
0	0
0	0
0	0
0	0
0	0
0	507
1	507
0	0
0	14
0	0
0	0
0	2
0	0
0	0
0	0
0	0
0	0
0	0
0	0
0	0
0	0
0	0
0	0
37	0
0	0
0	0
0	0
0	0
0	0
0	0
0	0
0	0
0	0
0	0
0	0
0	1
0	1
0	2
9	1
0	0
0	0
0	1
0	0
0	0
0	0
0	0
0	0
0	0
0	129
5	14
0	124
0	14
8	0
0	0
0	0
5	0
0	0
0	0
0	0
0	0
0	0
817	432
1	3
0	22
0	432
0	48
0	70
0	387
0	353
0	351
0	374
0	372
2	384
0	385
0	313
0	21
0	79
0	22
0	11
0	49
0	1
0	8
0	8
0	1
0	0
0	0
0	0
0	0
0	3
0	1
0	0
0	0
0	0
0	0
0	0
0	0
0	0
1	0
0	0
0	0
1	492
0	0
333	0
3	3
0	15
0	15
0	4
0	90
0	33
2	142
1	95
220	22
4	22
494	0
748	0
0	25
1	37
0	93
0	251
0	327
0	576
0	777
0	734
3	494
0	98
0	0
0	0
0	0
0	0
0	0
0	0
0	0
0	0
4847	4103
87	3948
2	262
1	21
605	2138
0	2134
3	1183
2014	4256
4	4252
0	0
0	0
0	0
0	0
0	0
0	0
0	0
0	0
0	0
0	0
0	0
0	0
0	0
0	0
0	0
0	0
0	0
0	0
0	1
8	1
1	0
0	0
0	0
0	751
0	753
0	754
0	286
0	301
0	273
0	243
0	241
0	9
0	13
0	13
0	4
6	7
0	3
0	3
0	4
0	1
0	0
1	1
0	0
0	1
0	0
0	0
0	5
0	5
0	0
1	0
0	0
0	0
0	0
0	0
0	0
875	3647
270	3607
6	3422
0	0
784	5818
6	3035
41	5818
0	661
0	1303
0	0
13	67
261	660
90	6867
5	381
0	556
7	6915
0	239
0	0
6	1654
7	1344
0	1524
9	1538
0	70
0	180
0	67
3	62
0	0
0	0
0	0
70	6275
2	5
5	16
0	1
0	16
0	1
0	67
0	93
0	97
0	65
0	21
0	5
0	1
0	15
0	1
0	3
0	4
46	1522
1	1461
2	74
0	0
10	0
0	0
0	0
0	0
121	94
0	99
0	42
4	34
0	3
0	0
0	0
0	0
872	125
0	83
0	36
0	311
0	292
0	303
0	149
0	322
1	288
0	0
0	298
0	296
0	28
1	12
17	448
9	448
0	426
0	390
0	369
0	15
0	17
0	6
0	0
21	439
37	460
0	460
0	35
0	759
5	857
28	760
0	83
0	180
0	75
0	8
0	50
8	74
0	4
2	70
1	66
0	44
0	7
0	53
0	4
0	0
0	41
0	41
4	78
0	4
2	0
0	1
0	20
0	2
0	0
0	1
0	61
0	23
0	5
96	73
2	16
0	57
0	6
0	6
0	2
0	3
0	2
0	1
0	0
71	39
0	0
0	39
189	26
0	26
0	0
11089	0
1	1
0	1
0	0
10	0
0	0
0	0
15	8
0	0
1	10
1	7
9	0
0	0
0	0
36	0
0	0
17	5
0	5
21	710
13	628
1	451
2	708
0	7
0	2
9	112
2	53
12	8525
0	9186
172	8071
0	134
0	8790
3	124
1	19
0	0
0	234
1	374
25	424
2	427
0	87
0	29
0	144
0	144
1	216
90	510
0	474
1	3561
1	48
0	279
0	65
0	96
0	5298
2	4978
1	5124
1	5044
35	5375
0	5310
6	738
0	389
0	135
1	54
1	25
3	57
4	141
0	154
0	144
0	141
0	60
0	9
0	0
11	58
0	18
0	51
0	38
0	42
0	32
0	12
0	4
0	0
0	8
7	1
0	0
87	1508
9	215
0	469
5	1255
33	289
4	1064
1	507
9	654
0	307
0	279
0	83
1	11
2	102
1	242
0	128
0	179
228	21924
1	20282
0	11518
2	5970
32	3753
46	1440
1	1309
0	1040
0	0
0	0
0	0
0	0
917	2762
0	740
2	1007
11	2764
0	2875
7	1052
0	2515
0	168
0	46
2	0
3	3
11	232
17498	1045
0	0
1	45
1	713
5	713
1	560
0	344
1469	1167
15	599
11	650
0	0
0	433
0	1021
0	1021
0	826
0	934
19	936
0	277
0	470
0	247
0	396
2	304
0	63
11	21
1	23
1	13
40	11
2	0
0	11
0	0
0	0
6	1144
12	75
0	1318
0	0
4	14
0	10
14	27
11	67
19	228
1	1090
0	0
33	301
0	623
0	823
0	457
0	15
30	588
3	618
0	102
1	166
0	209
3	217
0	161
4	210
0	26
1	174
0	119
0	150
7	73
45	1099
150	1099
7	0
97	3062
23	3072
4	2947
7	2707
0	81
9	8
80	2088
8	188
12	1990
16	143
10	183
2	7
0	2
13	174
2	8
2	2
0	0
0	2
3	157
29	121
0	56
1	70
166	0
1	0
5	578
9	575
0	568
1	31
0	31
0	467
0	21
0	47
0	0
0	0
171	3577
5	60
1	162
0	3164
1	65
0	113
27	3385
0	76
0	252
0	156
0	1252
0	186
0	0
0	0
0	5
0	0
0	0
0	0
0	12
2	12
0	0
3	0
0	0
0	0
15	2715
0	2714
0	586
4	36
0	410
1	169
0	31
0	0
7	0
0	0
0	0
0	0
0	1
1	1
2	1
0	0
705	14
0	0
0	0
10	1231
2	1319
1	1125
0	0
10	450
0	0
1	85
0	157
0	115
13	72
0	72
0	1
0	0
0	5
0	1
0	5
0	2
0	0
0	0
146	1948
0	1722
25	1946
57	35
0	31
0	80
0	137
0	270
0	141
1	21
0	0
6	14
0	14
0	0
0	60
200	7309
719	7309
0	0
0	0
23	7
0	7
0	1
0	0
0	858
0	858
0	858
0	858
0	151
0	49
0	49
0	1
0	1
0	58
0	49
0	1
0	20
0	12
0	0
601	330
7	330
4648	5093
4	2386
1	2257
1	1692
7	0
13	48
2	50
0	0
0	0
0	0
0	0
0	0
0	0
0	0
3	0
0	0
0	0
0	0
741	720
0	709
0	103
0	153
0	0
0	36
0	28
0	0
1	0
0	0
0	0
0	0
0	0
7	175
9	170
0	133
1	74
0	111
0	0
0	0
0	5
0	7
0	3
0	0
0	0
0	0
0	0
0	0
0	0
0	23
0	24
0	23
1	23
434	22
0	0
0	0
0	0
0	0
0	0
0	0
123	0
0	0
18	288
3	0
0	288
0	0
0	0
0	0
9	0
0	0
0	0
2	0
0	0
0	0
0	0
0	0
0	0
0	0
214	4796
0	650
35	4317
0	4210
3	1172
13	4239
33	4342
102	3681
0	720
44	421
11	391
31	1861
0	0
58	355
3	0
0	1000
1	166
0	0
0	0
0	0
0	0
0	0
0	0
0	0
0	0
617	544
0	541
45	581
2	493
0	375
0	386
1	169
0	53
0	0
0	0
0	0
0	0
0	0
0	0
0	0
0	4
1	27
0	18
0	10
0	0
0	0
0	0
0	0
0	0
0	0
0	0
0	0
0	0
0	0
0	0
0	2
0	0
0	2
0	2
0	0
0	0
20	1171
7	1153
6	331
0	0
0	0
0	3
0	9
0	0
0	0
0	0
0	0
0	0
370	339
0	315
0	129
5	12
2	2
0	2
0	0
0	26
0	0
0	0
0	7
7426	1195
0	0
0	1195
0	503
0	296
0	0
0	0
0	1274
0	1272
1	620
0	754
3	208
0	36
0	24
1	9
0	10
0	51
0	95
0	5
0	1
0	9
0	0
0	33
0	7
0	4
0	0
0	0
18	62
3	61
0	61
0	62
58	3
1	3
0	0
0	0
0	0
0	436
0	2
0	0
0	0
0	0
0	0
0	0
0	0
0	0
0	0
0	0
0	1
0	1
0	0
0	1
0	1
0	1
0	0
0	0
0	0
0	0
0	0
0	0
0	0
0	0
0	0
0	0
1	0
0	0
0	0
0	0
0	0
0	1
0	0
0	0
0	0
0	0
1	1
0	1
0	0
0	0
0	0
0	0
0	0
1	4
2	0
0	0
0	0
0	0
1	8
0	23
0	14
0	0
0	9
0	8
0	3
0	1
0	1
0	0
0	0
13	5
0	0
0	0
0	1
0	0
0	0
0	4
0	4
0	1
0	8
0	4
2	6
0	7
0	6
0	6
9	9
0	2
0	0
0	0
0	0
0	3
0	1
0	0
0	0
0	0
0	0
0	0
0	0
0	0
0	0
0	0
0	0
2001	1447
0	13
0	76
6	1440
0	0
16115	32350
0	29630
1	7944
22	63
1	29
2	40
11	0
2	0
0	0
3	37
0	1
2	0
0	1
0	1
0	1
0	0
0	1
0	1
0	0
0	1
0	0
9	79
479	81
0	31
0	31
0	1542
472	1747
0	12
0	74
0	31
0	0
0	0
0	0
0	348
0	0
0	161
0	175
0	285
2	266
111	344
0	57
0	95
1	388
0	27
52	395
0	334
0	91
0	85
0	40
2	1
0	0
0	0
1	0
34	7
0	7
0	0
0	0
667	1529
1	1529
1	366
0	471
0	77
0	0
0	0
0	0
0	0
2	27
9	26
23	3
2	24
0	0
0	4
0	4
0	4
0	0
0	0
0	0
6456	7929
0	5521
1	1513
0	1465
19	3189
44	1569
0	473
9	1307
0	144
0	605
0	0
16	635
0	9
0	584
0	507
2	567
4	7
0	0
0	0
212	0
1	43
22	777
3	195
0	585
4	764
0	0
0	0
0	0
0	0
0	0
0	0
0	0
0	0
18	3490
0	0
0	0
0	0
0	0
0	0
0	0
0	0
0	0
0	0
0	0
0	0
0	0
0	0
0	0
4	0
0	843
0	831
26	843
0	102
1	0
181	0
0	0
0	0
0	0
0	0
0	0
0	0
0	0
0	0
0	245
3	297
4	240
51	1145
29	1145
4	280
0	144
0	332
0	0
3	977
147	977
0	0
0	0
4	68
0	458
0	186
113	68
0	89
0	0
2	32
0	111
0	0
0	161
0	177
1	11
0	3
0	12
0	1
102	1
0	1
0	119
0	18
0	10
0	3
0	0
0	15
0	0
0	0
0	325
0	15
14	17
2	17
463	10265
0	10265
369	2558
0	2161
3	10
0	0
0	1
0	127
0	127
0	4
1	127
6	127
3	127
0	297
0	1
0	294
5	1
0	264
0	201
0	4
0	2
0	255
0	282
12	7
0	111
6	1269
0	98
0	337
0	1249
0	1349
0	1306
0	140
0	57
0	3
0	0
0	79
0	0
0	4
0	17
0	38
0	27
0	42
18	42
0	11
0	3
4	5
524	1206
0	0
0	0
0	26
2	0
3	44
1	83
5	1119
0	176
0	22
0	14
0	28
0	26
0	25
0	1
0	0
0	6
0	0
0	0
0	0
0	0
0	0
0	0
0	6
0	0
0	43
0	6
0	0
0	43
0	43
0	6
6	43
0	11
0	0
0	51
0	57
0	44
0	0
0	0
0	0
0	57
0	17
0	6
0	50
0	0
0	0
0	0
0	43
0	0
0	0
0	0
0	43
42	0
0	43
0	0
0	0
0	0
0	0
0	0
0	0
121	49
0	49
0	37
0	1
0	0
0	0
0	3
0	0
0	4
1	4
0	4
0	0
1	9
0	9
0	0
2	0
0	0
2	0
0	0
0	0
0	0
0	401
0	401
1567	425
0	0
0	0
0	0
0	0
0	0
0	0
0	0
863	7
0	3
0	0
0	0
0	0
1	0
33	3173
0	734
0	5
0	0
0	0
0	0
30	3165
0	0
0	0
0	0
0	0
23	4
0	0
12	59
1	59
0	12
13	12
0	49
0	49
1	1
0	0
0	0
0	6
0	4
0	4
1	2
0	0
0	0
0	1
0	2
0	0
338	0
0	0
0	0
0	0
0	0
0	0
0	0
0	0
264	3768
0	3305
2	1223
0	298
0	354
2	491
2	38
0	241
0	730
0	0
0	17
0	17
11	21
0	4
0	3
0	0
0	0
0	0
0	0
0	0
56	3
0	0
0	3
0	0
0	1
0	1
0	0
0	0
0	0
0	0
18	90
0	139
1	275
3	346
6	62
0	0
0	348
0	178
0	15
0	1
0	5
0	2
0	0
0	0
0	0
0	0
0	1
49	402
2	401
2719	390
5	67
15	497
41	633
311	627
0	513
0	611
0	15
0	20
0	7
0	88
0	0
4	2
554	338
0	98
3	178
14	214
1	326
0	141
0	213
0	76
0	30
0	152
0	0
9	0
0	0
90	0
1	1
0	1
8	520
0	267
39	929
0	868
1	210
0	80
0	31
4	89
4	431
0	213
0	99
4	71
0	27
3	0
3	433
4	498
13	456
0	89
0	28
283	0
0	0
0	0
0	0
0	0
0	94
31	208
0	167
13	322
0	7
1012	328
0	52
0	4
1	94
0	147
0	0
34	0
10	1
0	1
0	0
0	0
829	226
0	225
0	169
0	14
0	47
0	0
0	0
0	0
0	0
1	14
0	6
0	5
0	5
0	5
0	0
0	0
568	6177
9	5508
2	514
1	335
3	1753
0	1848
0	0
4	353
1	3
0	0
0	0
0	0
0	0
0	0
0	0
0	0
0	0
0	0
0	0
0	0
0	0
0	0
0	0
0	0
0	0
0	0
0	0
0	0
0	0
0	0
0	2
0	2
0	1549
1	1586
221	1586
1086	2021
0	437
0	5
0	5
1	0
0	0
0	0
3423	361
0	1
11	0
0	0
1	220
0	115
1	84
1	0
1	6
0	6
1024	0
50	0
6	627
2	528
5	17
0	54
0	30
2	448
1	440
0	131
0	32
0	20
0	57
13	247
0	0
99	630
167	319
0	579
0	72
0	22
0	12
0	2
0	0
0	1
0	7
0	10
0	10
0	11
0	0
0	0
11640	10277
90	10141
68	9661
0	8798
0	8124
0	411
0	225
0	222
0	374
0	48
0	176
1	0
0	0
0	0
0	0
0	0
0	0
3	0
66	10
0	4
0	0
0	0
0	1
0	5
0	2
4	158
83	165
0	15
8	126
6	87
1	0
0	124
0	6
3	17
0	2
0	1
0	11
0	0
1680	123
0	82
0	63
0	0
0	0
0	0
0	3
4	8
0	6
1542	2289
1	2289
0	1949
0	12
2	312
0	45
0	105
1	95
1	91
0	2
3	8
0	6
8	767
0	21
0	50
0	762
0	752
0	29
1	7
3	0
0	50
0	762
0	51
2	25
0	31
0	51
0	0
0	2
152	61
0	61
0	0
295	6417
18	5932
0	1188
1	193
10	1631
0	499
0	0
820	1017
2	645
11	173
0	496
0	554
15	848
17	328
0	759
0	67
0	165
0	517
0	0
0	205
952	1161
1	108
1	456
5	1079
2	0
0	135
0	47
0	73
0	4
0	100
128	262
4	120
8	0
208	142
1	337
0	330
0	27
0	0
0	1
13	252
11	252
0	27
1	48
1	10
1	8
0	0
0	0
0	0
0	0
0	55
0	0
0	0
2	37
0	0
5	125
122	125
11	0
0	0
1	113
0	0
0	0
0	0
0	0
1	0
1923	672
0	672
0	0
16	1385
212	4
1	4
0	0
0	3
0	1
0	0
0	0
0	0
0	0
0	0
0	0
0	0
0	0
0	0
0	0
0	0
0	0
25	0
0	0
42	0
0	0
0	0
0	0
0	0
0	0
0	432
4	0
0	0
0	0
0	0
0	0
0	0
39	1322
61	1322
0	1281
2	138
0	0
0	68
0	92
8	92
0	23
0	1
0	1
0	1
11	126
3	22
1	112
1	0
0	110
0	0
0	14
0	323
8	4194
46	3927
14	3700
2	475
0	335
3	44
1	961
0	88
1	165
0	104
0	0
0	86
0	0
6	40
0	34
2	25
7	27
5	6
0	0
0	0
0	0
0	0
0	1
0	0
0	0
0	0
0	0
0	0
0	0
0	0
0	0
5	15
0	0
0	0
0	2
1	2
0	2
0	0
0	0
0	0
2	8
1	107
0	0
0	0
3	8
0	0
0	0
9	3
0	6
0	0
0	0
0	0
0	0
0	0
0	0
0	0
0	0
0	0
0	0
0	0
0	0
0	0
0	0
0	0
0	0
0	0
0	0
0	0
0	0
0	0
0	0
0	0
0	0
0	0
0	0
485	2
0	0
0	0
0	0
0	0
0	0
0	0
0	191
0	191
0	0
19	1
1	1
3	0
0	0
248	595
0	131
0	133
0	20
0	20
0	27
0	27
0	0
1	0
0	0
0	0
0	0
0	7
0	8
0	1
0	0
0	0
0	0
0	359
0	397
0	884
6	337
4	10
2	158
0	853
0	11
0	0
0	0
0	92
1	50
0	16
51	1
1	1
0	0
0	0
0	0
0	0
0	0
33	0
7	276
0	298
0	120
0	11
0	5
0	0
2	0
1	0
2255	38
0	0
0	18
0	6
0	0
0	1
234	21
0	0
0	0
0	0
0	0
1	21
731	41
1	37
0	2
11	175
314	175
0	63
0	10
0	0
0	8
0	0
0	0
0	0
0	0
0	0
0	0
0	0
0	0
0	0
0	0
0	0
0	0
0	0
0	0
0	0
0	0
0	0
0	0
0	0
0	0
0	0
0	0
0	0
0	0
0	0
0	0
0	0
0	0
0	0
0	0
0	0
0	0
0	0
0	0
0	28
5	29
0	11
0	0
0	0
0	0
0	0
0	0
0	0
0	0
0	0
0	0
0	0
0	0
0	0
0	0
0	0
0	0
0	0
0	0
1	1
0	17
12	75
0	10
0	8
0	74
32	11
0	70
0	69
0	3
0	0
0	0
0	0
69	0
0	0
0	0
0	0
2	0
0	0
0	0
0	0
0	95
26	95
0	2
0	2
0	8
0	0
0	0
0	0
1	0
0	0
0	0
0	0
0	0
0	0
0	0
0	0
3	0
0	0
3	1
0	0
0	1
336	0
0	0
0	0
0	0
0	0
0	0
0	0
0	0
0	0
0	0
0	0
0	0
0	0
0	0
0	0
0	0
0	0
0	0
0	0
0	0
0	0
0	0
0	0
0	0
0	0
0	0
0	0
970	1484
5	1060
0	370
0	207
0	159
16	33
338	161
0	143
0	20
0	0
0	1392
0	1370
0	1378
4	1426
1	64
0	452
0	654
0	618
0	1384
0	670
0	82
0	513
0	1253
0	1399
0	477
45	1392
0	0
1	2
0	0
0	2
0	25
0	423
0	12
0	12
0	22
0	0
3	453
0	10
0	49
0	1210
0	0
0	0
0	86
0	0
0	893
0	0
117	0
0	0
0	0
0	0
0	0
81	7
0	7
0	4
0	7
0	7
0	7
0	7
0	6
0	0
0	0
3	0
0	0
0	0
0	0
7	0
2	0
271	0
705	108
0	53
0	49
0	0
2	0
623	60
1	60
0	0
0	0
0	0
59	18
0	18
0	4
0	1
3	5
0	5
0	1
0	0
0	0
0	0
1182	70
0	55
0	15
0	0
0	3
0	3
0	2
0	4
0	0
0	3
0	3
0	23
0	0
0	0
0	0
0	0
0	0
0	0
363	0
1	2
0	2
0	0
0	0
0	6
0	6
89	0
162	2487
1	1485
6	1454
3	1080
13	974
2	894
0	338
1	9
14	8
0	10
0	5
3	1
0	0
0	50
12	231
1	231
0	201
0	201
659	0
0	0
4	0
0	0
51	0
0	0
0	0
0	0
0	0
0	0
0	0
0	0
34	0
1	0
3	0
2	0
0	0
0	0
846	537
0	470
0	464
0	404
0	208
1	77
0	150
0	85
0	156
0	121
0	16
0	30
1	52
0	4
11	0
0	0
141	46
0	9
0	7
0	5
0	41
0	0
1	1
0	0
86	0
0	0
307	233
0	150
0	81
3	12
0	0
0	0
0	0
0	0
0	0
0	0
0	0
0	0
0	0
0	0
0	0
0	0
0	30
0	0
0	0
63	2247
0	2248
0	2256
0	0
0	0
0	0
0	0
0	0
0	0
0	0
1	0
2	65
0	0
0	0
1	0
0	0
0	0
0	9
0	0
0	0
0	0
0	5674
59	5683
0	1980
0	2122
0	133
0	300
0	997
0	701
0	526
6	636
0	149
0	185
0	0
14	28
290	113
0	85
0	0
1	1
0	1
1026	3807
4	3795
0	3755
3	950
21	42
3	16
0	16
0	9
0	9
0	1
0	7
0	1
0	0
0	0
0	0
0	0
0	0
0	0
0	0
0	0
0	0
0	0
0	0
0	129
2293	655
4	181
0	0
0	0
4	316
0	609
0	0
0	0
0	0
0	0
0	791
0	790
8	773
0	227
0	168
0	2
5	7
6	7
0	2
0	10
0	11
3	10
1	19
6	283
0	459
7	443
5	28
0	7
0	7
0	13
0	26
0	28
589	906
1	6
0	112
38	790
0	21
1	3
0	145
55	97
3	93
178	0
0	0
0	0
0	15
0	5
0	3
7	234
0	5
0	0
0	0
0	122
0	68
0	183
60	1289
0	0
0	0
0	0
0	142
0	22
0	0
0	46
0	0
3	0
0	17
11	90
0	38
7	117
0	19
0	0
3	1053
0	825
1	55
521	160
0	88
0	17
146	9
0	9
5	37
0	37
0	4
0	1
985	89
0	26
4	63
0	0
0	0
0	0
0	0
3	281
59	56
4	52
0	0
0	0
0	0
0	2
0	123
0	43
0	3
0	0
0	0
0	9
0	0
0	0
0	2
1	1349
0	0
0	0
0	20
0	0
0	68
0	0
0	0
0	0
0	1
0	1
0	0
0	0
2	0
37	26
0	5
0	23
0	26
2	1
2	0
0	0
0	0
0	0
0	0
0	0
0	0
2	3
0	3
0	3
0	0
1	46
0	0
0	186
0	204
4	207
1	134
0	97
0	58
2	59
1	59
1	67
0	54
0	39
0	50
1	0
352	0
0	0
5	107
0	0
0	0
1	107
0	0
0	0
0	0
0	0
0	0
0	0
1	0
0	0
0	0
0	2
0	0
0	2
0	2
0	0
0	0
0	0
0	0
0	0
0	0
0	0
0	0
0	0
0	0
0	0
1276	171
0	171
0	0
0	0
0	0
246	41
0	41
0	123
13	688
17	739
0	602
0	745
5	494
12	687
4	74
1	544
0	581
0	533
0	101
0	21
0	0
0	0
4	0
0	0
0	0
0	0
3	0
0	0
0	0
0	0
500	519
0	73
3	288
0	574
0	197
67	327
0	1
26	369
0	13
0	0
0	70
0	0
0	0
0	16
0	5
0	0
0	0
44	0
3	0
0	0
0	0
0	11
0	11
0	3
8	16
0	13
0	0
0	3
0	2
3	0
0	0
0	0
0	0
133	77
0	77
0	8
0	0
0	39
2195	138
0	99
23	94
19	94
0	44
0	14
0	0
24	1045
2634	1049
1	0
2	1
0	0
0	8
0	64
0	61
0	12
0	7
78	26
0	25
0	0
0	0
0	16
125	17
0	0
80	342
2	3
2	374
0	258
0	370
11	312
657	271
2	451
0	3
0	273
0	262
0	30
0	0
0	0
6	0
626	628
1	187
0	551
0	67
0	18
3	0
10	30
2	30
97	80
0	0
15	80
0	2
0	21
0	16
0	3
0	16
0	0
0	0
0	0
1375	0
0	51
4	51
0	0
0	2
0	0
300	4813
3	4326
49	3964
0	4311
86	4800
0	56
0	0
638	208
0	198
0	0
0	25
1	29
0	0
6	0
0	0
0	557
30	727
0	391
57	986
0	12
3	51
0	672
10	104
8	104
2	811
0	1489
8	5136
29	5134
0	5024
0	99
0	29
0	1
2304	2894
0	2630
0	2091
1	1447
0	1336
0	0
2	846
0	128
0	43
2	18
0	0
0	0
5289	86
0	86
0	0
0	0
1	12
0	3
297	46
0	44
0	32
2	21
0	23
0	2
0	4
0	0
0	3
0	0
0	0
0	1
4	32
0	27
2	32
1	56
314	56
0	0
0	6
6	0
337	1452
0	0
2	1452
1	34
10	484
0	1118
54	1132
22	19
0	2
0	0
1	0
0	19
0	22
2	26
0	494
0	7
0	530
0	2
0	26
0	5
0	362
0	4
0	3
0	6
0	3
0	7
0	3
0	3
2	3
0	3
2	0
0	0
0	124
0	43
6	105
0	2
0	14
2	216
12	234
0	88
3	6
0	21
0	0
0	0
215	777
2	234
17	528
0	255
0	0
0	31
2	548
2	548
11	535
0	17
0	12
0	44
0	35
0	21
0	16
10	7
0	3
0	0
0	0
4	0
1	0
0	0
50	4037
0	1
28	4089
0	4013
39	957
0	609
0	25
0	0
4	23
0	0
0	0
0	0
0	7
0	36
0	31
0	27
4	21
0	0
1004	137
0	137
0	0
0	0
1608	33
0	33
445	0
0	0
1	1
0	1
0	1
0	1
18	1008
0	1056
0	1056
9	178
0	168
0	232
0	80
3	422
0	17
0	17
2	5921
33	6598
309	3071
12	344
0	0
0	0
0	2582
1	2078
31	1230
4	1233
0	2190
0	601
1379	930
25	921
0	214
7	297
0	70
0	0
0	148
0	754
6	846
0	44
0	73
2	187
0	248
4	193
1	52
0	236
104	3088
87	3085
0	22
2	534
0	0
4	0
7	31
0	673
14	702
0	707
3	3
0	36
1361	0
0	0
1	1354
0	0
0	0
0	0
0	0
235	468
76	468
0	59
0	0
0	39
0	37
2	0
17	11
0	1050
2523	1155
0	0
1756	636
0	85
0	395
0	339
0	100
0	269
0	2
0	0
0	0
0	0
0	0
0	0
2	184
0	0
0	5
13	44
0	1
0	43
0	9
0	0
282	90
0	88
0	0
0	7
53	22
0	6
0	6
0	0
0	1
0	13
0	1
0	0
0	0
0	0
0	0
0	25
3	36
0	6
0	36
900	7630
0	7626
0	0
2	474
0	0
3	385
10387	6
133	223
0	0
0	4
0	4
0	2
119	1103
2	1050
1	150
0	49
0	84
0	84
1	0
0	41
0	4
1234	799
0	585
0	340
0	48
25	0
0	0
624	6106
32	5768
77	338
855	1667
0	1600
6	1647
1	249
0	130
1	150
0	66
0	53
0	15
0	123
0	140
2	24
0	138
1	83
0	0
0	521
0	521
3	287
0	5
0	0
0	10
0	0
0	42
0	41
0	0
1	0
12	0
0	1
0	14390
1223	14390
1045	425
1	409
0	0
0	0
3	8
0	3
0	7
0	5
0	4
0	8
0	4
69	31
0	31
0	19
0	89
0	88
0	0
0	0
0	12
0	78
0	78
24	37
0	81
0	78
0	78
0	89
0	78
0	81
0	0
1	1
5	5
0	5
0	4
0	0
0	0
0	30
11	50
0	33
0	891
678	2170
26	966
1	802
0	1254
4	0
0	24
0	24
0	21
0	0
0	15
0	3
0	0
0	12
2	0
0	0
0	0
0	0
8	916
19	916
0	33
0	15
0	0
0	36
0	1
0	0
0	3
0	3
0	1
72	22
0	0
0	21
0	16
0	14
0	0
0	1
0	0
0	0
7	0
56	0
8	1165
0	1089
1	634
1	253
0	0
0	3
2	3
0	3
0	78
159	94
0	2
2	14
0	0
0	0
0	0
0	0
0	0
0	0
0	0
0	0
0	0
0	0
0	0
0	0
0	0
2	0
1	736
1	736
0	0
2	0
0	5
0	5
0	0
0	0
0	0
0	0
7	3
0	0
3	0
0	0
0	0
0	0
0	0
0	0
0	0
0	0
0	0
0	0
0	0
0	0
0	0
0	0
0	0
0	0
1	0
0	0
0	0
0	0
0	0
0	0
0	0
0	0
0	0
0	0
0	0
0	0
1	0
0	0
0	0
0	0
0	33
0	33
0	33
0	33
0	0
0	0
0	0
0	0
0	0
0	0
0	0
0	0
0	0
0	0
0	0
0	0
0	0
0	0
0	0
16	1311
0	1294
5	1202
0	95
0	0
0	0
0	0
0	0
0	0
0	0
0	112
0	111
0	112
26	31
0	31
1	5
0	5
53	138
0	45
166	132
0	0
0	0
0	0
0	0
1	0
0	79
0	2
0	78
0	79
0	0
0	0
0	0
0	0
0	0
0	0
0	0
0	0
0	0
0	21
0	73
0	0
0	0
4	13
0	4
10	9
0	0
0	0
0	0
0	0
0	0
0	0
0	6
249	32
0	30
0	0
0	0
0	0
0	0
0	0
0	0
0	0
0	0
0	0
0	0
0	0
0	0
0	0
0	0
0	0
0	5
0	0
0	5
0	3
0	84
0	0
0	0
0	0
0	0
0	199
0	246
0	236
0	246
0	178
0	217
0	7
0	0
0	0
214	72
9	63
0	61
0	0
0	0
0	23
0	1
0	0
0	0
0	0
0	0
0	0
0	2
0	0
0	0
0	0
0	0
0	0
0	0
6	18
250	286
0	193
0	0
2	0
625	2
0	91
0	68
0	8
16	245
0	650
0	50
22	1486
3	54
1	30
7	651
1	267
25	572
104	1359
1	75
0	344
0	144
591	82
0	82
11	560
0	55
40	510
0	73
0	134
67	0
0	0
0	73
3	18
11	189
983	299
0	249
2	80
0	22
0	3
2	3
0	0
0	1
0	1
0	1
0	1
0	1
0	1
0	0
0	0
0	0
0	0
0	0
0	0
0	0
5	0
0	0
0	0
0	0
0	0
0	0
0	0
0	0
0	0
11	0
0	0
15	0
0	0
25	676
3	98
0	682
0	659
10	7
0	57
0	0
0	0
0	0
0	0
0	0
0	0
0	0
0	0
0	0
0	0
0	0
0	0
0	0
0	0
0	0
3	1
0	0
0	0
0	0
0	0
0	0
0	0
0	0
0	0
0	0
0	0
0	0
0	41
0	39
0	0
0	2
0	0
0	2
0	0
0	0
0	0
12	2
1	2
176	1
0	1
0	0
0	0
6	13
20	67
0	0
0	0
0	0
0	0
0	0
0	0
2	441
0	384
0	405
0	145
0	164
3	45
6	77
4	32
0	16
3	420
2	456
0	0
0	0
0	0
0	5
0	136
0	134
1	52
1	263
0	228
1	131
0	87
0	4
0	25
0	37
0	36
0	37
0	25
0	35
0	1
0	0
0	0
2	6
0	6
0	0
0	0
0	0
0	0
0	0
0	0
0	0
0	0
0	0
0	0
0	0
0	0
0	0
0	0
0	0
0	0
0	0
0	0
0	0
52	4
0	0
45	1396
91	423
1	1335
0	862
0	24
37	32
0	30
0	0
0	3
0	3
1	4
0	0
0	2
0	0
0	0
0	154
0	528
0	53
0	245
0	43
0	63
6	442
0	0
1	0
0	29
0	654
12	671
0	93
0	30
0	39
0	10
0	0
0	0
0	0
0	0
0	2
15	9
0	9
0	2
0	7
77	0
2	45
364	54
0	51
1	51
3	154
0	0
0	0
1076	337
0	201
0	97
0	0
0	0
71	416
0	275
0	61
0	79
1	63
1	25
1	25
0	142
61	142
0	0
99	2298
3	2205
32	1159
0	38
0	57
0	60
0	0
1	13
0	0
0	0
235	2651
7	2431
0	239
2	96
0	8
0	96
0	0
0	8
0	0
20	1563
4	1638
1	612
0	33
2	39
0	13
0	2
0	0
0	21
2	5311
313	5311
3	243
0	3
0	0
0	0
0	0
0	218
0	218
0	13
0	0
0	0
0	2
0	153
392	192
0	2
0	30
0	9
0	0
0	0
0	4
0	4
0	2
7	7
0	7
0	0
0	0
0	0
0	1142
0	1157
0	242
0	163
0	248
0	36
0	39
0	1
0	11
192	0
0	0
2	49
50	2894
2	95
0	179
5	169
6	1427
3	115
0	65
0	165
0	2894
2	15
0	0
0	0
0	0
643	0
0	0
1	15
0	11
2	0
0	13
0	10
28	5
0	1
0	2
0	2
0	2
0	2
0	1
0	1
0	1
0	0
0	17
1	23
0	0
0	0
0	0
68	6
0	34
50767	21272
16	21162
0	8016
4	2723
6	1321
0	0
0	0
0	0
0	0
6	0
7	0
0	0
2	0
0	0
0	0
0	0
0	0
0	0
703	633
0	630
1	147
0	0
0	20
0	22
0	22
0	3
0	0
0	0
0	0
1	0
1663	0
17	80
0	66
2	83
0	44
0	10
1842	1020
0	591
2	645
0	245
0	172
0	0
2	0
1	271
0	62
1	83
0	285
0	73
15	178
0	175
0	11
0	15
1	18
0	11
0	9
2	0
0	0
1086	847
0	761
2	153
0	305
3	0
0	0
0	44
0	0
3	0
0	0
93	1034
367	1518
8	1009
0	515
0	29
0	33
1	0
0	0
0	0
0	450
70	1053
0	848
27	755
0	15
0	0
0	67
0	3
3	42
0	0
93	12
0	9
0	0
0	1
0	0
0	0
0	0
0	1
0	0
5	1
1	0
1	1196
0	1314
0	695
0	423
0	123
0	121
0	192
0	2
0	54
0	0
0	61
2	244
0	925
0	4
1	930
1	95
2	176
44	916
9	930
0	0
536	0
0	0
0	19
0	19
0	0
0	2
0	0
0	0
0	0
33	8
0	8
0	0
0	0
0	0
0	0
0	0
0	0
0	0
0	0
14	1831
0	0
0	0
0	0
393	285
0	273
0	33
0	34
0	46
0	25
0	19
0	3
0	0
11	925
6	4
909	105
11	105
0	0
0	10
0	230
0	241
0	225
0	126
0	126
0	24
0	0
0	17
24	3604
0	0
19	3581
3	219
0	2
0	161
0	0
178	156
0	167
1	159
0	132
0	120
1	117
0	23
0	57
0	47
0	48
0	43
0	2
0	4
0	0
0	0
1	4
0	4
0	0
0	0
0	11
1	0
0	0
0	0
0	0
0	0
0	0
0	0
0	0
0	0
0	0
0	0
433	45
1	43
0	3
0	2
0	0
1	1
0	0
0	0
0	0
0	0
0	0
521	130
0	126
0	4
0	70
5	118
126	264
1	224
0	26
3	18
0	0
1	17
0	17
0	17
0	0
0	0
0	0
0	0
0	0
0	0
0	0
8	2610
115	2774
0	0
0	182
0	5374
13	5414
1	630
0	670
0	1202
0	0
0	0
0	0
3	40
0	0
0	0
0	92
2	171
0	23
0	250
0	14
15	1
0	1
0	0
0	0
0	0
0	0
0	0
0	0
0	0
0	0
0	0
0	33
354	553
12	192
0	43
0	0
1	55
0	149
3	156
3	0
0	27
0	45
0	81
1	2
0	0
0	0
0	0
0	68
0	0
0	0
650	243
2	6
0	0
0	0
0	0
0	221
0	6
0	7
0	0
0	0
0	0
0	2
0	2
49	4
0	1
0	0
0	1
0	1
0	0
0	1
2	0
0	0
0	695
532	695
10	690
1762	250
2	237
0	126
0	0
1191	25
0	3
0	15
0	19
0	15
0	6
0	11
0	0
20	13
0	16
10	58
0	0
0	0
0	0
0	0
0	0
0	0
0	0
0	2
10	0
124	0
0	0
0	0
0	0
0	0
0	0
3	49
1	0
3	0
0	9
0	0
0	0
0	0
0	0
0	4
0	345
0	345
0	0
0	0
0	0
0	16
0	2
0	0
0	0
0	0
0	0
0	0
0	0
0	0
0	0
0	0
0	0
73	17
0	19
1	17
0	12
0	14
0	8
0	0
0	1
5	309
2	342
5	970
5	1422
1	443
23	1041
28	980
0	136
0	662
0	478
2	405
0	911
0	26
0	136
0	579
13	436
0	306
19	432
0	0
0	0
0	2
0	0
0	0
0	390
0	0
0	98
0	3
0	98
0	0
0	0
0	0
1	28
0	0
0	0
0	0
7	596
0	0
0	523
0	291
3	476
0	330
0	6
0	41
0	47
0	34
0	34
0	29
0	26
0	32
0	16
0	36
0	0
0	14
0	262
0	254
0	198
0	117
0	65
0	0
0	21
12	125
1002	168
0	33
0	38
0	146
0	0
0	0
0	1
0	1
1367	10916
49	9102
5	6023
35	5624
3	3460
0	2928
19	2254
1	90
0	77
0	0
0	0
1	0
0	0
0	0
1	159
0	0
1	0
0	0
4	0
402	11
0	0
0	0
0	1
0	0
0	0
0	5
0	5
0	0
0	0
0	0
0	0
1	201
5	193
0	0
5	201
2	61
0	10
0	88
1	0
1278	439
0	449
1	54
0	0
0	0
31	87
1	16
0	0
0	2
0	2
0	0
0	0
0	0
0	0
0	0
0	0
2	8
0	26
0	0
0	73
0	0
0	0
0	0
154	298
0	235
0	34
0	15
0	47
0	120
0	96
0	22
3	1671
1	1281
0	152
1	263
0	1546
0	576
0	1156
0	419
0	0
33	0
0	0
0	0
0	0
8	564
0	612
0	501
4	554
0	258
0	228
0	0
0	4
3	17
0	0
0	1
0	3
0	0
0	0
0	0
0	1
0	1
0	1
0	0
0	0
0	0
60	175
0	56
0	61
1	19
0	76
2	51
7	47
0	36
0	12
0	7
1	7
0	0
0	5
0	4
0	0
0	0
0	0
0	0
0	0
0	0
0	0
0	0
0	0
0	0
0	145
3	142
0	22
23	30
0	0
0	24
0	0
25	229
1	224
0	25
0	0
0	0
0	54
5	5
0	5
0	0
277	4281
15	4281
0	205
2	276
0	270
5	271
0	23
0	0
0	16
0	88
0	16
0	2
0	0
0	0
0	0
7	66
14	66
0	0
0	0
0	2
0	2
0	0
0	2
0	1
0	0
0	0
0	0
0	1
0	0
1	0
32	0
0	0
20	366
0	366
0	39
0	4
620	0
22	176
2	186
0	119
3	62
0	292
0	7
0	302
7	130
0	10
9	285
1	29
0	125
0	63
0	83
1	106
0	0
51273	11021
0	4757
2	8578
2	2536
30	0
0	0
0	0
1	0
0	0
0	0
0	0
0	0
0	0
4	0
1	5
1	5
3	0
1	0
0	0
0	0
0	0
0	0
0	0
0	0
0	0
2	0
0	0
0	0
0	0
0	7
477	632
0	619
0	30
625	549
1	108
4	375
0	237
4	52
5	20
8	0
0	35
234	35
198	1365
6	743
2	194
6	58
4	502
0	0
0	0
0	0
10	715
801	2046
12	674
0	330
0	0
1	1236
0	6
0	6
0	6
0	6
0	0
0	6
0	0
0	0
0	0
0	0
0	3
0	0
0	0
0	0
0	0
2	382
6	384
0	61
0	34
0	120
1	34
0	84
0	78
0	18
0	33
0	31
0	1
0	0
0	0
4	215
4	213
0	6
0	0
0	2
0	0
0	0
0	0
110	1158
1	1158
0	202
0	0
0	0
0	0
0	0
0	0
0	0
0	0
0	4
0	0
0	0
0	0
0	0
0	0
0	0
0	0
0	4
0	0
0	161
0	161
0	3
0	6
0	6
0	6
0	6
0	0
0	0
0	0
0	3
0	6
0	6
0	3
0	6
0	0
0	0
1	0
0	0
0	0
0	0
0	0
0	15
0	15
0	0
0	0
0	0
0	0
0	22
3	22
1415	152
0	118
1	133
0	48
0	115
3	104
0	106
0	0
48	0
813	220
0	220
0	64
0	17
0	207
6	1116
0	1088
0	433
24	622
1	33
2	0
0	0
0	0
0	0
0	0
0	0
0	0
0	0
0	0
0	75
12	3
209	3
0	414
0	421
0	194
5	104
0	168
14	408
0	10
0	0
446	308
0	207
0	154
0	168
0	78
0	50
0	3
0	0
1	0
0	0
0	0
0	0
21	1468
0	1247
0	749
3	473
0	0
0	0
938	312
0	37
0	99
1	197
4604	4
0	0
56	639
0	558
0	632
1	513
0	13
1	13
22	0
220	439
4543	573
4	555
0	98
0	256
0	435
0	169
0	0
0	0
0	127
0	0
0	0
0	0
0	0
0	0
0	45
0	45
0	0
0	3
0	0
0	0
0	0
710	29
15	25
1031	6454
0	6238
0	434
0	0
0	0
150	337
6	337
5	0
381	73
3	38
1	56
0	23
0	0
0	0
0	62
0	62
0	7
0	1
0	1
0	0
82	900
14	908
0	905
0	250
0	477
0	24
0	49
2	51
0	0
2	0
0	0
0	3564
0	3575
0	3551
0	0
1	0
0	0
0	0
27	0
0	0
7	0
84	6
1	24
0	0
24	439
0	338
31	30
0	90
0	116
2	55
0	7
0	33
2	32
416	0
1019	0
0	0
0	0
0	0
0	0
7	322
0	175
11	315
6	412
0	304
2	206
0	2
16	0
18	0
0	0
0	0
0	0
0	0
0	0
0	0
4	0
0	0
41	118
14	115
1	19
0	90
0	73
0	70
0	1
0	0
0	0
3	0
0	0
0	267
38	276
5	277
0	7
0	0
0	0
0	0
1	41
0	46
0	61
0	0
0	5
0	36
0	1
0	9
3054	2347
5	2057
7	290
0	12
0	12
0	12
6	9
0	1
0	1
11218	18
0	0
0	0
1	0
0	0
0	0
0	0
0	0
0	0
26	3760
9	3480
0	3206
0	2674
23	453
1	220
0	695
0	548
0	3
0	3
0	3
0	3
88	115
0	114
0	31
2	724
0	2868
28	8332
4	7143
10	6794
0	3174
0	2304
0	1341
0	772
0	772
0	615
5	1182
0	310
3	92
0	1120
0	188
0	964
0	1009
1	9
0	8
0	104
1	532
8	99
16	148
0	124
0	73
0	23
0	10
0	49
0	15
2	1294
0	1178
0	215
0	971
0	1189
0	39
2	61
1	7
0	267
0	325
13	324
2	96
117	2541
0	958
8	1553
49	2012
0	695
0	183
0	0
4	0
41	1037
0	1037
11	859
8	208
2	299
0	9
3	2
0	836
4	134
0	157
1	143
0	308
36	548
9	533
1	551
6	182
0	39
0	94
1249	2897
39	2032
0	0
3	1425
142	0
0	0
0	303
0	303
1	283
0	57
0	48
0	57
0	2
44	519
31	1256
13	2819
0	186
1	856
0	102
3	2358
2	2437
2	150
0	931
0	0
1	4
0	4
160	73
0	20
0	53
0	2
0	2
0	0
109	6
0	0
1	0
0	0
0	0
0	1
0	1
0	1
0	0
0	10
0	9
0	10
0	7
0	3
0	0
0	0
0	0
0	0
0	0
0	0
0	0
0	0
0	0
0	0
0	9
17	9
0	0
3	10
0	0
0	0
0	0
0	0
1	0
1	0
9	11
0	0
0	0
0	8
0	4
0	0
0	0
0	0
0	0
0	1
0	1
0	0
0	1
0	0
0	1
0	0
0	540
0	540
0	154
0	34
0	44
3	36
13	0
116	1941
0	1941
0	1863
0	173
0	184
0	52
69	3206
0	123
0	456
0	286
6	3171
0	0
0	0
0	67
0	55
0	142
0	1915
0	150
19	2913
1	728
451	2260
0	128
0	350
1	480
0	105
1	1259
5	1018
0	2673
0	1187
77	2643
937	2681
1	879
0	22
0	217
2	0
0	313
1532	27047
23	25388
14	3127
9	1103
2	1974
0	30
12	30
1	0
0	0
1	15
0	0
0	0
0	1
0	7717
17664	15038
4	13903
1	401
1	11865
2	5477
0	7984
0	1043
402	7984
8	2131
6	769
35	651
1634	1326
18	1290
0	0
4	287
8463	90
254	2
2	0
0	0
0	0
62	0
0	1
0	3
0	3
0	59
0	3
0	3
1	55
0	57
0	2
0	4
0	12
0	11
0	8
0	4
0	49
159	157
0	28
0	127
0	0
2	0
36	14
0	11
0	2
0	4
0	6
0	6
0	3
0	0
0	0
0	0
3	18
0	18
19	0
0	0
0	1
0	1
0	1
137	0
0	11
0	0
0	0
0	0
0	0
0	0
0	0
0	0
0	0
0	0
0	0
0	0
0	0
0	0
0	0
0	0
0	0
0	0
0	0
0	0
0	0
0	0
0	0
0	0
0	0
0	0
0	0
0	0
0	0
0	0
1	0
0	0
273	412
12	442
5685	11954
0	11949
2	3049
8	2313
1	1375
0	13
0	0
0	1
0	1
0	1
0	13
0	0
0	0
0	0
0	0
0	0
0	0
0	0
0	0
0	0
0	0
0	0
0	0
0	0
0	0
0	0
0	0
0	0
0	0
0	0
0	0
0	0
0	0
0	4
0	4
1	0
0	0
0	0
0	0
0	0
0	0
0	0
0	0
0	1
0	1
0	0
0	0
0	0
0	0
1	0
0	12
0	15
0	15
0	12
0	9
2	5
0	5
0	0
0	0
2	0
0	0
0	0
0	0
0	0
0	0
0	0
0	0
0	0
0	0
0	0
0	0
0	0
0	0
0	0
0	0
0	0
0	0
0	0
0	0
0	0
0	0
0	0
0	0
0	0
0	0
0	0
0	0
0	0
0	0
0	0
0	0
0	0
0	0
0	0
0	0
0	0
0	0
0	0
0	1
0	1
0	0
0	0
410	77
0	9
0	6
0	6
0	35
0	26
818	0
118	1223
58	1200
9	1110
0	163
0	201
0	685
0	3
0	0
0	0
0	0
1523	817
0	356
0	575
0	574
0	232
0	0
0	3
0	1
0	0
0	3
0	0
133	5
0	112
0	112
0	5
0	4
0	5
0	1
0	1
0	1
0	1
1	0
0	0
0	0
0	0
0	0
0	0
0	0
0	0
0	0
0	0
0	0
0	0
0	0
0	2
0	2
1	0
6	258
4	236
1	124
2	0
0	50
0	0
0	21
0	0
0	10
9	2
0	0
0	0
0	0
0	0
0	0
0	581
0	510
0	582
0	579
0	357
3	352
1	318
1	94
0	63
0	0
0	0
2	0
0	0
0	0
3	3
0	3
1	10
2	4
0	4
0	0
0	20
0	20
4	76
0	115
0	107
0	0
0	0
0	0
0	0
0	0
1	0
0	0
0	25
0	278
1	1907
0	1913
0	0
0	0
0	0
0	0
0	0
0	0
0	0
0	0
3	0
1	0
23	10
7	262
0	0
0	0
7	7905
0	720
111	7715
0	379
0	290
0	7802
0	0
2	7831
3	0
0	0
0	0
0	0
0	0
0	0
0	0
381	919
0	725
0	194
0	1
57	9
1	36
0	0
0	2
0	76
0	74
0	75
0	74
0	0
0	71
1	158
291	162
0	14
0	2
0	0
1	0
0	0
0	0
64	0
1	84
376	84
3	0
0	1127
0	82
0	31
1605	1171
0	59
0	92
0	210
0	18
61	0
0	0
0	0
2	0
82	10
0	10
0	1
83	71
0	0
0	0
0	70
0	0
277	587
0	485
3	481
0	41
0	3
0	100
7	9
0	116
204	109
0	34
0	14
1	52
1	21
0	0
1407	100
0	42
0	72
0	17
225	1239
0	1239
3	78
0	278
0	183
0	95
0	0
0	0
0	0
0	0
71	99
1	60
0	43
0	5
0	8
0	0
0	0
0	0
0	2
0	0
0	6
0	842
3	1812
1	95
0	523
0	555
2	545
0	7
0	3
0	0
0	15
0	578
2	24
0	2
8	1646
0	246
3	10
0	5
0	32
0	0
0	84
0	1493
7	1547
0	120
0	539
0	149
0	123
0	220
2	40
1	36
0	74
0	70
0	53
2	56
0	50
5	41
0	21
0	0
0	0
2	0
0	281
0	515
7	536
2	218
0	515
1	89
0	359
2	304
0	93
0	192
0	11
0	3
0	0
48	121
0	121
1116	13
0	11
0	0
0	0
0	0
6976	1070
0	773
0	400
1	385
6	187
10	11
0	0
0	0
0	59
1453	303
1	11
0	0
0	36
2	10
0	106
0	13
6	85
0	69
0	67
0	13
0	0
0	66
0	10
1	2
0	11
0	55
0	0
0	1
487	5
0	5
0	0
1	0
1603	6594
15	5344
2	3860
0	1515
4	2420
0	284
0	213
0	0
30	0
0	0
617	105
0	11
0	103
0	0
12	7
0	5
47	914
0	276
3	775
0	146
63	31
4	29
27	23
0	17
6	1312
0	78
0	1302
3	1
5	15
0	0
0	17
0	0
0	391
9	1096
2	952
0	92
0	0
0	0
0	0
0	0
0	0
0	0
285	77
0	0
0	4
0	62
6	11
0	0
3	74
46	1251
0	1122
0	155
0	134
0	1515
0	1515
11	1502
0	552
0	84
1	53
0	48
0	14
0	13
0	1
0	1
0	2033
8	0
3	1552
662	1634
1	310
0	130
0	0
0	0
0	0
5	0
0	4
0	4
0	0
0	0
0	0
0	0
0	0
0	0
0	1
0	2
0	2
0	0
60	208
1	185
0	14
0	7
0	6
0	6
0	1
0	0
0	0
0	0
1172	856
20	795
0	934
0	830
0	197
0	113
0	414
1	529
0	542
11	529
0	85
1	0
0	59
0	66
5	0
0	0
0	29
0	0
0	0
0	0
0	0
6	1586
1973	1634
1	103
0	0
0	1126
0	0
0	0
0	0
2349	1441
1	1441
3	967
19	22
7	22
518	647
0	596
0	220
0	61
0	56
0	0
1	0
0	0
269	388
0	388
0	33
925	539
0	146
0	40
0	233
6	325
106	0
29	0
35	0
0	0
0	0
0	0
0	0
0	0
0	0
2	0
0	0
0	0
5	271
154	1624
4	140
0	144
2918	1625
0	0
0	5
0	5
0	0
0	0
0	5
0	0
0	0
0	101
11	107
0	107
1	27
0	7
0	20
0	1
0	0
1	1051
0	1034
14	588
0	13
0	37
0	50
0	12
0	33
0	30
0	30
275	1077
0	24
0	831
0	137
0	195
0	961
0	146
0	192
39	1150
30	1155
25	98
10	4
122	0
2	0
9	19
5	19
23	0
0	0
0	0
0	2
0	0
0	2
11	0
0	0
0	0
0	0
0	0
0	0
0	21
1	1
0	1
213	21
0	0
0	0
0	0
0	0
0	0
0	0
0	0
0	0
0	0
0	0
0	0
0	0
0	0
0	5
0	0
9	2
0	2
0	0
0	5
0	5
0	4
285	1652
0	698
1	701
3	699
0	361
2	522
2	775
6	694
0	0
0	525
1	278
0	0
1869	18
1624	226
0	222
0	0
0	0
0	0
0	0
0	507
411	628
0	3
0	0
0	0
0	0
2	293
0	330
0	10
179	479
0	154
1	325
0	230
0	0
0	0
0	0
0	64
0	0
711	695
96	670
0	33
3	518
0	155
0	0
2	0
7	224
618	226
1	0
1	26
0	13
2	12
0	2
0	12
0	14
32	0
0	0
58	0
8	229
5	346
2	345
1	0
0	0
0	0
0	0
240	60
7	60
0	0
0	0
0	0
0	0
0	0
0	0
0	0
185	315
1	315
1	26
0	42
0	4
0	0
0	0
1	0
0	0
11	73
4	73
2	0
0	0
0	0
1	1
0	0
0	0
0	0
2	1
0	1
0	0
0	0
0	0
0	1
0	1
0	0
6	0
0	0
0	0
0	0
0	0
3	55
0	127
0	260
18	248
0	44
0	51
0	43
0	187
0	213
11	0
0	0
0	0
0	0
0	427
0	0
3	0
0	0
0	0
1	519
0	519
0	0
0	0
0	0
0	0
0	0
0	0
0	0
0	0
0	0
0	0
0	1891
11	1960
0	392
0	178
6	200
0	13
1	82
0	45
0	446
0	25
1	0
0	0
9	1363
1	1379
19	1298
0	191
0	340
56	320
4	336
1	0
0	3
0	0
24	6
0	8
13	9
1	9
0	0
0	0
16	0
0	0
0	0
0	0
0	0
0	0
0	0
136	29
0	4
0	16
0	18
0	0
0	0
0	12
0	0
0	0
357	2218
0	1613
0	306
0	859
0	0
250	112
0	103
2	87
0	0
45	0
0	0
0	0
0	0
0	0
0	0
0	125
0	964
1	1167
2	1190
14	488
0	617
0	4
0	35
0	35
0	1016
0	73
0	1038
24	903
0	1021
0	52
0	938
6	20
0	52
0	32
1	128
0	125
0	3
0	0
0	0
6	0
0	123
4	132
0	130
0	116
0	0
10	5
0	0
0	0
1	1
0	1
10	193
0	154
0	177
17	182
0	71
0	1
0	0
0	24
0	14
0	2
0	2
11	2
0	0
1	1
0	14
0	13
0	0
0	9
0	0
0	0
4	19
0	19
0	5
0	0
37	71
3	71
0	0
6	0
1994	0
241	0
2256	421
0	28
0	380
0	99
0	34
0	1
0	0
0	0
0	0
20	0
0	0
0	0
1	0
0	141
0	141
0	15
0	0
0	0
0	0
25	636
1	110
0	364
0	68
1	607
1	27
0	0
0	1
2151	523
5	21
1	522
0	97
0	0
0	0
0	0
0	0
35	19
0	15
0	7
0	4
0	0
0	1
0	1
0	0
29	4
2	4
820	36
0	30
0	22
0	22
0	22
0	21
5	0
5	0
0	0
0	15
0	25
23	27
0	0
0	7
0	1
10	469
0	0
4	353
0	363
2	339
0	53
0	80
0	17
0	62
0	58
1	0
0	0
0	1
48	6
0	4
0	3
0	0
79	2
3	0
6	2045
23	2045
0	1758
0	20
24	23
2	20
5	2
0	0
0	0
0	1
0	0
0	0
0	1
0	1
0	0
0	0
17	548
0	548
0	35
0	0
3	0
0	0
3	93
0	93
0	4
4	5
0	2
0	0
1	0
0	0
0	2
0	35
2	307
0	299
2	13
0	7
0	10
0	1
0	0
11	0
0	0
0	0
0	138
0	0
0	99
0	9
0	139
0	0
6	101
0	3
0	2
0	9
0	11
0	12
0	3
0	8
0	0
0	0
0	4
0	0
0	6
0	0
0	1
0	1
0	1
0	0
0	0
3	52
0	1
0	0
65	590
0	536
7	588
0	257
0	9
4	1
3	107
0	0
173	0
0	0
18	0
0	0
0	52
0	0
0	52
0	0
0	635
264	650
0	122
1	70
0	0
0	0
0	0
0	0
0	0
0	0
0	0
0	8
780	318
1	5
0	0
0	0
0	0
0	0
0	11
0	292
0	0
0	0
0	0
55	1876
180	1876
0	159
0	1
5	189
2	0
0	0
0	2
0	0
0	0
0	0
0	14
0	0
5	12
1	0
0	0
0	0
0	0
0	0
0	0
0	0
1	0
67	325
12	279
5	2
30	347
0	63
1	168
5	206
1	92
0	43
0	44
0	2
0	2
0	0
0	0
0	0
0	0
0	0
0	0
0	0
0	0
0	0
0	0
0	0
0	0
0	0
0	0
0	0
1	0
0	0
0	0
0	1420
0	1920
9	1379
1	1886
1079	366
5	330
9	226
0	18
0	0
111	0
2	12
5	12
0	2
0	2
0	2
0	0
0	14
0	14
1	14
23	14
0	10
0	5
0	8
0	13
0	4
1	12
0	4
0	9
0	2
0	2
0	0
3	35
0	21
0	35
2	35
0	0
374	206
4	23
0	81
0	30
0	24
42	50
0	66
0	2
0	1
43	1
0	1
0	0
0	0
0	211
0	29
0	0
1	0
0	21
0	21
0	224
0	21
0	36
0	0
0	0
0	10
0	0
0	0
8	7
29	7
4	465
0	0
0	0
0	0
0	0
0	0
0	0
0	0
0	0
0	0
58	1
1	455
0	0
0	0
0	0
0	0
1	0
0	0
0	22
0	15
0	5
0	0
0	32
0	0
0	5
0	0
0	462
0	0
0	15
0	0
0	0
0	19
0	214
1	9
0	10
0	0
0	0
384	157
0	136
0	151
0	15
0	16
9	15
1	0
1	22
0	11
0	28
49	19
0	0
202	540
4	540
0	36
0	83
2198	557
0	509
1	48
4	1
0	0
0	2
0	6
0	4
0	11
1	6
0	2
0	6
0	6
0	6
0	6
0	5
0	5
0	0
0	0
0	0
0	0
0	297
60	472
0	464
0	224
0	0
2	20
625	2
0	0
0	0
0	0
2038	153
1	122
0	2
0	21
0	1
377	909
1	306
1	26
0	43
0	230
25	128
0	441
0	4
1	94
129	413
0	413
1	63
1	128
0	41
0	12
0	0
0	0
103	1117
0	1026
0	206
0	57
1	6
0	103
0	61
0	89
0	144
1	109
0	0
0	0
30	23
0	23
0	0
0	0
0	0
25	172
0	172
0	0
59	60
0	60
1	12
0	0
0	0
0	0
0	0
34	13
0	3
0	0
0	10
4	0
0	0
322	313
0	8
0	313
0	0
0	0
0	0
0	0
3	0
6	3810
0	3779
0	4047
0	3977
0	2588
0	1266
0	1086
0	682
0	897
0	659
54	965
0	969
0	843
14	768
0	337
0	349
1	278
0	33
8	189
2	145
0	80
1	76
6	60
0	63
0	70
0	10
0	0
0	0
0	0
0	0
0	654
0	0
0	0
0	0
0	0
0	0
0	0
0	0
0	0
0	0
0	9
0	0
0	0
0	0
0	0
0	0
0	0
0	0
0	0
0	0
55	8
0	0
0	7
0	1
0	0
0	0
0	0
0	0
0	0
0	0
0	0
0	0
29	350
0	350
0	134
0	27
3	27
4	0
53	8312
29	8512
176	9771
14	4020
2	3492
5	2915
4	1132
0	0
3	21
64	35
0	14
113	24
0	24
0	4
393	0
0	0
0	14
0	14
0	3
0	15
0	18
0	2
0	16
0	0
0	0
0	0
0	0
0	0
0	0
0	0
0	0
0	0
0	0
0	0
0	0
0	0
0	0
0	0
0	0
0	0
0	0
0	0
0	0
0	0
0	0
0	0
0	0
0	0
0	0
0	0
0	0
0	0
0	0
0	0
0	0
0	0
0	0
0	0
0	0
0	0
0	0
0	0
0	0
0	0
0	0
0	0
0	0
0	0
0	0
0	0
0	0
0	0
0	0
0	0
0	0
0	0
0	0
0	0
0	0
0	0
0	0
0	0
0	0
0	0
0	0
0	0
0	0
0	0
0	0
0	0
0	0
0	0
0	0
0	0
0	0
0	0
0	0
0	0
0	0
0	0
0	0
0	0
0	0
0	0
0	0
0	0
0	0
0	0
0	0
0	0
0	0
0	0
0	0
0	0
0	0
0	0
0	0
0	0
0	0
0	0
0	0
0	0
0	0
0	0
0	0
0	0
0	0
0	0
0	0
0	0
0	0
0	0
0	0
0	0
0	0
0	0
0	0
0	0
0	0
0	0
0	0
0	0
0	0
0	0
0	0
0	0
0	0
0	0
0	0
0	0
0	4
38	241
0	80
0	104
0	0
0	0
0	108
0	0
0	4
0	187
0	0
0	0
0	0
42	0
0	0
0	0
0	0
2	8231
0	0
4	738
0	749
7	771
0	763
0	651
0	137
0	130
0	154
0	154
2	166
0	166
0	150
0	149
0	161
0	157
0	0
0	15
0	15
0	1
0	1
0	0
0	0
0	0
564	477
0	152
1	269
2	2
0	107
0	98
0	0
0	0
8	0
0	0
0	0
0	0
2	45
0	22
0	43
0	45
0	5
0	35
0	38
0	9
0	1
0	1
0	37
0	10
0	35
0	11
0	3
0	0
0	12
0	33
3	24
348	1049
0	118
1	833
1	330
0	73
0	261
0	45
3	150
4	22
2	5
15	112
0	91
0	113
1	84
0	37
0	2
0	63
0	19
0	61
0	56
0	32
0	0
0	0
11	29
0	29
0	0
0	0
0	0
0	1
0	9
3	0
9	29
1	29
4	786
1	801
12	781
3	773
3	818
0	693
1	257
0	245
0	218
0	149
0	183
1	0
0	0
6	77
0	0
0	0
0	19
0	0
0	97
0	12
0	25
0	8
0	3
0	0
0	0
3	17
1	2
0	8
3	40
1	36
0	13
0	34
1091	0
2	0
35	0
11	0
0	0
12	461
4	568
0	156
0	0
3	0
0	242
0	286
0	149
0	91
0	119
0	0
3	0
0	52
0	0
11	0
0	0
6	0
0	0
0	0
46	10
0	6
0	4
6	76
122	676
0	610
0	233
0	85
0	177
21	5
0	5
0	0
7	145
9	0
0	130
0	169
0	103
0	0
4	0
0	0
400	1151
1	68
13	371
0	1052
0	105
0	39
4	13
0	64
0	64
61	0
2	0
0	1
20	45
0	0
0	45
0	0
5	1843
378	1843
1	86
0	0
0	0
0	0
5	2
1	0
9	668
0	14
0	0
0	4
0	0
0	0
0	0
0	0
0	0
0	0
0	0
9	0
9	663
0	0
0	0
0	11
0	98
0	49
0	247
4	21
0	22
0	240
0	11
0	1
0	11
1	426
0	0
1	20
1	0
0	9
0	57
0	53
0	59
0	30
0	0
0	11
0	11
1	2
0	232
0	0
1	234
0	17
0	66
0	3
0	0
0	15
0	0
0	41
0	0
0	0
0	0
0	0
0	0
1	0
0	0
0	0
0	0
204	307
0	263
0	300
0	197
0	0
1	0
0	0
1	0
34	707
0	700
0	4
0	4
0	0
0	0
0	0
0	0
0	2
0	1
0	1
0	1
0	0
0	0
3	5
0	0
0	0
0	0
119	4
0	4
0	4
0	0
1	0
118	158
0	158
0	0
0	0
0	0
0	325
0	0
0	14
7	337
0	27
0	178
1	19
5	15
5	6
0	2
0	278
0	0
0	0
4	5
0	0
0	3
9	64
0	22
169	90
0	40
0	62
0	59
0	37
0	0
0	0
0	1
0	1
0	0
0	0
0	0
0	0
0	827
3	833
0	51
0	177
0	144
0	63
0	12
0	91
1	161
0	69
0	5
0	26
227	1022
0	22
0	69
0	1008
0	89
0	28
0	13
8	7
5	7
74	5
0	5
0	0
0	0
33	0
2664	216
2	35
9	180
0	19
0	19
0	1
0	24
0	24
1	16
5	18
2	6
2	9
490	123
1	34
0	92
18	0
0	0
0	0
0	0
2	0
16	0
0	0
0	0
0	0
0	0
0	0
688	2
0	0
0	1
0	0
0	0
33	141
0	0
0	0
0	19
0	0
1	124
0	0
0	30
0	1110
2	0
0	17
0	0
0	0
0	32
0	1060
0	1018
9	744
1	43
0	1108
0	12
0	8
0	0
0	15
0	0
0	47
0	235
0	328
0	324
34	872
1	1002
0	28
0	660
0	689
2	678
2	682
0	501
1	29
22	241
0	32
0	6
0	5
0	28
3	71
0	25
4	6
0	11
0	3
0	0
0	0
0	0
0	0
183	0
0	0
0	0
0	0
21	4
0	3
0	2
0	0
125	172
2	162
0	33
0	8
0	140
0	4
3	0
1751	168
0	168
0	0
0	0
0	3
0	0
0	0
0	0
0	0
0	0
0	0
0	0
11	6730
27	7204
1	3048
2806	94
0	88
0	0
0	0
0	0
0	0
0	0
0	0
0	41
78	61
0	57
0	12
0	0
0	8
7	25
3	15
0	0
0	5
0	0
0	0
2	10
0	7
0	2918
0	2930
0	2975
0	2944
0	2718
0	2964
0	2845
0	2610
2	3074
0	2343
0	1888
0	277
0	294
0	215
1	266
0	0
0	751
0	720
0	91
0	0
0	679
0	17
0	641
0	726
3	759
1	8
0	716
0	79
3	185
0	0
0	16
0	4
0	1
0	141
10	1
0	1
542	97
0	59
0	13
1	9
0	1
0	36
0	0
1	0
0	0
0	0
77	0
0	0
187	70
2	0
2	67
0	34
0	0
0	0
0	4
0	0
0	0
0	11
4	425
0	425
1	180
0	0
0	0
0	0
1	4
0	0
0	0
0	0
0	0
0	0
0	1
1	2
0	0
0	1
0	2
0	2
0	1
0	0
0	0
0	1
0	0
0	0
0	0
0	1
0	0
0	1
5	55
0	55
0	2
0	2
0	2
0	1
0	49
0	1
0	0
3	4
0	2
0	1
0	4
0	1
0	0
0	0
0	0
0	0
0	0
0	1
0	0
0	0
0	0
0	0
1	1
0	0
1	1049
0	1122
0	650
0	35
0	635
0	640
0	73
1	106
1	1
0	0
3	0
8	472
0	438
0	192
0	372
0	392
0	407
0	396
0	38
0	29
0	0
0	138
0	44
2	143
0	14
0	32
0	25
0	35
0	18
0	0
0	0
0	128
4	143
0	104
0	21
0	32
0	44
0	27
2	40
0	17
0	0
0	1
1	12
0	0
471	456
0	456
3	585
0	548
1	69
0	77
1	10
0	558
0	60
1490	42
0	42
2	392
0	354
0	6
0	19
1	1
0	159
0	4
0	110
0	0
0	2
0	24
0	0
0	0
0	223
0	9
2	40
0	5
0	15
0	13
77	10870
0	1073
0	10361
0	10569
9	1504
0	280
123	10486
0	10345
0	242
0	9641
2	1500
0	8120
10	9663
0	0
1	304
0	8048
3	38
0	0
0	183
10	683
0	0
0	0
0	0
0	0
0	0
0	0
0	0
0	0
0	0
0	0
0	0
0	1
4	1
0	1
1127	0
0	0
142	17
0	14
1	3
121	1937
5	1937
0	640
2	156
0	9
0	263
0	244
0	296
0	0
0	0
0	0
0	0
0	0
0	0
1	0
0	0
9128	1958
3	663
13	0
0	0
0	0
0	0
0	0
0	0
0	0
0	0
0	0
1	1
0	1
0	1
610	3800
4	3800
0	94
16	329
3	213
4	263
0	187
0	35
0	29
0	8
0	25
0	20
0	1
0	17
293	0
527	61
0	54
3	5
0	19
21	693
51	835
57	620
3	157
2181	1266
1	653
0	444
0	244
0	0
0	0
0	0
0	14413
0	14992
0	14442
0	14264
0	15239
0	14660
0	14689
12	14538
0	0
0	750
1	957
0	119
1	730
6	1314
0	833
0	194
2381	613
0	360
0	43
0	264
0	0
0	124
1	278
6	244
0	59
12	462
0	185
0	222
0	156
6	59
0	120
0	28
568	305
0	56
6	203
2	193
0	56
0	87
10	34
0	31
0	27
0	6
0	6
0	13
0	19
135	529
2	450
0	75
0	195
0	1635
136	7283
5	1094
2	900
9	6072
27	1744
2	309
0	1311
2	5086
2	4771
4	3596
35	3675
4	1487
0	0
0	0
0	0
0	0
0	0
5749	1401
18	244
0	0
0	235
0	661
1	695
0	372
1	155
3	41
9	562
0	5
0	8
0	7
0	2
0	4
0	4
14	246
3	632
8	561
0	135
12	347
6	753
3	380
0	208
5	442
0	159
0	48
2264	38862
78	48023
1972	46600
31	22639
0	28814
0	0
0	0
8	25
0	21
0	2
0	4
0	14
0	12
0	2
1009	1466
1	447
6	666
18	330
3	117
0	269
0	283
9	440
1	522
22	336
0	304
2	328
0	0
0	0
883	4058
17	2737
1	1819
0	951
4	1346
0	0
0	0
0	0
0	0
0	0
0	1049
402	1485
115	956
24	1710
16	1717
0	707
0	9
1876	2660
3	1514
3	2541
4	62
1	395
0	259
0	173
0	772
0	236
0	0
0	0
0	0
0	0
1	367
31	453
84	538
31	176
0	3
0	30
2	78
24	5
0	5
0	0
1	0
0	0
0	0
0	0
0	0
0	0
0	0
0	0
0	0
0	0
0	0
0	0
0	0
16	18
1	18
2126	0
0	0
0	0
0	0
0	0
0	0
0	0
0	0
0	0
0	0
1	0
1	0
0	1059
0	13
0	788
0	772
0	1224
1	79
0	928
10	1139
130	1216
0	771
0	740
0	45
0	177
0	574
0	178
50	1534
0	1515
42	1131
0	747
0	19
0	16
0	370
17	26
0	10
0	8
0	8
0	9
1	0
25	478
127	1258
0	473
4	178
1	425
1	125
0	88
0	75
0	86
30	4614
2	4620
0	0
0	15
0	268
0	69
0	47
0	29
0	6
3884	304
0	251
0	0
0	0
0	4
0	4
0	4
0	0
0	0
445	440
84	438
0	55
0	55
0	9
0	2747
13	2634
0	2726
0	2553
1	48
0	52
0	44
4	2288
1	18
0	217
0	4
121	682
1	240
63	1117
367	1127
0	31
18	6
1	31
0	0
0	288
9	60
0	288
8	284
0	0
0	0
0	31
0	29
0	3
0	9
0	5
0	39
0	15
0	9
0	8
3	0
0	844
4	865
1	860
0	866
54	758
2	45
3	53
0	0
3	213
0	204
3	163
0	59
0	71
2	0
0	6
1771	987
9	987
7	48
0	102
0	226
1	27
66	533
0	51
0	475
2	358
1	369
0	44
0	51
0	664
9	815
0	841
0	133
0	52
2	49
0	17
0	0
8	9
2	9
0	7
3	0
363	22
0	2
0	0
0	0
0	2
0	2
0	2
0	2
0	13
0	0
0	1
0	0
0	0
0	19
0	681
0	683
1	571
0	700
0	700
0	537
0	735
0	735
0	775
2	76
0	253
33	111
0	520
0	206
0	10
5	141
0	56
0	0
0	0
0	187
0	80
0	14
8	54
4	50
0	74
0	79
0	30
0	11
0	0
1852	807
1	56
1	13
0	0
0	0
0	0
0	0
0	0
0	0
0	0
0	0
0	0
0	0
8	90
2	30
0	28
312	211
0	124
0	60
0	1
676	574
107	562
1	189
1235	11296
369	6465
1	9264
0	8277
0	0
2	2155
0	0
0	0
0	746
0	692
40	592
6	1457
132	1899
64	1928
14	1594
39	1637
1	685
0	199
2	102
17	95
11	633
1	580
2	341
4	229
1	310
12	83
2775	434
2	366
0	84
0	0
3	0
0	894
0	894
1	109
0	27
1	327
0	0
0	205
2	7
0	37
0	0
13	28
8	28
49	402
124	463
0	496
481	516
0	40
0	57
0	71
1	20
0	463
2	533
3	431
44	586
0	94
1	16
0	0
0	0
5	3
0	3
14	167
0	166
0	0
14	38
0	117
5431	312
1	0
91	0
0	0
2	412
175	484
0	105
0	132
0	0
0	47
0	8
0	19
0	60
0	56
0	7
7	243
23	255
0	31
0	30
2	0
0	6
0	1
0	0
0	0
1022	120
0	120
0	1437
0	1443
0	1418
1	424
0	274
0	269
0	0
0	185
0	13
0	9
0	5
0	97
604	309
0	208
0	9
0	0
1	2
0	2
0	62
607	801
0	801
0	369
0	369
0	194
0	249
7	59
1	0
39	5
0	4
0	4
0	0
0	0
0	0
0	0
0	0
0	0
0	0
5	0
43	8955
0	15153
0	17775
50	8862
17	17678
3	0
3	14
0	20
0	23
0	736
3	736
0	29
18	52
0	23
19	1246
6	1186
0	1206
1	79
0	4
0	13
0	13
0	1
49	1
1	54
3	2621
0	1497
19	2638
1	2085
2	2494
0	9
0	222
2	10
0	54
2	255
0	0
0	0
0	0
0	0
2	658
57	663
0	42
0	7
0	57
0	6
0	4
0	0
0	0
0	0
0	0
0	0
0	0
0	70
0	985
0	424
0	983
2	983
0	64
1	39
0	983
0	13
0	5
0	4
0	8
0	10
1	7
0	2
54	15
0	11
0	0
1	4
0	0
0	0
0	693
5	692
3	5
0	6
0	23
159	32
0	9
0	6
2	46
0	37
1	33
0	33
0	10
0	5
0	5
0	1
1	26795
1	0
0	0
3	56
0	54
0	2
0	0
0	0
0	0
0	1
307	25
4	3
0	4
1	18
47	545
0	538
2	530
62	526
0	530
3	0
1	1
0	0
0	1
2	431
1	40
174	127
1	30
0	30
74	759
2	359
0	0
0	97
0	111
0	42
0	336
0	37
0	188
0	0
0	0
2	1
0	0
0	177
0	2422
10	2390
11	2337
7	1019
0	1165
2	2065
0	75
0	48
3	0
10	0
0	0
7	123
0	0
0	0
115	1184
16	1176
0	140
0	103
0	207
0	49
2	4
0	63
0	63
15	588
1	251
98	661
8	149
0	1
2	400
4249	187
1	187
13	110
4	216
319	1203
24	327
0	9
2	889
0	0
0	0
14	0
1	0
61	18
0	0
0	8
0	10
11	36
0	2
1	418
0	391
0	451
1	578
0	462
0	23
0	56
0	543
0	461
0	49
0	99
0	568
0	391
0	1
0	414
0	459
3	391
0	0
0	46
0	105
0	50
0	59
0	1
0	0
1534	425
1	143
0	207
0	55
1	49
0	51
0	12
0	5650
0	5855
3	228
0	1
0	68
0	5926
0	5766
0	5687
0	4906
0	8
0	17
0	0
0	228
0	0
0	31
3	298
0	113
1	517
897	86
4	47
0	34
0	5
0	620
0	322
2	4391
1	1470
187	4375
1	387
0	1282
0	0
0	6
0	0
0	8
0	3
0	7
0	0
0	1
1	190
2	252
2	195
6	107
2	4097
0	4234
0	66
0	141
1	873
0	751
0	165
0	6
0	173
25	45
1589	251
0	40
0	41
0	30
0	54
1	102
0	71
0	64
522	0
0	991
0	937
1	758
0	782
47	958
1	1001
0	171
4	232
9	304
0	290
7	241
0	288
2	291
0	221
0	219
1	19
15	0
0	0
0	2029
28	2049
0	1102
1	161
0	161
1	146
0	69
0	69
0	119
1	10
0	64
0	118
1	117
0	42
0	47
0	15
0	6
862	0
0	32
235	134
0	2
0	22
1	26
0	102
0	0
0	32
0	4712
0	4281
0	4082
9	4612
255	4902
8	2816
8	1200
0	564
3	250
0	147
0	760
0	132
0	1219
5	808
1	2500
0	108
19	719
3	153
0	216
7	2429
0	1
0	68
0	100
0	65
0	3
1	69
0	98
8	573
2	530
0	475
1	105
0	13
0	416
0	18
0	124
0	117
1	26
0	192
3	1255
0	802
13	1284
0	137
0	721
1	33
0	153
5	175
0	10
3	18
0	0
43	0
0	32
1	1
220	9711
2	6558
0	292
0	7342
5	8803
0	1
0	825
4	2455
28	2578
0	1348
2	2044
0	1989
2	774
437	0
1	0
26	0
0	0
1	0
1	3
1	3
0	0
0	0
0	0
0	47
19	62
0	26
0	61
0	19
0	36
1	52
0	50
0	46
0	16
0	31
1	30
0	7
0	0
47	831
2	713
1	232
0	10
12	6
2	187
1	60
0	154
2	195
1	1085
25	1196
1	229
0	227
0	112
0	34
1	34
0	1
0	20
215	46
0	46
0	10
0	15
0	0
3	728
52	690
2	45
35	124
0	659
3	32
0	97
47	1067
78	999
1	172
0	286
1	191
1880	598
0	467
27	126
12	2545
1	0
3	167
0	42
2	11
0	30
0	44
0	2518
0	74
0	58
1	4
0	2
524	1944
0	1916
10	2098
0	2025
9	1530
0	701
0	370
1	572
12	533
1	555
0	530
12	238
0	343
0	104
0	134
0	30
0	9
165	9
1208	593
0	51
0	3
0	386
0	98
0	114
0	0
0	17
0	0
0	0
5	1
0	0
0	128
12350	513
0	503
0	11
0	11
0	0
0	8
0	8
1	3
1750	738
0	167
0	432
0	88
0	0
8	648
3	18
0	18
0	23
5	674
1	16
0	79
2	100
0	0
0	107
0	48
0	393
1	0
18	0
0	0
218	450
0	424
0	140
0	51
0	24
0	0
0	45
0	91
6	91
8	1208
0	395
0	0
0	29
1	33
10	1117
0	18
0	56
3	27
0	0
1565	0
0	0
0	73
73	73
0	1
390	146
0	14
0	63
0	2
1	123
0	45
0	10
1	0
0	32
0	23
0	35
198	246
0	12
1	6
0	0
3	6
0	0
0	0
0	0
0	4
45	224
0	42
5	38
0	3
0	1
0	0
0	48
0	21
75	35
0	7
0	1
362	819
0	198
1	819
29	6553
708	6779
0	0
0	1782
0	320
0	181
1	174
1	20
0	170
0	209
0	49
0	0
0	0
5	0
14	417
0	12
0	64
4	407
1	42
0	57
0	65
1	26
0	55
0	66
0	12
447	1102
0	803
1	173
0	130
0	178
9	120
0	2494
12	2111
5	1877
0	5625
0	5625
53	2724
7	517
0	95
0	2339
0	2414
0	2339
0	2411
0	36
0	213
0	2286
0	196
0	156
0	2183
0	8
0	47
448	28935
19	27148
21	26774
0	29360
0	27702
59	27572
0	28398
88	13407
1	21630
6	1687
13	1531
25	23117
3	1238
0	802
0	7068
0	1345
0	0
0	0
1	2148
0	759
0	8
7	66
2	80
1	759
14	738
10	609
0	20
0	52
0	3
0	725
0	758
0	26
0	116
0	142
0	64
0	185
0	46
0	39
5	187
0	37
0	229
444	2244
1378	2240
0	2
0	2
0	0
0	1
0	1
0	0
830	661
1	178
0	661
1	38
12	2164
2	2087
1	2083
1	1414
0	1332
0	64
1	278
0	29
0	236
0	117
0	98
10	82
238	0
0	0
0	0
12	3495
0	31
78	3513
0	44
0	38
3	860
65	1067
63	248
3	557
10	0
3	0
1	35
1	24
0	31
87	694
86	65
22	378
0	688
0	0
0	58
0	1146
0	915
18	4742
116	4776
11	4867
42	4575
10	284
0	4758
10	785
0	4742
0	43
0	4
0	302
0	6024
340	6172
8	352
15	446
7	5825
5	966
5	351
0	382
1	366
0	0
0	0
0	9
0	65
0	0
0	0
5	113
0	101
0	22
0	0
0	3
0	14
0	4
0	22
0	0
1	2
0	0
75	1687
105	1956
0	1830
27	924
0	162
0	159
0	189
1	339
0	84
0	0
0	0
5	633
0	0
5	633
3	9
55	13
0	0
17	85
1	10
0	4
6	723
0	74
2	349
0	549
12	680
0	20
0	234
0	121
0	8
0	8
0	8
0	8
1	4
0	0
0	0
56	60
0	16
0	50
2	0
0	0
55	26376
0	23002
497	25199
1	11
2	1138
0	0
2	0
1	0
898	273
0	7
0	26
0	83
0	114
0	126
0	890
5	893
0	51
0	0
4	42
0	25
0	23
0	28
0	21
0	31
0	6
0	0
1549	9729
4	2319
1	2559
1	822
0	3779
10	6208
4	458
0	3
3	454
70	509
0	146
0	137
0	208
0	9
0	51
0	30
42	1515
5	1515
1	1522
2	0
0	65
1	430
0	123
1	14
4	67
0	24
0	23
0	19
6	15
11	610
7	602
0	606
2	142
0	8
0	0
0	0
83	43
0	43
2	31
0	8
0	38
0	0
0	0
0	237
0	237
1	4
0	0
0	454
2	457
0	87
0	8
2	4
32	0
29	0
0	0
0	0
0	0
0	0
0	0
27	0
0	10
0	0
4260	292
0	0
0	262
0	0
0	0
0	0
0	0
0	172
11	31
0	0
1	0
0	0
36	2
0	0
1	2
141	598
5	629
0	159
0	158
0	123
1	96
0	27
0	26
1	2
0	0
1	1
0	129
3	466
2	31
7	33
2	493
0	509
10	963
0	0
1	955
0	0
0	104
0	5
1	963
0	186
0	154
9	1139
0	1036
0	766
0	774
8	418
0	70
0	16
5	0
0	152
22	153
0	12
0	26
0	7
1	73
1	19
35	5800
88	5701
1	193
0	420
0	435
0	190
160	650
0	462
37	636
0	335
10	40
18	168
0	203
20	1495
0	2171
0	2138
4	2114
0	1498
0	2210
6	1360
0	97
248	766
2	713
2	412
0	349
0	271
3	20
0	0
0	0
515	1120
1	1099
0	279
0	0
0	0
2	14
0	1
0	7
0	7
0	12
1	36
0	31
0	0
1	6
0	2
0	0
0	0
1	18
0	18
5	19
2	2
0	0
0	0
0	0
0	1
0	1
0	0
2	0
0	0
0	0
0	0
0	0
0	0
0	0
0	0
0	0
0	0
0	0
0	0
0	0
2	0
0	15
0	21
0	14
0	1
0	6
0	20
0	0
0	1
0	0
0	1
0	1
0	5
30	5250
0	4922
0	462
0	911
0	60
0	1
0	520
0	219
0	31
0	130
0	59
3	84
0	78
0	0
16	2355
8	1438
1	544
0	542
2	216
0	0
58	2360
0	147
402	138
0	138
68	153
0	0
0	0
0	0
0	24
0	23
0	23
1	26
0	8
0	5
0	2
1	0
0	0
0	0
0	0
0	0
0	0
119	27
4	27
17	1972
0	2240
0	1216
0	2240
0	2243
0	2130
0	15
0	2201
0	39
0	2215
0	1058
0	2215
11	1602
1	1099
0	1190
0	803
0	701
0	0
1	87
0	0
0	0
0	192
1	260
0	180
0	179
5272	6
29	0
0	0
0	637
0	641
0	640
0	647
0	643
0	78
0	119
0	0
0	26
0	7
528	151
0	114
0	97
0	80
0	26
586	113
0	3
1	54
0	0
0	56
0	0
2	4
0	4
0	0
0	0
0	0
6	501
1	24
0	499
0	3
0	26
0	0
0	0
0	0
0	0
0	0
0	0
0	0
0	0
0	0
0	8
0	0
0	0
0	0
0	0
0	0
0	0
0	0
0	0
0	0
0	0
0	0
0	0
0	0
0	0
0	0
0	0
0	0
0	0
0	0
0	0
0	0
0	0
0	0
0	0
3	211
0	0
0	0
0	0
0	0
0	0
0	0
0	0
0	0
0	0
0	0
0	0
0	0
0	0
0	0
0	0
0	0
0	0
0	0
0	0
0	0
0	0
0	0
0	0
0	0
0	0
0	0
0	0
0	0
0	0
0	0
0	0
0	0
0	0
0	0
0	0
0	0
0	0
0	0
0	0
0	0
0	0
0	0
0	0
0	6
0	0
0	0
0	0
0	0
0	0
0	0
0	0
0	0
204	447
1	438
0	69
0	70
6	935
0	943
0	131
0	129
0	1
0	4
2	1
0	0
0	0
0	1
0	0
2	366
0	369
54	12
0	9
0	3
0	107
0	1199
0	59
0	0
0	25
12	234
0	1197
0	489
0	0
0	1
0	42
0	0
0	347
78	0
454	847
0	17
2	0
0	854
2	119
0	102
3	74
0	9
0	0
0	0
0	0
140	10
0	8
0	2
701	302
72	60
2	224
0	59
0	13
0	0
0	55
0	0
0	42
0	0
0	4
0	0
0	0
0	0
5	2
0	0
8	805
0	39
1	243
0	0
872	801
2	149
0	105
4	292
0	0
15	0
0	0
0	0
0	0
52	1134
3	1087
0	536
0	3
0	45
0	0
0	18
2748	2618
3	2618
0	479
0	0
0	0
0	0
0	0
0	0
0	0
0	0
0	0
0	0
2	115
0	115
0	115
0	0
0	2
0	3
0	3
0	3
0	3
0	0
0	0
0	0
0	0
0	0
0	0
0	0
0	0
0	0
0	0
87	0
0	0
0	0
2	0
3	0
1	0
0	0
1781	5529
7	3533
0	1099
1	714
356	1918
2	113
9	899
8	1821
3	295
2	281
0	257
4	11
0	7
0	126
0	14
0	20
0	71
0	0
0	6
0	24
625	37
0	24
0	28
0	2
0	24
17	20
0	12
2	1
0	1
0	1
0	0
0	0
0	0
0	0
742	703
1	541
0	630
0	107
4	100
0	0
0	0
0	0
0	0
0	0
0	0
0	0
0	0
0	0
4	183
0	0
0	0
0	0
0	0
57	5207
0	161
6	217
0	123
0	145
0	0
0	6
0	3
0	31
0	0
0	0
0	13
1	5
7	169
0	2
0	0
0	1
0	0
1	1
0	0
0	0
1	2060
0	0
2	0
0	0
0	0
0	0
0	0
4	21
0	539
0	2
0	539
0	0
0	2
0	0
1	1139
0	1035
0	191
1	14
0	168
0	88
2	273
0	168
0	64
0	88
2	41
0	0
0	41
0	41
527	1143
0	381
0	1127
5	1147
0	614
3	611
0	575
0	238
0	32
0	2
0	26
0	31
0	20
0	36
0	36
0	26
0	35
1	37
0	18
0	24
0	3
0	0
12	0
0	1
0	18
0	1
0	0
0	1
0	7
0	10
57	158
0	30
0	3
8	133
0	0
0	33
0	31
0	0
0	0
10	0
0	0
2	0
0	0
0	0
0	0
0	0
0	0
0	0
0	0
0	0
0	0
0	0
1	0
0	0
0	0
0	0
0	0
0	0
0	0
0	0
0	0
509	51
0	51
116	330
0	147
11	277
0	100
0	84
49	154
0	105
0	41
20	61
0	0
0	25
4	5
1	1
7	92
0	1
8	320
1	3
0	3
0	0
2	6
0	0
0	0
12	344
0	8
0	180
2	147
0	45
0	49
0	67
912	2186
0	0
0	0
538	35
0	35
3946	426
0	0
0	115
0	198
0	38
0	41
0	93
185	0
0	0
0	0
0	0
0	0
0	675
0	44
0	663
0	662
0	13
9	531
105	600
2	296
17	307
0	238
0	62
0	165
4	193
0	0
0	0
0	0
0	0
0	0
0	0
0	0
0	0
0	0
0	12
177	69
0	51
0	13
0	0
0	0
0	0
0	0
0	0
0	0
0	0
0	0
0	0
0	0
0	0
0	0
0	724
19	492
12	492
0	492
0	116
0	103
1	52
0	0
3	36
0	34
0	34
0	6
0	3
0	0
656	12
7	103
0	0
0	0
0	0
0	82
3	84
0	95
0	9
0	8
0	9
0	9
0	9
0	2
0	4
0	3
0	0
0	0
0	1
0	0
0	0
0	0
0	0
0	0
0	1
0	1
0	0
0	0
1517	26
0	20
0	11
3	11
0	1063
0	1074
2	1074
0	1075
0	0
0	0
0	28
0	0
501	124
0	111
0	54
2	32
0	1
0	0
16	282
7	745
4	745
0	745
0	253
159	218
0	212
0	181
0	48
0	131
0	62
0	22
0	13
0	21
0	4
0	4
1	57
250	61
0	0
0	0
0	0
0	41
0	0
2446	0
0	0
0	0
0	0
0	0
3	677
0	682
0	669
0	10
0	109
0	0
0	0
0	0
0	0
0	0
68	2163
0	425
1	2066
0	0
0	0
0	0
0	0
0	0
6	585
0	578
1	512
0	337
1	33
0	0
1	0
0	0
0	0
2	4
0	4
3	324
0	2271
0	2200
0	2250
0	48
0	0
1	0
0	0
0	0
2	2
0	0
0	0
10	0
0	1
0	1
0	1
671	10
10	13
4	1
0	0
0	1
0	0
0	1
0	1
0	0
0	0
1	0
0	0
185	26
0	24
0	4
0	1
3	0
0	0
0	11
0	296
2	851
1	848
5	867
6	524
0	0
0	52
218	9
128	8
89	94
1	0
3	1
10	0
0	0
0	194
0	146
0	114
0	183
0	93
3	206
0	206
0	8
0	0
0	0
0	0
0	0
13	1
0	4868
0	5339
42	4100
0	1756
10	4731
3	102
5	1680
1	16
0	42
0	16
5	5019
0	335
0	3753
0	331
3	0
0	0
0	0
0	0
6	13
0	13
1	54
3	554
9	555
0	2
0	0
0	552
0	0
0	97
0	1
0	1
1	0
0	387
112	133
0	129
1	18
0	2
5	67
0	2
0	34
0	24
0	34
6	50
7	51
3	9
5	96
0	94
2	6
0	3
0	2
0	4
0	0
0	4
0	2
0	0
2	0
2	0
0	2
0	0
1	0
0	0
3	2
14	20
0	20
22	636
9	569
0	205
0	200
0	28
6	59
0	2
7	8
0	0
1	259
94	259
0	6
2	2
0	2
0	0
0	0
0	0
0	3
0	3
0	0
0	0
0	0
0	0
0	0
0	0
0	0
0	0
0	0
4	0
0	0
0	0
0	0
0	0
0	0
0	0
0	0
0	0
100	53
0	54
0	20
0	5
0	6
0	0
0	0
0	0
0	0
0	0
0	0
0	0
0	0
0	0
0	331
0	328
0	9
2	294
0	344
6	328
3	120
0	6
1	272
0	8
0	7
0	0
759	916
0	119
0	351
0	87
0	279
1	17
0	0
1	409
0	427
0	0
1	0
2455	321
0	321
1	241
0	0
14	2329
0	654
5	2243
3	2309
3	0
0	29
6	226
36	0
0	0
0	0
1	0
0	0
0	0
0	0
0	0
0	4
1	0
0	0
0	0
4	21
0	15
0	2
0	19
0	19
0	19
0	6
0	3
0	0
8	12
0	12
0	2
0	0
0	1
194	13
0	0
1	13
457	17
0	31
0	30
0	0
0	0
3	3
0	0
0	0
67	32
0	32
0	0
0	2
0	0
0	2
0	0
0	6
1	296
2	335
1	253
281	571
0	11
0	127
0	33
0	0
0	130
0	129
0	126
0	129
0	130
0	6
0	1
0	0
0	0
0	0
0	0
0	0
0	0
1	0
0	1
0	0
0	8
0	8
0	8
0	6
0	0
0	0
2	0
0	0
0	0
0	0
21	345
0	346
0	0
0	3
1	3
0	3
0	10
0	0
0	0
0	38
0	1560
0	1
8	2
0	346
0	1558
0	0
0	55
0	8
0	7
0	2
558	632
0	622
1	9
0	316
2	0
0	6
6	475
5	426
0	0
0	303
6	2
0	1
0	0
0	1
0	0
0	0
22	56
0	56
0	0
0	5
0	11
1	487
3	1048
0	1051
0	1046
0	180
0	118
1	16
0	8
0	0
18	18
0	18
0	0
0	15
0	16
0	14
0	11
0	14
0	0
0	0
0	2
0	0
47	0
0	0
0	0
0	0
0	0
0	0
0	0
0	0
0	0
0	0
0	0
0	0
0	0
0	0
0	0
0	0
0	0
0	0
0	0
0	0
0	0
0	0
0	1
9	14
0	0
0	0
0	0
0	0
0	139
315	139
28	1971
6	1597
1	83
0	82
0	82
0	80
0	646
1	92
0	0
0	0
0	4
0	0
0	0
0	0
0	0
0	0
0	0
0	0
0	0
0	0
0	0
0	0
0	0
0	0
0	0
722	56
0	9
0	36
0	14
3	38
0	0
0	0
0	9
0	4
0	0
0	0
0	0
0	0
18	3
0	3
0	7
0	7
0	7
0	7
0	5
0	3
0	3
0	3
0	0
0	0
0	0
0	0
0	0
0	0
0	0
0	0
0	0
0	0
0	0
4	0
0	0
0	0
0	0
0	0
2	107
0	176
0	133
0	5
0	10
0	8
0	47
0	53
4	0
24	139
2	129
0	70
2	44
0	0
1	587
0	0
0	0
1	587
0	9
0	8
0	3
0	0
0	0
0	1
0	1
0	8
7	0
0	4
0	0
2	62
3	627
4	609
0	22
0	31
2	580
0	0
0	34
846	110
0	76
3	754
14	732
0	582
0	82
0	55
6	389
43	188
16	152
0	14
1	0
7	166
5	0
8	1219
3	1215
0	13
0	12
0	42
1	449
0	13
0	47
0	26
0	184
0	0
0	21
0	21
0	1
2	302
18	0
1	1
0	1
9	0
0	5
0	5
1	0
0	3
0	0
0	0
2	313
0	1437
0	12180
2	957
0	1082
18	1025
31	1292
0	11546
0	0
1	2
0	2
0	3665
1	3777
7	1155
0	1327
3	16
1	2429
1	1227
32	1232
0	27
0	23
1	34
0	27
19	10
0	0
0	0
0	468
0	459
0	472
0	499
0	135
0	31
0	32
1	25
1	23
0	73
0	6
0	14
67	30
0	8
1	25
0	11
0	20
0	23
0	1
0	3
251	0
1	1721
0	1506
1	1699
0	1648
0	93
4	1672
0	1723
0	1261
0	1564
0	83
0	815
0	337
1130	3468
0	3356
0	1411
0	105
0	238
0	4
4	88
0	16
9	280
35	280
0	5
0	29
0	49
0	0
2	137
4	50
0	131
2	31
0	0
0	24
0	6
0	0
0	0
0	20
52	1100
4	74
6	86
0	135
7	933
5	171
91	20
457	9
0	9
0	0
0	0
0	6
0	0
0	0
0	0
0	0
1	7
0	87
4	85
1	55
0	39
0	4
121	38
1	0
329	393
0	13
0	34
0	358
0	18
0	49
0	7
0	5
0	0
28	7394
0	174
1	429
105	4148
0	0
1	6913
0	5
0	0
0	418
0	0
0	6582
0	281
0	0
0	507
1	0
6	4
99	4
0	4
0	1
0	1
0	0
0	0
0	0
67	52
0	7
0	4
1	8
0	33
0	0
0	0
0	0
0	15
0	0
0	2
0	0
5	3
0	1
48	755
1	752
2	752
0	17
0	33
0	0
0	0
0	0
1	32
33	108
7	16
0	75
118	1273
0	1087
0	776
0	0
0	0
1	350
0	0
0	238
0	0
585	4
3	2
658	224
0	149
271	147
76	47
0	1
0	18
0	42
0	91
270	773
0	722
0	432
0	85
0	232
0	232
0	0
0	40
0	0
0	40
2	0
0	0
87	287
0	287
0	82
0	25
0	3
0	1
0	0
0	0
10	0
3	8
15	8
1	0
1	0
0	17675
0	17675
2792	18499
0	13245
0	5953
3	5920
0	4571
0	2101
0	2804
8	3689
0	1288
8	1968
3	0
0	0
0	151
0	0
0	0
0	1221
0	1415
0	1407
0	1458
0	1422
1	1398
0	1389
0	1423
0	492
0	243
5	198
0	0
0	73
0	123
0	28
0	96
0	5
0	13
0	23
0	8
873	10553
357	12531
13	5902
3	1991
2	2366
0	0
0	0
0	0
0	0
0	0
3	803
0	823
0	720
0	374
0	156
0	78
0	54
0	7
0	2
0	0
0	19
0	11
4	0
0	0
19	504
0	0
0	0
2	0
0	0
2	0
0	0
0	0
0	0
0	0
0	0
0	0
0	0
0	0
0	0
0	0
0	0
0	0
0	0
0	0
0	0
0	0
0	0
0	0
0	0
0	0
0	0
0	0
0	0
0	0
0	0
0	0
0	0
0	0
0	0
0	0
0	0
0	0
0	0
0	0
0	0
0	0
0	0
0	0
422	387
0	164
0	0
0	223
0	0
0	0
4	0
0	3
0	0
0	2
7	16
0	3
0	3
0	3
0	3
3	0
31	5747
1	71
0	13
0	0
0	0
0	0
0	2
0	0
0	0
0	2
0	0
0	0
0	0
0	0
0	0
11	2200
1796	2486
0	256
12	2274
0	1208
0	1275
0	530
310	2
0	0
9	0
2	0
0	0
0	0
0	0
0	0
606	85
0	50
0	80
0	0
0	0
0	15
0	0
344	13
1	39
125	35
2	1
8	1
0	0
0	0
0	0
435	6
10	0
2	512
0	512
0	162
6	0
0	0
0	5
0	120
0	0
499	44
0	44
0	0
0	0
0	0
25	46
0	15
4	31
0	31
1233	18
0	16
0	1
0	1
0	1
0	1
0	0
0	0
0	0
0	0
0	0
0	0
0	0
0	0
0	0
0	0
0	0
0	0
0	0
0	0
0	0
0	0
0	0
0	0
0	0
0	0
0	0
0	0
5	64
2	64
0	2
0	1
0	1
0	4
0	1
0	8
0	0
0	6
0	1
0	1
246	269
0	269
0	16
0	90
0	0
2	1
0	0
0	0
1	946
1	954
0	980
10	763
1	5
0	47
0	0
0	0
0	17
4	13
2	49
0	0
6	0
8	0
0	0
0	36
0	85
1	85
0	75
0	81
0	82
0	2
0	14
2	1
0	1
0	0
0	0
0	0
0	0
0	0
0	0
0	0
0	0
0	0
0	0
0	0
0	0
0	0
4	24
0	361
969	1791
0	543
1	257
81	1651
0	193
0	0
0	0
0	0
0	0
0	0
88	3
0	0
0	3
0	3
0	0
3	1
0	0
0	1
0	1
0	2
0	2
0	3
0	0
0	0
0	0
0	0
0	0
0	0
375	2
0	633
0	586
1	611
0	4
0	616
0	1
0	0
0	1
1	1
0	1
47	1804
0	1767
1	1742
3	453
0	302
0	303
0	290
5	245
9	20
0	22
0	0
0	0
0	124
1181	313
0	9
0	53
0	127
0	0
523	206
0	206
0	0
24	5315
36	5315
3	261
0	171
0	31
0	0
0	0
33	0
20	144
4	120
0	11
7	3
4	365
44	116
0	4
0	2
39	417
1	119
0	40
0	34
0	0
3	10743
0	0
0	0
0	0
0	0
0	0
0	0
147	13
0	0
0	13
0	0
0	0
0	0
0	0
0	0
0	0
0	0
0	0
3	130
0	0
0	0
0	0
0	0
0	0
39	1262
0	133
0	26
0	72
0	12
0	131
0	1068
0	0
0	10
11	2075
0	7
2	5
0	7
0	5
0	2074
0	0
0	0
0	26
0	156
7586	44
0	26
0	0
0	0
0	0
0	0
0	0
0	0
0	0
0	0
0	0
0	0
0	0
0	0
0	0
0	0
0	0
0	0
0	0
0	0
0	0
0	0
5	108
0	108
0	0
0	13
0	24
0	4
0	24
0	41
0	38
0	41
0	41
0	38
0	3
6	1
0	1
0	0
0	0
0	983
0	977
0	993
0	982
0	965
0	985
0	999
0	964
0	995
0	907
0	1018
0	1006
0	971
0	1006
0	985
0	995
0	993
0	1004
0	984
0	960
0	1015
0	1002
0	988
0	950
0	1013
0	1145
3	83
0	66
0	73
0	7
0	6
0	0
0	0
111	575
42	570
0	364
4	514
4	258
2	174
3	7436
23	8489
0	8390
1	1493
0	1679
0	599
908	367
2	367
1400	14
0	0
0	0
0	12
0	2
0	175
11	179
0	108
2	1295
9	1475
0	1312
15	15
7	1174
0	0
36	0
143	166
0	164
11	53
99	123
0	3
0	120
0	49
0	0
462	358
0	358
0	3
0	0
0	3
0	0
0	3
0	3
11	515
0	515
17	103
0	0
0	3
0	3
0	5
43	10
0	0
0	10
3	0
0	0
0	0
0	19
0	19
0	11
0	0
0	0
36	1737
0	1739
8	78
0	1164
1	235
0	172
0	59
0	331
0	16
3	7
0	463
0	5
1	854
0	835
0	69
0	794
0	76
0	0
13	0
0	0
0	0
0	0
0	0
0	74
0	74
391	118
284	120
0	0
5	0
0	0
0	0
0	0
0	0
0	0
0	0
0	0
0	0
0	0
0	0
0	0
0	0
0	0
0	0
0	0
0	0
0	0
0	0
0	0
0	0
0	0
0	0
4	0
0	0
0	0
0	0
0	0
0	0
0	0
0	0
0	0
0	0
0	0
0	0
0	0
0	0
0	0
0	0
0	0
0	0
0	0
0	0
0	0
0	0
0	0
0	0
0	0
0	0
0	0
0	0
0	0
0	0
0	0
0	0
0	0
0	0
0	0
0	0
0	0
0	0
0	0
0	0
0	1
0	1
0	0
0	0
0	0
0	0
0	0
0	0
0	0
0	0
0	0
0	0
0	0
0	0
0	0
0	0
0	0
0	0
0	0
0	0
0	0
0	0
0	0
0	0
0	0
0	0
0	0
0	0
0	0
0	0
0	1
0	1
0	1
0	0
0	0
0	0
0	0
0	0
0	0
0	0
0	0
0	0
0	0
0	0
0	0
0	0
0	0
0	0
0	0
0	0
0	0
0	0
0	0
0	0
0	0
0	0
0	0
0	0
0	0
0	0
0	0
0	0
0	0
0	0
0	0
0	0
0	0
0	0
0	0
0	0
0	0
0	0
0	0
0	0
0	0
0	0
0	0
0	0
0	0
0	0
0	0
0	0
0	0
0	0
0	0
0	0
0	0
0	0
0	0
0	0
0	0
0	0
0	0
0	0
0	0
0	0
0	0
0	0
0	0
0	0
0	0
0	0
0	0
0	0
0	0
0	0
0	0
0	0
0	0
0	0
0	0
0	0
0	0
0	0
0	0
0	0
0	0
0	0
0	0
0	0
0	0
0	0
0	0
0	0
0	0
0	0
0	0
0	0
0	0
0	0
0	0
0	0
0	0
0	0
0	0
0	0
0	0
0	0
0	0
0	0
0	0
0	0
0	0
0	0
0	0
0	0
0	0
0	0
0	0
1	0
0	0
0	0
0	0
0	0
0	0
0	0
0	0
0	0
0	0
0	0
0	0
0	0
0	0
0	0
0	0
0	0
0	0
0	0
0	0
0	0
0	0
0	0
0	0
0	0
0	0
0	0
0	0
0	0
0	0
0	0
0	0
0	0
0	0
0	0
0	0
0	0
0	0
0	0
0	0
0	0
0	0
0	0
0	0
0	0
0	0
0	0
0	0
0	0
0	0
0	0
0	0
0	0
0	0
0	0
0	0
0	0
0	0
0	0
0	0
0	0
0	0
0	0
0	0
0	0
0	0
0	0
0	0
0	0
0	0
0	0
0	0
0	0
0	0
0	0
0	0
0	0
0	0
0	0
0	0
0	0
0	0
0	0
0	0
0	0
0	0
0	0
0	0
0	0
1	54
0	0
0	0
3	130
0	0
0	0
0	0
0	0
0	0
0	0
0	0
0	1
0	1
0	1
0	0
0	0
0	0
0	0
0	0
0	0
0	0
0	0
0	0
0	0
0	0
0	0
0	0
0	0
0	0
0	2
0	2
0	0
0	0
0	0
0	0
0	0
0	0
0	0
0	0
0	0
0	0
0	0
0	0
0	0
0	0
0	0
2	0
0	0
0	0
0	0
0	0
0	0
0	0
0	0
0	0
0	0
0	0
0	0
0	0
0	0
0	0
0	0
0	0
0	0
0	0
0	0
0	0
0	0
0	0
0	0
0	0
0	0
0	0
0	0
0	0
0	0
0	0
0	0
0	0
0	0
0	0
0	0
0	0
0	0
0	0
0	0
0	0
0	0
0	0
0	0
0	0
0	0
0	0
0	0
0	0
0	0
0	0
0	0
0	0
0	0
0	0
0	0
0	0
0	0
0	0
0	0
0	0
0	0
0	0
0	0
0	0
0	0
0	0
0	0
0	0
0	0
0	0
0	0
0	0
0	0
0	0
0	0
0	0
0	0
0	0
0	0
0	0
0	0
0	0
0	0
0	0
0	0
0	0
0	0
0	0
0	0
0	0
0	0
0	0
0	0
0	0
0	0
0	0
0	0
0	0
0	0
0	0
0	0
0	0
0	0
0	0
0	0
0	0
0	0
0	0
0	0
0	0
0	0
0	0
0	0
0	0
0	0
0	0
0	0
0	0
0	0
0	0
0	0
0	0
0	0
0	0
0	0
0	0
0	0
0	0
0	0
0	0
0	0
0	1
0	1
0	0
0	0
0	0
0	0
0	0
0	0
0	0
0	0
0	0
0	0
0	0
0	0
0	0
0	0
0	0
0	0
0	0
0	0
0	0
0	0
0	0
0	0
0	0
0	0
0	0
0	0
0	0
0	0
0	0
0	0
0	0
0	0
0	0
0	0
0	0
0	0
0	0
0	0
0	0
0	0
0	0
0	0
0	0
0	0
0	0
0	0
0	0
0	0
0	0
0	0
0	0
0	0
0	0
0	0
0	0
0	0
0	0
0	0
0	0
0	0
0	0
0	0
0	0
0	0
0	0
0	0
0	0
0	0
0	0
0	0
0	0
0	0
0	0
0	0
0	0
0	0
0	0
0	0
0	0
0	0
0	0
0	0
0	0
0	0
0	0
0	0
0	0
0	0
0	0
0	0
0	0
0	0
0	0
0	0
0	0
0	0
0	0
0	0
0	0
0	0
0	0
0	0
0	0
0	0
0	0
0	0
0	0
0	0
0	0
0	0
0	0
0	0
0	0
0	0
0	0
0	0
0	0
0	0
0	0
0	0
0	0
0	0
0	0
0	0
0	0
0	0
0	0
0	0
0	0
0	0
0	0
0	0
0	0
0	0
0	0
0	0
0	0
0	0
0	0
0	0
0	0
0	0
0	0
0	0
2	0
0	0
0	0
0	0
0	0
0	0
0	0
0	0
0	0
0	0
0	0
0	0
0	0
0	0
0	0
0	0
0	0
0	0
0	0
0	0
0	0
0	0
0	0
0	0
0	0
0	0
0	0
0	0
0	0
0	0
0	0
0	0
0	0
0	0
0	0
0	0
0	5
0	5
0	0
0	0
0	0
0	0
0	0
0	0
1	0
0	0
0	0
0	0
0	0
0	2
0	0
0	0
0	10
0	0
0	0
0	0
0	0
0	0
0	0
0	0
0	0
0	0
0	0
0	0
0	20
0	0
0	0
0	0
0	367
0	2140
4	2140
0	0
0	0
57	16
0	0
0	3
0	0
0	0
0	0
0	13
0	260
0	260
0	74
0	10
0	10
0	14
0	22
0	11
0	15
0	16
1	10
0	11
0	6
0	6
0	11
0	6
0	6
0	11
0	0
0	130
43	1972
0	1099
0	10
0	1820
3	228
4	1729
13	1003
2	4
0	82
0	276
0	149
5376	0
0	0
1	424
769	3398
3	945
0	1099
0	2068
9	108
17	768
39	776
0	8
1	51
4	908
0	14
0	1068
41	1144
10	560
24	100
0	0
0	0
0	2769
0	2777
0	3679
1	3700
0	0
0	13
0	3695
0	0
0	3708
0	3674
0	2778
1	2727
0	29
0	0
0	23
0	36
0	36
3	18
1	0
0	0
46	6322
2	5327
0	1499
0	4637
0	3486
0	2240
0	937
4	561
0	930
16	176
0	554
15	694
4	225
0	37
2	7
1	63
0	24
0	2
0	35
0	20
0	0
3	26
5	0
98	36
0	12
0	8
0	9
0	9
0	3178
1	3216
0	3759
0	3268
0	3838
8	3504
4	3734
0	3482
0	3110
0	3142
0	3024
0	3055
2	2984
0	3112
0	3062
0	2975
0	2908
0	3756
1	0
0	476
0	125
0	136
1	105
0	1172
0	1204
0	151
0	141
0	3
0	71
1	82
2	84
0	62
7	78
0	59
0	8
0	2
0	0
0	0
0	222
0	1894
0	1894
0	1893
2	73
4	1006
0	1
1	77
6	79
0	105
0	103
3	83
0	203
0	0
0	23
14	973
40	69
28	989
3	993
5	119
0	1009
31	141
2	0
0	225
0	110
0	40
3	106
152	2650
1	2650
0	90
0	398
0	56
0	161
0	195
16	1363
20	3143
4	2719
0	315
1	452
0	0
0	44
0	0
14	69
3	7
0	59
878	65
0	27
0	28
0	0
1	1379
0	6
0	10
0	1379
2	1228
0	1258
0	3
0	175
0	0
0	34
0	1
0	1
0	0
0	0
3	219
1	224
1	21
0	10
0	11
0	4
78	2061
12	2027
1	2026
0	37
1	69
2	114
4	2023
0	581
0	293
88	2918
75	3015
0	275
8	410
67	343
0	81
1	2
4	36
0	58
120	58
0	43
0	0
0	1284
0	1266
0	287
0	306
0	1223
0	1283
0	1248
0	75
0	10
1	0
630	0
1	561
119	556
4	561
4	380
0	8791
30	9122
90	9117
0	9112
20	9112
0	8555
1	980
1	318
0	688
0	419
3	162
1	808
0	822
0	265
0	0
0	0
0	0
144	0
0	0
0	0
0	597
0	601
0	592
0	590
2	363
0	385
0	0
0	21
0	244
0	0
0	10
0	17
0	1
0	236
0	2
0	0
0	617
0	20
0	150
0	0
0	0
0	37
0	50
0	16
0	4
0	4
0	2
0	4
0	4
0	4
0	4
0	2
0	1
0	1
0	0
0	0
0	2
0	0
0	0
0	0
0	0
7	536
103	605
7	195
4	1
22	1
1	1
0	0
0	0
74	12873
90	12773
0	0
6	101
3393	1095
0	0
0	1075
2	94
0	2
58	555
2	555
0	39
0	0
0	0
0	0
0	0
0	0
9659	60
0	0
3	0
0	0
9225	0
1	67
0	68
0	19
65	2
0	6
0	6
0	3
0	3
0	1
0	0
0	0
6	163
10	3294
0	389
1	753
80	3248
0	4
0	3049
0	750
167	37
2	35
2	2
0	2
0	4
0	0
0	0
14	945
17	1060
0	993
0	111
0	451
0	205
0	159
0	161
0	0
0	98
0	115
0	7
0	0
0	0
0	0
0	0
1	127
0	127
0	743
397	1126
0	145
0	985
5	83
0	0
4	760
0	124
0	0
5	191
0	169
0	84
0	11
37	82
0	82
5	82
0	22
1	20
0	21
0	7
0	1
0	14
0	13
0	13
0	0
1	1
0	0
0	0
0	0
0	1
0	0
0	0
0	0
0	0
11	977
6	988
1	53
0	0
0	0
0	62
0	62
2	180
0	57
6	191
14	70
2	13
5	73
0	7
0	7
9	18
0	1964
314	2510
1	2489
0	594
0	55
1	22
1	8
12	22
0	0
0	0
0	0
0	0
2	76
19	87
4	11
0	0
0	737
22	816
0	843
11	310
0	56
0	1
9	1
21	0
1126	246
0	167
0	153
0	20
0	0
0	0
0	0
0	0
0	0
0	0
0	0
0	0
0	0
0	0
0	0
11	1315
0	920
0	0
0	0
0	0
0	0
0	0
0	0
98	1332
0	34
0	0
1	1
0	0
0	0
0	0
2	0
0	0
0	0
0	0
0	0
0	0
0	0
0	0
25	343
0	121
0	275
0	275
0	275
1	31
0	204
0	57
0	0
0	147
8	48
0	2
0	2
0	0
0	0
2	0
0	4
296	7
0	6
1	443
0	442
0	248
0	38
0	34
7	21
0	13
0	12
0	1
3	0
0	0
8	108
1097	292
0	290
0	105
1	394
7	394
0	0
0	0
1	0
0	0
0	136
0	0
3347	111
0	55
0	0
0	33
2925	4
577	265
0	9
2	195
0	62
25006	1989
0	0
0	0
0	0
0	1556
2	0
0	229
0	1548
0	1938
0	0
0	0
0	0
0	0
0	298
0	254
0	148
0	148
0	68
11	68
0	15
0	15
0	13
0	13
0	13
0	0
915	343
0	205
1	249
26	178
16	164
0	19
1	5
0	0
0	0
0	0
0	0
0	0
0	0
0	0
0	0
0	0
0	0
0	0
0	0
0	0
0	0
0	0
0	0
0	0
4	0
0	18
0	18
0	3
0	19
0	10
0	4
0	0
0	0
1029	183
0	183
0	0
256	172
0	9
0	164
38	445
0	409
0	420
0	412
0	42
0	317
0	29
0	11
0	53
0	105
0	34
0	38
0	14
0	2
465	3133
9	3120
514	741
0	317
0	293
0	192
0	20
0	261
0	104
0	32
0	215
0	10
0	50
0	9
0	23
0	0
0	0
0	0
0	0
0	0
0	0
0	0
0	0
0	0
0	0
0	127
0	605
0	0
18	145
6	599
4	44
0	608
0	445
0	26
0	1
0	1
69	1078
0	690
0	1001
16	563
0	720
0	0
0	1
0	1
0	0
5	3
0	3
0	3
0	1
0	1
0	104
58	103
0	51
0	0
0	2309
0	2296
1	2299
11	2333
0	27
1	107
1	144
0	0
6	0
0	0
0	0
1	5
1201	158
0	0
0	158
1	139
0	17
0	0
0	5
0	1
0	1
0	1
0	1
0	1
0	0
0	0
0	0
303	141
51	152
8	60
0	22
0	3
0	8
0	3
167	167
2	156
0	42
0	19
0	7
18	14
0	0
60	0
0	0
0	125
0	125
0	125
0	0
6	0
0	0
0	0
0	0
0	0
0	0
0	1
0	943
965	1205
5	300
0	1177
14	1
0	0
0	0
0	0
0	0
0	0
0	0
0	0
0	0
0	0
0	0
0	5
0	0
0	0
0	2
0	0
0	5
0	5
0	0
1	0
0	0
130	836
0	836
0	0
9	2
0	0
0	0
0	1383
3	0
0	248
0	247
0	95
0	6
1	146
0	1
0	6
0	2
9	246
0	249
0	253
0	226
0	226
0	249
0	16
1	33
3	2
0	40
0	45
0	97
1	22
0	20
0	33
0	0
0	212
0	11
171	95
0	0
0	91
0	45
0	4
822	6
3	44
33	124
4	92
0	24
0	25
0	0
0	0
13	0
0	0
0	0
0	0
0	0
0	0
0	0
0	0
1	0
0	0
0	5
6	6
0	1
727	513
0	45
1	513
0	140
3	388
0	122
0	0
0	0
0	0
0	0
475	106
0	93
7	49
0	48
0	0
0	23
0	0
0	0
0	0
386	16
1	16
2	0
0	0
0	0
0	0
0	0
0	0
0	0
0	0
0	2033
5	168
0	0
1	156
2	142
2	39
0	0
0	6
1	4
1	0
0	0
0	0
0	0
0	0
0	0
0	0
0	0
0	0
0	0
3	348
4	350
3	350
0	348
0	348
16	348
0	348
10	348
0	348
0	348
0	348
0	0
1349	31
0	27
0	0
6	703
0	703
0	7
0	0
35	211
4	40
3	195
0	20
0	16
0	0
0	0
0	118
0	79
0	0
0	0
0	0
60	2
10	2
147	0
0	0
0	0
0	0
0	0
0	0
0	0
0	0
1310	72
0	70
0	9
0	8
0	8
0	2
0	0
0	0
0	0
0	0
0	0
0	0
0	0
0	0
0	0
0	0
0	0
0	0
0	0
0	0
0	0
0	0
0	0
0	0
0	0
0	0
0	0
0	0
0	0
0	0
0	0
0	0
0	0
0	0
0	0
0	0
0	0
0	0
0	0
0	0
0	0
0	0
0	0
0	0
0	0
0	0
0	0
0	0
0	0
0	0
0	0
0	0
0	0
0	0
0	0
0	0
0	0
0	0
0	0
0	0
0	0
0	0
0	0
0	0
0	0
0	0
0	0
0	0
0	0
0	0
0	0
0	0
0	0
0	0
0	0
0	0
0	0
0	0
0	0
0	0
0	0
0	0
0	0
0	0
0	0
0	0
0	0
0	0
0	0
0	0
0	0
0	0
0	0
0	0
0	0
0	0
1	0
0	0
0	0
0	0
0	0
0	0
0	0
0	0
0	0
0	0
0	0
0	0
0	0
0	0
0	0
0	0
0	0
0	0
0	0
0	0
0	0
0	0
0	0
0	0
0	0
0	0
0	0
0	0
0	0
0	0
0	0
0	0
0	0
0	0
0	0
0	0
0	0
0	0
0	0
0	0
0	0
1813	1781
7	653
2	94
0	1090
2	0
1452	0
15	366
1	384
4	262
0	1416
0	1401
0	23
0	3
0	44
10	1109
2193	1595
10	1595
274	23
0	23
0	0
2904	6
0	0
6	0
158	111
0	0
0	74
0	111
0	0
0	39
0	40
0	40
0	40
0	32
0	2
0	0
0	10
3	1
0	1
0	1
0	0
7	0
0	0
47	12
0	4
0	11
0	12
0	0
0	0
0	0
0	8
0	0
0	8
0	0
0	0
0	0
0	2
0	2
0	0
0	0
29	0
8608	441
41	441
0	9
0	10
0	9
0	3
87	966
333	0
0	13
0	13
8	7
9	57
1	15
1	55
1	5
0	4
0	1
1	0
0	0
0	8
0	7
0	6
0	6
0	6
164	394
1	390
0	29
0	31
0	83
0	0
5	14
0	9
0	4
0	4
332	0
0	0
0	0
0	0
3	317
2	342
0	278
0	23
14	56
0	24
0	0
0	0
8	0
0	0
0	0
0	0
0	0
0	0
0	0
3	2
0	0
0	0
0	0
0	296
24	296
0	27
0	0
0	2482
0	2482
0	2843
0	2840
5	2513
0	2266
0	660
0	146
0	464
0	52
0	31
1	53
0	38
0	66
1	364
0	2
0	225
0	260
3	45
28	0
0	0
2	0
7	0
2	79
0	0
0	2
1	2
1	7
0	5
3	44
0	42
0	0
0	0
0	0
11	0
0	1
3248	134
4	132
0	0
0	0
0	0
1	51
1620	51
0	26
4	6920
0	6870
0	933
0	1145
0	715
0	591
5	253
0	0
0	0
0	0
0	0
0	2
0	0
0	2
0	0
42	4
0	2
0	0
3	1
0	0
4	1
0	1
0	0
0	0
0	1
0	1
378	0
0	0
0	0
0	39
0	175
0	173
0	170
0	170
0	168
1	17
0	10
582	2805
0	1486
0	2431
1	466
0	0
57	49
0	49
0	8
0	11
0	0
0	4
0	1
0	0
0	0
5	0
0	0
0	0
0	0
193	1795
0	41
0	1
1	1756
0	941
1780	2
6	49
0	49
10	22
0	14
0	11
0	12
2224	16
175	31
0	23
0	0
0	0
8	436
11074	691
1	434
2	526
0	415
6	7
0	4
0	5
0	4
0	4
0	1
0	2
6	0
0	0
0	0
1010	733
0	52
0	24
0	297
2	123
2	147
1	358
1	3
0	54
1245	56
5	42
0	42
0	0
0	0
1924	358
72	249
0	360
160	0
0	0
0	0
0	0
0	0
0	0
0	9
1	45
0	22
0	43
0	0
0	3
0	0
0	1
1502	209
1	86
0	55
0	30
0	63
0	43
0	38
51	0
161	89
0	7
0	7
0	26
0	63
0	28
0	3
101	578
0	27
0	502
3	109
0	45
1	86
0	0
18	12
3	79
2	178
0	0
0	0
1	51
0	39
0	51
0	8
0	2
567	0
0	0
0	675
0	1484
0	1451
0	1
0	1
0	0
26	2
0	2
330	0
180	87
0	85
0	1
0	0
0	53
0	53
0	0
75	6410
9	6155
1	456
0	219
0	1046
3	203
3561	209
15	10
3	10
0	2
0	0
0	2
0	0
0	0
5	437
14	392
0	430
6	92
0	11
3	351
0	0
1356	44
0	10
0	9
0	21
2	0
3588	0
0	208
0	207
0	157
5	207
0	208
0	146
0	504
0	508
0	515
2	475
3	366
0	340
0	49
0	11
0	23
0	0
16	6951
1	464
0	214
106	6951
1	153
1	395
12	4666
1	204
0	0
0	134
0	139
0	142
0	141
0	5
0	5
0	16
0	1
0	1
0	0
0	0
0	3
0	0
0	21
0	2
443	335
3	335
0	8
0	22
0	0
0	29
0	0
2	16
0	16
0	0
0	3
0	3
0	1
0	0
0	0
0	9
0	0
0	0
0	0
0	0
0	0
0	0
118	0
515	53
0	11
0	20
0	42
0	728
15	808
0	232
6	58
0	4
0	0
0	0
0	0
2	1580
0	1563
4	1447
0	7
0	36
1	388
0	35
0	67
0	47
0	36
0	601
0	555
0	478
0	377
0	151
0	28
1	37
0	49
0	7
0	14
0	28
3	133
1	14
9	26
34	125
0	11
0	122
0	80
0	25
0	3
0	33
0	80
0	77
0	93
0	66
0	83
0	13
0	81
0	82
0	73
0	72
0	0
0	62
1	60
0	53
0	51
0	21
2192	1211
2	1181
1	15
0	27
0	105
4	453
0	52
0	61
3	24
0	20
0	26
0	88
1	82
0	85
2	19
0	2
0	10
0	13
0	2
0	4
5	571
1	579
0	562
8	574
0	112
33	174
0	7
1	147
4	487
0	471
0	18
0	18
0	0
0	0
0	13
1	10
0	7
0	0
2	254
21	251
1	336
0	10
1	26
0	22
0	0
0	21
1	5
0	840
0	842
0	837
0	93
0	46
0	6
0	0
1	0
444	69
0	29
0	0
0	12
0	16
0	1
0	9
0	0
0	761
0	659
3	642
0	0
0	29
0	51
0	9
0	135
0	0
1	2224
3	1298
6	2024
0	867
0	1231
0	101
0	15
0	179
0	0
0	0
0	0
0	0
0	0
0	0
0	0
1	0
0	0
0	0
0	0
0	0
0	200
0	0
45	200
0	43
0	264
0	233
0	38
0	27
0	277
0	58
1	9
0	272
0	174
17	30
0	30
0	56
0	0
30	51
0	46
3	538
0	280
0	280
0	542
0	282
0	39
0	178
0	51
4	62
1	36
0	10
0	153
0	42
0	60
2	507
0	1039
2	1127
0	828
2	116
0	90
0	103
0	55
1	139
0	65
0	11
16	196
0	2
0	8
0	17
0	26
0	4
3	14
0	3
218	10437
0	0
0	0
13	10453
0	35
3	1650
0	1608
0	1650
0	1487
1	1512
0	121
7	38
0	102
2	153
0	110
3	615
2	265
7	375
0	45
0	142
2	218
0	150
0	27
14	2469
4	9487
10	1300
0	3835
120	10398
0	1418
0	2580
1	2192
7	712
0	1425
7	0
0	0
0	0
0	0
0	0
3	21
7	21
0	8
0	0
0	5
0	2
3162	1214
0	88
0	752
1	382
0	9
0	9
0	6
0	0
1762	3711
6	3658
25	2370
79	2070
0	1057
0	1057
0	0
0	4
0	4
0	4
0	3
0	0
33	999
5	586
5	999
1	429
0	248
256	875
2	7
0	0
262	877
0	46
0	10
0	10
36	45
3	38
0	314
0	352
0	375
0	71
35	280
1	231
0	218
0	303
0	75
0	62
4	71
0	43
0	5
0	0
0	0
0	0
0	1604
0	1678
0	16
0	72
0	1573
0	1545
0	195
0	0
0	118
4	0
5	303
2	230
0	22
0	241
0	33
0	41
0	64
0	277
0	27
287	366
0	0
0	4
137	45
0	9
0	5
8	0
1643	0
0	0
0	0
0	0
0	0
0	0
0	0
2	17
876	53
0	13
0	13
0	0
0	0
0	3
0	6
0	3
0	5
1	4
0	4
0	1
0	0
0	922
0	1039
338	835
1	649
0	940
2	997
0	561
1	617
8	119
8	20
0	0
0	0
0	0
0	0
0	0
0	0
0	0
19	0
0	0
0	0
3119	247
0	185
1	71
34	0
0	2
2	6
0	2
0	6
0	0
622	264
0	254
0	0
0	0
0	0
0	0
0	0
1	0
0	0
208	1184
1	73
3	1094
0	10
0	116
15	383
13	178
0	0
0	0
1	0
0	68
0	178
0	18
0	89
0	69
0	0
0	1
1	1208
0	0
0	0
0	0
3	138
0	466
0	1218
3	1208
0	1227
4	1223
5	476
0	339
0	0
7	2
0	0
0	2
20	406
0	218
6	208
1	565
0	615
1	569
0	207
0	89
1	66
0	0
14	0
69	207
0	283
0	283
0	1
0	0
0	1
0	1
0	0
2	540
305	540
0	0
0	0
0	0
1	44
0	44
0	0
0	0
4	0
3	75
5	82
1	30
11245	12
7	8
1690	133
2	109
0	1
506	591
0	527
21	579
0	23
0	0
0	2
18	594
2	27
0	96
0	649
0	143
0	49
0	122
0	305
11	36
0	26
0	26
0	8
0	5
2	13
0	9
0	0
25	232
1	232
0	0
0	0
0	0
0	0
0	0
0	0
0	0
37	96
0	0
0	96
0	3
47	23
1	9
0	14
0	0
0	0
2	305
0	262
2	261
0	0
0	63
0	103
0	64
0	13
2	2
0	1
7	0
0	799
1	923
0	900
9	499
0	17
0	0
0	1
0	1
0	0
2	83
1	83
1	48
0	15
0	8
1	5
0	6
0	2
0	1
0	8
0	0
0	0
598	46
3	45
0	0
2	8
0	2
1	2
0	4
19	7
0	0
0	2
0	4
0	0
0	1
1	231
297	294
1	157
0	203
0	219
1	16
0	6
0	14
0	2
0	0
0	0
39	17
0	25
0	25
12	0
19	0
1	107
1248	395
0	41
0	108
1	143
611	980
0	766
0	276
0	265
0	113
4055	302
0	52
0	262
1	0
0	0
0	174
136	2538
1	2409
2	157
1	280
1	244
0	193
0	73
25	0
0	0
0	0
0	0
0	0
0	0
2	78
0	78
5	0
29	736
12	628
0	229
0	62
0	187
0	68
0	71
5	3510
143	3500
4	603
0	538
0	0
0	0
0	14
0	14
0	0
0	0
0	0
17	77
0	77
0	77
0	28
431	917
0	303
1	852
0	135
2	111
2	321
0	0
6326	359
0	357
0	0
0	0
0	0
8	0
7	247
1	48
18	247
0	14
1098	0
0	0
0	0
0	0
0	0
0	0
0	0
0	3
0	0
0	3
0	0
0	9
3	7
0	33
66	85
0	5
0	81
0	6
0	0
0	1
0	1
0	0
0	5
0	0
0	1
0	0
0	0
0	0
0	1
0	1
0	1
0	0
0	0
0	0
0	7
0	3
0	3
0	4
0	3
0	2
0	7
0	1
0	1
0	0
0	1
0	1
0	5
0	0
0	0
0	1
0	0
0	0
0	0
0	0
0	0
1	1
0	5
0	0
0	0
0	1
0	1
0	0
0	1
0	6
0	0
1	0
0	0
0	0
0	0
0	0
0	0
0	0
0	0
0	0
0	0
0	0
0	0
2	0
0	0
504	210
0	15
0	34
0	23
0	24
0	2
0	121
0	14
0	15
0	2
0	1
105	242
0	0
0	236
0	0
318	265
31	256
0	260
0	6
0	4
0	77
0	77
0	0
101	0
0	0
0	0
67	128
0	128
272	17
3	11
0	4
1	0
1	0
1884	286
0	55
6	229
167	66
0	56
0	8
0	0
0	10
122	247
13	169
14	99
0	0
3	181
0	17
0	3
0	17
25	0
33	0
220	0
12	2583
0	325
0	236
49	392
0	4
3	2527
0	0
0	358
5	73
12	12
0	12
0	0
0	0
0	0
6	0
5	0
7	0
0	0
0	0
15	0
0	0
0	0
0	3
0	3
0	0
0	4
0	0
0	0
0	0
4	1
2	14
0	460
0	15074
0	15555
1	235
0	15571
0	12464
1	15670
0	15117
0	316
0	1397
1	1574
1	0
1734	68
0	45
9	23
0	3
38	87
406	93
0	0
98	0
0	0
0	0
0	0
0	0
0	5
0	5
0	5
2	1565
619	2421
12	2090
0	481
0	0
0	0
82	1575
1	788
0	676
0	486
0	203
0	7
0	0
0	50
0	502
0	0
6	141
0	334
0	77
0	60
1	812
0	726
0	672
0	0
17	590
0	257
0	180
0	0
0	516
0	0
1423	5058
21	796
9	4356
8	476
0	32
3	139
0	140
0	123
0	129
0	132
0	131
0	5
164	55
0	55
0	0
0	0
0	0
0	0
0	0
0	0
12	265
0	427
1	395
0	399
2	266
0	408
0	256
6	78
0	154
286	655
0	117
0	73
2	81
1	85
0	248
0	71
184	4429
90	1118
0	4139
0	0
0	0
0	25
0	2
0	0
0	24
0	793
0	26
0	0
0	0
0	14
109	1209
397	1209
120	5
242	5
277	148
2	198
29	108
0	107
0	6645
10	6140
127	6642
953	1852
1	416
0	184
3	143
13	1219
5	96
978	719
2	525
3	393
1	65
1	363
0	39
6	59
0	21
0	5
0	4
0	0
922	360
2	351
1	14
0	48
0	22
0	15
0	18
0	39
0	135
0	0
0	24
0	79
8	4
5	28
16	51
0	12
1	23
0	6
44	13
30	4
2	3
3	5
2724	424
0	422
2	3
0	17
0	9
3	26
21	1674
12	1698
261	1418
0	323
0	128
0	128
0	0
0	32
0	32
0	4
0	15
2	10
0	7
0	15
0	12
0	9
0	2
0	2
0	2
0	0
0	0
0	0
5	1
0	1
0	0
71	48
0	4
0	44
0	0
14	2153
1	1750
1	2483
3	708
34	977
0	710
0	96
3	0
0	209
42	209
0	51
6631	0
2	201
5	197
0	3
0	4
0	6
0	2
0	36
0	6
0	25
85	281
6	102
13	206
5	374
16	510
0	107
2	263
2	267
0	254
0	31
0	292
1	1222
6	465
4	887
6	100
6	687
12	38
2	89
0	0
0	990
0	981
0	981
0	30
0	141
0	6
56	1
0	0
0	0
0	0
0	322
15	1499
0	386
0	466
5	628
5	1381
0	1252
7	1192
3	1343
10	770
0	873
17	923
9	1003
1	21
3	30
0	70
0	282
625	0
7	0
0	0
12	4
0	4
0	2
0	3
0	3
0	0
0	0
7	0
1	0
31885	626
1	342
0	280
0	281
0	5
0	6
0	5
0	5
27	1401
0	1397
0	40
12	55
2	0
3857	310
1	92
0	74
1	144
0	1
0	42
5	20
0	0
0	0
2	1116
5	1169
34	1221
3	1142
0	77
0	70
0	379
573	835
0	321
0	60
0	18
3	0
44	309
8	19503
0	109
0	84
0	19339
0	354
0	0
0	56
0	56
0	37
0	0
0	0
0	0
0	0
0	0
1	0
0	0
0	0
0	0
1	579
0	666
0	689
0	713
2	685
0	689
0	707
8	174
0	36
0	44
0	34
0	9
0	2
0	0
0	0
0	0
0	0
0	0
0	0
46	251
0	95
0	251
1	0
0	64
0	0
6625	0
1	355
29	494
0	494
0	14
0	9
0	25
1	39
6	39
1	2
0	0
13	915
2	70
0	752
0	569
0	235
39	0
0	13
0	13
0	0
1	0
0	0
0	0
0	0
0	0
3	3
0	0
0	0
0	0
126	0
0	0
0	0
3	0
0	0
6102	265
1	229
0	108
0	58
0	0
0	13
19	1570
35	1560
1	14
0	33
0	420
0	896
2	0
0	13
0	23
0	0
0	0
2	0
0	0
0	0
0	0
0	0
0	81
0	0
0	0
0	5
0	133
4	454
0	0
0	151
0	0
0	12
0	1
0	1
0	4
0	334
0	0
0	0
4	686
547	4585
0	361
10	1183
0	3834
150	277
0	278
0	0
2	2
0	18
0	0
0	0
0	0
0	3
0	0
0	3
0	2
0	3
0	3
0	0
0	0
0	0
37236	15463
2	4518
1034	14177
0	0
16	562
0	682
0	265
0	368
0	13
0	33
0	0
0	77
0	17
0	80
0	37
109	28
0	24
0	0
0	0
0	0
0	0
16	2975
0	0
0	0
93	2975
1	0
0	0
0	0
0	0
0	0
8	0
0	0
0	0
0	0
0	0
2	81
0	81
21	330
3	296
0	338
0	0
64	41
1	65
0	0
133	9
0	1
0	0
0	8
0	2
0	0
210	854
0	67
3	787
0	0
0	0
0	0
0	561
1	48
0	566
0	190
0	50
0	190
0	71
0	47
2	43
0	109
0	86
0	0
0	12
353	300
3	297
8	0
0	0
0	0
0	0
0	0
0	0
1	509
0	0
0	0
0	0
0	0
0	0
0	0
2	152
0	154
0	61
3	57
8	4
0	0
0	0
40	526
0	102
0	170
0	172
0	329
0	0
0	0
0	0
0	0
0	0
65	1
11	1
13036	572
0	566
0	0
0	0
1	30
2	30
0	0
0	0
0	1
5136	0
0	325
154	736
0	30
0	115
0	6
0	40
0	96
1	161
0	0
0	0
9	1
2	1
0	2
0	5
1	905
0	16
0	7
11	20
0	16
0	13
0	4
2	0
0	0
0	0
0	0
23	1129
2	1133
0	80
0	51
0	12
0	3
1	124
0	0
0	0
0	0
0	5
4	140
6	141
1	140
0	164
4	164
0	27
0	0
0	0
2	0
74	1006
0	6
0	125
1	901
0	26
0	3
2	36
0	11
0	34
0	466
0	6
0	64
21	0
0	0
0	0
0	0
0	2660
28	2660
1	62
0	5
355	59
2	4
0	8
0	11
0	39
0	6
0	31
444	71
0	36
20	147
17	894
0	10
0	13
1	60
0	60
0	816
0	9
574	0
666	731
0	664
0	0
0	0
0	332
0	70
0	0
0	0
0	0
68	4759
1	114
0	4757
0	1654
0	0
0	0
0	0
0	1
0	0
0	74
0	0
0	0
0	0
0	0
2	1
0	464
0	461
0	461
0	1
0	0
0	3
0	20
0	0
0	0
0	159
138	1826
29	1692
7	130
0	77
4	242
1	2
2	35
0	211
156	16
0	3
0	13
0	4
0	6
0	3
3	1
0	2
0	34
5	2
0	2
0	12
0	11
0	27
0	9
0	2
0	0
184	2
70	76
1	76
0	45
0	6
0	42
0	24
0	0
0	81
0	6
0	3
5	12
0	8
0	0
0	0
6	5
0	0
186	56
3	17
0	39
529	53
0	29
0	0
0	24
1	0
0	0
11	65
183	65
23	0
4	0
0	0
2	0
0	0
0	0
25	0
0	0
0	0
0	0
0	0
0	0
5	1
0	1
0	0
0	0
0	0
0	0
0	0
0	0
0	0
0	0
0	0
0	0
0	0
0	0
0	0
0	0
0	0
78	0
336	0
0	0
72	0
0	0
0	0
14	258
40	258
576	68
0	28
1	40
0	9646
251	9661
0	268
0	3
0	1
0	3
0	0
0	0
0	1
0	1
0	0
0	0
0	0
0	0
2	0
0	0
0	0
27569	26336
5	26336
591	10609
0	0
0	0
0	0
0	0
0	0
0	0
0	0
0	0
0	0
0	0
0	0
0	0
5	5
0	0
1	0
14	3
0	71
0	3
48	1340
0	1340
6	107
2	100
25	167
0	0
0	156
0	157
2	156
0	20
0	3
0	0
0	0
0	0
3	0
0	4
0	0
0	0
0	0
6	5
0	4
22	4
0	0
5	1
0	2
0	0
0	12
1	4
0	4
1	0
0	0
0	179
0	0
4	0
1926	130
0	51
0	77
0	0
564	98
0	30
0	21
0	47
0	21
15	0
1	0
0	0
0	0
1623	495
2	390
0	485
0	16
4410	1596
6	402
0	189
1	447
1	558
0	7958
52	11292
3	10147
0	580
48	3730
0	595
12	663
0	0
1	2
19	5
0	5
0	4
0	0
24	11
0	2
0	5
0	0
0	0
0	1
0	0
0	0
0	3
0	5
0	0
166	139
1	5
0	0
0	0
0	0
0	0
0	0
0	0
0	0
0	0
0	0
0	0
0	0
0	0
0	0
0	0
0	0
0	0
0	0
0	0
0	0
0	0
0	0
515	10470
0	0
0	0
2	3580
0	1900
0	372
5	3110
0	2303
2	386
14	114
0	1666
0	963
0	967
0	0
522	25460
0	7601
42	603
0	3003
25	4680
105	6028
6	77
38	3247
11	22468
0	3623
20	0
3	6818
3	6878
43	6812
55	4219
0	68
0	18
30	34
0	21
6	49
1	18
0	14
0	3
0	3
22	0
2	0
0	0
32	104
5	104
6	1363
0	778
6	1041
3	831
0	162
1	227
0	0
0	0
0	0
15	0
0	0
3	0
0	0
0	0
0	271
0	271
36	271
0	168
0	28
0	39
0	40
0	29
5	0
768	22
18	47
0	167
3485	170
11	0
214	304
1912	1233
3	359
0	104
2	52
0	40
35	2292
0	25
0	2242
0	160
0	45
6	1511
33	2889
7	2612
0	508
3	204
23	138
0	272
0	488
13	4
0	4
0	0
0	0
13	77
7717	0
0	0
97	457
0	457
358	6
5	18
0	0
0	20
0	2
0	0
0	0
0	0
0	0
0	0
0	0
0	0
0	0
0	0
0	0
0	0
0	0
0	0
0	0
0	0
0	0
0	0
0	0
0	0
0	0
2	5
0	0
0	5
7	0
368	1511
62	133
28	239
314	1609
1	761
211	0
0	2
50	260
0	260
0	0
15	53
4	53
0	0
178	3824
0	3997
0	1402
0	985
1	810
69	989
11	610
3	352
24	216
0	67
0	66
0	59
0	60
0	0
0	0
0	7
0	2
0	0
11	0
46	185
4	140
15	88
12	75
0	29
0	19
0	10
0	24
0	17
0	14
0	4
0	4
0	0
2	5
57	1068
0	988
1	237
1	33
0	89
3	36
1	77
1	8
28	0
0	22
0	26
0	5
0	2
0	26
0	98
0	98
0	98
0	0
4	1294
1	3362
4	283
2	421
0	73
1	262
1	306
0	5
2	2319
0	2140
1379	10
2	144
0	144
294	245
0	30
0	18
0	33
0	7
1	46
0	103
0	224
1208	2
149	17
0	17
8	3
1	993
4	998
0	1
0	6
0	19
18	787
9	783
0	0
5	18
1	4
1	2
0	1
0	0
160	661
6	516
16	598
0	0
0	4
0	5
0	4
0	5
0	5
0	5
0	4
0	4
0	5
0	5
0	0
0	0
0	0
1968	139
0	127
0	63
1	0
0	0
0	0
10	3
0	0
0	0
0	0
0	0
1	0
0	0
2	0
0	0
0	0
0	0
0	13
0	10
0	13
0	9
0	0
0	0
0	0
0	0
0	0
0	0
0	0
0	9
0	0
0	0
0	0
3	1
0	1
0	0
0	0
0	7
0	4
0	7
3	0
0	20
0	32
0	12
0	0
10	25
2	223
0	219
0	152
0	27
0	58
0	27
3	11
3	1410
136	1410
1	102
0	1458
2	102
23	1455
0	34
0	4
0	1365
0	16
0	15
0	16
2	1852
192	1905
1	284
23	219
0	0
0	131
1	8
0	8
0	0
1	140
4	52
28	570
29	570
768	44
6	40
3	0
0	0
7	354
0	334
0	332
0	0
0	7445
1717	7467
0	3294
0	58
0	0
0	0
0	0
0	0
0	0
7	3539
2	1519
0	3103
4	636
2	3173
0	3605
0	1876
0	97
0	49
0	19
0	131
10	682
0	659
0	54
2	20
0	35
0	1
0	1
0	0
0	1
0	0
0	1
480	966
0	108
0	108
0	0
0	0
0	0
0	0
0	0
0	0
0	0
0	0
0	0
0	3
8	20
1	996
1	15
0	93
0	996
0	197
0	0
22	3614
1459	3746
26	2511
7	2126
1374	6735
0	6054
166	6686
17	253
85	814
0	813
0	1
0	75
0	0
0	142
7317	453
4	306
1	117
117	78
0	687
0	687
1	169
0	200
0	249
0	13
0	44
0	1
0	0
0	0
1943	1954
0	574
0	456
0	755
3	532
534	935
5	85
12	809
0	109
23	839
0	671
0	0
0	0
0	0
0	5
0	182
21	580
0	534
2	168
6	116
0	1
3	0
0	131
0	133
0	83
1	94
0	55
0	0
0	0
0	0
0	0
385	47
0	0
0	29
6	18
47	4676
15	4435
3	855
0	86
2	1145
0	16
2	416
0	0
3	960
0	3
0	0
661	151
4	80
0	59
0	86
0	0
14	38
0	12
0	10
0	38
1207	21
0	21
3546	0
925	1439
0	212
0	526
1	391
0	470
1	116
41	577
0	0
0	0
0	0
16	1477
0	1160
1	1272
0	1393
0	1555
0	656
0	202
0	344
1	352
0	265
0	399
0	229
0	314
0	279
0	2
0	78
1	179
0	105
0	100
1	0
21	0
1	44
0	198
0	197
0	196
0	14
1	6
0	1
3	167
0	0
0	4
0	6
0	9
0	7
0	4
0	3
4	3
0	3
0	3
0	2
69	4193
5	4014
26	1174
296	1742
0	1655
0	1009
0	149
0	770
0	406
42	325
0	0
0	0
0	0
0	0
0	0
0	0
0	0
0	20
12	20
3	15
1	22
1	0
0	1
1	15
0	9
1	54
0	861
0	744
0	860
0	774
2	771
0	19
3	211
0	61
0	57
0	194
0	98
0	10
1	142
0	108
0	45
0	78
0	68
0	44
0	29
0	104
0	25
0	122
0	30
0	14
0	15
0	0
0	477
0	474
0	42
0	18
0	17
1129	387
0	109
0	132
7	154
1059	938
81	924
0	859
35	924
3	822
0	787
0	789
0	811
0	327
0	311
0	110
0	89
0	28
0	20
0	12
0	51
0	1
0	26
0	12
1	27
0	18
3	3
0	2
0	20
0	24
0	26
10	22
1	22
0	19
0	18
30	1615
0	1592
0	3
0	25
0	1
0	40
0	15
0	8
0	18
0	121
977	0
7	84
0	17
0	37
0	3
1	69
0	0
0	0
4	0
0	9
1	0
0	0
0	0
0	0
21987	2765
0	109
0	0
0	0
0	10870
7	9207
0	513
450	10332
0	10837
6	10436
0	0
0	0
126	10830
20	343
0	1089
7	1770
90	1764
0	67
0	175
0	103
16	0
67	0
0	5076
0	4952
0	0
0	0
0	2760
0	3041
0	1
1	1
0	403
2	787
0	2019
22	1600
1	925
3	407
0	1452
50	1589
162	4015
0	262
182	158
0	135
0	23
0	16
0	2
3	0
0	0
0	0
5	64
0	60
0	0
2	19
4	0
0	0
0	9
22	64
2	72
1	0
0	2
0	2
0	0
858	1019
0	925
2	161
2	8
0	494
3	8
0	65
0	0
0	0
189	15058
969	15065
0	1441
0	50
3	3097
0	1800
11	1072
3	349
0	185
0	0
0	2
12	0
0	52
1	59
0	12
0	0
0	3
7	7
326	8
0	5
0	3
0	0
0	0
144	125
0	122
1	132
0	129
0	47
0	116
0	1
0	1
3	17
1	10
15	4
0	4
0	0
0	4
0	0
3	5
0	1
0	4
0	1
0	0
6	111
72	4615
374	4199
0	4378
0	432
0	229
0	3676
0	0
1	268
2	321
0	73
0	7
0	7
0	4
1909	0
0	3959
4	0
0	3973
0	4039
0	0
0	87
0	3874
0	1675
0	680
0	0
0	0
200	4434
14	4434
0	29
1	7
482	10656
45	7290
410	11521
5	10826
1	3096
0	290
0	475
6	383
5	10223
4	1366
0	0
3	0
0	0
0	0
0	0
0	0
868	218
0	40
0	31
1	180
1	43
2648	6
12	341
0	341
0	60
0	7
2	1002
0	69
0	957
0	960
0	978
0	75
0	72
0	34
0	0
382	62
0	0
0	23
0	54
0	11
0	145
0	145
0	0
41	145
0	0
0	0
0	0
0	0
0	26
0	59
134	68
0	43
0	20
36	21
1	28
1	9
0	16
1	14
1	13
0	0
0	0
0	0
0	4
0	0
0	0
0	2
0	868
0	868
1	89
9	124
19	417
25	76
0	91
5	110
0	0
1	0
0	0
0	0
0	1438
2	1426
0	9
25	48
0	48
0	716
0	0
3	1400
0	33
0	0
0	4
0	0
0	0
0	0
0	0
0	7
0	7
0	3
137	0
94	0
0	1
1	1
6790	0
1	0
0	27
2	135
1	134
2	147
0	22
0	0
0	319
0	3823
0	3823
23	3822
0	3672
0	0
20	50
0	50
0	323
0	367
0	347
0	155
0	29
0	51
0	0
0	41
0	22
0	0
0	0
0	0
0	0
0	0
0	0
0	0
0	0
0	0
2	0
0	0
0	0
544	0
0	0
0	0
1	0
0	0
712	42
3	9
0	5
0	5
0	9
0	14
1	806
3	688
0	9
327	823
0	809
0	0
12	0
3	466
0	238
0	46
0	19
0	72
0	16
29	78
6	1280
0	1284
0	379
0	10
0	10
0	0
0	0
1	11
0	10
0	11
0	9
0	2
0	4
0	4
0	0
425	57
0	20
0	19
0	7
0	32
0	1
0	0
1	21
0	1
0	0
0	3
0	4
134	0
0	0
0	0
1	0
0	2
0	0
0	257
0	0
0	933
5	933
0	306
0	227
0	2
20	12
0	0
51	0
3	0
0	0
0	1
0	0
0	0
27	5
0	0
7	700
705	699
2	612
0	22
2	21
4	21
0	7
0	7
0	0
0	3
0	0
0	1
3	56
2	56
0	0
903	296
1	262
0	25
0	118
1	1
0	1
0	0
0	0
0	0
0	0
0	0
0	0
0	0
0	0
783	961
7	19
0	957
0	747
0	159
0	71
0	71
76	525
0	525
0	246
0	164
0	132
0	44
51	0
0	0
229	2621
3	1595
97	2621
2	799
1420	0
0	0
0	0
1	0
0	0
0	0
0	0
0	0
0	0
0	0
0	0
0	0
0	0
10	1272
5	328
0	0
0	64
6	1203
0	48
0	45
7977	712
0	453
0	0
0	0
5	525
12	1575
66	2102
9	701
1	31
44	942
0	229
0	315
0	0
4	1819
26	2
0	2
1	4
18	4
2	43
55	43
2835	12
20935	2455
10	1512
0	7
0	0
0	0
0	7
0	2
4	2011
114	2882
194	2882
0	6
43	776
0	31
0	14
0	728
0	0
0	0
484	0
0	0
0	0
0	0
0	0
0	0
1	0
0	0
0	0
0	0
0	0
0	0
0	0
0	0
0	0
0	0
0	0
0	0
0	0
3	5
0	3
0	0
9	2
0	507
0	454
0	594
0	548
2	283
2	4
0	4
0	3
1886	478
0	456
5	0
1	1510
0	14
0	0
8	3549
0	1496
8	274
1	173
7	1460
0	0
1	3334
0	2725
0	3656
3	792
428	3419
291	3333
16	4686
0	1991
1	1360
0	4405
3	651
0	0
0	1
17	6
0	3
0	4
0	2
0	0
0	3
0	3
0	0
0	0
0	0
0	0
0	0
0	2
0	0
0	0
0	0
0	0
0	0
3	0
0	0
0	0
0	0
0	0
0	0
0	0
0	4
3	6
8	2
529	211
0	53
0	203
3	59
0	0
0	0
1	0
0	0
8	3
0	3
3	0
0	0
113	764
9	1108
14	1211
1	184
0	135
12	980
2	885
9	222
1	136
0	330
0	219
0	108
213	0
855	230
0	230
0	0
0	0
60	0
0	3519
0	0
65	3681
0	0
0	0
0	870
2	137
1	497
1	217
0	652
0	110
0	973
1	645
0	383
0	141
0	111
6	1707
0	1533
14	1796
0	148
0	257
0	226
4	240
44	175
2010	173
2	61
0	46
29	425
2	425
0	9
81	19
0	19
0	0
30	33
0	2
0	31
0	5
0	33
0	7120
4	16272
20	17049
2	3088
5	219
0	959
3	340
1	9997
9	1318
0	1058
31	1282
0	101
3	96
0	21
0	0
0	9
0	0
1	10
0	7
0	3
0	1
0	4
0	0
0	0
745	1199
1	1199
0	0
0	0
1	795
0	1675
3	1738
0	1620
2	1589
11	1801
0	504
0	186
2	256
0	374
0	341
31	405
0	297
0	327
0	88
0	34
64	4113
1	2701
2	4063
0	4209
0	1959
2	1861
0	465
0	215
2	98
0	227
0	143
4	10
0	2
0	2
0	0
0	0
509	2
1	0
76	1274
0	1274
0	35
2	21
0	0
0	80
546	240
0	198
38	0
0	0
7	183
0	0
0	183
0	25
0	0
0	29
0	16
0	10
0	1151
0	1131
0	1171
0	1125
0	773
8	801
2	671
0	630
2	393
0	401
0	156
0	45
0	49
0	12
0	9
0	3
6	1
0	0
0	0
0	0
0	0
0	0
1	0
0	0
0	0
0	0
0	0
1	0
6	340
166	344
0	8
0	19
0	37
28	3180
0	3180
30	3170
0	66
0	58
0	270
0	30
0	0
0	0
0	0
0	0
0	0
0	0
1	0
0	13
0	13
0	13
0	13
0	13
0	13
0	13
0	9
1	3
1	3
587	2868
0	2824
0	1534
0	166
0	40
0	27
0	16
0	14
0	0
0	0
0	0
5	10
96	196
3	144
1122	21
4	21
0	263
147	957
0	881
0	635
0	545
0	50
0	39
0	64
0	456
0	97
0	0
0	17
0	0
91	1863
9	1504
0	1697
0	1852
0	1735
0	305
4	608
0	42
0	217
0	129
0	17
0	1
248	170
0	82
0	125
0	4
0	13
0	28
39	1129
0	899
0	227
3	221
0	153
181	542
0	0
2	463
8	24
2	360
0	215
1	97
0	0
0	0
0	0
0	0
0	0
2010	1465
10	510
10	309
3	960
1	31
20	36
0	38
0	61
9	0
13	61
0	4
0	0
2030	138
4	90
0	40
0	40
2	841
0	267
0	809
0	12
1	52
0	823
0	20
0	56
0	732
0	22
2	47
0	75
0	692
1631	487
1	484
0	95
1	21
2	5
0	5
5	2292
0	2292
90	2200
0	0
16	0
0	0
0	0
524	11412
14	9263
2	11318
16	4332
0	2996
0	1529
0	786
1	643
340	1489
5	1452
0	539
0	0
1	23
0	0
143	0
0	0
2	0
0	0
0	0
0	0
0	0
0	0
0	153
3	1128
2	55
2	1094
0	7
0	19
0	2
0	8
0	9
0	0
0	1
1	0
0	0
168	0
0	0
0	0
1	0
0	0
2	1736
1	1736
0	2290
0	7
0	0
104	623
4	160
8	511
2	228
0	130
0	253
0	209
0	228
0	121
0	134
269	2
0	0
659	383
0	383
4	5
0	0
0	0
0	0
0	364
0	366
0	177
0	535
0	535
0	477
1	480
0	261
0	150
30	18283
0	18406
0	18415
7	18286
6	17051
0	0
0	408
22	5351
0	911
0	845
2	583
18	324
0	2
0	2
0	2
0	0
0	0
0	0
0	0
0	0
0	0
83	128
1	0
339	128
1	128
0	24
0	0
0	0
0	2
0	2
0	0
0	0
0	0
0	0
0	0
0	0
0	0
0	0
36	413
290	384
0	254
2	276
4	119
0	0
0	0
0	87
0	87
0	2
0	0
0	0
1	97
177	3847
0	3580
0	3534
5	3949
0	553
1	595
0	281
3	0
0	54
0	211
8	0
0	0
1	0
0	661
3	0
128	780
0	365
0	668
3	197
0	203
0	56
2	0
0	0
0	0
913	2
0	0
0	0
0	0
0	0
0	0
0	0
0	0
0	0
0	0
0	0
0	0
714	0
0	0
0	0
0	0
18	0
0	0
0	0
902	8
0	30
0	31
0	31
0	3
0	0
16	118
840	120
0	9
3	13
0	13
1	11
20	0
148	3100
1	1115
0	0
0	0
0	2128
0	0
12	29
4	26
0	26
0	15
0	26
0	26
0	0
0	0
639	98
0	94
0	0
0	0
1	0
0	0
0	0
606	509
4	300
1	106
0	92
0	150
0	51
0	14
0	51
0	48
0	9
0	8
0	0
0	11
0	34
0	0
0	0
0	0
0	0
0	0
0	0
0	0
0	0
0	0
0	0
0	0
0	3
0	3
0	0
1714	286
2	254
0	121
0	0
0	0
1	0
0	0
0	0
0	0
0	0
8	34
5	48
0	15
52	54
0	46
0	45
0	8
0	13
0	0
0	0
0	0
0	1
8	1530
72	1568
0	151
0	0
0	0
5178	536
0	0
0	534
0	0
0	0
3	0
0	0
0	15
0	0
2	58
3	1227
0	1211
0	87
66	292
0	69
1	290
0	23
1	0
0	0
0	0
0	0
0	0
0	0
0	0
0	135
7	1661
2	49039
0	0
0	19189
0	1514
0	0
0	0
0	0
0	17
0	37369
0	37366
0	37369
0	48346
0	48346
0	45607
8	10723
17	37600
19	246
7	166
9	1681
203	53759
4	11621
36	48251
4	42154
0	52794
77	48027
142	3723
54	0
2	6995
0	33899
0	33899
0	7349
106	1149
0	1149
0	88
0	61
0	16
0	344
1772	0
0	0
4	0
3575	2210
4	1718
5	309
964	694
0	600
0	476
0	53
0	7
0	0
0	0
319	0
138	80
1	12
0	76
1	63
0	0
0	0
0	0
0	0
0	0
0	0
0	0
0	0
0	0
0	0
0	1
1	3
0	1
0	0
0	8
0	1
8	12
35	11
0	0
0	0
1	4
2	4
0	96
0	19
0	50
0	105
0	271
0	13
0	0
0	39
0	224
0	7
0	0
182	80
0	23
31	139
0	4
0	29
0	0
0	23
7	138
0	543
6	186
0	64
0	18
0	0
0	18
0	10
0	23
0	23
0	0
0	0
0	15
0	14
0	10
0	23
0	23
0	0
6	233
0	7
0	39
0	0
91	328
0	46
0	11
0	19
0	0
1	23
0	4
4	725
0	62
0	23
0	8
0	0
0	0
0	0
0	0
0	0
0	0
0	1
0	3
0	0
0	0
0	0
0	0
0	0
0	44
0	185
0	7
0	0
0	23
0	722
0	166
0	30
2	38
0	29
0	4
0	109
3	33
0	15
0	0
3	9
0	115
0	607
0	213
0	64
0	18
0	21
0	61
0	383
0	10
0	0
0	0
0	74
0	0
0	0
0	0
0	0
0	1
0	1
0	1
0	3
0	0
0	0
0	0
1	12
0	20
0	0
0	0
0	0
0	1
0	0
0	0
0	0
0	0
0	1
0	0
0	0
0	1
0	0
0	9
0	14
0	253
0	2
0	0
0	0
0	4
0	6
0	4
0	0
0	39
0	18
0	10
0	2
0	0
0	0
0	0
0	0
0	0
0	0
0	4
0	4
0	3
0	1
0	3
0	3
0	0
2	44
0	91
0	0
0	8
0	0
0	0
0	10
0	4
0	6
0	3
0	0
0	43
0	2
0	28
0	8
3	362
43	382
11	3198
0	3564
414	3380
1	3562
40	3562
8	6
3	1662
0	0
0	0
0	0
0	0
189	2
2432	9
8	9
0	7
0	7
0	0
0	0
8	12
0	0
0	0
0	0
892	81
0	39
0	0
0	0
0	5
0	40
0	0
2	276
6	276
0	2
0	34
0	16
43	16
0	0
88	3156
226	3151
0	379
46	3209
3	3447
61	4015
0	119
0	241
2	1020
1	324
1101	16
0	242
29	34
10	246
12	238
0	39
0	237
8	96
1177	1541
9	935
0	1081
3	851
0	0
40	1242
0	590
0	892
13	503
927	870
0	7
1	869
0	29
217	2904
0	422
0	652
0	1518
0	1547
9	1468
0	349
0	706
0	3
77	6
0	2
0	2
0	0
3014	9709
2	9709
0	56
13	364
0	0
83	768
3	754
0	49
0	22
0	21
0	0
0	0
0	0
10	0
0	0
0	0
0	31
0	30
0	30
0	0
0	9
179	180
0	180
0	90
0	234
0	234
3	213
3	191
0	225
853	284
0	284
0	387
0	387
0	35
0	105
0	71
0	89
9	11
0	8
2	7
398	104
0	102
0	32
0	104
0	128
0	130
0	47
0	0
115	1493
1	23
0	1493
7	0
0	0
0	0
0	0
0	0
0	0
5	0
10	0
3	0
1	0
0	0
0	0
0	0
59	0
913	899
0	880
3	159
0	10
0	10
0	120
262	947
24	924
1	276
1	330
0	150
0	67
1	0
0	2531
66	2816
27	1612
4	2441
0	2348
0	2649
0	302
0	2644
0	1283
138	1213
0	74
1	99
0	47
0	208
134	114
0	114
0	6
0	10
0	10
0	0
0	1
0	371
7	22
1239	383
0	50
0	9
38	8884
1	1523
0	8838
0	1284
7	1477
0	1582
0	1420
0	2333
0	1416
3	1481
0	1094
0	203
0	111
44	186
0	549
0	355
0	391
4	297
0	297
3	256
1	75
49059	10
0	0
66	1369
0	1327
44	1098
63	1047
6	1051
0	751
0	0
0	0
0	4
0	6
0	6
0	8
0	6
0	7
0	7
0	0
397	90
0	74
0	11
0	22
0	22
0	9
0	0
27087	0
3	102
0	22
0	94
0	106
0	99
0	91
0	101
0	9
0	83
2	2
0	1
0	0
0	16
0	0
2	16
0	6
0	13
0	10
0	7
0	7
0	7
0	0
0	808
6	803
3	945
1	575
0	520
1	244
0	296
0	79
0	87
5	61
4	97
0	16
3	482
6	529
3	591
7	484
0	37
0	145
0	4
0	56
0	5
0	6
0	34
0	23
0	7
4	0
0	0
98	57
0	52
27	34
0	26
0	3
0	0
0	0
1	92
0	400
4	1406
0	1292
1	282
1	1319
7	1133
2	241
108	648
23	230
0	130
0	0
3	151
4494	6548
18	6293
19	6315
0	332
0	884
8	646
2	109
4	345
0	64
0	303
0	83
1	147
1	44
0	35
0	38
0	53
0	65
0	0
0	61
0	85
0	35
0	71
0	78
1	9
1	1
6	4
2	3
0	3
3	3
0	0
8	947
19	945
0	0
0	88
0	1
0	4
0	15
0	34
0	0
0	34
0	4
1	5
0	31
8	637
9	637
1	49
0	1327
118	1327
0	643
0	0
0	0
123	0
11	182
67	412
0	386
0	382
0	104
0	209
0	86
0	26
0	63
0	83
8	489
0	439
0	439
6	394
10	203
5	198
1	183
0	33
0	40
0	9
0	0
0	0
0	1849
0	1849
20	1831
7	126
13	1816
0	1795
0	1517
0	67
0	1761
0	389
3	298
0	394
0	0
0	159
0	8
0	163
0	9
0	153
1	0
1	18
0	150
0	134
0	16
0	4
0	3
50	1220
4	1187
0	104
0	69
1	126
0	186
0	147
0	56
0	157
723	78
0	78
0	0
0	0
0	0
0	0
0	0
0	0
0	0
0	0
0	0
0	0
0	0
0	0
0	0
1	3
0	0
0	0
0	98
0	0
0	0
0	0
0	0
0	0
0	0
0	0
0	0
2	0
7	0
1	0
0	0
0	0
5	0
0	0
0	0
0	0
0	13
0	1
0	88
0	0
0	87
0	0
1	538
29	535
0	491
8	540
8	559
0	547
22	4005
0	0
0	0
0	0
0	3
0	0
0	0
0	0
0	0
0	0
0	0
0	0
0	0
0	0
0	0
0	14
4173	283
0	0
2	283
0	0
0	0
1108	255
3	231
0	24
0	1
0	1
0	0
0	0
0	0
1	0
0	0
0	0
0	0
0	0
0	14
0	0
0	3
8286	2592
0	2027
0	104
7	565
7	0
0	0
1279	399
0	314
0	183
1	142
0	0
0	0
0	0
0	0
0	0
475	0
0	1
0	0
32	1738
13	1751
0	1585
72	381
0	270
0	285
0	162
1	140
0	86
0	47
1	34
0	0
0	0
2	0
100	0
0	0
0	0
0	0
0	0
366	37
0	35
0	3
0	0
0	0
298	68
0	66
0	39
0	0
0	0
0	3
0	0
0	0
0	0
2363	2199
16	1666
0	0
21	37
0	0
0	0
0	0
0	0
0	0
0	0
0	0
0	0
0	0
0	3
0	0
0	0
0	0
0	0
0	0
0	0
0	0
36	1208
0	1160
2	365
1	82
2	53
0	16
0	0
1	361
7	243
1	144
4	149
0	118
0	15
6	21
0	0
4	0
0	0
63	517
77	515
0	111
0	0
0	0
0	0
0	0
0	0
0	0
0	0
0	0
0	0
0	0
0	0
0	0
0	0
0	0
0	44
0	0
0	0
56	4
18	56
79	1580
37	114
0	137
0	0
0	31
0	0
0	0
5	344
14	1061
15	1547
0	0
0	0
0	0
0	0
0	0
0	0
0	0
0	0
0	0
0	0
3	19
40	27
0	24
0	6
0	5
0	18
0	1
0	1
0	0
27	198
0	198
39	604
21	370
25	369
0	125
0	97
0	0
44	0
0	0
0	1
0	1
0	0
0	0
4	0
11	13
0	13
9	1985
6808	1999
0	1307
6	0
0	0
0	0
0	0
0	0
0	0
0	0
0	0
0	1
0	1
1	1
0	0
0	0
0	1
0	1
0	1
0	1
0	1
0	1
0	0
0	0
0	0
0	0
0	0
0	0
0	0
0	0
0	0
85	803
0	8
0	302
5	802
0	0
0	0
0	0
0	0
1	0
0	0
0	0
64	99
3	46
23	48
2	24
0	65
0	0
0	0
143	12
0	0
0	0
0	0
2	307
1406	0
0	0
381	0
0	0
0	0
0	0
0	0
0	0
0	0
0	0
0	0
0	0
2277	4
0	0
0	40
0	161
0	116
116	161
7	140
0	23
0	9
0	3
21	148
0	147
0	22
0	21
0	0
0	14
0	12
0	2
0	0
0	1
0	0
0	0
0	0
0	0
0	0
0	0
0	0
0	0
1	0
2	0
0	0
0	0
158	0
0	0
0	0
572	80
0	80
0	0
0	0
17	87
0	93
0	3
19	93
0	96
0	10
0	90
0	70
0	16
0	13
0	18
0	3
0	15
0	18
0	6
0	1
2	186
0	179
0	100
0	160
0	20
0	43
0	62
0	49
0	31
2	37
0	0
0	43
0	95
0	29
0	0
1	60
0	63
2	872
0	872
35	785
1	83
3	1
0	0
0	1
4	0
0	0
0	0
0	0
1	3
0	3
0	0
0	0
0	0
0	0
0	0
0	0
0	0
1	85
0	0
0	0
0	0
0	0
0	0
0	2
0	2
0	0
19	0
0	0
254	0
334	613
0	185
1	0
0	11
0	2
0	3
0	613
0	17
0	125
0	6
0	202
0	10
0	0
0	0
0	0
0	0
0	0
0	0
0	0
0	0
0	0
0	0
26	2
0	2
0	0
50	2864
0	0
0	0
0	0
0	0
0	0
0	0
0	193
43	924
0	885
0	889
1	305
0	0
2	0
0	0
0	58
34	1
0	1
0	0
0	0
0	2
0	2
0	0
0	0
0	0
0	6
0	6
0	6
0	6
0	1
0	0
0	0
0	0
0	0
0	0
0	0
0	0
0	0
0	0
0	0
4160	171
0	35
0	150
1	150
0	63
0	0
0	0
23	4
0	4
3	0
0	172
0	172
0	6
0	3
0	0
0	0
29	0
0	0
2	92
0	0
0	0
0	92
0	42
0	90
0	0
0	2
0	0
0	6
0	0
0	0
0	409
160	413
0	2
0	3
1	166
0	193
0	194
0	0
0	155
0	160
0	147
0	161
0	148
0	0
0	28
0	0
0	0
0	6
0	43
9	81
0	1
0	0
0	0
0	1
8	0
0	27
872	0
0	0
352	2740
996	2594
3	529
1	1562
0	11
15	1584
0	2550
0	1406
0	1393
0	0
0	0
0	0
0	0
0	9
0	14
10	82
32	86
0	88
0	0
0	0
0	0
0	6
0	23
0	0
0	0
0	0
1	0
0	0
0	28
0	29
0	29
0	28
0	15
0	12
0	13
0	6
0	6
0	5
0	0
0	0
0	0
0	0
0	0
0	0
0	0
0	0
0	0
0	0
0	0
0	0
0	0
0	0
0	0
0	0
0	0
2	0
0	0
39	0
1	194
0	182
0	158
0	2
0	169
0	12
1	0
0	0
0	0
0	0
0	0
0	0
6	0
0	0
0	0
0	2
0	2
0	0
0	0
1	0
1336	403
0	0
0	74
0	329
0	0
0	0
0	19
0	20
1	19
0	20
0	0
0	19
0	0
290	40
0	38
0	36
0	28
0	27
0	33
0	33
2	3
1	25
0	0
0	4
0	0
845	118
0	49
0	46
0	22
0	14
0	0
0	778
0	28
0	783
0	8
0	81
0	77
6438	12
1461	71
2	71
32	0
0	0
2	9
0	0
0	0
0	0
4	50
0	47
0	25
0	50
0	51
0	0
0	2
0	0
16	2739
0	2732
5	2
3	7
0	0
4	593
28	593
0	583
2	0
0	23
0	0
6	448
14	448
0	78
0	9
0	0
2	93
0	59
0	389
0	120
0	6
97	476
0	79
0	67
0	48
0	466
0	64
0	56
0	204
0	17
0	14
179	734
1	713
0	690
1	278
0	145
0	17
1	29
0	7
2	0
0	51
39	115
0	4
0	32
0	55
0	1
0	22
1	55
0	0
175	67
0	66
3	1
447	4707
0	2761
3	103
2	1993
1	453
1	1581
0	2177
2	3105
205	54
0	52
0	27
0	1
0	10
0	0
0	2836
29	2924
1	2924
0	2854
0	2917
0	2824
7	2460
18	2490
0	984
28	746
0	0
0	0
1	0
0	0
0	0
53	11
0	14
0	0
0	0
0	0
0	0
0	0
0	96
0	0
0	0
0	0
23	75
0	0
0	9
0	10
0	48
0	16
0	30
0	49
0	37
0	41
0	37
0	0
8	6
0	2
0	0
0	4
3	3
0	2
3	0
0	0
0	0
0	0
0	0
0	1
0	0
15	255
0	256
0	247
0	267
0	274
157	286
0	0
0	5
0	0
30	6
30	393
45	0
28	629
1	388
0	355
2	255
0	0
0	3
0	27
0	0
0	3
0	2
0	0
0	0
14	0
0	0
1	23
0	0
2	371
0	0
0	1
0	0
0	0
0	37
0	0
0	369
5	30
9	37
0	25
0	7
0	0
0	23
2	0
1563	26
0	0
4	36
5	0
0	352
0	0
0	0
0	0
0	0
0	0
0	1
3	1
0	1
0	0
0	0
1	0
0	0
0	0
0	0
0	0
0	0
0	0
0	0
0	0
0	0
0	1
3	49
0	212
0	218
0	10
1	191
4	2
0	0
4	141
9	11
0	16
0	0
0	0
0	596
2	602
0	438
0	91
2	30
0	58
0	55
0	2
0	49
0	50
0	5
0	25
0	25
0	0
8	0
0	0
2	0
2	0
6	118
17	132
0	23
1	3
0	0
4	63
0	0
0	0
1	26
0	24
1	11
5	11
2	1
0	0
0	0
0	0
222	746
0	66
0	571
0	0
0	37
0	94
1	37
0	298
0	175
0	249
2	233
9	2
5	248
0	0
0	248
0	139
25	139
3	12
0	0
0	0
0	0
0	0
0	0
2644	1536
1	1000
0	526
0	0
1	0
0	0
156	722
1	720
0	0
0	0
0	116
49	157
0	32
0	61
0	34
4	54
0	26
3	24
5	3
0	1
0	3
0	3
0	2
0	98
0	99
0	57
0	0
0	3
0	1
260	64
0	10
0	19
2	15
0	28
0	0
0	0
0	3
0	199
0	1
0	12
0	12
0	8
0	199
0	3
0	15
0	0
0	7
0	2
0	0
0	173
0	175
0	173
0	1
0	0
0	0
0	15
0	2
0	1
0	2
0	0
0	0
0	0
0	0
0	0
0	0
0	0
0	0
0	0
0	0
2	51
0	0
6	1
0	1
0	0
0	0
0	0
0	0
2	55
0	64
1	59
0	35
0	13
0	1
0	5
0	5
0	0
0	0
0	0
0	4
113	4
0	1
0	1
0	1
0	1
0	1
0	0
0	1
0	54
0	50
0	72
4	81
1	56
2	59
0	30
0	10
0	8
1	5
5	181
0	180
16	176
0	0
0	1
0	16
0	8
0	38
0	0
0	18
0	0
0	20
0	0
0	0
0	0
10	0
2	287
6	287
0	287
15	0
0	0
0	5
0	5
0	5
12	1322
0	0
14	10
0	0
0	0
1	0
0	0
0	0
0	0
0	0
0	0
0	0
0	59
0	0
0	0
0	0
0	0
0	0
0	0
0	0
0	0
0	0
89	555
205	737
0	242
4	12
0	0
0	0
0	0
11	0
139	4
0	2
0	0
0	0
0	4
0	15
0	0
0	0
0	0
0	0
0	0
2	0
0	0
0	0
0	0
9	8
93	13
0	0
0	5
25	0
0	157
480	353
0	23
0	25
0	337
0	27
0	44
0	44
25	10
0	0
0	41
0	9
0	40
0	33
0	1
0	0
0	10
165	55
0	33
0	16
3	0
0	24
0	0
0	0
117	10
0	70
0	24
0	0
2	6
59	28
0	0
0	4
0	0
1	0
0	108
4	29
0	88
0	14
0	14
0	75
0	78
0	22
0	0
0	24
0	45
10	234
1	234
1	166
0	0
0	0
0	44
0	0
0	0
0	0
0	6
0	4
0	5
0	4
0	0
0	4
0	4
0	0
2603	196
0	196
0	0
0	0
0	0
0	0
0	0
0	0
0	0
0	0
0	0
0	0
0	0
0	0
0	0
0	0
0	744
0	25
0	32
0	0
0	745
0	2
14	379
0	599
0	1
450	307
0	1
0	113
0	132
0	43
0	40
0	12
0	10
0	12
0	0
0	4
0	0
0	0
0	1
0	0
0	3
1	32
0	32
0	32
0	32
0	12
0	0
0	12
0	3
0	5
0	5
0	1
0	8
0	1
0	0
0	0
1	151
0	0
0	0
0	0
0	0
0	0
0	0
0	0
72	0
0	0
0	0
0	0
0	0
0	0
0	0
0	0
0	0
0	0
14	0
27	0
30	6
1	5
0	3
0	0
224	1891
229	2343
349	2318
2285	2308
0	295
0	0
65	0
22	0
0	0
0	29
0	0
0	0
0	0
0	0
0	0
0	6
0	6
0	0
0	0
0	0
0	0
0	31
0	0
0	0
0	1
0	0
0	0
0	5
0	0
1	0
0	0
0	0
0	0
0	0
0	0
0	0
2	82
0	0
0	0
0	0
0	0
0	0
0	0
0	0
13	199
0	196
0	10
0	36
0	8
0	0
0	50
0	0
0	0
0	0
0	0
551	51
0	1
0	0
0	27
0	10
1	0
0	0
0	0
0	0
0	0
0	0
0	0
1	0
0	0
0	0
0	0
0	0
1	1574
0	1532
0	0
12	1538
0	91
5	634
0	618
0	639
0	434
1	467
0	460
0	476
0	10
2	9
2	41
1	8
0	10
0	7
10	0
0	0
0	0
0	0
0	0
0	0
0	8
0	8
0	8
0	2
0	0
0	0
377	2605
0	665
0	1448
0	1374
2	330
0	330
0	10
0	2
0	0
1	0
0	6
0	8
0	0
0	1
2	0
0	156
1	10
782	168
0	0
2858	39
0	35
0	4
0	0
0	0
40	8
0	8
0	4
0	0
0	0
0	0
0	0
0	0
1	0
0	0
0	0
0	0
0	0
0	0
0	0
0	0
0	178
30	178
0	0
0	0
0	0
0	0
0	0
0	0
0	0
0	0
0	0
0	0
0	0
0	0
0	0
0	0
0	0
0	0
0	0
0	0
0	0
0	0
0	0
0	0
2	0
0	0
972	6
0	0
0	0
0	0
0	0
5	505
0	0
0	0
0	0
1	0
0	0
0	0
0	978
0	665
0	431
0	49
0	261
0	81
21	0
49	764
0	534
0	745
0	0
0	0
0	0
0	0
0	0
0	0
0	0
0	0
0	0
0	19
7	182
0	179
0	0
0	5
0	1
0	9
211	75
0	6
0	22
0	50
2	4
47	4
1	0
0	0
27	26
0	26
0	13
0	0
0	0
8	240
0	0
0	0
1	0
0	0
0	0
1367	157
0	115
0	26
2	39
0	26
0	0
0	0
0	0
0	1
0	180
0	48
5	164
1	35
0	155
0	11
0	13
0	10
0	4
0	2
0	0
0	3
0	4
0	1
9	581
0	142
0	0
2	72
0	58
3	56
2	92
2	4
0	4
0	4
0	30
0	6
3	49
0	106
0	0
0	0
18	328
0	72
2	230
13	129
0	35
0	52
0	61
0	10
0	1
0	4
7	14
49	471
7	461
1	143
0	33
421	0
554	247
0	232
0	15
0	63
5	1043
87	1043
0	6
0	17
0	17
1	17
1	5
0	3
0	0
0	1
4	1082
0	256
14	1023
3	2
0	1070
1	281
0	14
0	25
0	0
0	0
0	0
0	0
0	0
0	0
0	0
4	0
7	10598
0	798
1	10784
2	48
1	88
0	0
0	0
0	89
0	0
0	0
0	49
11	633
1	10940
0	7757
2	1593
6	4379
1	7921
12	1626
0	0
1	0
12	0
0	1097
0	0
0	0
0	4
134	838
0	760
0	295
0	20
1	7
10	6
118	0
0	0
0	0
0	0
0	0
0	0
12	3
0	6
14	0
1	0
0	0
0	0
0	0
0	0
0	0
0	0
0	0
0	1
0	0
0	0
0	178
1	190
3	163
0	91
0	72
0	5
2	6
0	0
24	316
0	316
0	0
0	0
0	0
0	0
0	0
0	0
64	0
175	289
10	289
0	21
13	0
0	13
1	8
2	12
17	5
0	0
0	0
3	2270
0	51
2	235
0	141
5	2058
14	390
3	2148
0	24
1	98
21	404
2	0
0	0
0	0
485	15953
49	14878
3	1901
1	1382
0	0
0	0
1	0
0	0
0	0
0	3321
11	0
2	0
0	0
0	0
0	0
0	0
83	372
9	366
0	56
2	28
2226	0
0	472
0	106
0	291
3	441
0	91
0	0
0	25
0	160
3892	219
0	219
14	0
1	0
0	0
537	40
0	40
2	0
0	0
0	0
39	1
1	2
0	2
6	5
0	4
1	4
0	1
0	0
0	0
0	852
0	0
8	0
1	6
0	212
0	6
0	212
0	212
0	0
3	33
0	33
0	31
0	37
0	31
0	2
0	0
0	0
0	0
0	0
0	0
0	0
352	0
9	904
0	903
0	902
0	901
21	90
0	28
0	0
3	15
0	15
0	15
0	0
2	0
0	0
2	45
0	0
0	0
0	0
0	0
0	0
0	0
0	0
0	0
0	8
0	0
0	0
0	0
0	0
0	0
0	0
0	0
0	0
0	0
0	0
0	0
0	0
0	0
0	0
0	0
0	0
0	0
0	2
0	60
0	0
0	48
0	0
0	489
0	0
0	1784
1	9
0	184
0	34
0	0
2	1340
0	1755
6	5
0	1128
0	1756
0	1379
5	57
0	40
2	0
3	12
0	101
0	122
0	30
0	0
0	4
0	0
0	1
0	0
0	0
0	586
0	531
0	0
3	78
0	78
5	38
0	0
0	0
27	0
2135	0
29	0
2	12
0	0
0	0
43	0
457	174
1	93
0	24
2	23
0	67
0	0
726	54
0	46
1	8
0	0
121	11
0	11
0	0
0	4
0	0
0	0
0	1
0	3
0	0
1	20
121	30
0	30
0	1
0	5
0	0
8	0
0	0
0	0
0	111
0	111
0	97
0	108
0	111
2	112
0	113
0	111
0	87
0	8
0	18
0	0
0	0
0	0
0	0
0	0
0	0
137	15
0	15
0	3
0	395
432	399
1	367
0	0
0	0
994	0
0	0
4	1
0	0
0	1
0	1
0	0
0	0
0	1
0	1
0	1
0	1
0	1
0	1
0	1
0	1
0	1
0	0
0	0
0	0
0	0
0	1
0	1
0	1
0	1
0	0
0	0
0	0
0	0
0	0
0	0
0	1
0	0
0	0
0	0
0	0
0	0
0	0
0	1
0	1
0	0
0	0
0	0
0	0
0	0
0	488
0	0
0	488
0	451
0	1742
20	0
4	1561
0	609
0	0
0	127
0	0
0	18
2672	405
0	188
6	222
1	13
0	0
3	55
4	4
0	3
0	0
0	0
0	15
0	15
193	25
0	19
0	12
0	1
0	0
0	0
16	9
0	9
0	3
0	0
1	6
0	2
0	2
0	0
0	0
0	0
0	0
0	0
1	88
0	88
0	78
2	92
0	90
0	72
0	8
0	14
0	6
0	14
0	7
0	1
0	0
0	7
162	0
0	0
3	0
0	0
0	0
1	0
0	0
0	0
0	0
0	0
0	0
0	0
7	0
0	0
0	0
0	0
0	0
0	0
0	0
0	0
25	416
16	413
0	138
0	64
2	25
0	157
0	7
0	757
4	66
4	56
0	704
9	99
1	727
4	2
0	2
0	0
0	0
3	23
0	0
0	5
0	23
309	451
0	273
0	198
278	968
0	747
0	258
21	0
27	0
0	0
0	0
0	0
686	203
0	203
0	12
0	0
0	0
0	0
5	7
10	2613
7	2609
0	2423
0	0
0	0
0	2606
1	655
31	2606
0	0
210	2422
0	2422
0	1
0	39
1	39
0	17
1	19
0	31
0	31
0	0
0	0
2	0
0	0
0	0
0	2
0	2
433	0
2	187
0	185
0	179
0	181
0	40
0	0
0	0
0	0
2	0
0	15
0	0
0	0
1	32
0	5
0	8
0	6
0	6
0	0
0	33
0	2
0	33
0	33
0	0
0	0
0	0
0	1
0	1
0	0
0	0
0	0
0	3
447	101
1	100
0	1
0	0
111	1110
0	1110
44	0
0	16
0	0
0	0
0	0
1836	18
0	0
0	0
0	0
0	5
0	3
0	11
0	3
1687	2
0	0
0	0
0	0
0	14
153	170
2	35
0	31
0	59
0	11
0	92
0	57
68	65
0	65
0	0
0	0
0	0
0	0
0	0
0	0
0	0
0	0
0	0
0	0
0	0
0	0
0	0
0	0
0	0
0	0
0	0
0	0
0	0
0	0
0	0
0	0
0	0
0	0
20	0
432	1146
13	1146
10	4
37	4
0	0
0	0
0	0
0	0
0	0
106	7
0	7
0	0
0	0
0	0
0	0
0	0
0	0
0	1
1	0
0	0
0	0
0	0
0	0
0	0
0	0
1	0
0	0
0	0
0	0
0	0
440	961
0	222
1	660
0	91
0	143
0	248
0	249
2616	286
1	0
0	130
0	0
0	0
1	0
0	0
0	0
0	0
8	156
4	153
0	88
0	67
0	9
0	3
0	17
0	5
0	0
0	9
0	0
0	0
356	135
0	21
0	130
0	0
0	0
0	14
0	0
0	0
0	0
0	0
0	0
0	0
0	0
0	0
0	0
0	0
0	0
0	0
10	11
0	0
0	0
0	0
0	0
4	911
12	7
0	0
6	2075
1	2075
8	2079
0	2
0	2
0	3
0	0
1	0
0	5
7	6
0	1
0	0
0	0
0	0
90	137
0	93
0	61
0	45
0	25
0	0
0	0
0	0
0	0
0	0
2	471
302	471
0	15
0	8
0	18
0	114
1	390
0	358
0	0
0	86
0	90
1	56
1	5
0	4
55	0
23	5
1	5
0	0
0	0
2	0
111	219
0	217
0	33
0	0
0	5
1	0
0	0
0	140
0	3
1	0
0	140
0	13
0	0
0	0
0	0
0	0
0	0
0	0
0	0
2949	988
31	950
0	680
1	427
0	0
11	265
0	298
0	233
3	25
2	6560
32	6714
0	1669
1	1141
1	33
6	82
0	0
0	4
0	0
13	187
2	188
2	0
0	47
0	0
0	0
0	0
10	0
0	0
6	0
3	0
864	116
1	3
0	55
0	60
6	14
0	10
0	13
0	2
0	0
0	0
0	0
158	3205
8	3119
0	130
0	100
1	1783
0	1810
0	75
0	0
0	217
0	0
0	39
0	22
1	627
0	40
0	625
0	0
0	1
4	374
0	376
0	103
3	133
0	0
0	0
0	0
0	0
0	0
0	0
0	0
0	6
0	12
4	12
0	0
0	0
0	0
2	0
0	0
0	0
0	0
0	0
0	0
0	2
0	2
0	0
7	818
0	694
0	650
0	18
0	28
36	0
15	0
0	0
0	0
0	0
0	0
0	0
121	18
0	16
0	7
3	0
0	0
58	0
21	219
1	194
1	208
0	19
0	13
0	16
0	107
0	8
0	3
0	0
0	0
0	0
18	0
12	3351
13	3351
2	3352
0	1262
0	645
0	535
0	535
0	0
0	13
0	123
0	54
0	31
0	31
0	23
0	24
0	12
0	7
2	0
0	0
0	0
0	0
37	213
5	213
0	75
0	5
0	0
138	546
0	535
0	188
5	91
0	0
0	0
0	0
25	0
0	0
0	0
0	0
2	2137
0	703
0	0
0	2130
0	0
0	2113
69	722
0	0
0	0
0	0
0	0
12	0
0	0
0	0
1	0
1	0
0	315
49	565
2	373
0	40
0	489
0	81
0	92
0	88
0	92
0	5
0	2
37	5
2	0
0	0
0	0
0	36
0	0
0	0
0	0
0	284
0	0
0	284
0	284
1	281
0	282
0	268
0	101
0	0
0	147
3515	3984
0	0
0	0
1	0
0	0
0	0
0	78
0	105
0	273
0	47
0	0
0	0
1	0
0	0
0	0
0	0
0	54
3	54
0	3
0	221
1	22
0	0
27	1515
4	1499
20	1726
0	1738
95	872
0	14
0	3
0	3
0	692
0	39
0	0
0	0
0	2
0	2
0	2
0	16
0	19
5	31
0	7
0	9
0	0
0	0
0	0
0	0
0	170
0	170
0	22
1	0
1	377
157	27
0	27
0	0
0	3
0	3
0	2
0	0
0	0
0	3
0	1
0	1
0	1
0	1
0	1
2	492
3	493
3	485
0	16
0	3
0	1
0	1
0	0
0	0
0	207
34	1616
34	1043
0	257
0	1548
4	43
0	2
0	2
0	0
0	0
0	1
3	79
0	79
0	79
0	79
0	73
0	81
0	77
0	55
0	66
0	8
0	5
0	10
0	5
0	1
0	2
0	2
0	1
117	0
2	14
0	4
0	14
0	2
0	0
0	0
0	0
2120	2
5519	1525
36	1521
75	874
0	457
0	487
3	795
229	927
46	917
5	131
6	7
30	854
2	851
0	266
0	275
0	238
0	135
0	132
0	64
0	125
2	88
3	71
0	32
0	21
3	47
359	0
116	28
0	28
0	0
0	3
0	32
0	32
4591	4248
0	2364
0	4597
4	303
1	455
0	132
47	355
60	350
0	47
10	122
152	0
0	402
2	377
0	84
0	120
0	373
2281	0
0	0
0	0
0	0
0	0
0	14
0	0
0	2
0	0
0	12
0	0
3728	2968
296	2985
0	808
135	1007
0	30
0	204
0	114
4	22
11	24
0	5
54	0
49	556
128	556
4	2
2	12
4	4
0	4
8	5
0	19
0	0
0	0
0	0
3	0
6	166
26	31
8	80
7	127
0	0
0	0
0	0
14	31
0	28
0	0
0	9
19	3543
0	13
2	2276
0	1214
0	2521
1	3142
0	2661
0	1058
0	641
0	324
236	1741
0	947
0	590
0	474
1	166
0	211
0	913
2	985
0	852
0	346
0	19
0	19
0	19
5	3
834	1148
4	727
1	36
0	146
4	219
0	76
3	74
0	345
2	17
7	124
25	442
2	96
4	4
0	316
0	3
0	1
0	3
0	3
0	3
0	3
3	4
0	11
0	4
0	0
6	75
12	146
0	70
1	5
0	11
2	0
0	25
4	3508
20	3556
15	3615
19	3740
0	1
5	1053
1	702
0	756
2	820
0	947
0	1060
0	1079
2	1051
0	0
0	68
0	54
1	118
0	167
3	94
0	113
5	37
0	25
0	9
0	0
0	0
0	0
0	323
4	1379
0	145
0	5
0	1359
0	1002
0	197
7	0
122	0
0	0
2	5
0	0
0	0
0	5
3	325
148	1246
25	810
10	324
38	474
4345	886
0	823
1	223
1	60
4	55
2	492
0	3
0	1
204	40
84	2825
2	753
13	796
74	2594
0	1514
0	0
0	0
0	0
0	147
0	210
0	2154
0	2836
0	0
0	1559
0	2849
0	1468
0	773
0	2844
0	2807
2	164
0	49
0	1518
0	47
2	818
0	146
6	120
0	78
0	109
1	44
1	141
0	90
0	83
11	392
0	69
1	114
0	250
0	0
1	0
4	537
0	9
1	381
6	468
0	133
0	238
0	46
0	0
0	0
0	2
0	17
0	0
0	14
34	729
20	131
0	104
6	749
2	740
6	496
0	448
5	57
0	0
0	0
0	20288
1	23577
0	23563
35	3691
0	0
88	387
25	182
6	201
3	36
456	791
87	798
343	176
3	67
0	110
2	96
2	743
0	742
1	721
0	22
8	40
0	0
5	229
5	465
0	0
7	236
28	524
2	160
0	165
187	2639
0	463
8	1987
2	709
2	861
0	1990
3	690
1	624
1	434
3	137
0	31
0	0
2	359
0	0
0	359
0	0
0	0
0	0
0	3
0	3631
6	3100
27	4238
115	4238
3	450
34	564
1	138
5	153
2	3123
532	3127
2	1107
1	177
1	983
0	631
0	0
16	98
0	0
0	2
0	0
0	2
0	0
0	0
375	69
0	54
0	21
0	18
0	395
4	9
4	367
0	98
0	364
8	398
0	357
0	53
8	106
0	47
0	36
36	1693
14	1658
0	312
0	1221
1	169
0	268
1	504
1	268
0	0
11	37
0	1039
1	889
2	935
0	911
6	823
0	67
0	76
0	53
0	124
0	0
51	838
1	642
0	852
0	113
25	54
0	1013
0	1013
0	225
0	239
0	239
0	685
0	137
24	809
5	533
0	548
0	464
0	146
1	120
0	433
1	243
0	403
0	135
232	0
0	16
1	108
0	0
0	84
0	90
0	0
0	4
1	0
4	23
0	30
0	20
0	13
8	33
0	0
2	1
0	0
0	1
7	1678
23	1420
0	1726
0	277
0	1120
4	0
0	463
64	974
8	573
0	156
20	551
0	551
8	354
0	253
0	270
0	347
4	299
39	440
5	316
1	295
1	82
2	72
0	139
0	110
1	120
0	0
1706	321
28	304
3	0
1	170
12	0
0	0
4	2539
0	2322
2	2543
0	406
0	250
0	1084
8	2249
1	241
1	10
0	371
1	1049
1	237
0	1
0	0
1	0
0	0
0	0
49	0
0	0
0	0
7	0
0	606
0	606
2	606
33	621
0	48
0	33
1	46
9	6
40	39
7	39
1	2
32	14
0	7
4	158
1	774
12	937
22	777
14	200
7	76
38	46
1	46
0	14
0	308
0	28
0	308
0	22
4	48
0	303
0	24
0	206
0	58
0	46
6	45
38	1827
1	29
0	42
1	1798
1	121
1755	120
0	30
3	106
0	35
5	64
0	1143
227	1481
0	472
3	1240
32	14
227	14
2	2
88	3733
8	13
0	1644
0	1113
0	1221
0	3732
2	41
3	55
1	333
0	2484
3	2532
81	106
121	106
964	2569
1	17
0	2556
0	0
0	0
39	0
0	0
83	93
0	87
1	0
15	1187
0	1151
0	1068
0	923
0	745
0	27
0	106
0	53
0	1
0	14
0	15
0	61
2	17
0	8
1	78
0	15
0	12
0	0
0	0
11	1653
11	1363
1	286
0	286
4	977
7	1431
0	568
0	935
1	79
2	742
1	263
0	123
0	0
30	1663
0	1719
8	2173
0	2175
5	81
0	0
2	6
12	1686
4	1063
0	1668
3	1669
0	0
0	0
1	32
0	499
0	1131
0	7
0	82
0	346
0	0
0	0
0	48
0	51
0	31
5	22
0	17
0	1216
16	2115
11	438
1	747
4	770
0	300
0	1774
5	1663
1	1129
0	251
0	0
0	737
76	233
0	52
25	56
0	0
6	777
1	3774
51	4521
87	4587
0	1053
3	1053
31	1213
0	401
4	46
0	107
0	135
0	109
0	133
0	6
1	15
4	57
0	3
0	3
0	0
4	43
0	0
6	3874
0	3886
0	3940
0	3913
9	3920
0	6873
1199	9522
8	1252
0	2136
16	114
3	0
24	114
497	376
1	376
1	251
0	18
3	2
0	2
1801	64
3	456
2	337
0	342
0	46
0	375
8	390
1	12
0	53
16	818
0	818
0	256
0	70
0	0
0	43
0	22
0	19
0	0
1989	295
0	114
2	189
0	276
0	0
1	0
0	20
0	223
2	182
1	78
0	110
1	86
0	96
0	14
0	3
19	1563
144	1589
0	687
0	1263
0	95
0	104
1	291
206	129
0	32
0	0
0	59
0	17
0	28
0	0
7	2188
3	0
1	463
522	2188
2	585
0	521
0	1411
121	1493
7	1416
11	1461
24	656
0	4331
0	4589
5	4448
4	3705
0	3976
0	2031
10	2099
3	782
0	261
1446	1607
8	1607
785	0
0	0
0	1
1	1
0	1
394	2646
3	2150
0	577
4	2003
1	288
15	1381
21	1604
136	2636
0	0
0	1
0	0
0	1
0	2
0	2
0	0
0	0
0	0
0	8
2	7
0	32
60	32
0	28
6	251
0	251
201	501
0	161
4	367
0	282
0	0
0	0
8	0
9	1
0	1
1	4
0	4
0	0
0	0
0	0
0	0
0	0
0	5
0	0
0	0
0	0
0	0
0	0
0	0
0	0
0	0
0	0
0	0
347	0
0	0
0	0
0	0
0	0
0	0
0	0
0	0
0	0
0	0
0	64
0	0
0	0
1	64
0	0
0	0
0	0
0	0
0	0
0	0
0	0
0	0
0	0
0	0
0	0
0	0
0	0
0	0
0	0
18	557
0	294
0	0
0	0
0	0
0	0
3	0
0	0
2	0
0	0
0	0
0	0
0	0
0	0
0	0
0	0
0	0
0	0
0	0
0	0
0	0
11	1158
0	0
0	0
0	0
0	0
0	0
0	0
0	0
0	0
0	0
0	0
0	0
0	0
0	0
0	0
0	0
0	0
0	0
0	0
0	0
0	0
0	0
0	0
0	0
0	0
0	0
0	0
0	0
0	0
0	0
0	0
0	0
0	0
0	0
0	0
0	0
0	0
0	0
0	0
0	0
0	0
0	0
9	28
0	0
0	0
0	0
0	0
0	0
0	0
0	0
0	0
0	0
1	0
0	0
0	0
0	0
0	0
0	0
0	0
0	0
3	0
54	2
0	0
0	0
87	9
0	0
410	301
0	86
0	233
0	0
0	0
0	0
0	0
0	0
0	0
0	0
0	0
0	0
0	0
0	0
0	0
0	0
0	0
0	0
0	0
0	0
0	0
0	0
0	0
0	0
0	0
0	0
0	0
0	0
0	0
0	0
0	0
0	0
0	0
0	0
0	0
0	0
0	0
0	0
0	0
0	0
0	0
0	0
0	0
0	0
0	0
0	0
0	0
0	0
0	0
0	0
421	128
0	33
0	122
0	0
0	0
0	0
0	0
0	0
1	0
7	0
0	0
0	0
4	79
6	79
0	59
0	41
0	0
12	0
11	0
314	307
0	27
4	143
1	105
2	298
0	309
0	0
0	0
0	0
1	272
1	259
1	1
0	1
0	1
0	1
0	1
0	1
0	1
0	0
0	235
545	287
1	284
0	0
27	15
0	11
0	4
0	130
0	1881
2	1714
100	2008
0	1909
0	1734
2	507
0	375
2	1655
13	1624
7	305
0	415
21	1526
0	174
3	209
1422	1343
2	1199
0	81
0	412
0	70
0	239
0	48
0	4
0	0
0	0
0	0
0	0
6	193
0	86
6	87
0	72
0	0
0	12
0	2
0	0
0	0
0	4
0	4
0	30
0	7
0	7
0	22
0	1
0	20
0	7
2	0
0	0
0	35
0	35
0	35
0	4
0	4
0	0
2	913
0	15
0	44
2	526
0	728
0	889
2	9
0	11
0	6
0	46
2778	3818
0	369
2	3449
4	3053
0	1
0	0
0	325
23	337
0	81
0	228
0	14
0	173
0	11
7	428
0	5
0	411
0	0
0	32
0	404
0	4
0	409
0	406
0	32
0	6
0	9
0	182
0	421
3	19
1	0
61	1679
1	922
0	1262
0	1659
0	181
0	2
4	2
2	0
4	0
0	399
0	0
0	272
14	662
1	1051
0	868
0	994
1	897
0	89
5	68
0	13
103	0
0	0
621	3698
0	3857
0	1341
1	3153
0	2616
3	2424
0	191
2	302
13	1849
13	1849
0	1601
0	1830
0	75
0	2
0	0
7	116
0	0
456	880
0	136
1	765
4	143
3	260
0	2
0	3
0	3
0	0
0	0
0	1
79	465
2	134
6	66
0	33
1	61
2	135
6	287
34	155
860	126
0	0
46	0
0	70
6	11
0	8
0	46
1	333
1	13
0	436
0	403
3	326
0	470
0	375
0	360
0	342
0	91
0	51
1	9
0	99
0	101
0	99
0	4
0	14
2	7
0	5
0	8
0	0
25	0
9904	4425
0	2173
5	4377
1	346
1626	642
0	154
0	521
0	0
0	258
0	319
3	3
0	3
0	3
0	3
0	1
0	1
0	0
1215	14
0	14
3	56
0	58
0	12
0	56
0	683
50	678
1	284
0	6
0	51
0	24
0	493
0	277
0	4
0	4
0	3
0	0
0	2
0	3
2	3
4	255
1087	558
12	81
0	212
0	11
0	103
16	309
0	241
1	33
2	314
0	326
0	327
1	332
0	57
0	0
0	0
8	0
0	0
0	24
0	1
24	1
0	6
0	95
0	138
2	314
0	298
0	3
0	126
0	70
0	0
1	117
0	5
0	9
0	7
79	0
21	1291
163	1291
0	37
0	0
0	0
0	0
0	0
0	501
0	468
0	388
0	78
0	466
0	4
0	381
0	341
0	32
7	26
53	342
870	6268
4782	6161
10	777
16	0
1272	134
0	134
5	387
5	380
0	3
0	14
0	7
3	181
3	181
0	46
0	0
0	44
0	46
0	38
0	19
0	10
0	2
0	7
4	536
1	401
0	528
0	662
0	639
0	745
0	63
4	246
0	104
3	32
0	198
0	86
1	71
0	68
0	1
0	41
0	76
0	68
2	0
0	693
0	707
5	33
45	81
0	22
0	0
0	28
0	0
0	0
9	263
0	38
1	205
0	36
1	254
0	24
0	19
4	32
0	15
0	0
596	1041
2	1041
0	289
2	175
5	2
1	2
4	0
2	379
38	381
0	130
16	61
0	71
2	104
4	55
7	48
0	28
0	30
0	6
181	2097
0	52
71	1704
4	1709
285	195
1	195
22	120
0	7
140	1598
3	484
0	262
1	262
0	1393
0	193
0	44
0	103
0	217
0	0
0	124
0	0
133	1384
2	1020
13	689
10	206
0	17
928	283
1	283
9	18
1	0
3	24
0	52
2	1171
0	1173
0	0
0	7
0	1168
0	35
0	113
0	166
0	150
0	2
0	151
11	16
0	7
0	12
0	16
1585	476
0	115
0	0
22833	1815
1	926
0	725
0	405
1	476
0	390
0	0
0	1
1	30
0	0
199	0
33	50
30	13
0	541
0	0
31	13
21	558
105	690
0	0
0	131
0	132
1	0
0	0
5	0
0	0
4	0
0	17
10	4
2	4
81	13
1	13
0	0
0	0
0	0
0	0
0	0
0	0
0	0
0	0
0	0
0	0
0	0
0	0
0	0
0	0
0	0
0	0
1	12
0	0
0	0
0	0
0	0
0	0
0	0
55	0
0	1
1	1
15	515
12	515
0	21
0	19
0	67
0	6
0	0
380	311
1	213
3	136
2	221
2589	0
916	33
1	14
0	14
0	3
0	33
44	957
31	976
1	730
2	2
1	921
0	180
1	1344
0	1495
0	480
7	615
0	8
13	755
0	1276
0	220
0	25
2	25
0	5
0	2
30	279
34	279
0	18
0	620
0	380
0	9
5	642
0	622
0	30
0	53
0	128
0	80
11	34
1	24
0	53
19	125
10	111
16	568
11	522
1	83
2	227
0	139
7	164
0	0
6	0
55	1651
23	1601
1	130
0	0
0	0
0	0
0	0
0	0
0	0
0	0
0	6
0	6
0	6
0	1
0	0
136	835
0	698
0	71
0	62
0	80
3	151
0	2
0	0
0	0
0	1
23	2
0	0
0	0
0	0
104	127
0	3
0	39
0	49
0	0
0	21
0	6
0	50
0	11
369	815
0	795
1	47
0	32
0	5
0	5
12	5
0	2
1	0
0	0
0	0
0	0
123	69
0	5
0	64
0	0
12	80
0	74
0	0
0	80
0	6
0	56
137	287
0	83
0	260
0	246
0	16
0	0
14	1461
0	57
13	1455
0	0
0	49
0	0
0	0
456	607
0	583
2	397
0	2
5	15
1	0
920	1047
5	942
0	133
0	367
0	0
0	0
0	3
392	4
0	0
0	1
0	0
0	0
0	0
1	0
0	0
0	261
90	261
0	0
2509	1295
0	701
0	309
1	538
91	0
0	0
75	220
0	220
0	0
0	0
0	0
0	0
0	0
0	0
0	0
0	0
0	0
0	0
0	50
0	0
0	0
0	0
0	0
0	0
0	0
0	0
0	0
0	0
0	0
0	0
0	0
0	0
0	0
0	0
0	0
0	0
2	1147
0	0
0	0
0	0
0	0
0	0
0	0
0	0
0	0
0	0
0	0
0	0
31	104
0	104
0	7
0	0
0	4
0	0
0	0
0	0
0	0
0	1
6	1
0	0
0	1
0	0
0	21
0	0
0	0
0	2
0	2
0	0
0	0
0	0
0	0
0	0
0	0
110	66
0	15
0	51
0	0
0	4
0	6
72	630
0	359
0	0
0	271
0	1
0	0
0	0
0	0
0	0
0	0
0	0
0	0
110	0
0	0
0	0
1110	87
0	0
0	23
0	34
0	0
0	0
0	24
0	14
0	0
0	0
0	3
0	0
0	0
0	0
0	205
54	299
0	277
0	224
32	36
0	5
0	31
0	0
0	0
0	0
0	1
0	1
1311	66
0	46
0	20
0	0
0	0
0	0
0	0
3	5
0	0
0	5
0	7
0	0
0	8
387	174
0	164
0	0
0	0
0	0
0	0
23817	3626
0	2447
0	0
0	1179
0	0
0	0
0	0
2	5
0	5
28	99
0	83
0	71
0	2
0	30
0	0
15	5
0	48
0	45
1	43
0	0
0	0
1	49
3	43
0	10
0	7
0	0
0	0
0	6
30	73
0	66
1	12
0	26
3	6
0	3
0	13
0	0
0	0
0	0
8	12
8	12
0	8
1	0
0	1
9	68
0	0
5	80
0	80
0	0
0	0
0	0
0	0
0	0
1	0
2231	440
0	248
0	414
0	55
0	0
0	0
0	0
0	0
0	0
0	0
0	0
0	0
0	0
0	0
0	0
0	0
0	0
0	0
0	0
0	0
0	0
0	0
0	0
0	0
446	196
0	46
0	114
0	22
1	41
0	4
1	2494
0	2076
0	937
0	1765
2	2448
0	1592
0	1815
5	32
0	0
0	61
0	48
0	41
0	70
0	1576
0	21
0	21
0	132
362	409
0	35
0	74
0	4
0	53
0	32
0	240
2	253
0	26
7	0
0	0
0	0
0	0
0	0
0	0
0	0
0	0
0	12
0	6
0	14
0	5
0	11
1	1
1	1429
0	916
1	994
5	567
9	1197
0	228
0	0
0	0
0	0
259	332
6	313
0	8
0	10
0	1
0	67
0	0
0	245
0	0
0	0
0	0
0	156
0	921
7	890
0	188
0	134
0	142
0	10
0	902
1	131
0	85
0	0
3	10
0	0
0	0
0	0
54	464
0	1
12	463
0	0
2122	399
0	375
0	374
1	250
1	19
0	35
0	144
0	0
0	0
0	0
0	0
0	0
0	0
0	140
3	147
0	131
0	72
0	59
0	0
0	0
0	16
0	8
0	19
2	197
1	150
0	156
0	191
0	209
0	128
0	22
0	18
0	0
1	1
0	1
0	0
0	5
0	5
0	0
0	0
0	0
0	0
0	1
0	2
0	0
0	0
0	0
0	277
16	304
0	70
0	12
31	0
0	230
2	238
1	238
0	229
0	229
0	23
0	220
0	10
3	71
0	5
113	363
1	351
1	145
0	0
0	0
0	0
0	0
0	0
0	0
0	0
0	0
0	0
0	0
0	0
0	0
0	0
0	0
0	0
0	0
0	0
1	0
0	0
5	579
0	551
0	130
0	117
0	107
0	16
0	0
0	20
0	2
4	0
0	0
0	0
1	0
1365	6
0	0
0	0
0	0
0	0
0	0
0	0
1	1
1	0
27	4
1	0
123	9
0	9
0	331
98	405
4	379
2	176
0	104
0	27
0	56
0	59
0	56
0	56
0	59
0	1
0	1
2	0
0	0
286	617
0	0
0	27
0	0
0	5
2	4
41	47
0	339
107	435
0	317
0	404
2	68
0	23
0	81
0	14
0	63
0	9
0	2
21	0
0	0
0	0
5	0
2	457
0	462
0	22
0	28
0	0
1	3
4	3
990	121
5	64
0	126
0	100
0	0
0	0
105	48
0	37
1	25
1574	1265
4	1259
38	0
180	826
2	715
0	321
0	0
3	122
0	0
0	0
0	0
0	0
0	0
0	0
0	32
0	0
0	0
0	0
0	0
7	39
0	7
0	6
0	0
0	0
28	0
0	0
0	0
230	7302
0	6349
1	916
3	1491
1	660
3	177
28	1409
0	449
0	279
14	1259
6	287
0	20
0	59
6	0
0	0
0	0
0	0
0	29
19	29
2	0
0	0
0	1
0	1
0	1
4	80
0	0
0	0
29	21
0	21
0	3
0	0
0	0
0	0
0	0
0	0
0	0
0	0
0	0
1	0
0	0
0	0
0	0
0	0
0	0
0	0
3	21
0	3
0	0
0	18
0	0
0	0
7	694
0	675
0	618
2	121
0	98
0	16
0	31
22	346
5	35
0	1
0	320
0	39
0	247
0	0
0	56
0	37
0	0
2	0
0	0
5	62
0	1
0	1
0	4
4	198
0	2
0	10
0	1
0	2
0	201
0	2
1	0
0	0
363	4
0	0
0	0
0	0
0	0
1	0
0	0
12	0
489	0
0	0
0	0
1	191
1877	191
0	84
0	0
0	0
4	0
0	0
0	0
0	0
0	0
3	1875
3	1875
22	24
2	11
0	24
41	70
105	70
0	0
0	0
1068	1192
0	1192
4	19584
5	19279
11	10910
6	1324
0	1157
0	138
1	1312
0	93
1	289
0	0
0	0
66	13
0	13
0	778
446	1639
8	1429
0	47
0	438
0	0
1	8168
422	8783
27	939
0	2593
0	80
0	145
4	714
1	487
1	593
22	735
0	41
1	196
1	180
0	75
1	20
0	0
0	0
1	39
0	0
0	0
0	0
0	0
0	0
834	2067
1	2065
9	1129
3	280
2	275
5	256
13	186
1	47
2	53
4	72
4	10
5	56
64	5751
6	3655
2	4551
0	3433
0	2672
8	4273
0	0
0	0
370	477
2	314
3	362
0	183
3	126
7	140
0	129
0	76
0	62
0	44
0	6
0	0
0	28
0	0
59	77
0	71
0	16
0	2
0	0
1610	7298
3	2618
5	3785
9	4281
0	0
0	0
0	0
0	0
58	398
0	398
1	175
13	1703
3	1881
0	1880
3	1905
0	237
0	108
0	237
1	75
0	163
0	80
4	19
0	19
0	3
0	0
0	1
0	3
0	1
0	2
400	0
105	412
38	412
0	0
38	3771
3	326
48	3774
0	193
7	257
10	772
7	758
3	775
4	333
1	213
8	230
1	198
0	231
0	225
2	13
0	1
116	11
4	11
0	0
0	0
0	0
2163	147
0	69
0	0
52	12039
437	12039
0	0
1	10195
3	0
1	0
33	0
12	143
0	30
0	55
2	143
0	39
2	42
0	62
0	24
0	29
0	49
0	10
3382	1925
2	1809
2	162
0	227
0	41
0	44
0	122
504	6067
328	5992
0	2636
2	1431
18	662
0	0
1	0
411	411
0	406
0	406
0	4
0	29
0	6
0	0
0	0
0	1
0	5
12	4
2	0
0	0
7	1462
76	1462
0	0
0	116
4	361
25	361
0	0
983	262
0	43
0	34
0	0
5	49
0	20
2	88
0	137
6	540
0	28
2	37
0	23
0	530
13	428
0	65
0	50
218	29
0	9
0	21
0	0
0	0
0	0
0	0
0	0
0	0
140	94
1	53
0	4
3	27
0	23
0	12
0	12
1	11
0	2
0	2
0	1
0	1
0	0
0	0
0	0
0	0
0	200
5	202
0	152
1	38
0	25
0	15
1	15
6	3
0	4
0	4
0	2
0	45
0	18
5	42
0	11
0	41
0	936
4	936
0	0
0	0
0	0
0	0
0	0
0	13
1	13
46	2
0	2
0	0
4	164
1	2
0	0
0	0
0	162
0	15
5	784
19	808
0	704
7	204
0	207
1	200
0	196
0	183
0	187
0	177
0	1
0	184
0	0
0	0
0	1
0	0
3	304
0	304
164	149
50	0
0	0
0	0
0	0
0	0
0	0
0	0
0	0
0	0
0	0
0	0
0	0
0	0
0	3
0	0
0	0
0	0
0	0
0	0
0	0
0	0
0	0
0	0
0	0
0	0
0	0
0	0
0	0
0	11
2	11
0	2
0	6
0	8
0	59
0	69
8	62
1	62
0	6
0	5
0	3
0	5
0	0
0	0
0	0
0	2
13	14
0	0
0	0
0	1
0	0
0	11
0	0
0	0
0	0
23	861
0	33
0	861
0	0
0	0
0	0
0	0
4871	18
0	2
0	2
110	484
5	414
68	152
0	274
27	294
0	52
0	189
0	124
0	1
1	22
0	63
1	48
4	150
0	1
0	35
0	0
0	0
0	0
0	29
155	32
0	0
0	0
0	0
0	3
0	0
33	2739
2	2688
0	70
3	61
0	2
95	2641
0	0
466	156
0	24
11	132
1	58
0	0
3	0
0	0
0	0
5626	100
0	14
2	86
0	44
0	50
0	13
0	5
0	9
0	0
0	1
0	1
1	1
0	0
0	0
469	836
0	255
5	460
0	259
1	296
191	12
0	8
0	11
0	7
4	0
0	0
16	88
0	0
0	0
2	0
0	28
0	24
0	27
0	15
0	3
0	0
0	0
0	0
0	0
0	19
0	0
0	33
0	39
34	39
0	0
0	10
0	0
0	0
0	9
7	0
1365	274
1	0
0	13
0	81
0	110
0	43
0	53
0	0
313	100
0	93
4	1
1	28
0	26
0	6
0	6
28	540
0	538
0	439
0	221
1	170
0	18
0	14
0	7
0	0
0	0
0	0
0	0
0	21
0	3
4	20
0	1
0	1
0	0
36	120
0	120
1	10
1	0
0	5
3	0
0	0
0	0
0	0
0	0
0	0
0	0
2184	1099
1	1086
0	621
0	0
0	1117
0	1225
3	1200
30	1166
41	363
2	272
0	278
0	176
1	0
0	0
0	0
0	0
2	0
0	0
0	0
1	0
0	0
1	0
0	0
8	0
2	0
14	0
14	0
20	0
66	6
1	4
0	2
0	2
0	0
0	2
0	0
0	0
13	278
14	1845
22	1850
0	469
0	153
0	106
0	70
4	45
0	0
2	24
0	0
4	212
0	70
0	0
0	0
0	1
1	22
0	0
0	0
0	0
0	0
2	1
0	0
2	0
0	0
0	0
0	1
0	101
0	0
5	52
0	31
0	0
0	20
0	31
0	26
0	11
1	8
0	0
0	0
0	0
0	30
5	982
0	982
0	99
0	15
0	4
0	0
0	0
0	0
0	0
283	128
0	41
5	39
0	53
0	0
0	0
6	0
80	2710
1	2544
0	1472
0	34
2	0
0	738
0	856
0	301
0	70
0	3
2	3
0	0
0	0
0	0
0	0
6	1
0	1
0	1
0	0
0	0
0	0
0	0
14	0
179	465
0	44
0	79
0	362
0	0
1	1122
3	1240
0	588
1	0
0	1
10	15
0	0
0	10
0	0
0	0
0	0
6	178
0	0
0	0
2	17
0	0
0	0
0	171
0	4
1	0
18	117
1	7
0	5
0	12
0	5
0	0
0	98
0	0
0	3
0	8
0	1
0	30
0	0
3	6643
0	0
601	565
0	338
57	613
0	32
2	194
0	320
13	0
1	2403
0	144
43	69
0	8
0	50
0	0
0	25
64	2
0	0
0	0
0	6
2	0
0	15
192	172
0	18
0	0
0	0
5	19
0	19
0	83
0	55
0	73
0	7
8	336
0	386
1	385
0	390
0	0
0	0
0	2
0	0
0	0
2	0
1	0
0	0
0	1
1	93
0	93
0	6
0	0
1	0
0	0
0	0
2	0
0	3
0	0
0	0
0	0
0	0
0	0
2543	24
179	23
0	2
0	16
0	17
0	16
0	16
0	2
0	3
0	0
1	3
0	0
2	1
0	1
0	0
0	0
0	0
0	0
0	0
0	11
0	164
0	154
0	397
0	416
0	25
0	0
0	0
0	4
0	0
0	0
14	333
0	12
0	2
0	315
0	0
0	10
0	9
0	87
11	141
0	161
2	170
0	26
0	5
0	0
3	0
799	0
0	0
260	698
5	443
0	697
0	0
0	0
0	95
0	80
0	98
0	96
0	16
0	32
0	17
5	0
0	0
0	0
0	0
0	0
0	0
0	0
0	0
0	0
1175	0
3	13
0	0
0	0
0	0
0	0
0	0
0	0
0	0
0	0
0	0
0	0
0	0
0	0
0	0
0	0
0	0
0	0
0	0
36	322
0	59
0	12
0	265
0	2
0	11
22	1202
0	1181
0	122
0	0
0	0
0	0
52	0
1	0
0	0
0	0
0	0
0	1895
0	1845
0	1836
18	237
2	1949
0	67
0	194
0	355
5	329
2	790
0	777
0	2014
0	557
0	21
0	727
1	1129
3	0
0	0
0	0
0	0
0	0
0	0
0	0
0	0
0	5
0	96
0	88
1	138
0	661
0	125
2	128
0	248
0	0
0	152
0	0
13	1852
0	1391
2	1958
31	688
5	206
0	11
0	0
0	19
0	31
0	19
0	204
10	193
0	187
4	7
0	0
0	0
0	0
0	0
0	0
0	4
1	59
0	66
7	68
0	63
0	0
0	12
0	9
0	1
0	0
0	0
3	0
0	4
3	4
2	4
0	0
0	0
0	0
0	0
0	0
0	3
0	0
1	0
0	0
0	0
0	0
1	0
0	0
0	0
138	72
0	64
0	0
0	0
0	0
0	0
0	0
0	23
0	5
0	11
0	12
0	10
0	12
0	6
0	0
0	3
0	0
2	0
0	24
0	28
1	28
0	0
2	1
3	0
0	0
0	5
0	0
0	0
2	300
0	4
2	237
0	237
20	296
95	1983
48	1979
0	1381
0	39
0	5
0	1
1	1
6	14
0	1
0	2
0	0
2	0
0	0
0	0
7	48
0	48
0	0
0	0
0	0
0	0
0	0
0	0
0	0
0	0
0	0
0	0
0	0
0	0
0	0
0	0
0	1
0	0
1	34
0	28
1	33
0	0
0	17
0	0
0	3
0	40
0	6
0	0
23	15
0	11
0	0
0	2
0	0
0	8
0	0
0	0
0	0
2	20
0	0
0	0
3	127
0	105
446	128
0	31
0	0
0	2
0	2
0	1
0	1
0	0
0	0
0	0
0	0
0	0
3	0
0	1
0	0
0	0
2	0
0	0
0	0
0	0
0	2
0	2
0	0
0	2
0	2
0	0
0	0
0	0
61	469
0	162
0	174
1	15
0	28
19	277
0	0
1	0
96	574
1	104
0	61
2	437
17	32
0	10
0	0
0	22
25	83
0	59
0	21
0	8
368	481
0	152
0	88
0	27
0	285
0	39
2	54
0	6
0	2
3	240
0	0
0	0
1	0
1	48
0	85
33	89
810	101
0	45
0	0
0	0
0	0
0	0
0	0
0	116
153	122
0	10
0	17
0	97
0	11
649	484
0	443
0	0
0	41
130	4021
0	0
401	6620
0	2280
14	3505
1	4543
0	25
3	620
0	0
0	0
0	1
0	0
0	0
0	0
0	0
0	0
0	0
0	0
0	0
0	0
0	0
7	800
0	0
12	0
0	213
5	188
0	193
0	4
0	183
0	11
0	10
0	29
0	0
1001	187
0	187
0	1
223	94
9	94
23	66
5	0
51	2
0	2
0	0
0	0
0	0
119	2734
7	2663
1	2794
0	35
1	2767
0	178
0	0
0	0
0	0
0	0
0	0
5	0
0	0
0	0
0	0
0	0
0	0
0	0
0	0
0	0
1	1463
201	1463
0	359
0	581
0	262
0	126
0	33
2	0
231	79
12	3
0	42
0	0
0	35
0	0
0	0
0	0
0	0
0	577
0	553
0	369
0	371
0	112
0	107
0	18
0	0
103	133
0	133
1	11
0	92
0	0
0	0
0	0
0	57
0	22
182	48
0	19
0	37
0	0
0	0
0	0
0	0
63	0
6	1248
12	1019
0	640
0	0
14	145
14	714
0	464
0	0
0	0
0	88
0	78
0	83
0	23
0	2
0	0
0	0
0	1
0	1
3	0
0	0
0	0
0	0
0	0
0	0
3	0
0	0
1	0
3	0
0	0
2	0
0	0
0	0
2	1
22	1
1	89
378	156
0	4
0	73
0	0
57	0
0	0
0	0
0	0
0	0
0	0
122	0
0	0
0	0
0	0
0	0
0	0
0	0
0	0
5	0
0	0
0	0
0	0
0	0
6	62
2	62
0	0
0	33
0	39
0	13
0	0
10	49
0	27
0	0
0	0
0	0
0	0
0	0
0	0
0	0
0	0
0	0
885	104
0	102
1	9
0	0
3	0
87	2
10	2
9	2
0	787
7	3090
4	932
17	4810
0	59
2	249
0	631
1966	4900
1	83
3	826
5	75
0	4467
0	4000
0	116
0	58
0	3214
0	0
0	54
147	60
0	55
0	2
0	0
0	6
0	0
12	29
0	12
0	10
0	14
0	14
0	5
0	296
5	206
1	169
0	227
0	217
0	215
0	29
0	0
0	40
0	0
0	0
0	55
0	5
0	55
2	55
0	55
0	0
0	0
0	0
0	0
0	43
0	0
1	0
0	0
0	0
0	0
0	42
1	42
2	32
0	0
0	0
0	4
0	0
0	0
0	0
0	302
10941	7209
769	6878
0	0
0	0
0	0
0	996
0	19
0	0
0	478
0	29
0	0
0	2
0	0
0	0
0	0
7	50
0	10
0	48
0	12
0	0
0	0
0	1
462	31
1	31
2	0
0	0
0	0
0	0
0	0
0	0
1	0
0	0
960	5158
49	4213
7	464
0	789
12	656
48	947
6	357
1323	50
0	19
0	17
0	0
0	0
0	0
0	26
0	0
0	0
3	453
4	9
111	902
0	336
14	26
0	8
0	305
2	474
0	40
0	40
0	12
0	7
0	1
0	0
0	1
0	0
3	0
17	0
0	0
178	273
15	273
11	0
6	4
1	112
0	21
0	108
0	4
1	7
0	14
0	0
0	0
0	0
0	0
2	0
0	0
0	0
0	0
0	0
0	0
0	2
0	11
0	1
0	9
0	0
0	0
0	0
2	1
0	0
0	0
0	1
0	0
0	0
0	0
0	0
0	0
549	1383
0	49
0	2
0	1
0	134
0	1042
1	190
468	521
0	312
0	99
0	83
0	92
1	45
0	22
0	0
0	0
1419	1105
0	0
4	597
0	677
0	275
3	611
0	105
0	0
0	0
0	0
0	0
0	0
39	7554
1	7220
4	521
2	317
0	883
0	382
0	505
0	4925
0	0
0	1637
13	10248
79	9889
0	10215
6	2650
3	3011
0	1048
0	0
2	477
0	58
0	64
0	0
0	0
0	0
0	0
0	0
6	10331
0	0
0	0
0	0
0	0
0	0
0	0
0	0
0	0
0	0
0	0
0	0
0	0
0	0
0	0
0	0
15	0
255	75
0	58
0	1
0	1
0	1
0	54
0	65
0	0
0	0
0	2
150	115
2	115
0	27
0	28
0	28
0	0
313	78
0	43
0	43
0	43
0	57
2	0
0	8
0	9
0	54
0	54
1	53
0	45
0	17
0	8
3	17
0	17
0	15
0	1
0	0
24	2
0	2
0	0
0	22
0	0
0	22
0	3
1	22
0	2
13	0
25	9
0	9
0	0
0	0
0	0
3	129
18	124
0	25
0	119
0	43
0	0
0	0
0	11
0	0
1000	0
0	0
0	0
109	44
0	33
0	39
2	43
0	0
0	32
0	0
0	29
0	4
0	1
0	0
0	2
0	11
0	2
0	0
4	0
0	0
0	3550
0	0
0	0
0	0
0	1
4	1
0	0
0	0
0	0
0	0
2	0
0	0
0	0
0	0
2	0
0	0
0	0
0	0
0	0
0	0
0	0
0	0
0	0
0	0
134	6733
55	7380
3	6024
0	3399
2	2615
2	846
5	0
2	872
0	288
0	0
0	0
4	6
1793	92
0	53
0	0
0	0
0	40
0	3385
154	6760
0	5421
2	0
0	237
0	0
0	0
0	0
28	242
3	82
546	524
0	553
0	225
7	49
0	0
0	25
7	25
1	0
0	0
0	2
0	0
0	1
0	0
0	0
0	0
0	0
0	0
0	0
0	0
0	0
0	0
0	0
0	0
0	0
0	0
0	0
0	0
0	0
0	0
1	0
0	55
0	60
0	11
0	60
0	11
0	60
0	1
0	0
0	0
0	3
0	9
0	17
0	7
0	1
0	41
0	2
0	12
0	0
0	0
0	0
0	0
0	0
0	0
0	80
55	89
0	19
1	39
0	9
0	23
0	8
173	0
0	1
5	1
0	0
989	1984
0	1984
2	157
21	418
1	25
550	25
0	17
71	841
7	836
0	61
0	6
10	398
0	42
0	253
0	50
0	17
0	50
0	0
0	0
10	14
0	13
0	6
0	0
0	0
0	0
0	0
0	0
0	0
0	0
0	0
0	0
18	0
0	0
2	0
0	0
0	0
19	1469
48	1857
0	1882
0	771
3	16
0	88
0	41
0	10
26	185
0	23
0	181
0	3
0	8
0	8
0	1
0	4
0	0
0	0
139	742
0	498
0	451
6	70
0	23
0	42
3	15
2	22
0	0
0	0
0	0
0	0
7	0
0	0
0	0
0	0
0	0
0	0
0	7
0	7
0	3
0	2
0	0
0	0
0	0
0	0
0	0
1	0
1701	10778
257	10731
84	10730
0	10726
1	913
0	417
0	417
0	0
0	37
25	405
0	151
0	790
889	783
0	226
10	0
0	342
4	0
0	0
0	0
0	0
0	0
0	0
0	0
0	0
0	0
0	0
0	0
2	599
0	815
0	541
0	540
0	741
0	714
0	714
0	699
0	391
0	404
0	415
0	374
0	410
0	59
2	66
1	22
3	4
0	19
0	14
0	6
10	0
0	0
0	0
0	0
0	0
0	0
0	0
0	0
0	0
0	0
0	0
0	0
0	0
15	735
0	1
0	0
0	0
0	0
0	0
0	0
0	0
0	0
0	0
0	0
0	0
0	0
82	4
0	0
0	2
0	0
0	1
0	1
0	1
0	2
0	0
0	0
2	0
0	0
0	0
0	0
2	0
23	8
0	8
0	0
0	0
0	0
0	0
0	0
0	0
0	0
0	0
0	9
0	10
6	8
0	6
0	3
0	2
0	0
0	4
0	4
0	0
0	0
0	0
1	0
17	3
33	759
5	765
0	278
0	21
0	2
45	3
73	1221
2	247
0	1035
0	692
2	978
0	59
0	1095
0	1115
0	1194
0	1194
1	9
0	159
0	62
0	317
0	320
0	55
0	335
0	11
1	0
1	82
1	21
0	26
0	14
0	11
0	10
0	0
0	1
0	6
0	5
0	0
0	0
0	2
0	2
0	2
0	0
0	0
0	1
1551	624
5	553
0	318
0	0
0	32
0	1
0	80
0	109
0	49
0	1526
1	1427
11	1544
0	249
0	8
0	75
1	0
0	181
0	110
0	0
0	276
2	6
1	0
2	0
6	0
0	100
0	2
0	269
0	9
0	2
0	97
0	110
0	269
0	0
0	23
3633	604
7	604
1	180
13	0
884	2045
1	153
0	678
5	530
0	526
0	187
0	18
0	483
1	0
0	0
1739	38
0	0
0	0
0	0
0	0
26	38
0	0
0	0
165	16
0	1
0	13
0	0
0	0
0	0
0	0
0	0
0	2
0	1
0	0
0	0
0	0
0	0
0	0
0	0
0	0
0	0
0	0
0	0
0	0
0	0
0	0
0	0
0	0
0	0
0	0
1	0
0	0
0	548
0	819
10	876
1	614
0	738
0	510
0	470
0	540
0	457
0	81
0	196
0	0
0	0
0	0
0	0
0	0
272	274
0	42
0	174
0	73
1	41
0	85
0	27
0	1
0	1
4	5
3	131
0	70
0	10
0	0
0	0
0	0
35	156
27	72
1	67
0	41
0	28
0	10
20	1
0	1
33	263
2	263
0	36
0	38
0	525
0	526
0	483
0	207
6	51
5	93
1	28
4	64
0	83
0	65
0	2
0	0
20	54
0	0
5	10
0	0
0	44
0	5
3	5
0	0
0	0
0	0
195	17
1	18
2	0
0	5
0	3
0	3
0	0
0	7
0	7
0	5
5	5
0	0
0	0
0	0
0	0
0	0
0	0
0	0
0	0
0	0
0	0
0	0
0	0
0	15
0	1
125	6
52	12
3850	266
0	266
3	264
0	11
0	23
0	0
0	0
0	0
0	0
0	0
3	0
0	0
0	0
0	0
0	0
0	0
0	0
0	0
0	1
6	0
8	1177
0	1095
2	1095
0	131
4	1122
1	190
0	1
1	92
0	0
10	39
20	15
5	39
0	0
0	2
0	0
53	25
0	13
0	0
0	0
0	12
0	0
0	0
0	0
1	0
8	899
0	481
410	978
1	680
0	0
0	97
0	126
0	37
0	31
0	1
0	7
9	798
2	721
0	781
0	300
8	304
0	81
0	18
0	46
0	96
0	9
2	64
0	73
0	11
1	20
3	42
19	49
0	41
0	15
0	20
1	0
69	481
2	452
0	478
1	64
0	21
0	31
0	117
1	13
146	0
0	241
8	249
0	174
0	171
0	127
0	0
0	0
0	0
0	0
1	0
0	0
0	0
0	0
0	0
0	0
0	0
0	0
2	45
0	6
0	45
142	721
21	472
0	281
0	298
0	693
0	48
0	0
0	0
0	0
0	0
0	0
0	0
0	0
0	0
0	0
0	0
0	0
2	0
0	0
0	0
0	0
0	0
0	0
0	0
0	13
0	0
1	615
36	615
0	49
0	35
0	18
0	8
171	28
0	0
0	1
0	1
0	26
0	0
0	0
1	250
0	245
0	21
0	0
0	7
0	0
3	0
3034	4725
4	2564
11	4672
0	0
0	0
1	0
3	0
0	0
0	0
0	0
1	278
0	180
4	208
1	96
28	352
0	439
0	271
7	421
9	372
1	56
0	27
2	116
3	180
0	1
1	0
92	5432
0	0
0	0
0	0
0	0
0	0
8483	3493
544	3493
2	0
0	0
0	0
2359	8
0	0
0	0
0	0
0	0
0	0
12	32
12	1764
0	31
2	75
0	10
0	0
46	1729
0	225
0	1151
5	40
0	0
0	0
497	0
0	0
0	0
0	0
0	0
0	0
111	5647
1	5485
1	0
3	1113
0	298
0	163
0	869
0	765
0	0
0	250
0	246
0	71
0	21
0	135
7	40
2	14
0	15
0	13
0	9
0	1
0	0
0	0
0	0
599	213
0	125
0	0
0	84
0	37
0	0
1	0
0	0
0	0
0	0
0	0
389	6
0	0
0	0
0	0
0	1
6933	0
0	0
0	2
0	3
0	40
10	56
0	0
0	33
0	1
2	5
0	0
0	0
5	117
1	137
0	1183
0	135
0	1
0	1150
4	0
0	0
0	41
0	41
0	0
0	0
1	307
0	293
0	181
2	256
0	288
0	309
1	288
0	430
0	412
0	3
0	7
0	206
10	10
0	127
1245	522
1	413
0	106
3	6
0	52
0	0
0	0
0	5
4	6
0	0
0	0
0	3
7	0
0	0
0	0
0	0
0	0
0	0
0	0
0	0
0	0
0	0
0	0
0	0
0	0
0	0
10	2418
0	5
0	0
60	959
0	141
0	90
5	952
0	8
0	0
200	14
0	14
40	152
1	7
0	120
5	57
3	52
1	26
1	23
0	0
0	0
0	0
0	3
0	0
2	120
2	120
0	8
0	0
0	1
0	70
0	4
3	68
0	70
0	5
0	1
3	164
1	50
0	143
0	180
0	144
0	13
0	56
0	2
0	399
1	420
0	29
0	0
0	19
0	8
0	0
0	12
0	12
0	10
0	3
0	3
0	0
0	0
0	0
0	0
19	107
0	360
0	346
0	0
0	0
0	50
0	0
12	1
0	1
32	50
0	0
0	0
0	0
0	0
4	53
0	53
3	1
0	1
0	0
0	0
979	1143
14	1140
1	1144
2	1133
5	1144
0	562
20	0
8	3
0	3
0	0
0	0
0	75
0	68
1	70
0	16
0	10
0	4
1	138
61	138
0	0
0	1
0	0
0	0
1	100
0	11
0	100
128	719
0	711
3	713
0	202
19	152
0	126
4	214
6	149
1	147
0	0
4	0
0	0
33	244
370	340
0	281
0	0
0	0
0	0
0	186
0	0
0	0
1	225
0	1
0	226
0	32
0	50
0	0
0	0
0	0
0	204
0	0
0	0
0	14
32	0
0	0
0	0
0	0
0	0
0	0
0	0
1	0
2	1122
0	1122
0	814
1530	0
0	62
27	64
0	64
1058	260
0	150
0	0
0	9
0	0
1592	0
0	0
0	0
0	0
0	0
0	0
1	0
0	0
2775	419
0	368
0	77
0	0
503	1
1	1
0	0
0	0
59	46
0	46
0	0
15	160
0	147
0	12
0	13
0	3
0	0
0	0
4	47
0	47
0	0
8	0
0	0
0	0
0	0
0	0
0	0
0	0
0	0
0	0
0	0
0	0
0	0
0	0
3	142
2	19
14	144
0	31
0	1
0	0
0	6
0	0
0	0
0	0
0	0
0	0
0	0
98	38
0	0
0	0
0	0
0	0
0	0
0	0
294	13
0	0
0	11
0	31
69	31
0	0
220	400
0	400
0	0
0	0
0	0
0	0
0	0
0	0
0	0
0	0
0	0
0	37
1	46
0	47
439	0
17	9
5	9
6	0
0	0
0	0
0	0
0	0
0	0
0	0
0	1
0	1
0	1
0	0
0	0
0	0
0	444
0	419
6	200
0	80
0	286
0	332
0	69
0	149
347	0
0	0
0	9
0	621
0	617
2	10
0	367
0	599
0	8
11	215
0	43
4	213
9	9
0	33
0	3
0	0
0	14
0	5
0	9
0	8
1	7
0	19
466	20
0	20
3	54
21	109
0	12
154	108
0	1
0	0
0	0
0	0
0	0
0	366
0	336
0	330
0	326
0	0
0	0
580	4
4	0
0	393
0	0
0	0
0	0
0	0
0	0
0	0
0	1
0	0
0	0
0	0
0	0
0	0
0	0
0	10
0	14
2	4
0	0
0	14
0	0
0	10
0	1
0	0
0	1
0	122
0	197
0	75
0	84
2	117
0	80
0	9
0	0
63	325
6	309
5	76
16	1
0	1
0	0
1	0
0	0
33	0
0	0
0	0
9	247
14	323
0	257
0	14
0	0
0	0
0	0
0	0
0	0
0	5
0	0
1253	56
0	56
5	0
0	0
0	0
0	0
0	0
0	0
787	28
0	22
0	6
1	0
0	0
0	0
0	0
0	0
0	0
0	0
0	0
0	0
0	0
0	0
0	0
0	0
0	0
0	0
0	0
0	0
0	0
0	0
0	0
279	570
1	704
1	513
4	672
0	279
3	0
0	25
0	118
1	139
0	0
0	0
0	0
0	0
0	0
0	0
0	0
0	0
0	0
0	0
0	0
0	0
0	700
3	707
0	684
0	677
0	20
0	1
0	27
0	33
0	0
0	9
0	0
0	0
0	0
0	0
0	109
0	16
0	0
0	0
0	0
0	109
2	0
0	0
0	0
2	0
0	0
0	1
0	0
0	0
0	0
0	0
0	0
0	57
0	57
0	22
0	0
1	64
1	64
0	0
0	0
0	0
0	16
0	0
0	0
0	0
0	0
0	4
59	147
49	119
0	43
2	710
0	710
0	711
1	679
3	202
0	0
0	34
0	29
0	0
7	8
41	2517
0	2517
0	2389
0	0
0	77
128	0
218	4027
0	369
101	3954
0	0
2	56
0	56
0	17
0	22
3	0
8	5
0	5
0	0
388	55
46	51
1086	421
0	401
3	388
5	0
128	141
0	141
0	0
0	21
0	22
0	0
0	0
0	0
0	0
1	3
19	2318
4	2315
0	0
0	1
0	0
3	1
0	0
0	0
1	254
0	0
0	0
0	0
0	0
15	989
2055	95
0	95
0	325
16	309
0	214
0	31
0	178
3	41
0	8
0	82
0	35
0	5
0	37
7	131
0	1
0	3
0	131
1	6
0	0
0	38
112	106
0	95
0	39
0	36
0	0
0	0
12	18
0	4
1	18
0	6
1	5
0	0
6	0
0	288
11	295
0	299
11	284
80	283
0	188
0	15
0	6
0	174
0	174
0	0
0	0
0	0
0	0
0	0
0	0
0	0
0	0
145	9
0	0
0	9
0	0
1	513
0	483
13	550
0	18
0	1664
0	74
0	36
1	21
0	3
0	3
0	3
0	0
0	0
3	242
0	242
0	243
10	254
0	183
0	0
1	3
0	0
0	0
0	0
0	0
16	5
0	0
0	0
0	0
0	4
60	0
0	175
0	0
2	0
0	0
0	0
0	0
0	0
0	3
0	0
0	0
0	0
0	0
0	0
0	0
0	0
0	0
0	0
0	0
0	0
0	0
0	0
0	0
0	0
612	87
0	27
0	11
0	49
0	0
11	27
0	35
0	0
0	1
0	10
0	4
0	4
0	0
0	3
255	0
66	22
0	22
1812	1731
11	1731
0	0
0	0
93	292
0	292
0	0
0	0
19	662
3	679
0	366
22	478
0	32
4	36
0	0
1	0
101	4606
0	364
0	0
5	4254
31	4584
12	1059
0	766
0	277
0	130
5	867
889	683
0	683
0	189
2	4
2	25
145	18
0	18
0	0
0	0
0	0
1	26
0	0
0	0
1	4947
2	4947
0	4918
2359	2
25	1107
165	1167
156	1011
0	0
2	171
1	44
0	93
0	7
0	0
0	0
0	0
0	0
0	0
1	0
0	0
3227	143
0	100
0	142
1	36
0	0
1918	1213
0	0
0	0
0	725
1	961
3	941
0	941
0	31
0	14
0	0
0	70
0	0
0	0
2	62
1	63
0	0
0	1
1663	0
0	0
0	0
0	0
2	1187
180	1234
0	46
0	171
0	53
0	7
0	5
0	0
0	0
0	4
0	1
0	0
0	0
547	0
1328	7
4	7
0	41
10	46
4	49
0	25
0	32
0	29
0	0
0	0
2	0
0	7925
119	7963
89	7568
0	366
0	0
6	177
12	87
91	87
0	62
2734	2
0	0
0	0
0	3112
0	3074
0	65
2	340
0	302
8	138
0	979
573	0
10	2267
1309	2267
0	698
1	4
0	4
4	4
16	1303
1	1079
0	596
3	22
3	42
0	50
0	135
38	4
0	926
31	755
0	164
3	333
7	238
9	216
0	121
80	624
11	490
0	310
47	1001
0	979
0	149
0	25
0	979
0	289
0	426
1	41
1	271
0	268
0	265
4	538
25	538
9	659
65	1242
16	898
121	1053
0	264
34	550
6	298
2	443
18	391
2	102
50	396
12	461
2	132
2	59
0	2
2	1
0	0
8	0
0	1
0	20
0	0
2	0
6	50
0	0
1	124
19	148
3	63
2	157
0	175
0	43
0	138
0	1
0	79
0	58
0	11
1	7
0	7
0	0
0	4
0	4
0	20
0	0
0	5
12	5
1	44
6	251
0	35
0	198
1	35
0	36
0	0
0	116
0	81
0	0
0	0
0	16
0	0
0	0
0	2
0	1
0	3
0	1
0	20
0	0
0	0
0	60
0	43
0	138
0	138
0	43
0	77
0	2
0	128
0	11
0	11
0	5
0	20
0	5
0	35
0	198
0	161
97	58
0	0
0	0
0	0
0	0
4	28
1	14
0	22
8	9
4	3
0	79
1	3
0	3
0	0
0	0
4	4
25	73
99	7192
46	7190
3	7184
0	1465
14	53
1	382
0	230
34	2527
31	2482
9	25
30	2556
5	2530
3	118
0	2463
0	0
0	0
0	0
0	0
0	0
7589	1852
1	424
0	23
1	64
0	221
7	191
0	189
0	17
1	27
0	24
0	6
0	18
0	22
0	11
4	4
0	359
52	586
1	541
5	75
4	18
128	1970
0	724
6	690
0	1228
0	1197
154	581
1	558
0	277
0	132
5	198
0	150
28	770
0	777
4	780
0	746
0	771
0	722
3	77
0	19
2	11
0	13
52	58
0	71
30	47
0	0
0	133
0	133
0	0
13	4
0	62
0	66
0	70
0	0
0	0
1	1
0	0
5	72
0	0
0	10
0	8
0	6
1	12
0	1
0	2
0	1
0	2
0	1
2	2933
0	14
0	390
6	5
0	4
0	48
0	8
2	1789
0	0
16	2912
2	228
0	80
0	17
0	2266
0	2851
0	134
0	357
0	12
1	6
0	6
0	0
0	1
0	0
0	0
622	1981
0	1877
0	49
0	171
0	184
0	9
0	9
0	8
0	8
0	7
0	1
0	2
0	1
0	1
0	1
0	0
0	0
2	88
0	88
2	10
342	562
0	153
1	527
0	157
0	255
0	5
0	5
0	5
0	5
0	3
0	0
0	0
0	0
0	0
0	0
2	1
4	1
3	8
0	8
0	1
0	0
0	0
0	0
0	0
0	129
1	333
6	145
132	309
0	22
0	15
831	78
0	5
0	11
0	2
0	36
0	31
0	5
370	24
567	914
0	784
2	178
1	306
0	110
0	94
3	1289
0	1695
114	1808
0	1530
0	231
3	129
2	237
889	125
6	113
3	18
0	96
0	0
0	18
0	7
1	0
0	0
0	0
4	0
16	765
0	718
0	536
1	0
5	34
0	557
0	215
0	190
0	37
0	20
0	4
1	30
0	26
3	423
4	460
4	184
0	135
72	689
0	439
3	90
5	28
20	28
1	690
3	2570
2	2194
0	2577
36	2629
0	189
0	85
0	69
0	166
2	129
0	0
0	0
0	0
0	0
0	0
20	0
3	0
0	0
0	0
0	0
0	0
0	0
0	0
0	0
0	0
0	0
0	0
0	0
0	0
0	0
0	103
3	103
0	0
0	1
38	128
0	128
0	0
3	6278
124	6310
0	6260
371	6507
1197	6826
42	5142
253	768
0	582
5	800
1	695
0	581
2	70
0	162
0	78
0	113
0	89
2	67
0	63
0	28
1	28
0	0
0	0
5	2
0	1
0	670
0	672
1	671
0	109
0	74
1	63
0	63
0	0
0	22
0	21
2	22
0	10
0	9
0	8
0	8
4	0
0	0
0	0
15	1
0	1
0	1
0	0
0	0
0	0
0	0
21	0
0	0
0	0
0	0
0	0
0	0
0	0
0	0
0	0
0	0
0	0
0	0
0	0
0	0
0	0
0	0
2	0
1	0
0	0
0	0
0	0
0	0
0	0
0	0
0	1
0	0
3	77
0	18
0	4
0	17
0	14
0	0
0	9
0	58
0	3
0	0
0	0
3	0
604	765
0	73
0	463
0	520
0	508
0	267
1	256
0	257
7	108
0	14
1	4
0	4
26	160
0	135
0	98
0	34
0	101
0	6
0	54
330	742
0	742
0	16
446	980
0	709
32	978
2	505
0	0
1	8
0	397
0	397
2	0
126	132
1	37
0	43
0	8
0	119
0	102
0	3
66	111
0	35
0	29
3	81
0	0
137	158
0	19
0	145
0	97
0	2421
0	2421
0	0
2	406
0	259
0	253
2	0
0	384
65	423
0	157
1	132
0	42
0	2
0	0
0	0
0	27
0	17
0	14
0	7
2	3
1	16
0	14
0	0
0	0
0	0
1	0
0	0
310	23
0	23
84	10
1	10
0	2
0	2
0	2
0	0
0	1
0	0
0	0
0	0
0	0
0	978
18	978
0	1
0	43
0	136
789	183
0	28
0	155
0	0
0	26
90	92
2	88
0	0
1	23
0	1
4	8
0	6
0	3
0	0
922	242
3	104
0	2
1	240
6	69
0	64
11	151
0	104
0	1
0	3
0	0
0	0
4	73
0	0
11	0
3	114
0	127
9	132
0	0
0	0
0	0
2079	2
489	329
0	161
0	78
0	206
0	2
0	0
0	0
2	2
0	0
0	2
0	0
0	0
0	1063
0	1063
6	1073
0	38
0	8
2	144
0	0
42	3
0	3
5315	1417
0	1160
0	167
0	160
0	0
9	106
0	101
0	97
2	4
0	3
0	0
0	0
4	18
0	18
0	0
0	0
0	0
0	76
2	76
0	0
0	0
0	3
0	0
0	54
0	1
0	43
364	53
0	53
0	0
0	13
0	17
0	16
13	396
3982	772
0	376
604	295
3	293
1	207
0	25
0	0
0	0
0	0
0	0
0	0
2	456
0	5
0	451
0	39
0	66
6	12
175	99
1	43
712	79
0	77
0	0
0	0
0	2
2	4
3	0
89	48
0	0
0	45
0	462
1	5
0	264
5	294
0	277
0	8
2	4
0	3
0	367
15	263
6	367
0	9
0	274
1016	1236
0	801
100	1174
0	244
3	0
0	0
0	0
0	0
0	0
0	0
0	0
0	30
625	93
0	71
0	0
0	0
0	0
0	0
0	0
0	0
0	0
0	12
0	0
0	0
0	0
0	0
0	0
0	0
0	0
0	0
499	0
0	62
0	62
4	2
0	2
0	0
3162	294
82	294
0	19
0	26
0	114
0	537
0	531
0	15
24	39
1	43
0	24
0	29
0	3
1	1111
12	1111
1	0
0	0
0	0
3	99
0	1
0	0
0	1
0	0
0	0
0	55
0	0
0	0
0	0
0	0
0	0
0	0
0	0
0	0
0	0
0	0
19	0
0	57
0	58
0	1
0	0
0	1
0	0
0	0
0	0
0	0
0	0
0	0
0	0
0	0
0	0
0	0
0	0
0	0
0	0
0	0
0	0
0	0
0	0
0	0
0	0
0	0
0	2
0	2
0	2
0	0
0	0
0	0
0	0
0	0
302	178
0	178
0	64
420	11
0	11
2	0
0	0
0	0
4	1
0	0
0	1
0	1
0	0
0	0
1	841
543	1589
0	14
423	1242
0	1240
0	1142
0	0
0	222
0	324
0	6
0	4
0	14
5	13
0	2
0	320
1	0
3	521
0	108
2	46
5	520
0	136
0	0
0	0
144	47
271	54
0	7
5	25
0	33
0	0
0	1
0	0
0	0
0	0
0	1
0	0
0	0
0	0
0	0
0	0
0	0
0	0
0	0
0	0
201	98
0	100
1	99
0	0
0	0
0	0
0	0
0	44
0	0
0	0
4603	1061
0	256
2	172
0	803
0	0
0	0
0	0
0	0
0	0
0	0
63	7
0	4
0	6
0	0
0	0
0	0
0	0
0	0
0	0
0	0
1	0
0	0
0	0
344	554
0	326
1	473
0	53
0	0
0	71
0	14
1	17
7	373
1	365
0	12
108	68
0	27
0	3
0	25
0	38
0	5
0	19
0	10
0	0
433	17
0	11
0	16
0	16
0	16
0	0
0	0
0	0
0	0
1997	696
0	688
399	63
0	11
20	27
0	1
1	9
0	8
0	0
1	0
1016	59
0	25
4	34
0	12
0	4
0	0
1	0
0	0
0	0
0	0
1	26205
0	1
10	54
0	0
0	54
0	803
0	20
0	18
9	371
0	11
0	0
0	775
0	0
0	0
1	10
0	21
0	6
0	762
0	775
0	793
0	775
0	762
0	0
7	0
1173	0
0	0
0	0
0	0
0	0
72	0
0	0
0	0
0	0
0	21
0	21
0	21
0	21
0	21
0	21
0	21
0	1
11	771
0	788
5	789
1	788
0	787
0	0
0	0
0	13
0	12
0	9
0	0
3	7
0	0
0	0
0	0
336	213
0	28
0	187
2	12
1	50
1	72
0	10
0	5
0	40
0	23
0	13
0	0
73	0
66	0
0	5
0	31
45	68
0	68
0	68
0	1782
267	1796
0	1793
0	0
0	0
0	0
0	0
0	19
1800	77
0	39
0	24
0	18
0	0
0	78
5	204
0	187
0	10
0	18
0	0
16	254
0	254
0	72
0	42
0	34
0	30
0	11
0	4
0	15
0	5
0	0
0	0
0	0
0	0
0	0
49	807
6	807
0	68
75	64
29	47
0	12
0	28
222	193
0	160
0	10
187	31
0	15
549	124
0	10
2	1
0	115
0	23
0	0
0	0
0	0
0	1
0	1
0	1
0	0
0	0
0	0
0	0
0	2
0	1
0	1
0	0
0	1
0	1
0	0
0	0
0	0
0	2
0	2
0	0
0	0
0	1
0	0
0	1
0	1
0	0
0	0
0	1
0	1
0	0
0	1
0	0
0	0
0	0
0	2
0	0
0	0
0	1
0	0
0	0
0	0
0	0
0	1
0	0
0	2
0	0
0	0
0	1
0	1
0	0
0	2
0	2
0	0
0	1
0	0
0	1
0	0
0	0
0	0
0	0
0	0
0	0
0	1
0	0
0	0
0	1
0	1
0	0
0	0
19	0
0	0
0	0
0	0
0	0
0	0
0	0
0	0
0	0
0	0
0	0
0	0
0	0
0	0
93	126
0	116
0	95
0	91
0	76
0	76
0	2
0	23
0	0
91	30
0	30
0	522
0	640
128	424
1	217
11	180
0	181
1	21
65	542
369	612
0	542
0	612
22	328
5	67
415	25
1	23
0	0
0	0
0	0
9	72
25	111
4	21
0	117
0	105
0	0
0	6
0	19
0	5
1	3
3	3
0	1
406	3
0	3
2	1348
1	1619
119	1660
62	1006
5	980
4	26
5	0
0	185
0	42
0	3
0	1225
0	180
0	10
0	5
0	0
0	402
0	1207
5	157
1	36
0	246
20	1181
5	105
50	734
2	55
0	637
0	0
0	0
0	0
0	0
0	0
0	0
0	5
77	17
0	15
0	0
0	0
0	0
0	0
0	0
0	0
0	0
0	0
0	16
0	14
10	28
0	12
0	0
0	11
0	11
0	5
0	0
0	0
0	0
0	0
109	9
0	7
0	0
0	581
0	574
0	736
0	831
10	798
0	782
0	845
0	611
0	597
0	555
0	0
0	7
3	293
1	9
0	6
0	71
0	61
5128	195
21	562
2	2
0	66
3	71
0	565
0	0
0	0
0	0
0	0
0	0
0	0
0	0
0	0
0	0
0	0
0	0
0	0
4	0
0	57
0	91
1	88
2	91
0	0
0	0
0	0
0	16
0	0
0	0
0	0
0	0
0	0
0	0
7	0
36	1639
35	1639
83	5708
55	5709
0	270
1	485
0	0
0	0
0	0
5	0
0	0
0	0
0	0
0	0
0	0
0	0
2	571
0	0
0	0
0	0
0	0
4590	662
59	662
0	28
0	0
0	0
0	0
0	2
21	1840
3	30
0	1
47	217
0	215
0	49
0	12
0	1005
0	914
0	0
0	0
1322	40
3	26
3	0
0	0
0	0
0	11
0	0
0	0
0	0
0	0
10	648
0	651
7	605
2	483
12	420
0	58
0	10
164	264
0	95
0	209
0	0
74	2
0	0
0	28
0	28
0	0
0	0
0	0
0	0
0	0
0	0
0	0
0	0
0	0
0	0
0	0
0	0
0	0
0	0
0	0
0	0
0	0
0	0
0	0
0	0
0	0
0	0
0	0
0	0
0	0
0	0
0	0
0	0
0	0
0	0
0	0
0	0
29	79
1	116
0	0
0	73
0	15
0	161
0	0
1	161
0	15
0	1
0	0
0	0
0	0
0	0
0	0
0	0
0	0
0	0
0	0
844	0
0	0
0	0
0	0
0	0
0	0
0	1259
0	1233
0	283
0	240
0	241
0	240
0	247
6	257
6	251
0	21
0	14
0	5
0	3
0	0
11	42
0	14
0	0
35	0
0	25
0	16
0	0
0	0
0	0
0	0
0	1
0	0
6	15
10	18
3	3
0	3
1	0
0	0
0	0
0	0
0	0
0	0
0	0
0	0
1	769
0	0
0	10
0	0
0	0
0	0
0	3
0	22
0	20
0	4
664	0
0	0
0	146
0	139
0	146
0	33
0	55
1	100
0	1
0	11
0	4
0	1
0	1
2	7
0	0
0	2
0	0
0	5
3	0
0	0
0	0
2	0
0	0
0	0
0	0
0	0
0	0
0	0
0	0
0	1312
0	1313
6	1311
0	44
0	44
0	45
0	23
2	15
0	12
0	0
2	13
0	1
0	1
44	0
0	0
0	0
0	0
212	82
0	79
0	11
0	6
0	5
0	1
1	0
0	28
0	28
0	28
0	1
0	1
0	0
0	0
1	0
0	0
0	0
2	0
413	73
0	33
4	34
0	6
7	7
1	11
0	6
0	0
6	0
0	0
0	440
6	462
0	173
6	395
0	459
0	456
0	6
0	1
554	1039
0	28
1	247
163	1897
58	1898
102	118
9	0
1	136
1	0
1	1238
0	9
0	9
0	1
0	8
0	0
0	0
0	0
0	0
0	0
0	0
0	0
0	0
15	176
0	0
1	3
0	3
0	3
0	1
0	3
0	1
0	1
0	0
0	0
0	0
0	0
0	0
0	0
0	0
0	0
0	0
0	0
0	0
0	0
0	0
0	0
0	0
0	0
0	0
0	0
1	59
1	6
0	58
0	0
1	1
0	36
0	0
9	2356
6590	2564
0	1600
0	693
0	0
0	1303
0	2
0	0
0	0
0	0
0	0
0	146
0	17
0	145
4	8
0	14
0	0
0	3
0	1
0	128
0	0
0	0
0	0
0	0
0	0
0	0
0	0
3174	8
63	7
0	7
0	0
0	0
0	0
0	1
0	31
106	148
0	46
0	32
0	53
0	64
0	64
0	9
0	17
46	31
0	24
0	0
1	0
638	12066
111	8176
0	6755
1	3653
0	82
0	73
2	29
23	15
11	2823
2	2810
0	133
0	130
0	11
0	14
0	84
0	79
0	84
0	0
0	0
0	0
205	251
0	149
0	51
0	21
0	61
0	39
0	51
0	16
0	0
0	0
0	0
16	355
1	25
1	346
0	0
0	1
0	0
0	3
1	7
0	216
2	9
0	35
0	118
28	18
0	18
0	0
0	0
0	0
0	0
0	0
27	242
0	0
0	0
0	0
0	0
0	0
0	0
0	0
0	0
0	0
0	0
0	0
0	0
0	0
0	0
1996	6
6	0
0	0
0	0
0	0
0	0
0	0
0	0
0	0
0	0
0	0
0	0
0	0
0	0
0	0
0	0
0	0
0	0
0	0
0	0
0	0
0	0
0	0
0	0
0	0
0	0
0	0
0	0
0	0
0	0
0	0
0	0
0	0
0	0
0	0
0	0
1	0
0	0
0	0
0	0
0	0
0	0
0	0
293	0
0	0
0	0
0	0
0	0
0	0
0	0
0	3
4	3
4	0
0	0
0	0
0	0
0	0
0	0
1	0
0	0
0	0
0	0
0	0
0	0
0	0
0	0
0	0
0	0
0	0
0	0
0	1154
0	1163
6	1158
6	1196
0	1174
0	1191
0	73
0	99
0	100
0	121
0	69
0	18
0	5
1	0
0	0
0	0
0	0
0	0
0	0
0	0
0	0
10	63
0	27483
0	0
0	0
0	0
5	14
0	0
0	0
0	0
0	0
0	0
1	1
294	15
0	0
0	0
0	0
0	0
0	0
0	0
0	0
0	0
0	0
0	0
0	0
14	5
1	5
0	0
0	0
170	11
5	11
141	181
46	231
0	16
0	23
0	26
0	3
0	128
1	41
61	64
0	0
0	0
0	0
0	23
0	92
0	95
3	77
0	0
0	0
0	0
2	113
1	99
0	96
0	0
0	3
0	1
0	0
0	3
0	1
2	3
0	0
0	0
0	9
2246	2
0	0
0	0
1	0
0	0
0	0
0	0
0	0
0	0
0	0
0	0
0	0
1	0
0	0
0	0
6	0
0	0
0	0
0	303
4	204
4	107
0	11
0	0
0	166
0	29
0	11
0	13
0	109
0	170
0	53
3	54
0	5
0	58
0	4
13	82
0	17
0	24
37	7
5	1
4	164
0	10
0	2
0	12
0	0
0	0
0	1
0	2
0	0
0	0
0	152
0	1
0	0
14	7
0	7
0	7
0	0
11	57
5	57
0	0
0	0
0	0
0	0
0	0
0	0
0	0
0	0
674	0
465	346
14	346
0	0
0	0
0	0
0	0
4	31
0	0
0	96
1	98
0	82
0	93
11	96
0	95
0	1
0	1
0	0
0	0
1	19
0	815
2	799
0	799
0	798
0	778
0	23
0	10
4	0
0	0
0	0
0	0
0	0
1	0
0	0
0	0
0	0
4	512
1	892
0	1002
246	1045
0	312
0	0
0	0
0	604
0	655
0	8
1	70
0	2
0	0
0	0
0	2
0	447
0	4
0	4
28	647
3	316
0	0
0	0
0	0
0	0
0	0
0	0
0	0
0	0
183	9
0	9
0	0
0	0
0	0
0	0
2	289
0	289
0	1
0	7
2	155
0	55
0	152
0	130
0	148
0	132
0	2
0	1
0	15
0	1
0	5
0	0
0	12
0	12
0	0
0	10
0	11
0	0
0	0
0	0
0	0
0	0
0	0
0	0
68	875
4	875
0	69
0	0
0	0
0	0
0	0
0	0
0	0
0	0
0	0
0	0
0	0
4	0
31	0
0	0
0	0
0	1
0	31
58	33
0	1
0	5
0	3
1	3
32	92
16	89
0	57
6	9
0	0
0	0
0	0
0	0
0	14
6	14
0	0
316	1846
0	1846
0	0
26	0
0	0
0	0
0	8
0	8
0	0
0	0
0	0
311	343
0	299
0	11
0	36
0	0
0	0
0	0
0	0
15	110
572	110
0	25
0	0
1773	105
0	13
0	61
0	29
0	45
1	24
0	0
0	4
0	0
0	0
0	0
0	0
0	0
0	0
18	1
0	0
0	0
0	1
0	0
1	0
0	0
17	1335
16	1335
2	1335
0	54
1	37
1	107
0	64
2	690
2	6505
3	6534
21	220
0	6519
0	60
1	6498
0	6464
0	0
118	881
2	881
0	16
30	16
0	16
0	0
0	5
4	8
0	1
0	0
0	0
1	52
0	0
0	0
0	0
0	0
0	0
0	0
0	0
0	0
0	0
1	15
3	764
0	6
1	7
5	50
899	791
0	25
1	624
3	15
3	1
4	724
0	651
17	722
0	323
0	0
0	63
9	63
4	2159
3	43
1	2003
6	38
0	37
2	1519
1	23
0	114
136	2298
1	757
0	45
0	23
0	174
0	0
0	0
3	2
0	3
0	3
0	3
6	3
0	3
0	0
5	0
0	0
0	0
0	15
0	22
0	24
0	22
2	24
0	16
0	0
0	0
0	0
0	1
0	548
0	1
0	18
0	0
0	0
0	0
0	548
0	543
0	0
0	544
0	13
0	13
0	46
3	22
5	260
7	260
1	24
0	15
0	3
1	0
0	0
0	0
0	0
0	0
132	24
0	14
1	8
0	0
0	0
0	0
0	0
0	0
25	13639
0	0
0	0
14	12
26	206
0	0
0	0
3	148
0	401
1022	426
10	128
0	34
0	99
0	0
0	0
0	0
0	0
0	0
0	0
0	0
0	0
0	21
0	21
0	0
531	0
8839	10
0	0
0	0
0	3
0	0
0	0
0	3
0	0
0	0
0	1
0	0
0	0
0	0
0	0
0	0
0	0
0	0
0	377
0	1
0	377
0	0
65	0
0	0
0	0
0	0
0	0
0	0
0	0
0	0
0	0
0	0
0	0
2	0
4869	8
0	0
0	0
0	0
0	0
0	0
19	0
0	0
10	20
15	303
0	13
3	290
5	824
1	754
0	277
0	191
5	67
0	9
0	133
0	72
0	97
4	360
0	282
0	282
0	288
0	8
0	0
0	0
0	0
1119	634
0	592
3	539
0	18
0	49
0	15
0	13
0	0
0	0
1	230
2077	2625
0	640
92	2469
0	2148
0	270
0	1978
0	76
0	209
0	1910
0	2255
0	120
0	0
22	44
0	14
0	1359
0	40
1	781
340	1140
8	269
0	438
0	741
3	116
2	20
3	169
0	2
0	15
4	179
0	2
0	149
0	155
0	92
0	12
0	3
0	0
0	0
0	0
114	106
1	77
0	9
3	61
0	57
0	43
0	2
2	1
0	0
83	8330
0	812
1	3953
0	2207
0	3151
0	6900
0	0
142	348
0	283
0	58
0	26
0	65
0	96
1	1
16	128
10	129
0	33
0	0
0	0
0	0
0	0
0	0
0	0
0	0
0	0
0	0
81	1250
2	235
3	669
0	453
0	11
0	0
0	301
5	195
1	5
0	0
3	339
0	162
0	0
3	627
0	190
0	591
0	7
0	7
0	24
0	0
0	0
0	0
1	5
0	5
0	0
0	1
0	30
3	30
0	10
0	0
6	5
0	5
0	0
0	0
0	0
0	0
0	0
0	4
1	4
48	0
0	262
268	271
0	112
0	139
0	15
0	133
0	266
0	93
0	98
0	140
3	93
0	16
0	121
0	120
0	120
0	33
1	0
0	125
0	0
0	0
7	0
3	1
0	231
0	0
0	3
0	3
0	40
0	44
0	25
478	213
0	213
26	547
0	211
0	248
0	326
0	243
0	240
7	181
4	469
1	23
0	243
1	232
0	226
0	97
2	56
97	124
0	63
0	40
0	44
0	20
0	4
2	0
0	1
0	1
0	1
0	50
0	9
0	50
0	50
0	48
0	3
0	4
0	0
0	0
894	3224
0	1315
1	1312
0	2019
0	1072
0	212
0	0
0	152
0	124
0	37
0	75
0	40
0	62
0	71
0	35
0	15
0	4
0	54
0	2
0	36
0	12
0	18
0	14
0	0
0	0
0	0
2219	0
0	0
0	0
0	0
287	293
0	126
0	227
1	29
0	51
1	0
132	6
0	6
0	0
0	0
7	93
3	90
0	0
0	18
0	0
0	0
0	0
0	0
0	0
0	0
0	4
0	3
0	0
0	8
0	30
0	12
2	108
320	240
0	240
0	0
0	0
2	0
0	0
3	0
0	0
26	362
2	0
0	20
0	353
0	5
0	19
0	285
0	6
0	10
0	30
23	0
16	1723
18	1784
0	916
8	0
0	0
552	1051
9	414
4	357
0	296
0	80
5	6
757	132
0	132
346	0
0	0
690	1980
2	1608
0	1940
0	0
0	222
0	0
0	0
0	1425
0	1371
0	1328
0	237
0	0
0	37
0	73
0	13
3	716
0	46
0	53
0	1
0	92
5	471
0	482
0	474
0	472
0	470
0	476
0	92
0	345
3	335
0	16
0	8
0	41
0	31
0	24
0	0
0	4
0	15
0	4
0	0
0	4
0	12
0	12
0	12
0	12
0	4
1426	1810
0	894
0	11
3	805
0	571
0	1
0	22
39	1655
0	234
48	374
0	27
0	0
0	1
22	1
0	12
39	122
0	16
0	10
0	20
0	117
0	0
0	7
2758	7689
0	7695
0	915
0	0
0	0
0	0
0	0
0	0
0	0
0	0
0	0
0	0
6	81
21	81
832	215
0	0
0	0
3	213
0	0
0	0
74	0
1	2040
0	2042
0	2043
0	2039
0	2021
0	2021
2	1980
0	130
0	63
0	40
0	30
2	7
0	12
0	25
0	92
233	135
4	138
0	139
0	0
0	3
2	3
4	60
0	9
0	0
30	239
0	13
21	200
0	3
0	0
0	75
1	91
1	26
0	40
0	78
0	5
0	32
0	11
0	3
0	3
0	7
0	5
0	64
0	14
0	66
0	5
0	0
0	2
0	78
0	0
0	4
0	4
0	2
0	1
1	0
0	0
0	0
0	0
0	0
0	0
0	0
0	0
0	0
0	0
0	0
0	0
0	0
0	0
0	0
0	0
0	0
0	0
0	0
0	0
0	0
0	0
0	0
0	0
0	0
0	0
0	0
0	0
0	0
0	0
0	0
0	0
0	0
0	0
0	0
0	0
0	0
0	0
0	0
0	0
0	0
0	0
0	0
1	414
0	1
0	0
0	0
0	0
0	0
0	0
0	0
0	0
0	0
0	0
0	0
0	0
0	0
113	0
0	0
1	0
0	0
0	0
0	0
19	0
3	1
0	1
0	0
2883	525
0	523
0	4
0	32
0	0
0	4
0	0
0	4
0	0
0	0
0	0
31	107
0	3
0	107
0	77
0	10
0	10
0	10
0	10
0	3
0	7
0	0
0	7
408	108
0	108
11	0
0	0
0	0
0	0
0	0
0	0
0	1
0	0
3	1
0	0
0	0
0	0
0	0
0	0
0	0
0	0
0	0
0	0
0	0
0	0
0	0
0	0
0	0
0	0
0	0
0	16
2	16
0	3
0	0
0	0
0	0
50	306
0	146
0	268
2	129
957	286
1	151
1	21
5	0
0	148
0	1072
0	1052
230	929
0	309
0	536
8	44
69	11
0	11
0	0
0	639
3	555
0	24
2	179
0	25
0	592
0	79
0	40
0	14
0	68
13	350
2	120
0	0
1	20
0	0
0	1
2	1
0	18
0	18
0	22
0	22
0	22
2	1132
6	2221
25	2668
3	1734
0	265
0	81
0	805
0	115
37	301
1	228
0	160
0	3
0	2
0	9
37	2178
217	4649
4070	4675
0	3072
0	9
10	808
1485	189
0	9
0	28
0	67
0	1
0	99
3	1
0	4
0	4
0	0
0	0
0	0
7	0
1127	36
2	2244
1	2350
0	36
0	2815
0	2868
11	2638
0	2137
0	20
0	482
2	51
0	214
1	182
4	4
0	4
0	4
0	0
0	40
0	0
0	20
4	14
472	66
0	53
0	2285
0	2304
0	2384
0	2387
0	2393
0	2388
1	113
0	128
1	11
0	202
1	189
0	111
0	61
5	82
1	38
1	12
0	71
0	0
5	124
0	124
84	180
0	0
6	18
0	168
316	700
0	700
0	23
0	84
122	0
0	7
0	7
0	0
3	3
10	0
40	170
0	152
2	150
0	73
0	38
0	31
0	0
0	4
3970	12006
0	968
30	11345
0	5828
0	0
2787	3282
3	381
0	2157
0	1402
1	2933
4	2190
600	45
3	45
0	27
0	20
0	3
2	17
1	7
0	0
0	13
0	23
0	8
0	17
0	24
0	7
0	24
0	5
20	181
1	52
0	0
0	169
0	8
0	142
154	211
0	13
1	75
0	103
0	57
3	50
0	25
0	18
1	0
0	17
0	12
2	16
0	3
0	0
69	0
2	0
0	0
0	0
17	0
476	0
0	0
0	0
0	0
0	0
353	1620
2	271
0	480
11	245
0	128
0	842
1	517
0	0
0	188
0	216
1239	119
0	51
0	0
0	68
0	0
4	340
0	244
0	220
0	0
0	27
0	39
12	105
0	21
0	20
0	20
0	0
1	0
0	1
0	6
93	127
3	124
5	54
5	6
0	4
23	4
1	0
2	0
0	1
0	0
3	3
0	3
0	226
0	257
0	226
0	0
1	0
3530	12081
3	3385
0	0
0	1286
2	2966
0	7075
0	0
0	4611
0	0
0	0
0	0
5	2
0	2
0	0
0	0
0	0
0	0
0	0
0	0
1	0
0	0
0	0
0	2
7	22
0	20
1	0
43	86
0	76
10	89
0	3
0	86
0	89
62	6534
2	6336
44	6274
2	4038
0	3912
2	509
7	108
0	960
17	458
214	170
1	42
0	10
4	0
1	0
0	86
0	0
2	0
0	0
0	0
1113	4433
5	848
3	3766
0	0
0	408
0	305
3	2188
39	823
119	856
0	719
0	50
1	37
0	35
1	0
0	0
0	0
2	151
0	0
0	0
0	3517
0	0
50	3563
0	0
3	2158
0	1593
0	125
20	607
0	590
1	2066
0	124
4	14
1	15
2	1
0	4
0	12
10	2096
0	4
0	7
0	0
0	1
0	3
0	2131
0	2224
0	1762
0	0
0	358
1	68
6	117
3	0
2009	7985
2	4457
3	7254
0	2667
1	935
1	1888
1	1950
33	427
5	242
4	349
2	312
0	326
0	20
10	338
2868	694
0	60
0	93
0	13
0	295
2	25
0	25
0	0
0	0
126	2055
3	2058
46	1959
6	375
0	265
0	0
17	939
0	937
0	925
0	409
0	1
0	39
0	0
608	2015
0	1329
34	1856
2	1875
0	25
0	0
0	39
7	163
52	462
14	39
0	406
0	462
0	209
103	154
0	154
0	4
0	2
0	16
0	0
11	361
1	251
0	38
0	248
1	167
0	427
1	98
0	24
1	34
0	149
9	599
2	529
0	410
0	0
0	45
0	26
1	387
21	16
0	13
0	5
0	0
5	6
1	6
0	1
0	1
0	0
0	161
9	172
0	97
0	0
0	0
0	0
2	0
404	164
0	164
5	148
4	138
0	0
3	4
0	4
877	489
0	199
1	106
3	205
8	307
0	0
0	0
0	0
0	0
0	0
0	0
0	0
0	0
0	0
0	0
0	0
0	0
0	0
0	0
0	0
0	0
0	0
0	0
0	0
0	0
0	0
0	0
0	0
0	0
0	0
0	0
0	0
0	0
0	0
0	0
0	0
0	0
0	0
0	0
0	0
0	0
0	0
0	0
0	0
0	0
0	0
0	0
0	0
0	0
0	0
0	0
0	0
309	1783
2	184
0	138
0	94
0	1742
0	0
0	0
0	0
9	188
10	185
2	188
0	3
0	6
0	6
0	6
0	2
0	0
0	0
0	0
0	0
0	0
0	0
84	365
0	240
3	288
0	0
82	239
0	32
0	31
651	246
0	0
0	62
0	45
0	103
0	101
0	48
0	88
1	69
0	4
0	93
0	6
0	1
0	10
0	16
0	6
0	0
4	9
42	9
1255	2973
9	2696
1	1123
1	14
124	385
0	153
0	215
0	0
15	194
0	119
21	214
0	98
16	181
1	145
1	142
0	66
0	63
0	60
1	123
1	117
0	0
0	38
0	6
0	30
0	30
0	39
0	40
0	35
0	39
0	38
0	3
0	3
0	3
0	3
0	3
0	3
0	2
0	2
0	2
0	2
7	3
0	68
0	63
0	0
0	18
0	173
0	134
16	173
6	1
0	1
2	0
467	5
8	5
0	0
0	0
0	0
0	0
0	0
47	10
0	6
33	6
13	0
0	0
26	1061
0	19
3	1061
0	31
0	11
0	3
0	0
0	3
0	0
0	12
0	0
0	1
0	1
0	0
9	175
0	0
0	28
5	23
0	11
4	185
222	126
0	0
0	0
0	118
2	0
365	0
19	0
1	14
6	809
0	11
0	5
46	9
0	565
0	564
0	458
1	574
0	56
0	428
0	98
0	19
4	16
0	0
792	39
0	0
0	39
0	0
0	0
0	0
0	0
208	0
162	15
0	15
3	1289
10	1342
0	1292
1	281
0	502
0	144
1	40
1	183
0	70
0	0
0	0
0	0
0	35
0	0
4	283
0	7598
0	7517
0	563
0	0
0	0
0	43
16	169
0	175
0	70
2	8
0	8
0	5
0	3
5617	1300
0	1298
0	0
354	218
0	4
38	214
893	40
0	23
0	0
0	17
0	0
1	0
0	0
0	0
0	0
0	0
0	87
0	87
0	0
0	0
0	0
0	0
0	0
0	0
0	0
0	0
0	0
0	0
0	0
0	0
0	0
31	1403
0	29
0	0
0	0
0	29
0	0
0	0
0	0
0	0
0	0
0	0
0	0
12	4234
3	599
5	4047
26	600
50	6532
54	6613
75	6605
1	316
32	576
0	157
0	45
0	2
0	582
155	608
0	13
6	49
1	0
0	10
3	445
13	445
0	45
0	50
6	99
1	90
1	12
0	0
5	0
48	69
0	69
1	0
1	0
105	336
5	247
0	212
4	27
22509	3643
1	3275
0	136
0	122
1	920
37	0
383	6
0	4
0	2
0	0
0	0
0	0
23	847
0	833
8	770
6	866
7	799
0	0
0	0
0	96
0	179
0	0
0	0
0	0
0	0
0	214
0	278
0	201
0	228
0	270
1	275
0	272
0	272
0	273
0	267
0	270
0	270
0	7
5	2
0	0
0	7
0	8
0	0
0	0
0	3
0	0
0	0
0	0
0	0
0	0
0	0
0	1152
1	1536
44	1538
1249	1538
10	322
1755	181
0	68
0	134
0	0
0	8
0	0
0	8
0	0
0	0
0	0
0	0
3	0
0	0
78	87
1	61
0	8
2	1
1	59
0	1
1	0
107	2443
6	2424
0	0
0	42
0	390
0	274
0	0
0	0
0	0
0	0
0	0
0	0
0	0
0	0
0	0
0	0
0	0
0	0
3	0
1426	28
150	97
10	97
0	0
0	16
0	12
11	20
603	132
0	104
0	0
1	26
0	0
11	0
0	0
28	413
0	25
1	413
0	17
0	0
0	7
0	11
0	3
1	61
0	676
0	35
3	676
17	55
0	0
0	0
65	842
0	1260
14	1213
10	1208
8	1254
10	1081
393	261
2	77
0	224
2334	0
35	13
550	18
0	0
0	5
32	14
0	14
0	12
0	3
0	0
0	0
0	13
7	32
0	42
34	252
7	258
0	13
0	34
1	0
286	40
0	40
0	47
0	0
336	187
0	87
0	15
0	19
0	72
46	0
452	23
6	23
3	0
1622	1071
13	732
19	924
0	202
104	444
21	417
3	161
0	26
9	4
0	4
0	0
2603	14
0	156
0	0
0	16
0	16
0	14
0	3
0	0
0	138
0	5
0	137
0	28
713	316
7	316
44	7
391	708
48	706
0	4
0	7
0	132
62	222
2	223
0	55
0	859
12	859
0	4
0	0
0	49
0	15
0	0
1	50
8	47
3	38
0	23
0	22
1	21
0	24
1	8
149	2511
0	1464
0	245
0	64
2	162
4	922
3	39
0	347
0	22
2	44
0	8
0	22
0	14
7	26
0	10
0	0
0	0
0	4
0	0
17	7376
43	9172
23	9154
78	8850
10	212
0	649
2175	576
0	576
192	0
0	0
0	785
76	791
8	608
0	2
3	10
0	10
1	0
0	3
0	3
1	2
0	0
113	15
0	0
0	0
0	3
0	6
0	1751
0	1756
0	1756
1	517
3	172
0	20
1	7
1	2
0	2
92	0
0	0
0	0
0	0
8	5
0	0
0	0
0	0
0	0
0	0
0	0
0	5
0	0
63	4676
120	4676
1	63
940	1545
0	671
0	1323
0	0
24232	34458
18	34448
1590	34223
0	27
11	55
8	1688
799	1924
0	1759
1	31
0	56
0	5
0	0
0	115
0	0
0	277
0	175
0	0
0	430
5	437
0	9
0	11
0	6
0	11
0	1
0	4
0	4
0	0
1730	692
0	492
6	661
0	43
0	344
0	144
1	9
1	12
5	6
0	4
0	0
1	143
0	132
0	99
0	117
0	47
0	0
0	10
0	2
3	90
0	89
4	12
0	4
0	0
0	4
0	0
1	42
3	16
0	0
64	4762
53	4762
31	3412
13	108
1980	0
0	0
0	0
76	0
0	3
0	3
0	0
0	0
0	0
0	0
0	0
0	1
0	0
0	0
0	1
0	0
0	0
35	0
3	6
0	16
75	318
0	0
0	0
0	0
0	0
3	14
0	9
3	279
0	98
8	109
0	59
0	6
2	2
0	1
24	1
0	1
0	0
0	2912
0	37
2	5
0	2893
0	40
2	2406
12	2825
2	493
0	44
0	500
0	0
0	272
0	2
3	2
22	849
0	849
0	203
0	11
0	0
0	0
1	57
644	63
20	667
0	1146
0	1211
0	0
9	700
1	340
0	582
4	123
0	35
31	285
162	285
0	140
11	0
0	1340
0	1073
0	659
0	1202
0	236
0	99
0	0
0	0
0	0
0	0
19	39759
122	41673
0	41506
0	39745
210	16710
3	16068
8	13878
0	9339
1	733
1	0
4306	20
5	853
0	793
2	786
0	379
0	48
0	34
0	49
1	57
0	57
1	56
0	0
0	97
1	1
0	1
1776	2075
0	329
0	556
1	214
0	89
3	442
0	1134
0	71
0	247
0	247
1	247
0	5
0	3
1	0
0	0
0	0
15	20
0	20
3818	1117
1	1108
3	203
0	105
109	647
0	361
0	334
0	368
0	36
126	0
0	0
0	111
0	111
0	14
0	29
0	0
1964	385
1	56
0	65
0	105
0	52
1	136
0	7
0	120
2	0
2	2
1	2
0	0
5330	5
271	311
0	58
0	137
0	17
0	4
0	4
0	55
0	62
0	62
0	62
2	15
2	9
5	16
0	0
0	0
0	0
0	17
26	17
1977	2097
4	705
61	1620
5	151
3	44
3	411
1	1172
49	346
47	2195
0	257
0	736
5	267
0	594
3	160
5	540
0	2265
0	107
14	818
1	231
0	155
0	123
0	83
13	383
0	4
1	5
0	34
0	2
1	0
1	2
168	116
4	16
11	40
164	74
13	61
0	28
33	426
0	105
0	198
23	221
4	325
0	73
0	99
0	18
0	0
0	1148
1	1111
2	1141
0	189
0	143
0	134
0	10
1916	672
0	622
0	39
0	49
2	29
0	23
2	187
4	194
1	19
0	0
0	24
0	26
8	1282
0	0
2039	1284
14	165
0	0
0	0
0	93
0	0
89	4143
0	82
5	4143
0	196
4	576
1	0
0	0
1	11
0	1
0	1
0	0
0	0
18	0
0	0
25	9
9	9
34	9709
4	9706
0	9783
0	9863
0	8100
0	8233
0	8219
0	560
0	1015
1	58
0	21
0	971
0	954
0	0
0	0
1	0
0	172
0	1
0	139
4	94
0	2
1	181
3	3
0	0
0	177
0	19
0	6
0	3
0	25
2	3422
0	3422
0	92
2	94
1	88
0	45
0	88
0	116
0	31
0	106
0	108
0	37
0	10
0	10
0	8
0	0
0	0
0	97
4	97
0	60
0	10
0	3
23	4
0	2
2309	218
840	1162
0	542
0	584
0	22
1	46
608	143
0	140
0	11
0	3
16	599
146	599
2	0
12	1985
8	1925
0	1846
0	62
0	43
0	1031
0	1032
0	0
0	0
0	0
0	0
0	0
9630	934
0	17
0	0
1	384
0	384
6	918
0	0
0	0
749	2820
0	74
0	8
0	69
0	65
0	395
0	30
0	11
0	973
0	0
17	0
0	0
0	0
0	0
0	0
1	0
0	0
0	0
0	0
238	488
1	26
0	485
0	344
0	183
3	42
0	11
0	13
86	577
2	168
0	6
2	150
0	91
0	229
4	348
0	78
0	209
0	169
106	1969
2	68
1	0
18	270
0	1992
65	19
0	19
16	0
7	0
2	21
67	21
0	189
2	189
0	198
2	193
0	262
0	283
0	265
0	255
0	273
1	283
0	289
0	283
0	289
0	215
0	117
240	34
11	88
0	88
0	2
0	0
0	14
0	0
1	0
0	0
177	0
294	2
0	2
169	759
4	315
0	42
1	480
0	0
31	80
0	80
32	298
2	298
0	171
5	132
0	15
0	6
0	2
0	0
0	0
0	0
0	0
344	179
0	1
0	178
28	0
0	275
0	218
0	83
0	281
0	168
0	279
2	392
7	178
0	0
0	0
0	109
0	0
0	79
0	0
0	0
0	385
4	646
4	549
1	164
15	410
0	57
2	86
0	164
0	166
13	17
0	33
0	39
12	423
5	414
0	418
0	38
0	28
0	4
0	0
0	4
4	80
0	0
7	82
5	27
3	14
0	25
1	0
3	2
3	278
0	278
1	83
0	30
0	14
0	6
0	0
0	0
165	12
0	12
467	0
0	0
10	2027
2349	2924
8	899
2	0
11	291
296	2763
1	2416
0	254
0	1270
0	288
0	1245
2	578
0	1185
0	3
1	268
0	0
0	725
62	0
20	45
0	548
0	557
0	573
0	563
0	31
0	21
0	206
0	357
0	7
0	339
0	30
0	51
134	5
0	4
0	4
123	0
0	53
483	169
0	117
0	45
0	22
0	26
20	0
0	0
781	620
4	581
0	80
0	346
0	2
3	0
3648	304
2	304
4	0
943	714
2	714
0	74
0	0
0	0
3	8
0	8
0	8
0	6
0	974
0	970
0	0
22	2
0	173
0	8
6	31
0	968
0	862
3	0
534	189
1	20
0	0
0	0
0	4
0	181
0	3
0	0
70	47
6	45
0	5
2	3
5	34
0	3
27	36
0	10
0	17
5	29
0	0
0	0
4	29
0	100
9	123
4	119
0	8
2515	703
0	429
7	402
4	324
1	205
0	216
0	0
150	1800
0	1800
0	149
0	17
0	25
1307	577
0	0
8	67
0	132
0	0
0	409
0	0
4	0
2407	2227
60	2227
1	10
0	16
1	5
0	14
0	18
3984	2573
0	85
2	2358
2	0
0	0
114	40
0	36
91	208
2	170
0	52
14	0
1056	288
0	288
0	39
6	95
0	0
0	0
0	0
224	94
5	97
2	35
0	1804
2	1760
0	1266
0	156
0	0
0	10
0	18
0	0
0	0
2	753
4	731
0	696
0	537
0	469
0	451
0	152
0	12
0	0
0	0
0	0
0	0
0	0
632	2076
16	1129
8	1166
4	876
12	885
0	423
31	505
1	435
0	417
0	602
0	375
0	359
0	102
3	2542
105	2448
1	1800
0	2284
0	2290
23	1431
0	164
0	601
0	538
8	547
0	262
1	0
0	0
0	0
0	0
0	0
0	0
0	0
0	36
0	0
0	36
0	0
0	2
2	20
7	21
0	8
0	11
0	0
0	0
0	4
0	3
67	0
1	0
0	65
8	184
16	51
6	110
0	145
0	39
1	21
0	2
0	23
0	10
0	35
0	23
1877	2648
23	1635
8	1037
17	238
0	235
0	31
0	13
0	6
0	14
0	10
0	7
0	0
0	1
0	0
0	1
0	0
0	0
0	0
0	0
0	7
0	7
0	0
0	0
0	3
86	299
1	299
0	0
0	0
0	0
0	0
0	0
0	0
0	0
0	0
0	0
9	16
0	16
0	132
9	132
0	135
0	6
0	6
0	6
0	22
0	18
0	0
0	20
0	0
0	7
0	23
0	23
0	16
2342	97
0	87
0	40
0	137
0	13
0	1
0	0
75	137
0	6
1	28
0	0
1965	17091
0	0
1	46
1	4806
6	14079
5	10288
0	0
131	4003
2	343
3	785
1	424
159	4098
0	83
5	0
25	2277
0	2380
4	1928
20	840
5	769
0	835
1	424
1192	64
0	64
35	1212
0	1212
0	0
0	391
128	36
0	34
0	2
4	1013
292	1585
0	495
18	211
0	39
2	5
0	5
2248	992
51	984
7	581
79	553
0	87
0	92
0	501
1	257
0	0
0	5
1608	642
1	347
2	483
0	0
0	1
0	0
0	1
0	0
0	0
0	0
0	0
4048	252
0	206
0	0
0	0
0	0
4	1817
2	1806
0	1280
0	969
0	241
0	738
0	35
0	53
0	89
0	165
0	81
5	141
0	107
0	33
0	68
0	14
0	15
0	14
0	14
0	3
0	0
0	0
0	0
0	0
0	0
0	58
1242	209
0	0
13	67
0	0
0	674
0	674
3730	1155
0	0
5	760
0	142
0	102
54	162
0	103
0	0
0	17
74	17
0	0
36	0
0	0
0	0
0	0
0	0
0	0
8	0
1	1
0	0
0	0
0	98
4	98
0	5
0	0
5	419
2	415
7	171
149	177
1	146
1	27
0	20
0	22
0	19
0	3
677	51
7	45
0	1
0	0
1	10
1	10
1061	509
0	214
5	162
2	68
6	212
47	872
0	476
0	192
0	425
0	34
16	359
0	11
1	99
1	10
0	356
0	101
9	147
0	2559
43	2989
3	1054
3	1599
0	164
1697	1779
0	1333
0	344
0	561
0	254
0	341
3	3
0	0
1107	0
1	0
0	0
0	0
0	858
838	10005
0	110
6	8369
5	8978
1	3465
0	4147
0	2087
30	2643
0	0
0	0
841	345
0	341
1	4
48	0
0	0
65	0
0	3
0	4
0	3
10	65
1	25
3	6
684	95
0	37
0	0
12	1146
15	1182
62	1203
0	1107
0	140
0	62
0	196
0	17
0	36
0	752
0	0
0	0
24	51
4	51
0	51
0	1
1	0
4	1827
1	1833
0	4
0	6
0	391
0	1818
0	0
2	1369
31	1348
0	823
1	64
0	82
1	178
0	257
0	219
44	284
0	0
0	0
0	0
0	0
0	0
7	0
25	579
0	575
0	418
0	43
0	28
0	38
1671	0
1309	69
0	69
1750	0
190	0
170	18
0	10
0	8
0	0
0	0
0	0
0	0
0	0
0	0
0	0
0	0
713	0
4545	2831
2383	2829
0	0
18	0
0	8
0	0
0	0
0	0
0	0
0	0
0	139
1	139
0	0
0	0
0	28
3	0
0	0
0	0
0	6
17	441
0	64
3	437
0	8
9	10
0	4
0	13
0	26
0	345
0	12
0	2
4	42
0	10
0	5
0	6
0	45
39	594
0	104
9	274
0	480
15	4826
0	5261
0	322
0	0
1	5202
202	1396
15	2632
0	100
0	15
0	15
0	1499
353	61
0	0
0	60
0	37
0	21
0	11
0	0
0	0
1666	63
3	0
0	1
0	1
0	1
5	53
0	0
11	76
7	72
9	227
0	2192
0	2160
0	2162
0	3
0	3
0	1536
0	40
0	0
0	1832
0	0
0	1213
0	168
0	37
0	11
0	0
4	7314
0	7
4	229
4	6791
5	7091
0	7115
5	274
0	7281
37	514
4	7054
6	536
0	89
0	1311
0	268
5	1971
0	139
19	55
118	288
10	1936
5	175
56	372
14	290
0	149
4843	14
35	9931
300	16775
0	10451
0	0
0	0
1	54
43	54
913	2
64	0
2	1
188	1808
77	1720
0	159
82968	256
156	28
1	5
0	23
0	0
0	0
0	7
6	46
0	90
0	86
0	75
0	8
0	1
0	8
0	0
17	0
18	12
0	12
0	168
0	168
0	152
0	42
0	5
0	9
0	15
0	0
0	0
0	0
0	0
0	0
0	0
0	0
0	0
0	0
0	0
0	0
154	0
0	0
0	0
0	16
0	135
5	142
0	50
49	69
0	69
0	0
1865	230
6	226
18	2
1652	949
0	949
0	776
29	478
0	0
6	0
9	8770
0	1792
9	7795
0	132
0	5459
1	6168
0	0
0	931
0	3021
0	7698
0	0
30	188
2	203
1	163
3	181
0	59
876	18
1	18
0	0
0	0
0	0
0	0
0	0
1	686
50	1224
2	865
2	33
0	113
0	327
0	3
103	3351
0	3345
0	47
0	489
11	3108
0	2424
0	1575
10	1570
2	10
0	205
0	1
4	8
0	16
1	122
0	113
0	56
0	109
0	90
0	588
15	588
0	0
0	347
280	612
2	574
0	47
0	0
0	0
0	0
55	5
0	5
2	0
0	0
2	0
0	0
543	0
0	0
2017	2
0	0
3	0
0	0
12	0
0	0
0	0
0	0
0	0
0	857
0	939
0	1049
0	1148
0	1169
0	1199
0	1164
1	117
0	98
0	8
0	56
0	35
22	0
0	0
3	3977
0	174
0	3991
3	151
1	94
0	0
0	0
0	0
0	0
2	1
0	1
0	0
0	0
0	10
0	10
0	0
17	0
0	0
2613	166
0	0
0	124
0	42
17	0
2033	3970
13	3970
3	3238
1	2515
172	4331
196	4272
3	3927
0	884
2	471
0	673
0	98
3	847
0	28
0	10
3	33
1	100
0	133
5	261
0	263
0	260
0	261
0	14
0	33
0	16
0	19
0	10
6	859
0	928
1	266
4	65
0	86
0	84
3	243
0	219
0	3
3	88
1	194
0	0
6	1
0	1
6	1727
22	1781
16	1730
2	1726
0	0
0	0
0	111
868	23
0	21
3	1
0	0
0	1
0	1
0	1
17	17
2	29
0	1
177	48
0	6
1	23
0	15
0	23
0	0
0	0
40	6
0	0
0	0
0	6
0	0
0	0
0	0
224	0
0	30
0	30
0	2
0	3
0	0
1	0
0	3
0	3
0	0
0	0
14	0
43	0
70	853
17	853
0	694
0	21
1	99
1	131
0	219
8	383
0	383
0	8
0	0
0	0
3	1
110	0
0	62
0	62
0	62
0	9
0	9
0	9
0	8
0	6
0	6
0	5
0	5
0	5
0	4
0	3
0	0
3	3
0	0
0	3
0	2
0	0
200	0
103	4369
3	4463
1	21
0	8
0	440
0	175
533	443
0	432
0	249
47	0
1938	34
0	13
0	21
0	95
0	201
764	311
1	86
0	5
2	110
0	0
0	0
0	0
0	0
0	0
0	0
0	0
0	0
0	0
10479	12
53	0
0	0
1	47
0	47
0	26
1	41
0	13
0	4
0	1
0	0
0	0
0	0
1	0
269	0
0	0
0	3
0	3
2	2
0	0
669	476
0	1
0	238
26	2425
16	2205
16	1936
0	1107
0	495
0	141
0	0
0	0
4	0
0	0
0	0
1385	21
0	0
0	0
0	16
0	9
0	54
0	2
0	0
14	13
355	176
0	138
0	0
88	0
9	2
0	0
0	0
20	401
0	1
3	400
0	27
2	0
0	0
0	0
0	0
0	0
0	0
0	0
0	0
0	0
0	0
0	0
0	0
0	0
1	10
0	0
0	0
0	0
0	0
0	0
0	0
0	0
0	0
0	0
0	0
0	0
0	0
0	0
0	0
0	0
0	0
0	0
0	0
0	0
0	0
0	0
0	0
0	0
0	0
0	0
0	0
0	0
0	0
0	0
0	0
0	0
0	0
0	0
0	0
0	0
0	0
0	0
0	0
0	0
0	0
0	0
0	0
0	0
0	0
0	0
0	0
0	0
2	67
0	0
0	0
0	0
0	0
0	0
0	0
0	0
0	0
0	0
0	0
0	0
0	0
0	0
0	0
0	0
0	0
0	0
0	0
0	0
0	0
0	0
0	0
0	0
55	71
0	0
0	0
0	0
0	0
0	0
0	0
0	0
0	567
0	730
49	894
0	80
2	157
4	810
0	39
0	0
0	517
2	370
0	510
1	340
0	56
0	68
0	42
0	6
0	2
0	9
96	0
0	0
1	1
0	1
0	0
0	0
0	0
0	2
1	2
0	0
0	0
0	6
0	0
0	0
0	0
0	0
0	0
0	0
0	0
0	117
0	0
0	10
0	2
0	0
0	0
0	0
0	0
0	0
0	0
0	0
0	8
0	18
0	2
0	1
0	0
6	48
0	0
0	0
0	0
0	0
0	0
0	6
0	0
0	0
0	0
0	0
0	0
0	0
0	0
0	0
0	0
0	0
0	0
0	8
4	24
0	2
0	0
0	1
0	0
0	2
0	2
0	2
76	35
0	0
1	0
0	0
0	0
0	0
0	0
0	8
0	24
0	1
0	0
10	19
0	9
0	0
0	0
0	0
0	7
0	0
0	1
0	0
0	0
0	0
0	0
2	0
0	6
2	4
0	0
0	0
4	53
0	0
0	0
0	0
0	0
0	0
0	0
0	5
0	0
0	0
0	0
0	0
0	0
0	0
0	0
0	0
0	3
0	3
0	0
0	0
0	1
0	0
0	0
0	0
0	5
0	5
0	0
0	0
0	0
0	0
0	2
0	0
0	3
0	0
3	8
0	7
5	0
8	13
49	4
0	4
0	66
0	62
0	16
0	46
0	59
0	6
2	0
0	4
32	0
0	5564
15	5432
16	4374
4	1565
0	97
0	407
0	0
0	227
583	271
0	115
0	156
0	0
0	96
0	16
845	0
0	0
50	0
2	0
2312	1842
61	1788
1	1216
0	84
2	17
0	0
0	146
7	17
3	2
59	281
0	257
2	14
0	127
4	50
0	1
0	1
704	142
0	84
1	7
43	0
0	2
6	342
0	162
50	360
0	32
6	241
0	34
0	8
2	785
0	779
31	781
51	772
0	514
0	407
42	401
0	0
0	26
4	2271
149	2472
14	1967
168	1076
2	302
0	702
20	693
14	691
0	381
2	479
5230	0
915	52
0	38
0	16
0	0
2	0
512	37
1	33
0	0
0	37
1658	162
0	68
60	0
0	0
0	102
0	0
0	819
0	753
2	769
1	717
0	5
9	238
20	159
0	0
0	34
0	0
776	907
1	901
0	100
0	1
0	1
0	1
0	1
0	1270
1	1273
0	1237
13	1584
0	523
0	75
0	24
0	56
0	129
0	23
0	33
0	655
7	221
4	203
0	196
0	169
0	494
3	56
0	798
1	86
0	291
0	167
0	351
0	315
0	331
0	198
0	455
0	247
0	121
0	139
1	0
0	0
1	9
49	19
0	0
0	0
0	0
0	0
2	5
0	10
174	0
0	0
0	0
14	0
1562	520
0	477
6	303
0	79
0	96
0	0
290	307
734	316
0	7
104	0
0	3
28	78
0	71
0	51
3	18
0	8
0	8
0	100
1040	496
5	141
2	355
0	6
0	118
0	6267
0	6318
0	2230
0	1709
0	1356
0	10
0	66
0	69
52	239
0	44
0	88
0	1
237	1803
0	396
0	1697
2	1697
2	317
0	1058
0	1026
0	0
0	0
0	0
0	0
0	0
0	10
0	270
0	70
0	2
1	50
0	3
0	0
0	1
0	1
2	18
95	133
1	129
1	104
0	3
0	0
0	0
2	20
1	27
0	10
185	36
0	4
2	0
0	0
1682	274
0	0
0	274
5	0
18810	42308
330	41100
10	306
1	4685
1	556
0	556
0	556
0	554
3	542
0	407
0	258
0	0
0	47
0	44
0	31
0	18
0	3
10	3
0	2
9	634
3	634
0	1839
0	2015
0	156
3	17
1472	14
0	0
0	0
0	0
0	0
0	0
0	0
0	0
0	0
351	183
0	181
0	123
0	0
0	92
0	7
0	7
0	6
2	4
0	0
0	0
0	182
1	182
0	11
0	0
0	0
0	0
3	0
101	0
0	0
21	0
41	18
0	12
0	12
0	7
0	0
0	0
0	0
0	0
0	0
0	0
0	1
9	3552
2055	29086
7	3935
18	9858
0	1578
1	1046
4	21938
0	7140
0	732
0	2191
6	2620
38	2679
0	2
0	1
0	0
0	6
7	2671
0	0
2	0
0	7
20	265
11	219
486	1623
135	1629
1	3
0	0
0	0
0	0
3	261
2	918
0	12
22	930
84	5338
25	4107
0	4017
0	2236
12	3222
0	142
19	1747
4	1959
0	1850
1	707
0	0
2	721
0	2
0	2
0	0
0	0
0	0
0	2
0	0
0	0
0	0
2	0
15	319
0	249
0	53
0	95
0	48
671	27
0	27
0	3
2	4128
0	3549
0	4189
23	3277
4	3346
6	38
5	17
0	0
0	0
0	9
80	134
65	170
7	77
0	0
596	1752
6	670
0	233
2	1461
1	1219
0	189
0	125
0	365
0	391
0	24
0	193
0	522
219	201
0	195
0	53
698	4
42	0
438	8
1	131
1	173
3	164
0	9
0	6
0	28
0	19
1	18
7	0
2	77
0	485
1	150
2	177
0	451
5	1508
0	0
0	1168
22	1508
0	1498
11	1396
0	31
15	947
0	0
0	2
0	2
0	0
1	0
1	21
0	17
0	9
0	13
0	11
0	10
0	2
0	4
0	0
0	2
0	2
0	0
0	2
0	4
0	0
0	2
0	2
79	4
0	2
0	0
0	0
0	0
0	0
1677	11496
0	116
6	11496
0	11448
0	11442
0	445
0	0
0	0
18	916
0	940
0	940
0	22
4	6
0	6
21	1934
4	1947
8	64
0	36
16	19
0	7
0	12
0	2
0	2
0	0
0	1
0	1
0	2
0	1
0	2
0	1
3	2039
0	2042
0	3199
0	3199
2	85
1	425
35	772
13	452
0	4809
18	4714
41	4666
0	6
0	0
0	4028
0	13645
35	14637
0	14083
0	13593
0	12961
1	8051
0	4594
0	3495
0	2562
0	710
0	176
0	73
0	560
0	0
0	700
0	3
0	3
0	89
9	72
0	193
5	206
0	8
0	203
0	13
0	3
0	0
0	0
0	0
0	0
0	0
1064	265
0	265
0	0
0	0
40	0
0	430
72	539
1	20
0	174
14	425
0	81
3	216
15	15
2	16
0	0
0	4
1	0
547	213
1	213
0	3
3	1439
0	1439
0	52
3	266
1	107
1	573
4	599
0	630
24	386
0	437
1	46
0	107
2	84
12	53
13	142
3	73
0	43
0	3
4	0
0	0
0	0
0	0
0	51
0	50
0	51
0	13
0	4
0	5
0	2
0	3
0	0
0	0
119	613
2	504
0	68
0	85
4071	2360
2	1669
0	1047
26	362
13	586
5	33
0	0
0	11
0	2
0	24
0	4
0	8
0	0
0	26
0	50
0	56
0	53
0	7
0	3
0	1
0	376
0	376
0	376
0	376
0	377
0	377
0	360
10	20
2	13
2	0
0	0
0	4
0	0
0	3
0	0
0	0
0	0
494	2
0	0
11	0
0	0
0	150
0	150
0	5
8	2
0	2
0	28
0	32
0	31
0	28
0	27
0	3
0	1
0	1190
2077	1465
1	754
6	8
0	8
0	1
0	7
0	0
2	0
611	35
1	35
0	624
0	584
1	454
0	360
2	79
0	78
0	224
0	903
0	738
0	476
0	741
10	926
2	640
28	925
9	716
0	145
14	213
0	9
1	2
4	0
228	443
0	62
2	441
0	4
0	164
51	2161
220	2166
1	14
0	30
20	45
0	7
0	20
7	32
0	9
0	14
0	6
0	3428
0	3698
48	3698
7	330
12	66
0	4
5	368
0	582
25	583
3	287
74	587
0	330
0	304
3252	5316
7	5317
0	1844
0	141
23	294
5	296
0	118
0	83
0	11
0	0
0	4
3	2257
495	2257
10	49
0	0
0	2
0	2
4	15
195	42
4	47
0	62
0	61
0	61
0	0
1	4
0	2
0	9
0	9
0	10
0	9
1	4
0	13
0	13
0	14
1	14
0	0
0	18840
81	19036
0	19470
0	855
0	0
0	3603
1	567
0	18183
2	2447
0	3038
2	1894
79	1903
0	9
0	3
0	59
0	41
0	1733
2	206
655	286
0	284
8	142
5	0
0	31
0	0
0	0
0	0
9	80
26	1062
0	5
3	1055
11	1053
0	44
0	87
0	29
27	11
1	9
0	2
0	0
12	1233
0	2211
303	2471
0	721
0	209
23	701
0	71
13	180
0	81
1495	0
1107	1547
73	757
9	1530
0	0
1	42
0	42
0	788
122	901
11	1280
334	556
1	177
0	85
1	38
0	178
0	76
0	127
0	95
0	59
0	0
3	2
1	0
2	2
837	0
4459	6
0	0
0	1
0	1
25	0
546	1603
0	802
1	1333
3	427
5	1183
21	358
9	663
6	437
1	37
0	274
0	1143
343	2492
1	154
289	2408
18	303
7	2116
0	0
6	75
132	206
5	6
0	9
0	37
0	78
0	64
0	1636
0	1304
1	1444
0	1188
2	1370
13	1471
0	6
4	81
8	0
688	469
0	77
0	234
0	509
1	383
68	594
0	13
6	102
0	62
2	0
0	42
198	97
0	81
36	99
4	61
1	23
12	37
140	2858
0	2861
1	183
0	257
3	2662
0	202
0	292
0	375
0	31
0	0
11	1041
8	1085
33	1167
0	39
0	139
25	1124
0	204
0	578
0	62
0	1108
0	1110
0	161
2	344
142	87
0	33
0	54
552	0
8	6236
4154	6316
1	2454
29	5530
10	162
0	1056
1	0
0	0
0	0
2	0
0	0
0	0
4	5
0	1
13	5
0	0
0	0
0	1
0	1
0	0
0	4
0	4
0	3
0	0
0	0
0	0
0	0
0	0
0	0
0	0
0	0
0	0
0	330
14	313
0	329
0	90
0	15
5	10
0	5
3	2
13	0
9	806
0	1739
0	1087
40	1797
21	1758
13	1321
0	52
39	0
71	9
11	66
0	64
9	0
8	5
0	52
0	5
0	5
397	48
0	0
4	1603
102	1590
5	106
1	66
1	51
3	91
0	74
5	99
0	99
0	75
2	13
0	14
2	5
0	11
2	0
0	0
0	0
0	0
0	0
0	0
0	0
0	0
0	0
0	0
0	0
0	0
0	0
0	0
0	0
10	1503
0	0
0	0
0	0
0	0
27	4
0	0
0	4
0	0
1	0
0	0
0	0
173	273
0	55
6	276
1	244
0	289
0	0
0	0
0	0
0	0
0	0
0	0
0	0
0	0
1	0
0	0
85	48
0	35
0	0
0	1
0	12
0	8
0	191
8	191
1	7
0	7
0	11
0	19
0	6
0	8
0	0
0	0
0	0
0	0
42	0
34	67
0	16
0	13
0	0
1681	1263
0	1134
40	534
0	0
0	0
0	2
0	0
0	2
0	0
487	156
0	16
7	135
0	0
0	0
0	0
5	77
1	0
2	124
2	149
2	16
0	144
0	83
26	116
0	1
0	3
0	1
1	0
0	0
0	4
0	0
0	0
2	5
0	17
0	26
0	9
1	0
0	2
0	0
148	17
0	0
0	0
0	2
0	0
0	0
0	0
0	1
0	0
0	0
0	4
0	1
0	10
0	0
0	0
1157	219
0	69
0	80
0	108
3	3
343	0
1	0
0	0
0	0
8	4598
0	4528
3	1050
2	551
0	0
0	0
0	0
0	0
0	0
0	423
0	29
0	0
0	0
1	295
2	225
0	141
0	0
0	0
0	0
0	0
0	96
0	45
1	7
0	2
0	0
0	0
0	2
0	5
0	5
4	18
1	1236
10	1250
0	1231
10	1151
0	6
3	1
0	0
154	43
0	34
0	27
0	3
0	8
0	18
0	7
0	5
0	0
0	8
0	0
0	0
6	0
0	43
0	35
0	17
0	1
0	4
0	13
0	10
0	10
0	10
0	1
2	3
0	0
1	461
0	457
0	57
0	226
1	199
0	138
0	191
0	59
0	42
0	0
20	12
0	12
6171	19030
0	0
0	0
0	0
0	0
0	0
0	0
0	9
0	0
0	0
0	0
0	0
0	0
0	1217
2	0
0	0
0	0
0	0
0	0
0	0
0	0
0	0
0	0
0	0
0	0
0	0
3	0
0	0
34	1574
0	1
58	1650
0	18
0	84
0	292
0	675
0	0
0	1720
3	1675
0	1708
2	1662
0	1691
0	205
0	35
0	14
0	24
0	37
0	14
0	20
1	22
0	56
3	20
0	30
0	22
0	45
12	0
0	339
0	6
43	102
0	0
0	0
0	19
0	0
0	0
1	6
0	9
0	9
0	8
0	1
0	0
1	1
0	0
0	1
0	0
1	193
0	6
0	187
5	173
1	181
0	12
0	0
0	0
651	170
17	170
0	0
20	60
0	0
0	59
0	0
1	0
0	1
3	0
0	23
0	16
13	26
0	2
0	0
0	3
0	0
0	0
0	4
0	0
33	52
1	2
0	49
0	1
0	0
0	3
304	82
0	2
0	49
0	33
0	0
0	0
0	0
0	0
0	0
0	0
7	15
46	131
0	127
1	258
0	231
0	242
0	251
0	251
0	243
0	225
0	195
0	29
0	100
0	4
0	51
0	35
0	27
0	19
0	18
4	10
0	1
31	13
0	0
7	93
0	0
0	237
1	196
9	18
9	214
0	377
116	184
0	150
0	0
0	0
0	7
753	2
1	0
0	0
0	0
0	0
0	0
0	0
0	0
0	0
0	0
0	0
0	0
0	0
0	0
0	0
0	0
1	2
0	0
0	0
0	0
0	0
0	0
0	0
0	0
0	0
0	0
0	0
0	0
0	0
0	0
0	1
0	0
0	0
0	0
0	0
0	0
0	0
0	0
0	0
0	0
0	0
0	0
0	0
0	0
0	0
0	0
0	0
0	0
0	0
0	0
0	0
0	0
0	0
0	0
0	0
0	0
0	0
0	0
0	1
0	0
0	0
0	0
0	0
0	0
0	0
0	0
0	0
0	0
0	0
0	0
0	1
0	0
0	0
0	0
0	1
0	0
0	0
0	0
0	0
19	90
0	0
0	3
0	3
0	0
0	0
0	89
0	0
0	0
1	101
0	0
0	250
0	0
0	0
0	4
0	0
0	44
0	0
0	8
145	45
0	0
0	2
0	0
0	0
0	0
9	0
0	0
0	0
0	0
0	0
0	0
0	0
0	0
0	0
0	0
0	0
0	497
162	499
0	0
0	0
0	2
0	0
0	545
181	175
0	172
0	0
0	0
0	0
0	0
1	0
0	0
0	0
4	495
0	0
0	0
0	0
0	0
0	0
0	0
0	0
0	0
0	0
0	0
0	0
0	0
0	0
0	0
0	0
0	0
0	0
0	0
0	0
0	0
0	0
1	0
0	0
0	0
0	0
0	0
0	0
0	0
0	0
0	0
21	0
9	1863
0	169
0	156
0	156
0	169
0	1863
0	135
8	6
0	0
12	13
0	0
0	2
0	6
0	0
0	0
0	0
2	7
8	16
0	2
0	2
0	16
0	11
3	4
0	0
0	49
0	0
0	0
0	0
0	0
0	0
0	0
0	0
0	0
10	489
0	24
0	6
0	8
0	458
1	15
0	15
0	12
0	12
0	12
0	0
0	0
4842	0
0	0
0	0
0	0
0	0
62	0
5	14
5	14
0	0
0	609
0	11
0	652
0	1459
0	3
0	0
0	0
4	1513
0	663
1	0
0	0
0	0
0	72
0	465
0	439
0	0
0	0
0	99
6	66
2	0
1	149
3	51
0	1
0	1
0	0
67	51
0	47
0	2
0	2
5	4
0	3
0	0
0	0
721	19
6	19
320	72
1	72
0	0
0	0
180	0
158	222
0	157
0	21
0	41
0	23
0	23
0	3
0	0
0	0
0	0
1	0
0	0
0	18
0	38
0	46
0	1
0	7
0	16
0	22
0	0
0	2
0	0
0	7
0	0
1	1
2	1
0	0
1	0
0	0
97	14
244	91
1	29
0	62
0	0
0	0
0	0
0	0
7	58
0	0
0	1
7	7
0	0
2	102
10	286
0	5
2	268
0	11
9	288
0	288
0	1
147	1160
0	1160
0	155
1	146
0	104
0	0
0	149
0	65
0	63
1	216
0	172
1	190
3	208
0	15
3	32
0	26
0	3357
27	3357
1	7
0	2
0	2
0	0
0	0
0	0
462	1397
4	317
0	1154
0	0
2	0
4	74
0	0
0	609
3	0
0	0
0	0
0	58
0	43
1	0
0	3
0	6
0	4
0	4
0	0
0	0
0	0
6	0
0	0
0	0
0	0
0	0
0	428
6	483
1	0
0	140
7	128
2	106
0	149
0	0
0	18
0	0
0	1
0	0
8	0
0	1
0	16
1	966
0	0
0	0
31	371
1	5
0	0
1	0
11	5
109	752
0	0
0	0
0	1
23	746
0	0
0	0
0	0
0	0
7	41
0	0
0	0
0	0
0	5
2	0
7	327
92	327
0	56
0	677
2	676
0	4
0	39
0	28
0	0
0	82
9	15
0	13
451	2277
6	2245
0	17
0	187
3	110
0	0
0	78
0	9
0	0
6	13
0	0
7	0
22	0
1	0
0	0
0	0
0	0
0	0
1	136
3	132
0	136
0	19
0	26
1	7
0	3
0	10
0	0
0	10
0	162
0	9
0	131
0	161
0	3
16	22
0	0
0	8
0	0
0	12
0	0
0	3
0	0
2572	0
27	2
0	0
0	0
0	0
0	0
0	20
277	40
0	35
0	40
0	0
0	4
0	574
0	0
6	1070
0	1043
3	996
0	106
6	18
0	0
101	127
0	127
0	0
1	5
0	1
0	0
0	0
0	69
9	1376
280	1376
0	280
4	114
0	126
0	0
1	77
76	77
3	0
0	0
45	257
0	253
7	6
0	186
5	1893
0	1886
6	670
1	194
0	209
0	193
1	782
0	524
0	0
0	0
0	0
0	0
0	0
2445	1369
0	1363
0	15
1	10
0	98
36	84
25	1177
0	2
0	13
0	60
3	1141
0	34
1	1141
0	24
0	84
0	119
0	21
1	1460
0	842
0	0
0	127
0	536
0	1081
0	1698
0	140
0	1621
0	1244
0	147
15	129
1	446
0	304
1	332
13	119
14	124
80	717
4	717
9	717
1	617
0	308
3	148
14	0
4	0
0	0
128	5243
79	3653
0	3688
236	5639
154	1590
310	2752
38	0
7	0
1	0
0	0
0	0
0	0
0	0
0	0
0	0
3808	0
14	1693
108	1481
1	66
0	1477
0	59
1	70
25	1774
0	0
1	2489
231	2494
4	2
2	848
0	364
0	255
0	134
4	93
0	9
0	0
0	0
30	2762
22	2791
0	2673
0	0
7	39
0	39
0	10
0	0
1	1
8	1
1723	1212
0	672
0	464
0	0
1	211
144	1509
0	1513
10	1488
0	320
5	415
0	287
1	0
0	79
0	127
0	0
0	0
0	3
102	0
9	2
0	2
1	0
0	0
0	0
0	0
0	0
0	0
0	0
36	1389
0	1386
0	9
0	1389
83	116
7	114
15	70
0	1
0	7
0	12
0	0
0	10
0	7
0	0
0	0
0	0
0	0
0	0
136	0
0	0
0	0
0	0
2	0
2	0
126	9
0	6
0	3
0	3
0	0
739	2093
118	2087
2	0
0	0
0	0
0	8
0	0
3	4
0	0
0	8
0	0
0	0
0	0
14	4
0	0
3	0
1	1
12	2
0	0
0	6
1	0
0	0
0	0
0	0
0	0
0	0
0	0
0	0
3	8
0	6409
0	151
0	0
0	1
29	8582
0	0
33	8611
0	34
0	0
0	0
0	144
122	8681
0	0
0	0
0	0
0	1532
0	0
543	229
1	115
1	59
0	54
1	3
0	22
0	0
0	0
0	0
467	0
1	0
0	0
0	0
0	2
0	0
0	0
0	0
1506	119
0	103
55	0
0	0
0	6
0	6
0	0
0	0
0	0
0	38
0	407
20	430
161	63
2	43
0	16
112	0
0	0
6	0
3	5
0	0
0	24
2	78
0	9
0	135
0	27
2	129
3	60
0	3
3	5
0	94
4	34
0	0
14	31
0	532
0	512
5	392
0	317
0	145
0	62
0	62
8	0
0	0
19	0
450	52
0	52
0	0
0	0
0	0
0	0
1367	378
0	378
0	36
1	36
0	0
0	0
0	0
0	0
1	0
0	0
612	2366
1701	3094
0	447
1	1001
0	14
0	1976
0	0
0	118
0	3
0	251
5	394
0	1070
0	0
0	0
0	0
0	0
0	0
0	0
0	0
0	2
0	2
0	2
0	2
1	11
0	15
0	8
0	2
0	2
0	6
0	4
0	0
0	2
1	0
30	2
0	2
505	0
298	1314
2	1258
0	56
1	246
0	111
0	239
0	317
0	0
0	1
1	2157
1	241
0	2063
21	2069
1	16
0	336
0	0
0	112
0	223
0	353
0	0
0	0
0	0
664	455
0	0
0	3
0	59
0	29
0	421
0	0
0	53
0	90
366	25
0	0
1	23
0	8
0	0
0	140
2	156
2	153
0	148
0	4
0	9
0	11
6	11
0	14
0	0
0	0
0	0
0	0
361	36
0	14
6	22
1029	33
0	33
472	770
0	0
0	673
3	14
1	597
0	217
0	481
2	115
17	39
0	39
0	38
0	23
0	0
0	4
0	0
0	31
0	19
0	20
4	1025
0	1016
2	23
0	0
2	23
0	95
0	70
0	54
98	8165
5	7510
265	7381
2	226
0	0
0	0
0	1006
0	1472
23	1431
7	0
0	876
0	1355
3	1257
0	36
1	105
0	1056
0	24
0	118
0	118
0	164
2	55
0	138
0	118
0	154
0	129
0	156
0	125
0	152
0	20
0	3
0	23
0	21
0	0
2	11
24	0
523	754
345	754
24	46
0	37
0	11
33	331
20	267
1	294
46	167
0	85
980	4
0	4
114	410
0	410
0	663
29	1641
9	635
7	1205
1	288
0	165
0	347
0	42
0	91
0	288
0	19
0	215
0	111
20	0
2	826
13	826
0	826
0	801
0	73
0	66
8	76
0	117
5	1106
21	1584
4	271
11	1143
0	543
0	723
0	649
22	268
0	44
0	236
0	234
0	257
0	8
0	8
0	0
0	7
0	6
0	29
0	20
2	8
0	5
349	3100
1	3053
0	79
0	68
0	346
0	317
0	32
0	32
0	0
0	0
0	0
0	0
7	32
0	32
0	0
0	4
0	4
6	1655
44	1510
0	914
3	623
0	595
0	559
0	154
2	152
2	297
1	359
4	205
0	293
1	209
3	639
2	1139
0	1199
6	1060
0	238
0	71
0	318
0	186
0	30
0	137
1	92
2	56
87	1160
0	1185
0	1141
21	1170
0	352
0	283
0	26
0	107
4	35
2	180
1	187
0	84
16	3668
0	102
0	3415
0	836
0	2617
0	2565
7	3125
0	261
0	788
2	665
0	1116
65	557
1	548
3	26
1	21
3	77
1	37
0	10
0	32
0	1639
205	2028
1	269
1	354
0	347
1	0
1	42
0	0
0	0
58	2483
38	2579
3	253
0	470
0	190
0	506
0	172
0	122
2	1053
0	299
0	503
0	2
0	1
0	2
0	1
0	2
0	2
0	0
0	2
0	3
0	0
316	260
0	70
0	45
0	16
0	66
0	18
0	31
0	24
0	65
0	0
0	10
1173	1931
4	245
153	1692
0	348
18	1027
0	355
5	475
0	1
0	1
0	0
0	0
0	0
0	0
0	0
0	0
0	0
0	0
5	27
23	1142
15	143
31	2
0	1040
0	2
0	15
0	0
0	105
0	0
0	0
0	0
0	0
706	284
20	51
0	80
0	53
0	191
0	4
2	59
1	577
0	543
0	347
2	199
1	47
0	0
0	121
0	504
0	164
5	529
4	288
17	487
0	59
0	50
0	120
0	129
5	102
0	79
2	22
0	0
10	4
2	4
0	0
0	0
0	15
0	245
196	768
0	0
0	1
0	254
0	240
2	492
6	538
4	348
3	1
35	4
0	0
0	0
0	3
0	0
143	1327
0	44
2	170
0	92
0	607
0	419
0	1102
0	985
0	966
0	966
0	901
0	43
1	262
0	0
3	38
0	0
0	0
0	0
0	166
0	12
0	5
0	5
623	110
0	15
0	95
0	0
0	0
0	0
0	0
0	0
0	27
0	0
0	0
0	27
0	0
0	0
6	15
0	14
0	0
0	0
1	9
4132	3087
0	1361
2	22
0	26
0	0
0	0
0	287
0	0
1	1965
0	0
0	0
0	0
0	0
49	0
0	38
60	91
0	1
0	83
0	1
0	2
0	0
3	0
0	0
0	0
0	0
0	1405
13	1702
0	1126
9	1237
15	1589
0	1163
2	1470
0	747
3	193
4	231
0	185
0	171
0	52
0	10
7	95
0	74
254	47
0	43
0	0
1	0
0	1
0	0
1	30
4	35
0	0
0	309
4	911
0	948
0	91
0	30
1	114
0	21
0	309
0	0
0	783
0	15
0	0
0	581
0	634
0	0
0	16
0	23
0	22
2	0
29540	5359
13	425
1	4085
0	4481
0	0
0	328
2	0
0	0
0	0
0	0
0	0
0	4
0	4
0	0
0	1
144	8239
0	7597
31	8896
16	6304
0	1297
0	1111
1	1777
0	1973
0	0
0	1282
0	792
2	852
0	410
0	0
1887	1333
0	284
3	25
0	70
0	583
0	469
2	3
0	33
0	33
0	33
0	0
0	0
2	703
5	563
6	635
10	663
0	73
0	153
5	57
0	38
11	0
0	195
0	544
8	625
0	208
0	137
0	157
0	35
0	34
0	33
1	0
36	877
6	878
0	96
35	37
0	81
0	77
1	19
0	4
0	76
0	1
0	17
0	17
0	0
25	0
1	263
0	3933
0	3879
0	3699
6	3836
0	1858
0	3767
0	3629
2	221
17	409
2	179
0	159
0	223
1	102
0	483
0	226
1	268
1586	1213
2	812
3	1
1	268
1	279
1	65
0	0
0	77
0	304
43	177
0	19
0	502
0	298
0	296
0	294
0	169
0	147
3	419
0	0
0	49
0	6
0	0
0	14
515	77
0	0
4	75
0	0
0	0
80	388
8	415
256	409
2	394
4	393
152	0
19568	25
0	0
0	0
0	0
0	0
0	1
0	1
0	0
0	0
0	0
0	0
0	0
0	0
25	36
0	0
0	36
0	1
0	1
0	2
0	1
0	313
1	0
1642	848
2	533
11	0
636	162
9	0
0	14
0	15
0	0
0	136
0	60
0	26
13	0
0	0
0	0
1	2556
0	352
1	2447
0	126
0	69
0	3
0	154
0	120
1	204
0	2424
0	3
1	2041
241	449
0	449
0	10
0	19
1	43
0	0
1	0
3	0
0	122
6	127
0	91
0	5
1	11
0	8
0	0
0	85
0	0
0	0
0	7
0	85
0	86
0	86
0	0
21	8377
8	300
0	292
0	192
0	8183
22	8436
12	7811
0	0
0	0
0	8
5	3405
0	399
1	382
6	947
11	5738
0	969
0	486
0	211
0	201
0	60
0	38
0	209
0	150
0	26
0	89
3	34
0	0
0	54
0	9
1	77
0	75
0	6
0	0
0	53
1	12
0	15
0	11
0	8
313	60
0	43
0	26
0	0
9	0
1	3
1	0
0	0
0	1
0	0
0	2
0	39
1443	226
1	21
0	0
0	0
1	0
2	52
0	135
0	0
0	28
19	45
3	24
0	1740
0	114
0	1032
0	0
0	20
0	176
13	1740
0	1044
0	1647
4	1176
0	940
0	4
0	26
0	0
0	96
0	25
0	133
0	165
0	29
0	0
0	0
0	0
0	0
0	0
0	0
0	0
0	0
4	460
11	569
2	25
14	278
0	455
3601	4240
44	1860
2	3109
0	899
0	0
669	0
0	0
0	0
0	0
0	0
0	0
2	0
0	0
0	0
14	0
0	0
12	0
0	0
74	14
0	14
0	1
0	0
415	532
2	519
3	23
35	374
0	1
0	364
0	357
0	38
1	51
14	3
121	71
0	22
4	51
3	19
8	17
0	1
0	7
0	7
0	7
0	7
0	7
0	7
0	0
0	0
6	2017
11	2610
0	1759
0	2151
23	2815
0	2209
0	957
30	379
18	641
0	106
0	211
0	124
0	124
2	311
7	233
0	50
0	186
432	46
0	0
0	46
0	0
7	0
0	0
1921	121
0	117
0	43
2	31
0	3
3	0
0	0
0	40
28	42
0	35
25	10
1760	0
808	217
0	217
42	0
0	2082
0	1925
0	2095
0	2055
0	2055
0	2081
0	240
0	649
0	649
0	75
0	100
0	410
0	156
0	55
0	1
0	60
0	0
0	45
0	44
0	22
0	13
0	6
0	0
0	86
950	223
8	166
0	20
1	38
0	0
0	32
0	0
22	24
0	0
6	0
403	0
0	0
0	0
14396	72
539	514
1	33
1	498
13738	161
0	144
0	0
0	0
1	1
425	5647
1	5542
0	412
150	245
0	0
0	298
1	131
2	0
0	0
0	42
0	655
0	1901
0	42
0	1483
0	916
36	1612
0	154
0	0
1	799
0	0
0	45
0	134
23	1
0	2
0	2
0	0
10	133
93	5647
0	516
71	5634
0	80
0	593
0	178
2	43
0	181
1	395
0	106
0	0
64	146
6	41
0	39
0	3
1	70
0	5
0	5
1	35
320	205
0	203
0	0
0	0
1	2
168	0
3	14
0	14
0	0
142	40
0	40
3	0
0	0
0	0
0	0
0	0
0	0
0	0
25	562
9	432
0	468
0	33
10	211
0	149
0	12
0	12
18	0
1	27
7197	9216
26	2172
0	4818
45	4621
59	1750
1	1760
15	52
6	2
5	90
0	85
0	59
0	69
0	58
0	1
1	2
0	9
2	35
0	6
2	96
1	33
0	18
0	29
0	15
0	43
0	1
0	16
0	92
0	10
0	9
456	288
1	12
3	288
0	205
0	2
0	3
0	5
0	5
0	4
1	0
195	0
0	0
0	24
0	24
0	24
0	20
0	11
0	13
0	3
0	0
0	0
0	2
0	0
0	0
0	0
1752	3191
1	610
1	3029
0	286
0	23
0	123
0	600
0	414
0	0
0	190
1	7
0	35
0	0
0	268
0	268
0	17
0	2
0	0
0	0
0	0
0	1
0	1
0	0
0	0
0	0
0	0
0	0
0	0
0	0
0	0
0	0
0	0
0	0
0	0
55	0
0	811
100	842
3	205
4	83
0	265
0	0
1	83
0	0
0	0
0	8
0	0
119	1693
173	1827
21	790
0	30
4	2
0	0
0	196
10	196
0	1
0	3
0	0
0	0
0	0
4	1
1	0
0	0
0	0
0	0
0	0
0	0
0	6
2	8
4	1324
1	1321
0	1309
0	24
0	2
0	36
0	0
4	11
0	0
0	0
0	0
0	0
0	0
6	13
0	0
0	0
0	0
0	0
0	0
0	13
40	101
0	13
13	105
0	26
0	1565
0	1484
6	1550
0	1611
0	1564
1	902
2	0
1	783
1	727
0	72
1	246
0	200
0	25
0	0
0	0
0	0
0	0
0	2
0	2
0	2
230	9
0	9
0	0
0	0
0	3
0	2
0	0
5	17
0	0
0	0
0	111
11	111
0	111
0	89
0	42
0	86
0	90
0	79
0	79
0	86
0	41
0	35
0	37
0	41
0	8
0	3
0	2
0	0
0	8
0	0
0	1
0	0
0	0
0	0
1	0
0	1
0	1
0	0
0	0
1	0
354	219
5	1116
0	1098
0	232
0	38
2	74
0	68
0	47
0	0
0	5
0	0
0	0
4	0
0	0
0	0
1	0
0	0
1	1173
43	1183
7	1194
8	1158
0	157
0	0
0	0
0	0
0	4
0	173
0	0
0	0
0	0
0	0
0	0
0	0
0	0
0	0
0	0
0	0
0	0
0	0
0	0
2	0
0	0
0	0
0	0
0	0
0	7028
0	7043
0	8779
0	8779
9	8787
560	9520
0	6160
0	0
0	2755
11	1092
0	659
2	0
1052	704
0	437
0	36
7	347
0	219
0	25
848	2027
5	1083
26	1291
0	1582
2	175
8	30
56	30
7	0
0	0
4	16
12	8
0	19
0	0
0	0
4	0
0	6
0	5
0	0
0	5
0	0
0	124
0	125
0	120
0	0
0	14
1	0
5	1
3	77
0	82
0	4
0	8
0	0
0	0
0	0
0	9
0	9
0	4
1	0
0	0
3	10
0	0
0	0
0	0
0	0
0	0
0	0
70	260
0	15
1	19
0	148
0	260
2	248
0	259
0	15
0	13
0	5
0	5
2	0
0	0
0	0
0	0
0	1
0	0
0	7
0	9
0	0
0	18
0	0
0	52
0	11
0	0
0	8
0	1
0	3
0	0
0	26
0	0
0	31
3	130
2	135
0	103
0	13
0	47
1	748
0	748
2	748
23	748
0	748
0	748
3	748
7	2
0	2
0	76
0	0
0	0
0	0
0	0
0	0
0	0
0	0
0	0
1	0
0	0
0	0
0	0
0	0
0	0
0	0
0	0
0	0
0	0
0	0
0	0
0	0
0	0
0	0
0	0
1	0
0	0
0	0
0	0
0	0
0	0
0	0
0	0
4	160
0	0
0	0
490	70
0	5
0	63
0	2
0	0
0	0
0	0
1	0
0	0
0	0
0	0
0	0
0	0
0	0
0	0
0	0
0	0
0	0
0	0
0	0
0	0
508	156
0	153
0	119
0	112
0	0
0	0
0	5
0	0
0	0
0	0
0	0
0	0
0	0
0	0
0	0
0	0
0	0
222	457
10	404
1	41
0	370
13	8
0	63
0	0
1	0
0	1
4	2
5	1
0	2
0	0
0	0
0	0
0	0
265	0
0	1058
158	1168
78	277
0	0
81	1733
0	1733
0	0
0	0
0	100
3	0
2	110
0	110
0	57
0	0
0	5
2	28
0	4
0	28
0	0
0	79
5	73
58	87
0	16
0	3
0	3
0	35
0	6
18	370
0	370
0	27
0	12
0	23
0	0
0	26
0	2
0	124
0	18
0	76
0	85
0	0
0	0
0	0
0	0
0	0
0	0
0	0
0	0
1	0
0	0
789	292
0	0
2	290
0	27
0	36
0	42
8	66
190	691
2	696
1	670
4	29
0	19
266	0
0	0
0	0
0	0
0	17
0	0
0	0
0	0
0	401
0	401
0	401
2	401
2	290
0	13
0	0
0	0
0	0
0	22
0	22
0	22
2	0
0	77
16	323
0	42
0	31
0	310
0	38
0	9
0	16
0	100
44	0
6	0
24	1435
5	1396
0	68
0	0
0	1005
0	175
0	0
0	0
0	0
0	0
0	0
0	0
0	0
0	0
0	0
0	0
8	6
0	0
0	0
0	0
0	0
0	0
0	0
0	0
0	0
0	0
0	0
0	0
0	0
0	0
2	0
3	6
0	0
0	0
217	0
1410	312
27	208
1	233
0	176
0	173
0	54
1	44
3	0
0	0
0	0
0	0
0	0
0	0
0	0
0	0
0	0
0	0
0	0
0	0
0	0
0	0
0	0
0	0
0	0
0	0
0	0
0	0
0	0
0	0
0	0
0	0
0	0
15	0
0	0
0	0
0	0
0	0
0	0
0	0
0	0
0	0
0	7
0	0
0	0
0	0
0	0
3	0
0	0
0	0
0	0
0	0
0	0
0	2
0	0
0	0
0	0
0	0
0	234
66	238
0	0
0	0
0	0
0	0
0	0
0	0
0	1
0	0
0	0
188	2
0	17
105	129
0	34
0	2
0	0
3	93
110	43
1	38
0	15
0	35
10	333
0	333
0	0
0	7
0	6
0	0
0	0
0	0
2	0
74	45
0	0
0	33
0	14
0	0
0	12
0	0
0	2
26	351
0	346
0	6
0	346
0	0
1	335
0	0
0	0
0	14
0	281
0	0
0	0
0	0
0	0
0	0
0	0
3	6
0	6
0	5
0	0
0	0
0	0
5	0
0	0
0	0
0	0
0	0
4	0
1	3
0	0
0	0
0	3
26	6
1	6
493	169
0	64
0	10
20	0
0	154
0	0
0	20
0	52
0	4
0	69
0	0
0	9
0	9
0	0
6	6
0	6
0	0
192	10
0	0
0	10
0	0
0	0
0	0
0	0
0	0
0	0
0	0
19	1614
13	1673
0	1585
0	43
0	13
5	230
0	0
1	1146
85	137
0	141
0	3
6	82
0	52
0	23
0	130
0	15
0	344
0	360
1	358
0	233
0	45
0	59
0	0
0	9
0	1
0	1
0	1
0	920
11	1414
3	7246
0	2921
3187	12802
0	282
9	10550
0	1342
12	11718
0	3615
0	2775
18	822
145	750
2	62
0	105
0	85
0	19
1	0
1	0
67	516
0	451
0	75
0	40
0	137
0	0
1399	2846
1	2312
0	2243
2	1531
1	26
17	48
1	42
0	164
2	0
2	32
0	0
4	0
23	2768
0	1206
2	1634
5	1360
13	2302
0	2133
3	981
1	141
0	1154
0	0
0	0
0	0
0	601
0	337
0	274
0	262
0	63
0	23
0	0
0	17
0	8
1	6
0	8
0	0
0	0
0	0
0	9
0	0
0	0
0	0
0	0
0	0
0	0
0	0
72	0
20	9
0	0
0	0
0	6
0	7
0	0
0	0
0	0
0	0
0	0
0	2
0	0
0	0
0	0
2	15
4	15
0	0
0	0
0	0
0	0
0	0
0	0
0	0
0	0
0	0
0	0
2	0
0	0
0	0
0	0
0	0
0	0
0	0
0	0
0	0
0	0
0	30
0	31
0	30
0	31
0	9
0	7
0	5
0	3
0	0
0	0
0	0
0	0
0	1
0	1
0	0
0	0
0	0
0	0
0	0
0	0
0	0
0	0
15	7
0	7
2	1
0	7
1	780
0	894
0	936
0	897
0	872
0	372
0	170
22	323
0	322
0	219
0	36
0	0
0	0
0	0
0	0
0	89
0	82
0	0
0	0
1	15
0	8
2	12
0	1
0	1
0	5
0	12
0	0
0	0
0	8
0	0
2	0
9	0
5377	22577
20	11
8	22564
1	1384
3	0
0	0
0	5
0	337
0	505
0	0
0	305
0	0
0	0
0	2
0	144
0	0
1	172
0	504
0	521
0	91
0	12
0	4
0	16
0	0
0	319
0	17
0	0
0	0
0	20
0	0
0	39
0	24
0	0
14	2
0	2
4	0
5	0
0	1849
0	193
0	92
0	555
30	1378
1	13
0	3
2	1748
0	202
0	4551
100	4590
1	37
0	3980
2	11
0	348
14	102
8	787
0	0
0	0
0	105
0	103
0	105
0	101
0	105
9	2
0	0
0	0
0	1
0	1
0	1
2	0
359	45
0	35
0	2801
5	2803
0	2270
0	967
0	97
0	0
1	0
1	0
0	91
0	0
0	5
1	18
0	28
0	19
0	26
0	0
0	5
0	5
0	0
0	0
6	0
1	0
0	0
0	0
0	0
0	0
0	0
0	0
0	0
0	0
0	70
0	0
0	0
0	0
0	0
0	0
0	0
280	88
0	0
0	0
0	0
0	0
0	0
0	0
0	88
0	0
0	0
0	0
0	1
1	1
0	0
0	0
0	0
0	28
0	9
0	10
0	52
2	29
2	11
0	34
41	31
0	0
0	171
14	345
0	297
4	264
0	132
2	136
0	39
0	0
0	0
0	0
0	0
0	0
0	0
0	0
28	426
0	402
0	46
0	9
761	1135
0	1113
0	393
0	351
0	28
0	12
28	0
1961	769
0	741
0	533
3	40
0	20
0	22
4	0
539	24
0	0
0	20
137	786
4	737
0	495
0	117
2	21
0	0
0	1
14	35
0	0
0	34
0	22
0	29
0	7
0	7
0	3
0	3
0	3
0	0
0	0
0	0
0	0
0	0
0	0
0	0
1	64
0	64
0	20
0	1
0	7
0	2
0	1
0	1
3	0
0	0
0	0
0	4
14	14
3	13
0	10
0	10
0	8
0	0
0	0
0	0
0	0
0	0
0	0
0	0
0	0
1	0
0	0
0	0
0	9
0	9
0	9
0	9
0	9
0	9
0	1
0	0
0	0
0	38
0	35
0	35
0	27
0	37
0	33
0	11
0	0
0	4
0	0
15	0
0	0
7	369
1	379
0	8
0	21
0	64
0	0
0	0
67	206
0	206
1	0
0	0
14	329
1	403
8	230
0	262
0	194
0	260
0	92
0	0
0	4
0	5
0	3
2	5
3	3
0	4
0	2
0	19
0	2
0	0
0	8
0	0
0	0
0	0
0	0
0	0
0	0
0	0
0	0
0	0
0	0
493	5798
85	6984
399	3319
19	2544
0	4352
2	2471
100	5033
17	25
6	3301
0	52
0	0
282	0
8	2057
49	2628
0	2177
3	1939
0	638
0	279
26	16
2	16
5	0
0	0
5	43
0	43
0	8
0	0
0	0
0	1222
0	21
1	1204
0	1236
0	11
0	1
2	1
0	21
0	1
0	0
0	21
2	0
0	0
735	14
0	14
1	0
1	2
0	2
0	2
0	2
0	0
0	0
35	2389
57	2412
0	371
0	0
0	21
0	41
1	52
0	0
0	0
0	0
0	0
0	0
0	0
0	11
0	11
5	10
0	10
0	0
3	0
441	1718
1	14
0	1704
61	420
0	5
0	101
0	341
0	0
0	50
0	0
0	0
0	0
1	0
0	195
20	195
0	4
0	127
4	830
6	848
7	259
0	395
24	49
0	228
4	128
0	24
0	0
0	30
0	4
0	0
0	37
0	479
0	515
0	409
0	478
0	28
0	441
0	496
2	493
0	436
0	110
0	0
0	0
0	0
0	0
0	0
0	0
0	0
305	78
0	78
0	0
0	0
5	12
0	12
0	0
0	0
0	0
0	136
0	897
0	70
0	128
0	0
0	0
0	0
1	5
2	889
0	11
0	26
0	0
0	0
0	0
0	0
0	0
0	0
8	1232
18	1232
0	20
0	3
0	21
0	110
0	925
0	2
0	0
0	0
1	0
0	0
3	0
0	0
1	0
0	0
82	10
0	10
0	8
0	0
0	0
0	93
0	125
0	632
0	20
0	11
0	63
0	513
0	463
0	426
664	209
0	9
0	0
0	104
0	152
0	104
253	393
1	392
2	140
1	238
1	24
0	4
0	2
0	0
29	0
0	1
0	1
0	0
0	0
0	0
0	0
0	0
0	0
0	501
9	501
0	34
0	221
0	43
19	488
0	69
5	1
0	77
0	82
0	15
0	99
0	14
0	50
0	48
7	0
0	0
1	9
0	0
0	0
0	672
0	0
1	675
1	24
0	702
0	702
0	19
0	10
0	7
0	0
0	69
0	17
0	96
0	89
0	89
1	17
0	47
2	37
0	3
0	0
0	5
1	14
0	4
0	2
1	0
1	269
0	278
0	124
3	0
0	0
115	2814
19	2816
2	2445
4	186
1	621
0	10
1	261
49	1819
0	954
1	111
0	0
0	188
0	45
0	30
0	1209
0	27
0	1
0	0
0	1
0	6
0	6
1	2
30	1405
274	1405
5	1384
2	0
0	0
0	0
0	0
0	1
0	1
0	0
0	72
1	72
0	0
233	259
1	2
3	257
0	59
573	53
0	8
0	0
0	17
0	28
51	342
0	342
0	0
0	0
0	0
0	0
0	0
0	0
0	0
0	0
0	0
0	0
0	0
0	0
0	0
0	0
0	0
0	0
0	0
0	0
1	0
8	37
0	944
0	170
1	188
0	4
0	29
0	384
6	938
0	950
4	0
0	633
0	97
0	0
0	587
0	583
0	577
0	576
0	582
0	581
0	587
0	571
0	572
0	5
0	543
0	548
0	544
0	753
1	669
0	927
0	919
0	0
0	39
0	5
0	782
0	2
0	0
6	0
0	0
0	0
117	0
0	0
0	0
0	0
0	0
0	0
1	87
0	0
0	0
0	0
2	0
0	0
0	0
0	0
0	0
0	0
0	0
0	0
350	218
0	226
0	203
3	643
0	655
0	638
6	113
0	6
0	82
8	88
0	87
0	0
0	0
0	0
0	0
0	0
0	0
0	0
98	19
0	19
0	17
0	7
0	0
0	0
0	0
0	0
0	0
0	0
0	0
0	0
0	0
78	57
0	53
0	23
0	0
0	0
0	0
0	0
0	0
0	0
0	8
0	8
4	0
0	0
0	0
0	0
0	0
0	0
0	0
0	0
1	0
0	0
0	0
0	0
0	67
0	0
1	751
0	761
4	714
3	723
0	0
29	693
0	25
0	35
0	428
0	0
0	0
0	0
0	0
0	0
0	0
0	0
0	0
0	0
4	491
0	0
0	0
0	0
0	0
0	0
0	0
0	0
0	0
0	0
0	0
0	0
0	0
0	0
0	0
0	0
0	0
0	0
0	0
0	0
0	0
0	0
0	0
0	1
0	3
0	2
0	0
0	0
0	0
0	0
0	1
0	1
0	0
0	0
0	0
0	0
0	0
0	0
0	0
0	0
0	0
0	0
0	0
0	0
0	0
0	0
0	0
0	0
0	0
0	0
0	0
0	0
0	0
0	0
0	0
0	0
0	0
0	0
0	0
0	0
0	0
0	0
0	3
0	0
0	0
0	0
0	0
0	0
0	0
0	0
0	0
0	0
0	0
0	0
0	0
0	0
0	0
0	0
0	0
0	0
0	0
0	0
0	0
0	0
0	0
0	0
0	0
0	0
0	0
0	0
0	0
0	0
0	0
0	0
0	0
0	0
0	0
0	0
0	0
0	0
0	0
0	0
0	0
0	0
0	0
0	0
0	0
0	0
0	0
0	0
0	0
0	0
0	0
0	0
0	0
0	0
0	0
0	0
0	0
0	0
0	0
0	0
0	11
0	11
0	0
670	0
0	3260
56	1171
9	1820
16	3720
0	301
0	549
0	1823
0	0
23	2497
40	2497
0	670
43	466
0	224
1	99
0	14
3	2
234	47
1	53
2	11
0	72
1122	1
0	1
0	0
0	0
0	0
0	370
2258	438
0	0
0	360
39	416
1	7
0	14
0	346
3	10
0	21
0	0
0	0
0	0
0	0
1	0
5	59
0	59
0	0
0	0
3	4
0	4
1	7
9	494
18	527
0	124
2	195
7	124
1	93
5	115
24	941
0	424
0	906
0	874
0	847
0	4
0	104
0	113
0	25
0	4
0	0
0	0
0	0
0	3
10	20
0	20
0	0
1	0
0	0
0	0
3	0
0	0
0	0
0	0
0	0
0	0
0	0
0	0
0	0
0	0
0	0
0	0
0	0
0	11
0	12
0	3
0	4
0	0
0	2
0	2
0	0
0	4
2	4
0	0
11	34
0	20
0	15
0	0
0	0
0	0
0	0
0	0
0	0
1	0
0	0
0	0
0	0
0	0
0	0
0	0
0	0
19	4
160	8
111	16
0	15
0	1
1	1
0	0
0	0
1	0
0	0
1	0
2	11
0	11
0	0
0	0
1912	14
0	13
9	0
0	0
0	0
0	0
0	0
0	21
0	0
0	889
114	889
0	813
0	28
0	0
3	0
0	7
0	6
2	16
23	16
0	0
0	0
0	0
0	363
0	371
0	138
0	139
0	6
0	2
0	8
28	5022
9	5049
6	1736
0	1750
0	948
0	0
0	107
0	92
0	111
0	98
0	41
0	0
0	1383
0	1255
0	291
0	1012
3	919
0	126
0	0
0	0
0	0
0	0
0	0
1	14
0	9
0	6
18	950
1	435
0	734
0	235
0	83
185	44
0	41
0	0
0	7
0	5
0	7
0	0
0	0
0	2
0	0
0	0
0	6
0	12
0	0
0	33
1	22
0	1
2	2
0	1
0	0
0	1
0	1
0	0
1	3
3	3
0	1
0	1
1	3
0	21
0	19
0	18
0	16
0	8
0	18
0	21
0	18
0	5
119	40
0	17
0	4
0	18
0	16
0	8
0	0
1	7
0	7
3475	65
0	0
4	59
3	7
1	4
0	5
0	13
0	17
0	2
0	5
0	4
63	157
1	158
0	1
1	1
0	0
0	7
0	7
0	48
0	31
0	0
0	0
0	0
0	47
0	0
0	32
0	47
0	3
0	11
0	0
0	4
0	42
0	0
408	2
0	0
1	0
6	0
530	637
0	6
94	628
0	257
8	756
367	734
0	25
11	583
1	96
53	0
11048	3183
0	588
21	0
0	1029
7	1765
2	1094
0	0
0	0
0	0
10	1512
0	13
2	122
1	1267
0	1436
0	236
0	0
0	0
0	0
0	0
0	0
0	0
0	0
0	0
0	0
0	0
0	0
0	0
0	0
0	0
0	0
0	0
0	0
0	0
0	0
0	0
0	0
0	0
0	0
0	0
0	0
0	0
0	0
0	0
0	0
0	0
0	0
0	0
0	0
0	0
0	0
0	0
0	0
0	0
0	0
0	0
0	0
0	0
0	0
0	0
0	0
0	0
0	0
0	0
0	0
0	0
0	0
0	0
0	0
0	0
0	0
0	0
0	0
0	0
0	0
0	0
0	0
0	0
0	0
0	0
0	0
0	0
0	0
0	0
0	0
0	0
0	0
0	0
0	0
0	0
0	0
0	0
0	0
0	0
0	0
0	0
0	0
0	0
0	0
0	0
4	23955
0	0
8	0
58	77
512	145
0	123
0	143
0	133
0	49
0	2
0	4
0	3
0	2
0	0
0	0
0	310
0	310
3	123
196	1
0	1
0	0
0	0
0	0
0	0
0	0
0	0
0	0
0	6
20	64
0	22
0	28
0	0
0	33
0	18
0	8
0	12
0	7
0	0
0	0
0	0
0	0
0	0
0	0
1	0
0	0
0	0
14	0
74	50
189	42
0	0
1	117
109	117
0	7
0	38
5	37
0	23
4	0
0	0
1	46
0	0
0	0
0	0
1	0
0	0
24	5
0	5
0	0
0	0
0	0
0	0
0	6
0	0
6	763
2	763
2	12
0	1
0	11
0	2
0	1
38	4
0	4
2	7
0	0
0	0
0	7
0	0
0	1
2	0
0	0
0	0
0	0
0	0
0	0
0	47
8	220
0	220
39	31
0	14
0	14
0	24
0	0
0	4
0	0
0	1610
14	1601
9	1539
0	486
0	159
79	0
0	4
0	4
0	0
0	0
0	2
0	0
0	0
0	0
0	0
0	0
0	0
0	0
0	0
0	0
2	1
8	0
0	0
0	0
0	0
3	0
1	1
0	1
1	1
0	1
0	0
936	1494
0	1204
0	1297
0	1026
0	652
0	345
0	320
1	516
0	81
9	360
1	122
7	11
0	11
0	624
184	1768
69	1187
22	1296
1	108
4	967
0	178
679	1045
10	1043
0	334
0	0
2	49
1652	139
1	0
5	21
0	87
0	97
20	85
0	0
0	0
0	0
0	0
0	0
0	776
122	1927
0	928
0	1913
7	1153
0	113
0	358
0	306
1	130
0	69
0	0
5	0
45	51
0	0
1	51
0	0
0	10
0	38
0	0
0	0
8	0
0	204
0	204
0	203
0	217
0	216
0	171
0	55
0	52
0	10
2	11
0	0
0	6
0	0
56	2192
0	381
30	827
0	403
0	764
0	768
0	1511
5	5
0	4
0	4
0	1
0	0
1350	974
1	970
30	422
9	289
0	41
0	0
30	9
0	9
15	80
0	18
0	59
0	19
2	13
0	11
0	2
1	5
0	11
0	5
15	578
3	286
0	53
15	236
2	424
0	9
0	61
0	20
0	29
0	32
1	33
0	29
0	0
0	5
0	0
0	4
0	3
0	0
0	0
0	0
0	0
0	141
0	141
3	141
0	0
0	0
0	0
0	0
0	0
0	0
3	0
0	0
0	0
2755	247
0	0
0	247
3	0
672	743
0	365
0	470
8	468
0	0
0	1
0	1
0	0
0	1
0	8
0	68
0	7
0	0
0	0
1	0
1	0
0	0
1	129
0	0
0	0
0	0
0	241
0	243
0	4
0	240
0	238
0	238
0	12
29	235
0	7625
0	5756
0	6506
0	7625
0	7625
0	1907
2	3570
0	0
1	0
0	596
0	2114
2	756
0	9
5	297
0	0
0	0
0	0
0	0
0	0
4	0
0	23
0	17
0	11
151	27
0	0
0	10
0	0
3	0
0	0
0	0
0	1
0	1
0	1
0	1
0	1
0	0
0	0
0	0
0	13
0	206
0	33
0	206
0	0
0	711
0	834
103	834
0	645
0	78
0	0
0	0
0	1
0	1
0	2
0	0
1362	533
4	533
4	0
0	541
0	837
946	914
0	649
2	470
0	298
0	0
0	0
0	2
0	2
0	2
33374	6222
16	6210
2	1
0	1
1	0
0	0
209	0
0	0
0	0
3	0
0	0
0	349
13	363
0	0
5	346
0	50
0	30
0	1
0	345
268	72
0	66
5	6
0	33
0	33
0	14
0	18
0	19
0	0
0	0
0	7
0	3
1	4
1	2
0	2
7	0
1	0
0	0
0	0
0	0
0	0
0	0
0	4
0	4
0	4
0	0
0	12
0	11
0	4
0	0
0	2
0	2
0	0
0	0
0	0
0	0
0	16
0	8
0	0
0	17
0	4
0	3
3	0
0	0
3	0
0	0
0	0
1375	0
2	0
617	30
0	3
0	5
0	19
0	0
7	1147
0	1147
0	0
0	2
0	8
0	8
0	53
0	42
0	0
3	122
0	0
0	0
0	27483
0	0
1	105
0	4
8	246
0	247
0	111
1	0
0	25
0	0
0	4
2	6
0	0
0	0
1	0
0	0
0	0
0	0
0	0
0	0
0	0
0	0
91	2
2	0
5	0
17	0
0	0
0	0
0	0
0	0
2	338
0	340
0	340
4	264
0	180
0	23
0	27
0	16
1	11
0	4
0	3
0	1
0	0
0	0
1	0
0	0
0	4
0	3
0	1
0	1
0	1
0	5
0	8
0	8
0	3
0	0
0	0
0	1
0	1
0	0
0	27
0	30
0	26
0	28
0	30
0	13
0	0
0	0
0	0
278	100
0	93
1	10
2	2
0	15
0	0
0	0
0	0
0	0
126	254
0	0
0	0
13	254
1	0
6	0
0	0
1	180
1110	180
17	62
1	0
21	141
1	0
0	0
0	1
0	1
0	679
0	19
254	678
0	54
356	97
0	17
1	313
0	13
0	0
0	0
0	3
0	3
0	0
5	0
4	147
0	107
0	34
1	141
0	137
0	16
0	2
0	2
3	111
1	198
1	116
0	5
0	206
0	110
0	0
0	12
0	0
0	0
0	0
0	0
0	0
0	0
0	0
0	0
0	0
0	0
177	76
0	68
1	13
4	32
9	0
0	15
0	0
0	10
0	11
0	4
0	7
0	3
0	0
0	0
4	0
0	0
7	0
642	8233
1	4121
2	3971
0	619
2	2418
0	0
0	0
1	666
0	0
420	175
0	169
0	6
3	0
0	0
0	56
0	85
0	103
0	173
0	8
0	4
0	39
0	165
132	167
0	10
0	51
0	6
0	0
0	85
0	18
0	5
7	25
0	25
436	231
1	212
0	15
0	15
0	0
15	0
0	0
0	0
0	0
0	0
0	0
1755	0
0	0
3	0
0	123
69	125
0	104
0	0
22	0
1091	0
13	31
430	308
397	294
32	54
4	93
0	0
0	0
0	0
4179	1691
6	182
61	1517
0	0
0	0
2	24
0	20
0	11
1	23
0	59
1082	64
2	26
0	2
0	3
0	4
36247	2242
0	2242
0	0
8	1618
1	2642
0	2519
10	2345
0	104
8	1689
0	52
0	0
0	1388
0	93
0	181
0	6
0	25
0	19
8	212
1	977
0	928
4	642
0	29
7	0
0	836
0	772
0	807
0	758
0	678
1	596
0	670
1	372
0	12
0	59
0	86
0	180
0	149
0	180
0	34
0	169
2	126
4	6
8	31
0	31
0	31
0	13
0	1
1	17
4	2
14	638
55	655
0	101
0	4
0	1
0	3
0	3
0	3
0	0
0	0
0	0
0	0
0	0
0	0
0	0
0	0
0	0
0	0
0	0
0	0
0	0
0	0
0	0
0	0
0	0
0	2
0	0
0	0
0	0
0	0
0	0
0	0
0	0
0	1
0	1
0	0
0	0
0	0
0	0
0	0
0	0
0	0
0	0
0	0
0	0
0	0
0	0
0	0
0	0
0	0
0	0
0	0
0	0
0	0
0	0
0	0
0	0
0	0
0	0
0	0
14	139
0	139
0	81
0	0
0	0
13	2
7	1
7	1
0	0
0	0
0	0
0	0
47	28
1	6
0	4
2	0
1	89
5	24
0	15
0	11
0	0
1	70
0	41
11	1
0	0
0	5
0	5
0	0
13	149
1	6
0	497
16	450
14	596
0	267
20	548
4	192
11	106
0	47
5	30
6	45
12	37
6	5
0	18
1	53
16	17
0	3
0	6
0	12
0	0
0	2
0	85
0	345
0	225
1	237
0	168
0	324
0	330
3	37
0	13
5	0
5	0
1	18
0	0
1	0
1	25
0	1
0	1
0	0
0	0
0	0
164	506
0	21
3	26
4	509
0	60
1	0
9	0
0	462
1	524
0	593
0	100
0	24
0	52
66	2134
50	2168
0	0
0	0
1	116
0	263
29	105
0	75
0	28
0	17
2	1
0	1
0	0
0	0
0	0
0	0
0	0
0	0
0	0
0	0
0	3
0	3
0	3
0	3
0	2
0	3
0	0
0	0
0	0
0	0
0	0
131	553
0	566
16	365
3	437
1	390
282	13
2	32
13	0
0	0
0	1
0	0
1	0
0	0
0	1
1114	1904
1	1684
3	1904
326	300
0	154
0	112
0	105
0	69
0	8
259	108
0	32
1	5
0	1
0	70
26	0
0	517
4	482
1	512
0	0
0	5
0	6
0	0
0	4
0	0
0	2
1	4
0	46
0	42
0	5
0	0
60	0
14	433
1	603
9	557
0	541
3	542
6	100
0	77
1287	1168
0	302
0	313
0	84
9	1112
1	21
0	23
1	7
0	44
0	60
0	51
116	85
2	47
1	44
0	47
0	0
0	32
0	32
1	0
0	0
0	0
0	0
0	235
0	235
0	0
0	0
4	0
0	0
0	0
0	0
0	0
0	0
0	2
0	0
0	7
0	0
0	0
0	0
97	2397
151	2397
1	114
1	44
0	0
1	2
824	2
0	0
9	62
9	61
2	7
5	0
4	0
0	0
2	13
1	13
1	10
0	0
0	0
0	0
0	0
0	0
0	0
0	0
0	242
1	242
0	1
0	2
0	0
0	0
1	1
1	1
0	0
0	1
0	0
0	0
0	0
0	1
0	9
0	0
0	1
0	0
0	0
2	16
0	13
0	14
21	124
0	117
0	124
3	972
0	407
0	897
0	972
1	17
0	160
4	18
0	1
1357	315
0	121
0	61
1	141
2	247
8	310
29	270
0	22
4	196
0	37
7	248
0	33
4	221
3	209
0	34
2	0
2	0
0	0
0	0
1	0
0	43
1740	1210
0	647
26	671
36	352
18	280
20	314
9	203
10	7640
52	7587
1	7016
40	7665
3	2057
0	1646
0	0
11	0
0	0
0	0
0	0
25	0
18	0
3	42
0	33
0	9
0	0
0	0
0	0
0	0
0	1
1016	620
0	607
0	43
0	141
1	8
0	23
0	0
0	0
0	0
0	4
0	0
0	0
0	0
0	10
0	10
0	10
0	6
0	6
5	6
0	8
0	2
0	2
0	0
0	2
25	1367
1	1367
26	1367
0	0
0	0
0	0
0	0
0	0
0	0
6	2347
0	2115
1	576
0	808
2	445
0	359
0	76
0	25
0	3
0	73
0	0
0	0
0	0
0	0
0	0
0	13
207	1476
0	206
0	165
0	1268
4	0
29	9
0	9
0	0
0	0
0	0
0	0
0	0
0	0
671	0
274	807
2	768
0	21
0	132
0	3
0	16
3	55
3	0
219	2561
93	922
9	2177
10	627
1	131
0	950
0	550
1251	18
6	18
0	0
6	280
886	288
0	102
5	105
0	4
0	2
0	2924
21	3313
1	0
0	534
0	355
0	14
0	39
0	342
0	215
0	0
0	66
0	16
1	32
0	0
0	0
0	0
226	376
0	363
0	189
0	1
1	1
0	9
4	20
0	15
0	20
0	5
1	0
4211	4523
0	3502
0	787
8	1483
12	858
0	0
0	60
0	0
931	373
10	364
0	55
0	0
0	0
0	0
4	94
19	95
3	5
1	152
2	153
0	21
0	147
0	34
0	0
2	193
0	193
0	2
2	180
0	0
0	0
0	0
0	0
0	0
0	0
1	11
0	3
0	12
1	7
2	3
0	3
0	6
0	8
0	0
0	0
1038	1307
0	1132
16	338
1	248
0	34
0	147
0	61
129	3231
0	3212
0	163
1	2778
0	209
0	0
691	155
0	77
2	119
1	289
0	719
0	755
0	246
0	294
7	853
0	59
0	0
383	30
0	28
0	42
0	42
0	36
0	30
0	25
0	29
0	4
0	6
1247	762
3	711
0	600
1	257
0	9
0	233
0	0
1	23
0	203
0	0
0	2
0	0
0	3
5	576
0	567
0	386
3	562
0	570
4	337
0	284
0	5
0	50
0	4
0	134
2	67
0	0
0	50
0	11
0	10
0	42
0	0
76	1215
0	694
3	418
0	825
0	698
0	2
2286	461
10	333
496	110
278	146
0	142
0	0
0	0
0	0
0	0
3	6
0	6
0	0
0	0
0	0
0	0
1	39
0	7
0	9
0	5
0	9
0	29
0	10
0	0
0	8
0	0
0	1
0	1
0	0
0	1
0	1
0	0
3947	1506
0	870
6	404
0	307
0	762
1	0
0	0
0	0
0	0
0	0
0	0
0	0
0	0
0	0
1591	1648
0	7
1	84
0	0
0	27
0	0
0	1542
2	0
46	535
2	501
0	420
0	258
43	263
3	36
0	30
705	145
0	115
1	30
4048	180
0	174
2	2513
371	2510
0	2456
0	2155
0	2093
0	555
21	3
0	0
22	1367
34	81
1	960
2	1061
16	36
3	717
33	7150
77	6935
0	7555
3	555
0	5822
0	283
0	374
0	211
2	719
0	93
0	0
0	347
810	570
2	48
2	522
0	0
1498	10812
14	6167
1	5584
8	7217
0	605
0	2047
32	0
2	0
0	0
0	0
0	0
98	688
65	898
0	590
10	921
0	515
836	16
451	0
6627	8730
39	8729
0	0
0	0
0	2
2	2
5	0
0	0
871	443
0	280
7	409
7	244
0	5
0	218
0	119
0	139
0	96
0	0
0	0
0	0
0	0
0	0
0	0
0	0
0	132
2	148
1	50
0	23
0	57
0	62
42	4
47	4
0	0
2	483
0	476
3	216
0	98
0	0
0	3
0	469
0	32
0	30
0	9
0	160
0	4
5	30
1	9
0	13
2133	5020
0	3396
0	1868
0	1535
383	1039
0	86
2	21
0	80
0	0
0	0
0	12
0	943
0	9
0	5
0	44
9	0
2118	823
9	821
0	0
0	314
24	442
25	322
0	322
48	28
45	87
4	85
0	4
8	46
0	34
1	4049
0	9
0	0
0	0
0	9
0	564
651	670
0	548
0	570
0	0
0	0
0	0
0	0
0	0
16	5
11	628
0	579
0	42
1	431
0	2
0	382
0	6
0	0
10	530
0	567
7	128
0	122
0	163
0	123
0	125
0	55
0	37
0	0
0	0
0	0
0	0
0	0
24	0
21	7
1	7
2	0
0	0
0	0
0	0
1	0
0	0
0	0
295	115
0	115
0	0
0	0
0	834
39	835
4	259
0	29
1	0
0	0
0	0
0	0
2	1
0	0
1	0
0	0
0	0
0	0
64	3718
15	2015
112	2476
0	21
1	160
0	39
0	0
5	1480
0	4
0	0
0	3
0	1443
1	1477
0	24
0	134
0	0
0	0
0	6
136	656
13710	10268
0	9784
4	6647
0	1573
0	0
0	0
10	0
0	3
0	3
0	58
0	23
0	6
0	3
0	54
0	0
0	46
3747	5674
4	137
1	822
0	5573
0	1425
0	786
61	233
0	220
0	33
0	0
0	83
14	16
61	7
0	7
0	17
894	33
0	0
0	9
0	1
1200	345
0	330
4	258
0	264
0	0
0	13
1	0
0	0
31	4058
2	206
20	4110
0	1321
1	120
0	0
6	0
256	1132
0	1099
140	1067
0	787
2	39
0	0
1407	454
0	0
9	454
0	0
0	8
1162	20
3	3537
14	3597
0	243
3	0
0	0
5	247
0	141
2	46
994	4
0	0
0	0
0	0
0	0
0	0
0	19
318	463
5	452
0	1
0	0
0	0
0	0
0	0
0	0
0	0
1	263
2	183
0	0
0	0
0	0
0	0
0	0
1	0
0	0
0	0
1	1
0	1
0	0
0	0
1	0
0	0
0	0
0	0
0	0
0	7
0	31
0	32
1	31
0	1
0	0
0	0
0	0
0	0
0	0
0	0
0	0
0	0
0	0
0	0
0	0
0	0
0	0
28	470
4	14
0	450
1	19
0	0
1	0
0	195
0	58
0	0
0	195
0	21
0	21
1	0
0	0
0	0
0	0
4	0
39	2
1	134
18	134
0	44
0	5
3	5
0	1
2	0
0	0
1385	1511
6	1150
0	778
6	177
1	174
5	159
0	0
0	13
0	73
0	10
1159	292
0	292
10	0
1	18
0	0
0	26
1	26
14	130
6	67
0	18
0	284
1	623
1	599
0	273
327	1754
1	1754
0	160
1	17
3	0
2	0
0	0
0	0
8	46
0	2049
51	2049
2	56
1	183
466	2170
0	2168
0	1287
19	374
0	163
0	90
0	1
0	1
0	1
0	0
0	0
2	0
0	0
0	0
0	0
0	0
0	0
0	0
0	0
68	5
0	0
0	5
0	2
0	7
0	7
0	0
0	0
0	0
0	0
0	0
0	3
0	3
0	0
14	3
0	0
0	0
179	11776
34	11376
44	6024
0	0
7	563
19	4318
3	4228
34	4232
0	270
0	0
5541	9907
0	3696
16	0
0	0
0	4054
23	547
0	2958
0	674
1	3094
1963	180
1	46
0	41
0	15
0	112
0	2
0	17
0	0
0	337
0	802
16	1150
17	1081
5	345
16	146
0	38
0	5
11	0
0	0
73	0
277	237
0	153
0	62
0	175
0	0
11	187
0	30
0	13
477	3458
65	2849
1	1248
1	19
3	36
0	38
0	11
0	1
0	36
7	31
0	41
0	29
0	19
0	0
0	0
1	0
1	5
0	568
0	526
5	611
0	512
0	59
0	103
0	173
0	472
0	336
0	392
0	371
0	40
0	0
0	10
0	83
0	3
412	3127
2	683
0	1002
0	781
9	2382
1	532
1	404
5	0
72	50
0	10
2	4
2	36
0	8
0	86
0	87
0	60
2	58
0	12
0	3
10	2193
0	2015
0	58
0	2158
1	187
40	152
0	46
0	1918
0	1478
0	19
9	1138
0	176
1	44
0	0
0	0
0	0
0	1007
4	131
0	4
28	680
0	102
0	76
0	19
0	71
6	20
0	334
0	333
0	24
0	44
0	40
0	12
0	112
22	388
0	419
0	7
0	304
0	300
2	255
0	19
0	0
0	5
0	0
0	0
5	332
8	361
1	41
416	779
0	775
0	344
0	752
1	54
0	56
0	6
1	46
0	16
1	0
0	0
0	0
0	0
0	8
0	0
0	0
0	8
0	0
0	0
0	0
0	0
0	0
0	7
0	7
0	0
0	9
0	1
0	9
0	0
0	0
0	0
0	0
139	8239
3	7476
0	4496
0	3727
3	2039
4	695
0	0
0	1119
0	243
0	966
0	2101
0	2
7	180
5	18
0	2
1	181
348	181
0	181
0	27
0	25
3	22
0	0
1172	623
0	619
0	0
12	21
1	1
0	22
0	0
3	0
1012	2419
20	1996
0	1262
3	668
8	1809
0	963
0	459
0	834
6	117
1546	0
1	501
15	585
0	131
0	180
0	0
0	208
1	94
441	4607
0	1052
0	44
0	3648
8	1473
0	3178
0	3178
0	69
377	0
0	1429
0	1429
13	861
0	0
0	99
0	129
0	0
2101	13264
3	9417
11	10187
2	0
1	253
0	249
0	0
0	0
0	0
47	212
0	172
0	0
0	4
0	0
0	19
0	19
1	17
0	13
0	0
0	1
47	190
0	108
0	28
0	3
0	0
0	38
0	17
0	147
0	0
0	0
13	398
8	8
0	21
0	65
0	380
0	119
0	134
1	4
0	53
3578	3207
64	2988
25	2349
3	336
1	1692
0	282
3	200
3	171
73	478
0	382
1	67
3	0
92	4529
1	4107
0	3902
0	3776
1	4264
30	4081
0	4399
0	819
0	1032
0	0
0	619
0	259
0	1138
0	398
7	1715
0	959
0	535
1	366
1944	143
17	143
0	445
4	398
1	310
0	442
0	147
0	252
0	104
0	39
0	40
0	9
0	2
0	2
0	49
0	0
0	42
0	19
0	11
0	6
0	5
0	27
0	13
0	0
29	2
0	0
0	0
0	280
35	280
0	57
0	1
0	0
0	0
2	0
0	1
1	1
0	0
3	2
0	37
46	124
0	49
0	97
0	17
0	41
1	21
0	43
0	1621
0	1648
5	0
0	61
37	1638
16	0
0	0
3	0
6	0
2	1
0	0
8	1
4	0
6	0
3	0
0	38
0	432
215	451
0	445
0	17
0	14
0	9
0	0
0	0
0	0
0	0
0	0
0	0
0	0
5	423
529	516
0	71
0	0
0	274
0	51
31	82
0	2033
0	34
0	39
0	32
0	34
0	0
0	43
3	0
0	39
0	20
0	5
19	5
0	0
1	2654
39	2749
6	109
0	0
0	0
0	0
0	0
0	0
0	31
8	390
0	0
0	0
0	0
0	0
0	359
0	6
0	0
0	0
0	0
0	0
0	0
0	4
0	5
0	4
7	0
2	499
22	0
0	436
4	499
1	373
0	140
2	125
0	142
1	149
4	75
0	5
0	0
0	0
1	0
2416	204
1	12
0	0
0	129
0	70
0	1175
4	1175
0	1185
0	1189
0	836
1	162
2	729
0	369
0	591
1	252
0	69
0	9
0	191
0	178
0	0
1	1
0	0
2	0
6	431
0	426
4	252
4	43
0	18
2	11
0	22
0	19
0	11
2	511
0	516
0	422
0	330
1	308
0	283
1	224
2	224
0	263
0	69
0	128
6	66
0	75
0	62
0	61
0	56
0	48
0	52
0	20
0	5
0	13
0	9
0	1
0	0
4	2
0	0
0	0
0	0
0	2
0	0
4	0
131	0
698	543
1	93
1	4
0	82
5	453
0	2
0	10
0	8
1	10
0	0
0	0
17	0
2091	546
0	27
0	187
0	0
0	183
0	265
0	78
0	56
856	266
0	0
1	256
1	10
0	0
0	0
1098	1041
24	423
1	547
1	689
0	110
27	199
3	10
1	10
110	787
3	476
14	703
0	113
0	163
0	85
4	111
5	328
4	120
0	264
4	234
443	1328
5	1086
2	598
0	38
0	3253
2	3254
6	3206
45	2264
3	1184
0	394
0	12
0	410
4	174
4	17
0	0
0	0
0	0
0	0
0	0
28	35
0	36
0	29
0	6
0	0
0	0
0	0
0	0
0	0
0	14
0	11
0	0
0	4
0	3
11	69
337	69
588	1999
19	1801
0	1368
0	1293
0	404
0	850
0	850
2	139
0	41
0	0
0	0
0	1
0	33
0	5
0	36
0	0
0	28
0	21
0	12
0	6
0	2
0	0
9	0
11	0
0	0
0	0
356	614
0	603
2	0
7	416
0	612
0	79
0	135
0	284
0	36
0	357
0	77
0	129
0	232
316	96
0	0
1	96
71	423
1	97
37	422
1260	463
1	309
4	191
3	250
98	0
150	4067
0	626
0	1187
1	0
0	3430
0	311
6	141
0	11
0	285
0	14
1	1
0	32
461	307
0	91
0	51
0	219
0	53
0	0
87	251
1	0
0	84
0	76
0	161
0	0
1	27
0	862
11	803
0	96
2	46
0	362
0	771
0	12
516	1282
0	670
0	76
0	0
0	920
0	0
0	72
0	0
1	0
0	1
0	1
0	0
0	0
0	0
0	0
1	0
3522	732
13	535
0	406
9	1817
17	16
0	73
0	0
0	20
0	1778
0	15
0	15
0	0
0	1393
0	1579
1	1551
0	1570
0	1550
1	1182
0	1182
9	435
18	240
0	42
48	57
3	54
5	337
3	74
0	18
0	0
0	0
2	0
23	684
8	713
0	202
0	11
5	11
1	395
0	104
0	79
0	3
0	0
0	0
0	0
0	0
29	29593
1	29579
0	1367
0	6
0	6
348	94
0	33
0	43
1	16
0	0
4103	198
0	149
0	0
1248	110
0	0
0	91
0	23
0	0
0	0
0	4
0	2
1109	44
0	44
0	0
3	0
0	0
0	0
0	0
0	0
0	0
0	0
0	0
0	0
0	4
0	0
0	0
0	0
0	0
0	0
0	0
0	0
0	0
0	0
0	0
0	0
0	0
0	0
0	0
0	0
0	0
0	0
112	167
0	0
0	0
0	0
0	0
0	0
0	167
0	167
0	9
0	0
46	716
0	668
0	711
0	43
0	115
0	4
0	4
6	71
0	5
3	38
0	23
0	0
0	80
547	95
0	40
1001	23
0	0
0	0
0	0
0	23
0	12
0	0
0	0
0	0
0	0
0	0
0	0
0	0
4	6
0	148
0	139
0	2
8	69
2	5
0	0
172	0
0	0
0	0
3	1
0	1
11	1258
0	1263
5	81
0	599
0	682
7	643
12	550
0	0
0	0
0	32
2	0
2	190
4	183
0	13
0	0
0	27
5	32
0	8
0	6
0	2
428	7395
0	284
19	7133
27	38
0	0
0	38
17	504
0	0
0	0
0	0
9	433
0	315
3	230
1	563
1	9
0	91
0	0
0	6
0	12
0	27
18	178
0	36
4	0
0	91
0	24
0	22
5660	324
0	324
0	2520
134	0
0	0
0	0
0	0
457	929
89	798
11	674
4	190
2	911
3	860
0	85
0	175
0	620
0	744
6	24
934	1943
0	1817
0	1817
0	525
0	0
0	0
3	123
0	2
0	209
286	414
0	63
2	94
9	136
0	81
6	101
0	26
1270	2209
122	1832
0	0
0	615
1	70
42	98
3	0
0	244
0	459
36	547
0	92
5	44
4	490
0	221
0	73
392	74
0	60
0	38
0	0
5	0
0	0
0	2
2535	12386
7	10352
93	3371
3	0
0	3393
3	12
0	11
2	5
1	1
36	976
974	910
3	160
0	41
0	0
0	0
0	126
14	395
0	276
0	17
5	251
2	161
0	204
1	644
0	277
0	598
0	596
3	237
0	157
0	3
0	2
225	339
6	204
0	88
0	166
44	129
0	117
0	1078
41	1078
0	120
0	0
0	300
528	63
0	34
0	36
2	1240
2	220
0	149
0	1202
0	56
0	56
239	624
1	32
0	1
5	63
0	86
0	1
0	116
0	1983
0	55
0	0
27	1983
0	0
1030	612
0	610
0	453
0	153
0	77
0	131
0	131
2	131
364	161
0	77
3	329
0	18
0	18
5	5
3	6
0	433
2362	437
0	0
0	0
4	0
2068	884
0	0
0	0
0	884
0	0
0	470
0	0
0	437
0	62
0	0
254	1007
6	945
0	965
4	491
8	416
0	415
0	427
2	65
0	19
0	0
0	32
0	6
0	2
0	0
0	0
0	0
0	0
0	0
0	0
0	0
0	0
0	37
0	0
0	0
0	0
0	0
0	0
0	0
0	0
0	0
0	0
0	0
4	2
0	35
0	0
0	9
2	45
0	0
0	0
0	0
0	0
0	0
2	0
0	0
0	0
0	4
0	0
0	0
0	0
0	0
0	0
0	78
0	0
0	0
1	59
0	0
0	0
9	0
4688	220
0	101
0	117
406	126
0	126
0	2
20	24
0	24
4	105
229	184
0	0
0	0
0	39
0	27
0	52
0	94
1	258
0	244
0	244
0	41
0	41
0	12
5	5349
0	5430
0	5260
103	5054
0	5218
0	4778
0	5346
0	5265
0	5236
0	5176
16	944
1	146
1	3101
2	0
0	555
0	48
0	422
10	700
0	0
0	152
0	120
8	0
4	216
0	199
9	89
0	211
0	135
0	137
1	1
0	0
0	0
0	496
0	504
0	480
0	81
0	339
0	293
0	332
0	429
0	491
0	263
0	307
0	471
0	453
0	470
0	33
1	221
0	70
1	17
1	56
1	196
0	45
0	38
0	7
0	21
0	31
0	38
0	47
0	43
0	24
0	15
0	6
0	0
0	0
0	0
0	0
0	0
13	4365
206	4365
0	142
0	0
5	0
8	0
30	0
0	0
0	135
259	913
2	298
0	149
1	84
0	517
7	45
0	48
0	46
0	23
0	18
0	11
0	1
1	5
0	7
0	1
700	13290
361	12887
6	2467
2	1518
1	0
5	2324
2	2233
1	1876
0	13
3	132
0	418
1	0
10	102
0	91
0	90
0	0
0	0
9	0
0	0
0	0
0	0
0	0
0	0
0	0
0	0
51	148
0	149
0	127
0	128
0	89
9	15
0	20
0	7
0	27
0	0
5	0
0	4
0	4
0	0
0	0
3	673
7	815
0	23
6	803
2	481
0	515
0	341
5	72
26	42
0	60
526	6405
5	738
0	6330
0	1251
12	5225
1	788
1	277
47	708
0	508
1	591
1	281
1	67
0	148
0	2
0	0
0	37
0	217
0	21
0	52
0	1
0	0
0	0
1520	2
179	606
4	606
0	0
0	0
0	0
0	22
0	23
0	23
0	24
1	26
0	0
2	5
0	7
660	180
3	44
0	158
0	12
0	41
98	1811
16	127
0	1415
3	304
0	443
868	98
0	0
2	9
0	0
0	95
0	5
257	0
0	0
3	7
0	8
0	7
0	8
0	0
0	0
49	155
0	11
0	8
0	30
0	6
0	29
0	13
2	115
2	60
1786	0
0	0
56	720
3	673
0	0
0	16
0	48
4	42
0	18
3	17
0	6
0	4
0	0
0	0
3	4
0	4
0	0
103	3929
6	4036
0	48
1	75
1	497
1	575
17	2842
0	2
0	0
0	0
0	542
0	0
0	390
215	2621
0	2621
0	33
0	450
27	29
3	559
0	196
171	387
0	191
0	72
0	0
0	191
1	27
0	4
0	4
0	4
0	4
0	4
0	4
0	4
0	1
0	0
1022	15159
0	445
0	12013
1	1917
51	4112
0	1953
2	677
1	52
2	55
2	231
1013	231
0	0
0	0
0	41
2	0
0	0
76	117
0	117
0	0
10	16917
30129	17455
5	925
111	934
2	459
0	19
0	20
0	13
0	3
0	2
0	0
0	1
3	0
0	0
0	247
0	248
0	239
0	26
0	245
0	237
0	8
0	0
2	107
0	0
0	2
0	9
2	8
0	9
0	9
0	5
2	140
0	111
2	94
0	123
0	19
0	117
0	120
0	91
0	0
0	0
0	6
0	0
0	0
0	10
0	0
0	2
2	565
132	893
1	370
4	0
1	303
0	257
0	83
0	1
0	169
0	112
0	72
0	15
0	44
2	43
11	225
3	91
0	34
0	189
43	2501
0	2507
12	103
2	11
396	333
0	195
0	103
0	55
0	0
1	190
1	194
2	5
9	69
3	1
0	1795
0	2347
0	2397
0	994
0	1134
210	1056
0	1038
0	520
12	787
0	755
0	13
0	0
5	310
0	0
2	382
0	0
0	91
0	0
0	0
0	0
0	0
0	0
0	0
0	0
0	57
0	58
0	4
2	2
0	6
0	0
0	1
0	0
0	1
0	0
0	1
0	0
0	0
1110	1300
0	447
10	607
4	602
0	64
3	621
0	48
7	45
2	594
926	4358
16	2174
1498	4259
4	731
0	2903
2	2348
0	0
0	0
0	0
147	1073
87	989
0	785
0	776
7	776
3	103
219	782
0	517
5	385
0	332
0	189
0	0
1	177
0	0
0	0
41	8615
0	8615
1	6337
33	902
4231	5800
0	3170
8	2186
0	2692
1	192
6	62
0	60
0	5
50	0
0	0
0	0
0	0
0	0
0	0
0	0
0	0
0	4
0	4
0	0
0	2
0	3
0	3
10	3678
6	2693
39	3566
49	2500
0	4
0	2
0	0
297	114
0	114
0	1507
5	1438
4	1374
45	1336
0	812
8	333
0	132
0	99
0	14
0	242
0	0
0	94
0	180
1	265
2	199
0	342
0	66
0	22
0	19
0	0
117	14
0	4
0	11
0	6
842	127
0	25
1	102
0	17
0	0
1	166
0	100
2	163
0	141
0	150
0	5
0	5
0	0
0	0
0	0
0	0
0	0
0	24
0	0
68	563
216	563
18	0
0	0
5	61
696	67
168	12742
0	4993
0	10980
0	11805
0	12507
0	11910
39	8802
0	6536
0	7814
3	7359
1	1835
1	4159
0	1565
0	4867
10	3392
0	0
1	0
4	347
293	1618
0	138
26	557
4	269
5	32
0	28
1	13
0	1576
0	139
0	139
0	0
0	139
0	139
0	139
0	0
8	6
0	3
0	14
0	27
19	591
6	486
0	187
1	218
0	40
0	138
0	192
0	291
0	331
0	59
0	89
1	271
0	11
0	89
1	106
0	53
0	79
0	86
0	8
0	10
0	10
0	2
1	0
0	7
0	306
0	39
1	58
2	305
0	15
4	190
0	167
0	0
0	7
0	2
0	2
0	0
0	0
0	1
0	0
0	0
9	0
10	1302
20	1323
0	724
3	373
0	23
2	231
0	0
0	1
4	2409
58	2445
201	1554
0	1430
19	469
0	440
1042	1881
1	21
91	1435
1274	866
0	7
0	10
0	1
0	62
190	194
4	53
9	134
1319	217
16	182
0	116
5	46
1	35
91	54
0	0
0	11
2	11
2	32
7	5
0	5
0	5
0	0
0	0
0	0
0	0
0	0
0	0
1	0
0	0
0	0
0	0
0	0
0	0
0	1
0	1
0	0
0	0
0	0
0	0
0	0
0	0
8	4
905	32
6	10
0	0
0	0
0	0
0	31
0	0
0	0
0	0
0	0
0	0
0	0
0	0
8	668
0	669
0	416
0	414
0	3
16	462
13	470
0	451
0	452
0	44
0	58
0	469
95	24
0	20
0	4
1	4
275	4306
21	3829
0	860
3	2766
2	806
171	136
0	49
0	112
0	0
0	0
0	0
1	66
1	66
0	40
3	61
0	57
0	32
4	9
316	207
2	20
1	30
0	189
0	12
0	32
3	90
15	817
0	790
4	662
0	730
1	20
1	164
9	22
0	7
191	22
1	22
0	13
113	0
0	0
0	0
0	0
0	0
0	1
0	1
0	1
0	0
0	0
300	964
24	964
32	1498
0	1386
3	1067
29	1165
0	205
0	11
0	19
8	25
0	28
9	46
0	19
2	141
0	147
1	147
0	131
1	184
0	9
0	4
1	47
0	37
0	44
0	36
0	36
0	4
0	14
0	1
0	2
0	1
0	2
0	2
0	1
0	0
0	0
0	0
7	0
0	0
2	0
15	716
0	0
0	0
0	0
106	5
1	5
0	2
0	3
0	3
0	1
0	100
0	0
0	0
0	0
0	0
47	85
0	81
0	18
0	65
0	0
0	0
0	3
0	0
2	2
1	9
0	4
0	66
61	64
0	0
1047	1446
4	1385
2	354
0	547
0	328
0	438
1	0
230	967
0	824
9	533
6	522
0	292
0	93
0	5
0	615
1	615
976	34197
0	34197
0	32262
0	909
4	6470
277	5874
1	1487
2	1479
2	1265
11	863
2	0
0	0
66	138
0	138
0	17
15	1455
12	1439
13	1440
1	131
0	131
0	2
0	82
0	2
12	661
0	82
0	0
0	64
0	681
0	52
0	0
0	65
0	9
0	98
0	13
17	147
0	77
337	1653
4	617
0	534
1	1382
0	75
7	700
0	6426
329	6575
7	3015
0	3177
0	1210
0	465
0	0
433	469
0	339
7	46
0	75
10	27
0	59
0	3
0	0
0	0
0	0
34	276
1	279
0	51
0	0
0	0
0	0
0	13
0	0
5	653
0	653
0	3
0	3
0	3
0	0
72	6
0	6
0	0
10	1897
37	1873
4	23
0	75
0	74
0	0
21	1
0	1
0	0
0	96
2	96
0	5
0	15
3	1247
1	373
0	1243
0	61
0	17
0	25
0	166
0	7
0	0
0	40
0	26
49	277
0	5
7	270
2	12
1	12
0	0
0	30
0	0
0	0
85	374
0	353
12	51
0	0
0	0
981	2
5	0
0	0
0	479
16	554
0	275
0	0
0	0
0	37
0	0
0	1
0	0
0	24
0	0
0	0
0	0
4	24
366	0
8	149
16	164
0	123
3	76
0	31
0	0
1	683
0	722
34	720
0	500
0	29
0	71
0	48
2943	669
0	42
0	0
0	627
1	0
0	0
732	223
12	223
0	0
0	0
6	0
4	0
307	285
0	139
0	285
13	6803
235	6885
36	399
0	0
2	526
0	36
21	352
0	227
1	312
0	144
3	35
0	0
0	7
5	26
0	4
0	9
0	6
0	6
0	437
0	345
0	402
2	98
0	66
2	429
0	0
16	502
0	0
50	509
0	1
0	3
3	329
3009	731
0	729
4	4
0	4
0	0
0	0
0	0
50	197
0	0
3	634
0	0
0	0
0	0
0	0
0	10
0	0
0	0
0	195
0	0
0	7
1322	25
1	2
1	70
2	51
53	324
3	268
1	296
0	25
1	187
0	184
0	169
0	168
2	179
0	14
0	4
1	0
0	6
0	0
6673	240
1	0
2	230
0	0
1	37
3025	1371
4	348
0	1350
3	66
4	20
618	20
602	280
0	24
0	27
28	253
0	16
0	10
0	3
0	0
769	180
0	54
0	166
0	3
1	0
3	69
10813	30811
0	646
0	21674
15	11893
6	10141
45	2335
0	4753
3	3581
7	2181
1188	7207
47	7207
8	2474
0	431
0	1323
0	1002
0	903
387	718
9	705
0	341
0	322
0	16
0	0
0	290
0	0
0	15
1	37
0	31
0	0
0	0
0	0
0	0
0	0
0	0
0	1
0	1
0	87
2	87
0	87
0	0
0	0
0	0
0	0
0	0
0	0
0	0
0	0
0	0
3	526
9	531
0	530
0	2
0	41
36	599
0	483
0	265
73	0
0	81
2	81
0	57
0	624
25	797
4	724
0	128
0	0
4	652
7	585
0	512
19	272
9	244
6	255
0	139
0	125
9	76
0	83
0	70
0	68
0	38
23	40
2	2
18	42
0	0
0	34
0	38
7	38
1	0
0	6
10	0
0	0
58	0
0	2
0	2
1250	8
0	0
0	0
1495	176
0	179
3	65
1	7
167	11595
0	10853
0	1698
0	157
0	0
0	1430
0	1478
0	1480
0	1480
57	73
0	1422
0	1422
0	17
0	43
576	219
0	1
1	7
0	26
4	22
0	217
161	143
0	32
1	99
0	45
0	0
135	5
0	1
0	6
79	1
0	0
1737	225
0	225
0	68
0	1
0	1
0	1
43	954
21	855
0	85
0	184
0	248
0	244
1	233
0	103
0	143
4	18
0	2
0	9
0	101
0	56
0	1
0	0
0	15
0	0
3	3
0	0
6	15
0	0
1	15
1	0
630	178
0	2
1	81
5	99
2	29
0	0
0	1
0	1
0	1
1	0
3449	2
0	0
1	0
790	1808
0	1715
3	1
0	91
0	39
1	60
0	0
0	264
0	443
0	280
0	33
0	0
12	0
1	6
0	6
0	1090
0	127
100	1215
31	4
1	0
0	0
0	4
0	0
0	0
0	0
0	0
1681	9
0	0
11355	876
1	830
0	0
3	8
0	0
2	826
0	803
0	782
4	782
0	0
1	815
0	0
0	175
0	0
0	15
1	14
5	300
0	157
1	832
0	997
0	1015
13	358
0	96
0	0
0	0
0	0
0	0
0	0
0	0
0	0
0	0
0	0
0	0
0	0
0	0
0	0
975	5861
0	243
0	5856
0	995
0	29
35	2186
49	417
0	54
0	99
0	323
0	4
0	67
0	11
0	115
0	35
0	48
0	39
2140	2603
0	2564
0	870
4	10
0	39
51	829
0	78
1	427
3	577
25	724
0	21
0	272
526	3
0	1
1	302
0	266
18	306
4	233
0	84
3	104
13	252
3396	4977
3	5001
10	4956
0	1563
7	0
249	139
0	72
13	68
21	375
0	342
2	73
0	8
0	8
0	6
27	112
5	383
3	96
0	386
1	40
1	40
0	0
6	35
3	244
13	258
7	0
0	0
0	0
0	0
0	0
0	0
0	0
0	0
0	0
0	0
0	0
0	0
0	0
0	0
0	0
0	0
0	0
0	0
0	0
0	0
0	0
0	0
0	0
0	0
0	0
0	0
0	0
0	0
0	0
0	0
0	0
0	0
0	0
0	0
0	0
0	0
5	430
0	418
0	191
0	33
0	26
2	17
0	6
0	0
0	235
0	225
0	28
5	245
3	7
0	0
1	0
0	0
0	190
0	1
3774	55
38	53
0	0
0	0
0	0
0	0
0	0
0	0
0	0
0	0
0	0
0	0
0	0
0	0
0	0
1	36
39	480
10	480
1	376
0	18
7	69
0	0
0	0
125	1514
0	1514
0	75
0	0
3539	11046
1	64
54	10980
74	11042
0	476
0	0
0	0
1	2707
93	53
0	53
95	726
0	583
0	736
4	611
33	465
0	472
0	276
16	268
0	48
1	46
156	9
0	9
824	85
139	1066
7	909
0	896
0	0
0	227
1	248
5	0
0	0
0	0
0	0
0	0
0	0
0	0
0	0
0	0
0	0
0	0
107	32
2	32
2	0
1	4
0	0
6	0
0	0
0	0
3	411
22	409
0	0
0	2
0	20
0	0
0	4
0	79
0	85
2	8
0	0
0	2
0	402
0	1
0	11
0	378
0	3
0	358
1	5
0	0
4	0
0	10
0	12
0	39
218	42
0	0
0	0
82	42
1	0
0	27
0	0
0	0
2784	2115
0	1685
0	372
2	1242
0	0
0	420
0	297
9	152
10	155
0	59
0	5
47	0
679	260
0	5
0	25
0	1
72	69
0	0
0	0
6	235
0	123
0	124
1	189
1	28
1	138
1083	111
1	103
1	4
0	20
0	1
0	0
0	5
1822	4367
16	4167
12	4145
0	1167
1	126
0	60
2	517
0	0
0	0
0	0
0	0
0	0
0	0
0	0
1666	685
0	259
8	425
7	220
0	203
13	122
0	14
0	0
0	0
0	0
0	0
8	1
0	2
3	2
4	12
0	0
4	12
0	0
0	0
0	0
2	0
0	0
14	21
3	21
16	2
0	2
15	0
1	0
1113	3616
0	3333
19	1688
2	1261
0	418
0	1022
4	430
0	520
0	320
0	117
0	0
0	0
1	0
1	0
0	0
3	9
0	9
0	0
1	973
0	940
0	938
0	785
0	929
1	112
0	903
0	813
0	22
0	4
0	0
0	744
1	9
0	0
0	9
0	0
0	0
69	94
0	35
2	19
0	0
13	0
1	60
0	0
7	223
0	0
0	0
1	0
0	0
0	0
1	0
4	499
0	33
0	464
0	0
0	0
0	10
0	0
0	10
0	10
0	8
0	11
0	13
2	0
0	0
0	0
0	2
0	2
0	1
0	0
0	2
0	2
0	0
3	2986
35	4692
3	4202
0	3560
1	880
2	85
0	1523
0	308
0	238
0	102
0	1
0	0
0	1
390	199
0	26
0	173
0	0
0	0
0	0
0	0
0	0
0	0
0	0
0	0
0	0
0	6
0	4
0	2
0	2
0	0
0	2
0	0
4	0
0	1
0	3
1	4
0	1
0	0
1	0
4	1148
0	0
0	32
0	1148
0	6
0	2
0	3
54	947
0	0
0	0
0	856
0	410
0	0
0	0
0	0
0	541
0	3
7	3
13	0
0	0
0	0
0	17
0	0
0	0
0	17
0	0
0	0
0	0
0	0
0	2
0	2
0	0
0	3
0	0
0	0
0	3
0	6
0	3
2	0
27	498
0	477
4	129
0	32
7	112
0	90
17	21
0	0
28	35
3	31
0	14
7	3
208	136
3	71
1	26
0	11
1	62
0	0
1	0
0	426
7	787
2	776
0	0
0	0
0	0
0	0
1	51
0	5
1	11
0	645
23	0
0	0
627	75
1	75
0	0
4	226
0	224
0	84
0	1
0	0
0	0
0	0
0	0
5	1
0	0
0	0
0	0
0	0
1	0
0	1
0	1
1	2
0	0
0	1
28	5
0	5
0	0
0	0
0	0
0	0
0	0
0	0
0	0
0	0
7	170
0	17
0	36
0	112
0	131
0	33
0	12
0	0
0	0
0	0
0	0
0	0
0	0
0	0
0	0
0	0
0	0
0	0
0	0
0	0
0	0
0	0
0	0
0	0
7	0
0	0
1	0
0	0
0	0
0	0
0	0
0	0
11	0
0	0
0	0
0	0
0	0
1	0
0	0
4	616
0	319
0	553
1	17
0	10
0	509
0	477
0	0
0	7
0	10
0	51
0	51
0	54
0	24
0	27
0	0
0	0
0	0
0	0
0	0
0	0
0	0
0	0
738	0
0	0
392	116
0	51
0	15
1	68
0	59
2	59
0	0
0	0
0	0
0	0
0	0
0	0
0	0
0	0
0	40
493	144
0	20
0	8
0	0
0	46
0	46
0	5
0	3
0	0
1	0
1260	130
0	66
0	7
0	18
0	0
0	56
0	547
0	598
0	485
35	540
1	543
1	533
0	519
0	436
1	426
0	203
0	193
0	0
0	0
0	458
0	462
0	461
0	0
0	0
0	0
0	0
0	0
0	0
0	83
0	42
1	86
593	454
0	31
0	446
0	29
0	78
2	79
0	55
1	0
0	0
0	0
0	3
0	6
2	1
0	1
0	0
0	0
28	0
0	35
3	39
0	11
1	11
0	7
0	0
545	95
0	95
0	0
0	0
0	0
8	1
0	1
314	15
0	11
0	5
41	4515
7	4505
55	4597
41	4405
0	30
0	55
5	0
5	1283
0	94
4	94
2	2
0	4
0	7
0	0
1	0
0	0
0	0
0	0
0	0
0	0
0	2
0	0
0	0
0	0
1590	134
2	134
1	0
0	0
0	0
1	5
12	426
8	426
0	0
0	0
0	20
0	0
0	129
170	108
0	0
0	102
0	10
0	0
7	295
97	297
0	80
0	0
0	0
228	19
0	19
0	0
0	0
0	0
0	0
0	0
0	0
167	1373
1	1218
182	747
0	12
2	0
0	0
0	2848
206	2848
8	409
0	50
2	622
0	329
1	237
0	0
0	0
312	30
0	0
0	0
0	0
476	483
16	1
0	0
0	0
0	1
72	129
0	118
0	113
113	12
0	11
67	182
0	65
5	1129
1	120
0	1205
0	4
2	752
0	1164
0	0
0	0
0	729
0	0
0	0
1	1
0	1
0	0
0	0
0	0
106	0
5	611
0	10
0	65
0	60
0	104
0	1
0	0
0	527
0	645
0	717
0	767
0	105
0	298
0	2
0	277
0	53
0	170
0	37
2	19
13	92
4	1263
23	1179
0	0
0	0
0	0
0	0
0	0
0	0
0	0
0	0
0	0
0	0
0	0
0	0
1918	8949
9	4337
7	4916
8	5411
159	6746
0	3
3	7
5	217
11	217
25	227
0	43
5	6
0	0
2	7
202	1
0	14
0	0
0	0
0	0
564	91
0	93
0	4
0	58
0	2
0	10
0	0
0	0
0	0
0	0
0	0
0	0
0	43
2	27
3180	117
0	53
0	53
0	106
0	0
0	0
0	0
0	0
0	0
0	0
0	0
0	0
0	0
64	306
0	306
0	0
0	0
0	0
0	0
0	0
227	418
0	418
188	640
2	626
0	625
0	14
151	1328
6	1328
1	1048
0	882
0	0
7	0
0	0
0	0
0	1
0	0
0	0
0	0
0	0
3	0
40	211
0	13
0	0
0	0
0	3
0	3
0	0
0	0
0	17
0	16
0	208
0	1
0	5
0	2
0	5
0	5
0	0
0	0
0	2
0	22
0	0
0	0
0	127
0	127
0	127
0	8
0	9
0	53
0	0
0	0
0	0
0	0
0	0
0	0
0	0
0	0
0	0
0	0
0	0
0	0
0	0
0	0
0	0
0	0
0	0
0	0
1	43
0	0
0	5
0	2
0	42
14	23
2	0
0	9
0	13
0	22
0	0
0	0
0	0
0	0
948	163
0	61
0	115
0	312
2	79
0	14
0	10
0	23
0	5
0	4
0	34
0	304
0	7
0	0
0	0
56	28
0	1
0	28
0	11
0	25
0	1
0	0
0	243
3334	1874
19	474
0	85
4	1107
0	339
1	727
2	4
0	0
0	0
0	251
2	319
0	76
0	325
0	353
0	200
1	315
0	210
0	0
0	0
0	0
0	0
0	0
0	0
0	0
0	318
0	346
0	0
0	184
0	385
0	357
0	28
0	343
0	351
0	0
0	14
0	54
0	0
0	170
0	0
0	0
0	0
99	2
0	0
0	0
0	0
0	0
0	0
0	0
0	0
2	0
0	7
0	7
0	7
0	3
0	4
0	0
0	0
0	0
6	409
0	423
9	455
0	372
0	25
0	0
0	0
2	65
0	9
0	1
0	0
0	3
0	0
0	0
16	15
0	0
0	0
2	0
85	371
13	322
0	20
1	117
0	0
0	0
0	0
0	0
0	0
0	0
0	0
0	0
0	0
0	0
0	0
0	0
0	0
0	0
0	0
0	0
2176	0
0	0
0	0
0	0
1	343
27	379
0	77
0	34
0	2
0	3
0	0
0	0
25	305
0	238
0	188
0	268
1	65
0	129
1	13
0	0
38	21
1	6
1	11
0	12
0	2
0	13
0	0
0	3
0	7
0	2
0	2
0	0
0	0
645	670
0	654
0	637
0	178
2	163
0	63
0	0
2	0
0	1
0	0
0	0
0	0
0	0
204	1053
1055	451
10	738
0	1
0	16
0	5
85	14
0	13
0	8
0	1
0	0
0	0
0	0
0	0
20	0
13	0
0	1290
0	1278
0	1305
0	1323
0	1317
0	1138
0	698
0	614
0	717
2	156
3	220
0	0
0	72
0	0
0	0
0	0
0	0
0	8
0	0
1	3
0	3
0	0
0	0
0	0
0	0
7	0
0	1580
166	700
597	2224
14	2207
0	0
1	0
0	0
3	0
2521	124
1	11
0	109
0	24
0	0
0	0
0	0
0	0
0	0
0	0
0	0
0	0
0	0
0	0
0	0
0	0
1689	2
0	2
0	0
0	0
61	1708
1815	1708
72	207
0	37
0	161
0	152
0	85
1	27
0	11
0	6
0	0
0	0
0	0
0	0
0	0
0	0
0	126
0	121
8	61
0	0
0	0
0	11
1	8
0	0
0	4
0	0
134	0
0	0
13	0
0	0
0	0
8	127
0	125
0	70
0	27
0	4
0	0
276	243
0	243
0	30
4	0
1892	4169
0	4137
4	2
0	0
0	0
0	0
0	0
0	0
0	0
0	0
0	0
0	0
0	29
0	1061
1223	1701
0	1019
0	9
2	166
0	0
0	0
0	272
0	0
0	37
0	56
0	143
4	0
1977	272
1	111
1	394
16	0
0	0
0	0
0	0
0	0
333	252
1	211
0	41
0	22
0	0
0	25
0	12
97	0
0	1623
0	1563
12	1762
1	1712
3	1710
8	699
0	221
3	239
0	37
0	47
0	0
0	64
105	64
0	1
0	3
0	3
0	0
0	0
0	0
0	0
0	0
0	0
0	175
4	80
0	1864
7	2060
25	1416
0	563
0	115
0	68
0	223
0	2
0	2
0	1
0	0
0	254
0	0
6	2432
276	2463
0	2376
0	0
0	2143
0	2158
4	1421
18	538
0	540
1	544
0	0
0	52
0	52
3285	1959
0	1957
5	1943
0	0
12	3
0	6
0	10
0	9
0	10
0	9
0	0
0	0
0	0
0	0
0	0
0	0
0	133
1	83
0	2
0	126
0	5
0	1052
3	1109
0	576
0	0
10	756
0	0
0	26
0	292
2	0
0	39
0	107
0	72
0	14
23	1038
24	1020
3	64
11	38
694	44
3	0
0	8
1	65
6	2986
9	2969
0	25
2	21
0	138
0	634
0	636
0	0
0	7
0	105
1	22
1	2943
0	140
1	140
0	10
4	2897
0	0
0	0
0	63
0	146
1	66
0	0
0	540
0	79
1	79
0	166
26	538
0	0
0	0
0	0
5	1
0	1
0	1
0	1
0	0
14	412
0	52
0	419
0	41
0	210
0	34
0	298
0	301
0	190
0	161
0	6
0	172
0	182
0	174
0	166
0	145
0	185
0	7
0	25
1	64
0	0
0	0
0	0
0	0
0	0
3536	208
0	136
10	151
0	80
0	0
0	0
0	0
0	929
0	748
0	91
1	823
0	627
0	87
0	200
0	28
0	104
0	0
0	108
5	21
10	1106
1211	1099
3	142
0	303
0	142
0	44
3	157
0	0
0	0
1	242
1	123
0	208
157	270
0	265
0	177
0	0
2	24
2	25
1	13
0	0
0	0
0	0
38	20
0	0
0	0
0	0
1	2
0	0
0	0
13	18
5	0
0	0
0	3
0	3
0	3
0	3
0	0
0	0
5	146
0	146
0	63
0	67
0	6
0	9
0	2
0	3
0	1
0	0
3	0
0	0
0	0
0	22
0	22
0	59
0	593
0	0
0	0
0	0
9	606
0	606
0	13
0	59
0	0
0	47
0	30
214	1129
14	1134
10	200
2	255
0	161
0	131
2	2
3	0
0	0
0	1
1	1
0	0
5	0
0	0
0	0
0	0
0	0
0	0
0	0
0	0
0	0
0	0
0	0
0	0
0	0
0	0
0	0
56	124
0	0
0	0
0	2
0	1
0	1
0	1
3	0
0	0
0	30
4	120
5	94
0	129
1	46
1	12
0	13
0	19
1	57
5	75
4	47
0	4
0	41
1	0
0	0
3	5
0	0
52	5
0	0
0	5
0	5
387	270
1	54
0	34
0	2
0	0
0	7
0	15
0	96
0	56
0	71
0	1
0	86
0	69
512	0
0	0
6	0
0	4
0	2
0	2
0	0
0	2
1	3
0	3
1	0
0	1
0	4
6	5
0	3
0	3
1	3
0	2
0	0
0	2
0	1
0	0
0	0
0	0
0	0
0	0
0	0
1345	5
0	3
0	0
0	0
0	0
8	0
0	0
0	0
4	194
16	1645
0	1434
0	561
0	352
0	345
0	121
0	247
112	505
12	532
0	0
0	0
0	0
0	0
774	263
0	98
0	116
3	190
0	128
0	59
0	26
0	5
0	0
0	0
0	0
0	93
0	6
0	0
14	4
5	4
0	4
0	0
0	0
514	1094
4	971
1	319
0	106
0	0
0	0
1	293
0	421
698	1243
0	511
0	596
0	266
22	17
0	17
0	0
0	0
23	572
1	124
0	344
11	461
0	0
0	45
0	0
0	0
0	0
0	0
0	0
1434	642
0	642
0	160
0	227
0	406
0	0
0	305
0	27
0	0
0	3
0	304
0	319
0	0
11	0
2	320
0	1
3	303
0	101
0	0
0	0
0	0
0	20
0	15
0	12
0	26
0	0
1	1
0	6
0	83
0	83
0	83
2	53
2	72
0	75
2	43
0	70
23	69
5	88
0	59
0	27
0	0
0	0
0	0
3	6
38	7
0	0
0	0
0	1
21	42
2	45
0	0
0	39
0	4
0	4
107	685
0	685
0	113
3	64
0	13
1	19
0	4
0	4
0	0
0	0
0	0
0	0
3	2
2	3
1	1
0	0
0	0
0	148
0	302
0	295
21	305
6	267
1	281
0	8
1	11
0	183
0	184
0	27
0	17
0	154
0	39
0	0
0	0
412	522
0	440
1	522
596	189
0	35
0	157
74	0
0	0
8593	251
0	191
0	0
0	0
1	13
0	0
3	0
0	5
0	0
3	23
1	30
12	32
0	33
0	31
0	22
4	11
352	3
0	3
0	0
0	0
0	0
0	0
6388	3295
0	3017
41	151
0	136
0	145
0	159
0	140
2	35
0	0
0	3
1	9
0	7
0	0
327	4
0	4
0	0
0	0
0	0
3	59
2100	7956
0	0
0	6
0	23
0	272
1	266
0	17
0	203
0	2
3	16
3	1
0	1
0	1
0	0
0	1
0	0
0	7
0	18
0	3
0	0
0	0
0	2
0	0
0	0
1	777
0	777
4	347
4	355
0	172
0	14
0	0
146	0
68	42
0	42
0	42
0	34
0	0
1	193
8	91
0	3
0	89
0	3
0	1
0	0
85	27
0	27
2	54
0	0
0	10
0	0
0	0
0	14
0	38
0	0
3	271
711	271
2	0
1	438
71	600
0	307
0	297
0	14
0	23
0	24
0	278
0	3
0	26
3	190
0	0
3	562
0	7
0	7
0	6
1313	263
0	263
292	202
0	195
0	206
0	201
0	7
0	15
6	61
1	0
0	0
3	45
0	22
0	45
0	3
0	0
3	15
0	0
0	0
169	5
0	5
2	0
0	0
248	18
0	18
18	0
0	0
0	0
372	968
0	934
0	719
0	894
0	185
5	69
1	98
0	27
2	44
0	37
0	37
1	9
0	1
0	1
3	0
14	3759
33	3937
1	650
55	1351
0	1526
1	273
0	380
48	465
2	2
10	2
0	0
371	552
3	319
2	4
0	0
3	233
7	1
32	1
0	1
48	789
0	188
0	654
0	137
0	66
0	40
0	0
1	180
471	2218
174	1900
37	1011
5	1238
0	6
0	19
496	50
5	50
0	1
0	1
0	15
0	0
956	1472
40	867
0	112
0	631
0	0
1	4
37	29
12	0
0	87
0	0
0	0
133	15
0	0
0	0
0	0
1136	73
613	488
5	235
1	0
1	27
0	6
2	24
0	0
0	232
762	74
7	74
0	13
0	6
0	1
3	1
0	0
14	152
10	117
2	12
0	140
5	133
1	27
0	0
0	0
0	0
0	0
0	0
0	0
0	0
0	0
0	0
0	0
0	0
0	0
0	12
0	12
0	1
0	0
0	0
0	0
0	0
0	0
2	0
0	0
0	0
0	0
0	0
0	0
0	0
0	0
0	0
0	0
0	0
0	0
0	0
0	0
0	0
0	0
0	0
0	0
0	0
0	0
0	0
0	0
0	0
0	0
0	0
0	0
0	0
0	0
0	0
0	0
0	0
0	0
0	0
0	0
0	0
0	0
0	0
0	0
0	0
0	0
0	0
0	0
0	0
0	0
0	0
0	0
0	0
0	0
0	0
0	0
0	0
0	0
0	0
0	0
0	0
0	0
0	0
0	0
0	0
0	2
0	0
0	0
0	0
0	0
0	0
0	0
0	0
0	0
0	0
0	0
0	3
0	0
0	0
0	0
24	3
0	0
0	0
0	0
0	0
0	0
0	0
0	0
0	0
0	0
0	0
0	0
0	0
0	0
0	0
0	0
0	0
0	46
0	46
0	0
0	0
0	0
0	0
0	0
0	0
0	0
0	0
292	44
0	0
0	0
0	0
2475	798
0	313
0	264
0	221
16	10
0	10
0	0
0	0
0	0
0	0
0	0
0	0
0	0
0	0
0	0
0	0
0	0
0	0
0	0
0	0
0	0
0	0
0	0
0	0
0	0
0	0
0	0
0	0
0	0
0	0
0	0
0	0
0	0
35	395
0	333
5	243
0	132
0	0
0	0
131	52
0	7
2	47
0	3
0	1
0	0
0	0
0	10
0	6
0	5
0	3
0	0
0	2
0	1
0	1
0	1
0	2
0	2
0	2
3	1
0	0
0	0
10	5826
57	6006
7	5917
35	0
0	0
0	54
0	132
19	1379
0	1308
2	1018
0	921
12	95
19	953
0	56
0	3
0	17
5	6
0	6
0	0
0	0
0	0
0	0
0	0
0	0
0	0
0	0
0	0
0	0
0	0
0	0
0	0
0	0
0	0
0	0
0	0
0	0
0	0
3	0
0	0
467	1620
1	1603
93	1307
0	861
0	104
4	125
1	0
5	3
0	0
0	0
0	0
0	0
0	0
0	0
0	0
0	0
0	0
0	0
0	0
0	0
0	0
0	0
0	0
0	0
0	0
0	0
0	0
0	0
0	0
0	0
0	0
0	0
0	0
0	0
0	0
0	0
0	0
0	0
0	0
0	0
0	0
0	0
0	0
0	0
0	0
0	0
0	0
0	0
0	0
0	0
0	0
0	0
0	0
0	0
0	0
0	0
0	0
0	0
0	0
0	0
0	0
0	0
0	0
0	0
0	0
0	0
1	0
6	36
0	30
0	0
0	10
0	0
0	20
0	0
0	16
0	2
1	0
0	0
0	0
5	37
0	37
0	31
0	1
0	0
0	0
0	0
0	0
0	0
0	1
0	0
0	0
0	0
0	0
0	0
0	19
517	2281
0	0
0	0
0	0
0	0
0	0
0	0
0	0
0	0
0	0
0	0
0	0
0	0
0	0
0	0
0	0
0	0
0	0
0	0
0	0
0	0
0	37
0	0
0	0
0	0
0	29
0	0
0	0
0	0
2	23
1	19
187	2202
0	1641
0	10
0	75
0	17
5	0
0	832
443	1115
0	42
0	51
0	169
0	37
1	229
0	4
0	22
0	19
0	19
0	3
0	18
0	0
0	1
0	6
0	1
0	7
0	3
0	6
0	5
0	3
0	0
0	0
0	0
99	0
0	0
138	0
1477	20
0	0
0	20
0	21
107	3
0	3
0	0
0	1
10	95
256	94
0	0
402	58
0	54
493	50
0	50
14	142
0	13
2	8
0	16
0	123
3	27
0	8
1	38
0	26
0	8
0	18
0	19
38	467
0	43
0	463
0	0
0	1156
7	1144
0	192
0	123
12	16
0	0
0	0
2	778
7	778
5	10
3	31
0	20
0	0
0	0
0	0
12	0
0	0
0	537
2	431
14	12
2	481
12	525
0	8
0	496
0	26
11	346
1	288
0	0
1	139
2	169
0	150
0	50
0	510
1	559
37	610
0	527
1	377
0	43
0	11
0	5
0	5
0	5
0	3
0	2
0	0
0	16
0	86
165	99
0	13
0	2
0	2029
41	108
0	0
3046	18087
3	1392
23	18020
36	1566
12	22
4	28
9	1520
7	5
5	106
0	0
1	48
0	150
9	167
1	170
1	147
1	1
0	1
0	0
0	204
0	966
0	928
0	966
0	946
3	17
0	17
0	5
10	53
6	407
0	46
0	407
2	0
6	1094
0	12
1	12
15	1094
0	1
2	3
0	3
0	0
1	5
0	5
0	0
0	0
0	0
0	0
0	0
4	0
0	56
1	56
0	8
0	0
0	0
0	0
0	0
0	0
0	0
0	0
2	26
2	3
0	6
0	23
0	0
0	1
0	0
0	22
9	1
0	1
0	1
0	0
0	0
0	0
0	5
0	5
0	0
0	0
168	1346
8	1348
8	1356
0	1249
78	1043
1	508
0	619
6	640
13	628
0	640
0	465
0	230
9	79
37	737
76	727
2	455
3	616
0	380
0	0
0	0
27	0
0	0
0	0
0	0
0	2
0	2
0	2
0	0
0	0
0	0
0	0
0	0
0	0
0	0
0	0
0	0
0	0
0	0
0	0
0	0
2	0
56	119
0	0
0	119
0	19
0	0
108	151
15	117
3	37
0	4
0	0
0	53
0	0
0	0
0	0
0	0
0	0
0	0
4	524
0	551
0	597
0	566
0	0
0	18
0	0
35	256
2	256
4	14
1	13
0	1
0	0
0	4
0	3
0	3
0	1
0	1
0	0
0	1
0	0
0	0
2215	0
0	0
0	0
0	506
0	500
28	479
0	1
0	483
0	102
3	162
0	121
0	3
0	107
0	150
0	94
1	211
0	208
1	37
0	0
119	207
0	62
2	215
3	166
0	179
0	117
0	20
0	14
0	5
0	9
0	0
4550	3827
4	1503
1	1
0	1
0	0
15	0
0	0
0	2
0	0
0	2
0	0
0	1
0	0
0	0
0	0
0	0
1	0
0	0
0	0
0	0
0	0
0	0
0	0
2	0
1	0
0	0
58	17
0	6
0	17
24	3102
7	3756
0	3095
0	4175
20	1195
2	5093
0	6261
0	6113
6	1603
1	583
1	61
1	1116
4	1404
0	1118
148	2909
4	1
3	2480
0	6
0	2902
0	207
1	15
132	3161
0	3
0	103
0	336
0	3160
0	553
0	335
0	0
0	0
124	230
0	63
0	206
0	10
0	0
0	95
1	30
0	0
0	0
0	0
0	0
0	0
0	0
0	2
0	2
0	0
0	0
7	0
0	0
0	0
0	0
4	0
0	0
0	0
0	0
2	0
0	0
1	0
0	0
0	0
0	0
0	0
0	0
0	0
0	0
0	0
0	0
0	0
0	0
0	0
0	0
0	0
0	0
0	0
0	0
0	0
0	0
0	0
0	0
0	0
0	0
0	0
0	0
0	0
0	0
0	0
0	0
0	0
0	0
0	0
0	0
0	0
0	0
0	0
0	0
0	0
0	0
0	0
0	0
0	0
0	0
0	0
0	0
0	0
0	0
0	0
0	0
0	0
0	0
0	0
0	0
0	0
0	0
0	0
5	4
0	4
7	2
0	2
0	310
0	0
0	0
0	0
1700	826
0	773
0	48
0	0
0	0
0	0
0	1
0	0
0	0
788	132
0	43
0	49
0	44
0	8
0	0
0	13
0	63
0	258
0	290
16	290
0	0
0	0
0	0
0	0
0	0
0	0
0	102
0	0
0	0
3	0
0	0
0	0
0	0
0	0
0	0
0	8
0	8
0	0
0	103
0	1
0	0
0	0
0	0
1778	0
18	0
20	0
0	0
0	0
2	3
0	3
0	3
0	0
0	0
0	0
0	0
6	14
64	529
0	35
3	91
0	2
0	20
1	0
0	0
1	0
0	0
0	0
0	293
0	206
0	325
2	0
525	432
0	156
0	119
0	134
0	54
0	127
0	0
3	7
29	7
8	0
0	4934
0	4866
0	4771
0	4839
1	0
0	149
0	32
1	14
5459	668
4	464
0	365
0	40
0	0
6	204
0	192
0	82
0	40
0	0
0	14
155	57
0	0
0	57
0	0
4297	63
0	61
0	17
2	0
491	32
3	9
0	30
0	0
0	97
3	97
0	1
0	8
0	4
0	3
0	0
172	212
0	170
8	74
0	58
0	12
0	2
3070	604
0	77
0	544
26	40
0	44
4	22
0	23
0	27
0	24
0	6
3	11
0	1
0	0
18	18
0	18
5	104
76	129
0	25
0	0
0	0
372	0
0	0
0	0
0	0
47	0
0	0
50	2353
4232	2409
0	136
11	0
1	558
2	592
0	622
9	796
0	0
2011	39
2	0
2	19
1	19
32	0
1	3
0	3
0	3
0	3
0	3
0	3
0	0
0	3
62	26
0	24
0	6
0	5
0	0
0	1
0	0
0	0
0	0
0	0
106	169
0	78
0	169
0	85
0	53
0	0
506	61
0	16
0	0
0	11
4	939
1	939
1	20
0	3
5	0
1225	17
0	17
5	859
36	869
12	428
0	404
0	103
0	15
0	7
0	8
0	0
0	0
3	0
0	0
0	0
0	0
0	0
0	0
0	0
0	0
0	0
0	0
0	0
0	0
0	0
0	0
0	0
0	0
0	0
0	0
0	0
0	0
0	0
0	0
0	0
0	0
0	0
0	0
0	0
0	0
0	0
0	0
0	0
0	0
0	0
0	0
0	0
0	0
0	0
0	0
0	0
0	0
0	0
0	0
0	0
0	0
0	0
0	0
0	0
0	0
0	0
0	0
0	0
0	0
0	0
0	0
0	0
0	0
0	0
0	0
0	8
837	8
0	6
0	0
0	0
23	12
0	1
0	6
0	0
0	3
0	3
0	0
9	12
485	37
0	25
10	561
220	483
36	606
0	85
1938	136
15	89
0	86
4	18
0	1
0	0
0	0
0	0
0	0
0	0
0	0
0	0
0	0
0	0
0	0
0	0
0	0
0	0
0	0
0	0
0	0
0	0
0	0
0	0
0	0
0	0
0	0
0	0
12	5
0	0
0	0
0	0
0	0
0	0
0	0
0	0
0	0
0	0
0	0
0	0
0	0
0	0
0	0
0	0
0	0
0	0
0	1
0	1
0	1
0	1
0	0
0	0
0	0
0	0
0	0
0	0
0	0
0	0
0	0
0	0
0	0
0	0
0	0
0	0
0	0
0	0
0	0
0	0
0	0
0	0
1	15
0	0
0	0
15	148
0	17
0	21
0	132
0	18
0	149
0	20
0	1
0	24
0	10
0	0
2	4
13	5
0	17
2	21
0	761
1444	803
1	20
0	2
0	0
0	59
4	3
7383	1350
25	1340
1	48
130	34
0	31
0	0
0	0
0	0
0	5
0	2
0	0
0	0
0	0
0	0
140	0
71	0
0	0
0	0
0	0
0	0
0	0
0	0
0	0
0	1
0	1
0	0
0	0
0	0
0	0
0	0
227	5671
116	6895
0	0
0	0
0	682
4	2449
0	0
0	0
0	0
0	0
0	0
0	0
0	0
0	0
3	5
37	25
0	20
0	141
0	27
0	27
0	57
0	12
0	6
0	13
0	11
0	0
0	0
7	18
0	8
0	86
0	0
0	0
0	0
0	0
0	0
0	0
0	0
0	0
0	0
0	0
0	0
0	0
0	0
28	0
0	10
0	27
166	33
0	12
0	20
0	0
0	0
0	0
0	1
0	0
0	0
46	3
0	0
0	0
0	0
0	0
0	1
28	91
0	1
0	5
0	6
0	2
0	5
0	6
0	88
0	0
0	0
0	0
0	0
0	0
0	1
10	5
0	2
0	0
0	3
0	1
0	0
0	0
0	0
0	0
0	0
0	0
0	0
0	0
2	1
16	1
0	0
0	0
0	0
0	0
0	0
1	0
0	0
0	0
0	0
0	0
0	0
372	22
0	22
0	0
2	0
0	25
0	3
0	12
1	24
0	0
0	8
0	0
0	0
0	3
0	0
0	0
0	0
0	0
0	0
0	0
0	0
0	0
0	0
0	0
3	0
0	0
0	0
0	0
30	116
8	105
33	101
0	0
0	0
0	0
0	0
0	0
0	0
0	0
0	0
0	0
0	0
0	0
0	0
0	0
0	0
0	0
0	0
0	0
0	0
1	7
0	0
0	0
0	0
0	0
0	0
0	0
0	0
0	0
0	0
0	0
0	0
25	18
0	0
0	0
0	0
0	0
0	0
0	0
0	0
0	0
0	0
0	0
0	0
0	0
0	0
0	0
0	0
0	0
10	134
5	1
2	1
1060	424
4	125
1	189
2	195
0	89
1	420
0	84
8	165
0	19
0	0
0	0
0	0
0	0
0	0
60	69
0	56
0	49
0	21
0	29
0	28
3	10
1	11
1	6
0	6
0	3
2	0
0	0
1	0
0	0
0	0
11	24
0	0
0	0
0	0
1585	3314
42	3277
2	660
1	2354
43	2580
0	1345
1	2038
0	3238
0	1211
0	549
2	631
0	744
0	559
1	740
0	1091
2	2
0	2
0	0
0	0
0	1
0	0
0	0
0	0
4	0
0	0
0	0
0	0
0	0
0	5
0	0
0	0
0	0
0	0
0	0
0	0
0	0
0	0
0	0
0	0
0	0
0	0
0	0
0	0
0	0
0	0
0	0
0	0
0	0
0	0
0	0
0	0
0	0
0	0
0	0
0	0
0	0
0	0
0	0
2	0
0	0
0	0
0	0
0	0
0	0
0	0
0	0
0	0
4	3
0	0
0	0
0	0
0	0
0	0
0	0
0	0
0	0
0	0
0	0
0	0
5	3
0	0
0	0
0	0
0	0
0	0
0	0
0	0
0	0
0	0
2	0
0	0
0	0
0	0
0	0
0	0
0	0
0	0
0	0
0	0
0	0
0	0
0	0
0	2
0	0
0	0
0	0
0	0
0	2
0	0
0	0
0	0
0	0
0	0
0	0
0	0
0	0
0	0
0	0
0	0
0	0
0	0
0	0
0	0
0	0
0	0
0	0
0	0
1	0
2	0
0	0
0	0
0	0
0	0
0	0
1	0
0	0
0	0
0	0
0	0
0	0
0	0
0	0
0	0
0	0
0	0
0	0
0	0
0	0
0	0
0	0
0	0
0	0
0	0
0	0
0	0
0	0
0	0
0	0
0	0
0	0
0	0
0	0
0	0
0	0
0	0
0	0
0	0
0	0
0	0
0	0
0	0
0	353
0	0
0	0
0	0
0	0
0	0
0	0
0	0
0	0
0	0
0	0
0	0
0	0
0	0
0	0
0	0
0	0
0	0
0	0
0	0
0	0
0	0
1	0
0	0
0	0
0	0
0	0
1	0
0	0
0	0
0	0
0	0
0	0
0	0
0	0
0	0
0	0
0	0
0	0
0	0
0	0
0	0
0	0
0	0
0	0
0	0
0	0
0	0
0	0
0	0
0	0
0	0
0	0
0	0
0	0
0	0
0	0
0	0
0	0
0	0
0	0
1	0
0	0
0	0
0	0
0	0
0	0
0	0
0	0
0	0
0	0
0	0
1	0
0	0
0	0
0	0
0	0
0	0
0	0
6	0
0	0
0	0
0	0
0	0
0	0
0	0
0	0
0	0
0	0
0	0
2	0
0	0
0	0
0	0
0	0
0	0
0	0
0	0
0	0
0	0
0	0
0	0
0	0
0	0
0	0
0	0
0	0
0	0
0	0
0	0
0	0
36	0
152	66
0	66
0	0
341	208
0	10
0	2
0	0
0	189
0	0
0	9
0	0
0	0
0	0
0	0
0	0
58	2113
16	215
0	215
0	23
2	51
0	0
0	0
0	150
0	150
0	60
0	16
0	0
0	0
26	257
0	17
0	253
1	0
0	251
4	0
0	0
0	0
0	0
0	0
0	0
0	0
0	0
0	4
0	4
0	4
209	1793
2	1554
0	694
0	140
0	12
0	0
0	0
0	0
2	1038
1	989
0	926
3	0
0	0
0	0
2536	1372
7	0
13	148
6	1356
6	73
3	130
16	143
1	266
0	278
0	278
0	272
0	13
0	25
0	25
0	80
0	2
0	92
0	14
0	15
4	35
0	2
0	7
1	34
0	5
0	6
828	2641
0	2550
0	383
1	0
0	0
655	149
1	149
0	62
1	0
6	2037
2	1731
0	139
0	198
1	1771
10	1550
0	1909
1	1153
2	90
1	0
0	0
0	16
0	1196
0	31
0	618
1	227
40	470
0	448
0	313
0	0
0	28
0	172
0	38
0	12
0	3
0	31
0	2
0	52
28	366
0	8
0	50
0	0
0	0
0	0
1	13
0	4
0	3
0	0
14	312
0	0
0	0
0	0
112	4616
47	4631
0	540
0	0
0	317
0	0
0	0
0	0
3	20
7	24
0	4
0	0
0	0
0	0
0	0
0	0
650	303
0	149
0	154
22	0
0	78
0	12
87	75
0	57
0	57
0	52
0	9
0	7
0	10
5	1617
0	1837
24	2361
0	1373
0	842
0	750
2	487
3	545
0	456
4	731
0	402
0	127
14	338
0	124
5	78
0	87
22	31
159	343
0	343
90	172
0	80
0	139
0	5
1	35
8	2337
160	2334
0	409
0	268
0	697
0	125
2	119
0	163
0	46
0	46
652	0
0	7
0	2
0	7
0	7
0	7
0	7
0	7
0	7
0	7
0	7
16	71
0	71
0	15
0	16
0	72
0	13
0	4
0	0
0	4
0	45
0	14
4	822
0	820
25	358
2	208
0	70
5	62
187	363
0	358
0	267
31	0
0	19
0	77
0	27
3233	0
0	0
66	70
1	69
0	5
0	0
0	0
0	5
0	0
0	0
0	0
0	0
0	0
0	0
0	0
377	1354
0	1334
0	132
0	82
0	76
0	119
0	0
0	0
139	8615
87	3188
300	8252
1	3083
0	0
1	0
0	29
0	29
0	26
0	5
0	0
2	0
2429	1767
0	951
1	733
0	166
0	347
21	581
0	0
0	0
0	0
0	0
0	0
0	0
0	0
1	0
0	0
0	0
0	0
0	0
0	0
0	0
0	0
9	2957
0	0
0	0
1	13
0	0
0	0
0	0
0	0
0	78
0	0
298	427
0	0
5	2344
0	2300
0	2268
0	1223
0	8
0	357
71	1975
0	2009
19	1904
0	255
0	0
0	0
0	0
0	0
0	0
0	0
0	0
7	293
0	0
0	0
0	4
0	0
0	0
0	1
0	0
2	0
0	0
0	0
0	0
0	0
0	0
0	0
0	0
0	0
0	0
0	0
0	0
0	0
0	0
0	0
0	0
0	0
0	0
0	0
0	0
0	0
0	0
1	0
0	0
1	721
0	14
0	648
0	414
0	708
4	634
1	21
0	630
1	0
0	0
0	0
0	0
0	0
0	0
0	0
0	0
0	0
0	0
0	0
0	0
0	0
0	0
0	0
6	0
0	0
0	0
0	0
3	30
0	29
3	1
0	0
0	0
0	0
0	1
0	4
743	192
0	99
0	91
1	27
3	0
14	39
0	17
289	87
0	14
0	0
0	73
0	0
0	0
0	30
0	441
0	441
8	11
0	226
375	968
0	753
8	137
0	0
36	35
0	3
0	32
0	1
0	0
1	0
0	0
0	0
0	0
0	0
0	0
0	0
0	0
0	0
0	0
0	0
0	0
1044	509
0	22
2	484
2	133
7	2
0	0
0	0
0	0
0	2
0	0
11	51
1	51
0	0
0	3
33	94
0	91
0	0
0	0
0	5
0	491
0	801
0	670
10	667
7	692
10	207
0	342
2	276
1	257
1	140
0	121
13	1617
2	1394
0	441
0	83
0	86
5	1353
3	485
0	161
3	1310
0	436
0	105
0	20
0	616
0	1
1	6
0	300
3	49
0	0
0	0
0	3
0	3
1	0
8	13
27	236
0	236
0	118
0	207
0	27
9	33
0	10
1	0
0	0
0	0
3	10
26	1123
0	1
2	21
2	19
0	9
1	3
1	1
0	1113
6	610
703	158
0	158
0	834
10	644
4	726
30	449
0	367
0	135
0	119
0	33
0	0
109	444
0	305
0	406
0	0
3	25
0	295
9	1435
15	1497
34	1497
104	132
12	54
0	331
24	510
0	382
98	274
1	319
2	183
4	308
0	168
1	20
102	403
153	403
28	10771
2	11504
2	321
1	2
2	2
1	0
0	11052
0	10643
16	396
201	10507
0	121
2	766
1	348
1	420
0	469
0	74
0	1
1	136
0	128
0	1
0	7
78	104
0	101
0	32
1	6
0	7
0	2
0	4
0	0
0	523
0	22
0	7
0	480
0	199
0	6
4	244
0	226
183	368
1	0
0	56
0	48
0	245
0	104
0	176
363	71
1	70
0	28
0	0
0	1
0	0
0	0
10	0
4	0
0	0
46	148
0	133
14	72
0	78
0	81
0	2
3	0
1	17
0	2
0	2
0	0
0	0
0	0
0	0
0	807
0	913
37	916
0	370
4	569
0	12
0	8
0	1
0	0
1	0
5	5
0	0
0	0
0	0
0	0
0	0
0	0
0	0
0	0
0	0
0	0
0	0
0	0
0	0
0	0
0	0
0	0
0	0
0	0
0	0
0	0
0	6
0	6
2	6
0	0
0	0
1241	598
4	500
0	87
0	86
0	0
70	1462
15	1374
65	276
43	1157
0	929
0	0
24	217
0	122
0	318
0	128
1597	249
0	115
24	141
0	47
0	0
0	0
0	0
0	0
0	0
1	3
0	0
0	3544
0	0
67	295
3	2
0	3
0	14
2	12
0	168
0	173
1	225
10	0
0	3
0	72
2	162
0	1
0	6
0	0
0	0
0	2
0	25
5	18
0	135
0	5
1	93
0	86
0	89
0	86
0	89
1	0
0	93
0	88
0	85
0	88
0	93
0	93
0	93
0	2
0	0
0	0
0	6
0	2
0	5
0	0
0	0
0	0
87	362
7	365
0	365
0	365
0	68
998	141
1	0
0	141
0	127
3	76
0	0
0	0
0	28
0	16
0	9
0	0
0	0
2	0
0	0
0	0
0	0
0	0
0	0
31	1449
0	1449
1	910
0	535
0	0
0	0
0	0
1	0
0	88
0	89
223	251
25	251
6681	974
1	153
8	956
0	361
0	174
0	179
0	21
2	14
17	18
101	3560
334	3648
0	0
0	88
0	0
0	0
1058	546
0	174
0	0
5	5
0	267
0	51
1	182
0	249
83	332
0	299
7	220
0	125
13	94
3	49
0	63
0	8
1236	6430
2	2
12	5885
0	5866
0	899
0	701
0	194
4	2470
0	2470
4	2470
447	0
0	0
0	15
0	15
0	0
0	0
0	0
0	0
3	0
14	147
0	42
0	1
4	19
0	0
21	175
0	136
0	3
0	0
0	1
6	82
0	62
6	0
40	0
19	13
24	20
0	0
0	73
476	92
1	433
0	433
2	30
3	86
33	37
3	456
7	50
41	19
8	18
12	190
1	325
5	2230
39	238
3	2270
0	459
0	75
1	95
8	226
0	0
0	17
0	0
389	75
0	38
0	11
0	22
0	3
3	29
0	22
0	3
19	0
42	0
0	0
0	0
66	240
4354	1382
0	614
0	0
0	152
0	574
0	1310
0	1311
0	517
0	842
0	0
0	435
0	0
1597	135
0	1
0	19
0	115
0	0
0	0
3	470
0	0
648	30
17	6
1	29
112	363
0	112
9	276
0	217
0	0
3184	694
0	167
2	232
2	287
0	67
2	92
0	78
2	364
6	9
0	9
3	11
0	24
1	46
1	83
0	248
0	49
0	42
0	21
0	344
0	16
0	233
0	8
0	14
2	12
0	0
0	0
0	6
0	6
0	2
0	17
0	6
0	2
0	0
0	11
1	44
6	425
0	70
0	425
12	400
4	0
30	402
0	212
0	42
0	3
0	3
2	1
12	1
2	0
0	0
0	0
20	0
7449	0
0	5
1	37
7	79
0	13
23	79
3	69
0	23
2	2
0	0
0	0
20	0
680	70
0	15
0	65
0	0
0	9
261	905
9	589
0	593
0	143
14	0
375	26
7	0
0	0
0	26
0	0
0	178
17	177
0	157
0	38
0	44
0	56
0	80
2	74
0	59
379	0
277	3152
1	43
0	125
2	3091
0	5
0	0
0	0
12	64
0	0
0	56
0	0
1	226
1	4
8	910
0	309
0	907
303	903
15	0
1	99
56	368
7	339
1	213
0	22
894	140
0	0
0	12
0	7
0	140
0	28
0	0
0	0
0	0
0	0
0	0
0	315
0	295
0	0
0	53
0	0
0	56
0	3
0	0
0	0
1	25
0	0
0	0
2	0
7	0
0	0
21	0
0	0
0	155
6	183
0	169
1	169
0	34
0	0
0	5
0	5
0	0
0	0
52	90
0	76
0	80
11	28
0	0
0	0
2	1
0	1
6	2
0	6
10	6
79	0
0	1
1	18
10	18
1	3
0	0
0	706
0	0
5	0
0	462
3	477
0	602
1	9
0	101
0	42
0	36
0	2
0	17
0	0
0	0
450	199
0	137
0	6
0	54
0	115
1	64
0	17
2	0
0	29
0	9338
148	8801
21	8724
53	8989
1	2364
1	1877
0	2001
4	1554
0	33
0	0
3645	3037
261	395
0	210
1	432
1	435
1	62
0	720
4	1740
0	194
0	49
2	0
3	501
0	187
0	25
0	24
2	472
1	99
0	194
0	0
1081	0
0	8
0	0
0	11
0	3
12	0
0	0
364	14648
5	13662
6	10992
4	8571
0	7736
0	1333
19	1156
3	0
3170	2568
0	919
0	1526
0	162
1	272
0	0
1	0
0	59
0	1
1	60
0	0
0	13
1	0
0	0
0	0
0	0
0	0
81	565
0	541
2	86
0	136
0	141
4	84
0	0
0	0
1	0
964	255
11	196
1287	775
0	0
0	265
0	228
2	328
0	9
0	40
5	119
0	32
0	41
0	23
0	45
0	12
10	0
0	8
0	0
0	0
0	8
0	0
0	6
0	0
24	0
1	0
11	6935
6	47
3	805
1	487
0	1025
1	259
0	7036
0	6985
0	795
0	0
0	0
0	0
0	0
0	259
94	822
13	695
20	462
0	187
0	104
0	180
1	100
0	227
0	104
32	200
4	123
0	86
5	1759
1	10094
2	10094
96	10180
4	0
0	1235
0	1979
1	0
0	1609
0	1609
1	295
0	435
2	340
0	2
124	13
0	3
0	6
0	3
0	1
0	1
0	1
2	611
0	28
0	67
0	65
0	601
0	122
0	144
1	124
1	259
0	11
0	478
1	5
0	196
0	157
0	158
0	193
0	337
0	86
0	11
1	11
0	8
0	0
0	4
0	0
0	1
0	0
0	1
0	0
0	0
0	0
0	0
0	0
0	0
0	0
0	0
0	0
0	0
0	0
0	0
0	0
0	0
1190	702
0	700
0	40
1	71
0	46
0	16
0	0
160	1619
244	2092
0	1398
0	0
0	381
54	159
0	159
0	0
0	0
0	0
0	0
0	0
0	0
0	0
0	0
0	0
0	0
0	0
0	0
0	0
0	0
0	0
0	0
0	0
0	0
0	0
0	0
0	0
0	0
0	0
0	0
0	0
0	0
0	0
0	0
0	0
0	0
0	0
0	0
0	0
0	0
0	0
0	0
0	0
0	0
0	0
0	0
0	0
0	0
0	0
0	0
0	0
0	0
0	0
0	0
0	0
0	0
0	0
0	0
0	0
0	0
0	0
0	0
0	0
0	0
0	0
0	0
0	0
0	0
0	0
0	0
0	0
0	0
0	0
0	0
0	0
0	0
0	0
0	0
0	0
0	0
0	0
0	0
0	0
3	0
0	0
0	0
0	0
0	0
0	0
0	0
0	0
0	0
0	0
0	0
0	0
0	0
1	0
2	0
2	0
0	0
0	0
0	0
0	0
0	0
0	0
1	0
0	0
0	0
46	311
282	243
0	112
0	112
0	49
20	0
0	5
0	15
2	16
4	3
0	2
0	0
0	1
6	0
8	602
0	602
0	602
0	602
1	378
83	0
2	0
11	55
0	0
36	2309
25	2278
0	100
0	2113
1	132
0	351
0	0
43	219
1	219
58	3367
0	2675
285	4547
20	1826
0	97
9	7
6	1390
0	0
0	0
0	81
0	165
2	115
0	35
0	0
0	0
0	0
0	0
1	122
8	488
0	221
0	488
0	1
0	35
0	12
0	30
0	0
0	3
0	1
0	3
0	0
6261	2855
5	420
0	768
71	653
0	2420
0	0
0	16
2	713
2	0
0	0
0	174
7	173
0	0
0	0
0	0
0	0
1	6
0	1
0	101
827	5
0	3
0	4
0	0
0	0
1	188
0	0
0	0
30	0
0	0
1690	13
3	13
1209	118
0	48
0	2
0	96
0	5
161	200
1	200
0	3
11	564
7	179
2	2
0	35
0	514
2	31
0	0
0	0
0	0
2629	331
0	14
2	171
0	51
3	44
0	9
0	0
0	12
0	0
0	0
1	94
1	10
0	10
0	41
0	641
12	624
0	229
5	50
0	25
0	0
1	0
11	16
6	275
0	249
0	5
0	49
0	25
0	12
9	0
0	0
0	0
0	0
0	0
2	62
0	62
0	0
0	0
0	47
0	2
1234	339
0	121
0	0
1	0
0	189
0	0
0	11
0	1
0	0
873	577
0	452
0	125
1303	118
0	74
0	16
0	0
0	22
0	7
988	0
0	0
0	0
0	2254
0	2254
4	2253
15	315
0	0
0	33
0	30
0	4
0	0
4	0
0	3
0	0
0	0
0	3
1	18
3	16
0	6
1	9
2	6
0	14
0	0
0	0
0	0
27	0
0	0
0	0
0	0
0	0
0	906
0	848
2	961
5	608
108	567
1	522
0	334
0	24
3	10
2	5
0	0
0	0
0	0
0	0
0	0
0	0
0	0
3	387
0	235
10	327
0	28
1	45
0	112
1	16
6	1458
0	1458
126	1519
4	71
0	0
1	76
0	34
0	14
0	0
0	0
0	0
7	0
0	0
0	0
0	0
0	0
0	0
4	69
0	69
0	0
0	0
0	0
0	0
0	0
0	0
0	0
0	0
0	0
41	901
0	874
0	146
0	35
0	29
0	0
6	1
109	530
1	53
0	2
14	479
1	0
0	0
0	0
83	6
0	6
205	49
0	17
0	12
0	6
0	22
0	8
0	12
0	7
19	0
351	238
1	238
0	16
0	0
4	547
0	547
22	527
0	1
0	2
7	2
6230	0
0	0
13	265
3	139
0	233
0	258
0	124
0	8
0	5
0	11
0	7
0	11
0	8
0	0
0	3
0	0
0	0
0	0
0	0
0	0
0	0
0	33
0	2
143	32
0	0
1	29
0	29
0	27
0	20
0	16
1	0
37	0
0	0
0	0
0	0
0	0
0	0
0	0
0	0
0	1614
0	1629
3	101
0	535
0	465
0	240
0	240
0	248
0	241
0	153
0	210
0	230
0	250
0	249
0	17
0	76
0	37
2	12
2	1
0	2
0	12
2	6
0	0
0	0
0	4
0	3
0	2
0	3
4	9
0	9
0	4
0	1
1	0
0	2
0	3
0	0
0	0
0	0
334	5
0	0
1093	2
2	21
0	21
0	7
0	3
3	0
0	0
1	33
44	1346
0	0
0	0
0	0
0	0
2	0
0	0
943	66
0	49
0	17
0	0
0	0
0	0
8	0
0	0
0	0
0	0
40	54
0	54
0	45
0	41
0	0
1	0
0	14
39	2
3	0
0	0
0	0
605	423
0	64
0	72
1	357
0	58
0	0
0	0
0	0
0	0
0	0
0	0
264	140
1	142
0	23
3	12
0	2
0	0
0	0
0	0
0	0
0	0
0	0
0	0
0	0
0	0
0	0
0	0
0	0
0	0
0	0
0	0
0	0
0	118
0	231
0	231
0	0
0	0
0	0
0	0
0	0
0	0
0	29
0	0
0	0
2	144
0	3
904	312
0	205
0	5
0	0
0	0
0	0
0	0
0	0
0	0
0	198
0	0
0	0
0	0
0	5
0	149
0	180
5	3
0	177
0	1
0	0
0	0
0	0
0	0
36	0
1	0
0	99
0	392
5	392
0	97
1	51
0	43
0	85
0	0
0	84
0	271
0	4
0	29
0	0
0	0
0	0
2	33
0	126
0	98
123	142
0	0
0	4
0	6
0	21
6	783
0	811
0	194
4	178
0	0
0	0
0	0
0	0
0	0
0	0
0	0
1853	0
0	0
0	0
0	0
35	232
0	232
578	183
0	37
0	153
0	60
0	10
26	5
0	7
20	2861
14	2864
0	239
1	27
24	123
0	21
0	73
0	179
0	31
0	0
0	0
1	0
0	0
2	30
0	3
0	55
0	0
0	57
13	0
0	0
0	0
0	0
0	0
1947	1291
3	63
0	154
8	1099
4127	611
0	599
2	340
15	340
0	10
0	9
0	20
0	55
0	0
0	0
0	0
0	0
0	0
0	0
0	0
52	0
0	444
5	454
504	452
0	0
0	5
0	5
0	0
0	0
0	0
0	0
0	0
0	0
0	0
215	0
0	1
0	1
0	0
0	0
0	2
0	2
0	1
0	0
14	0
37	264
0	264
0	0
4	16
0	0
2	24
0	25
0	21
0	21
0	23
0	1
29	11
0	9
0	9
21	4053
25	3979
0	45
0	261
0	10
5	0
0	0
0	0
1	0
0	0
1	0
76	168
2	66
0	108
0	24
0	11
0	4
1	9
4	17
2	1
0	0
0	60
0	10
0	16
160	151
30	145
90	58
6	993
2	40
4	18
0	985
8	217
0	977
0	65
0	503
0	0
0	69
0	0
0	338
0	11
4557	87
9	69
1	360
3	160
0	325
0	35
0	30
0	30
0	101
4	64
8	169
0	127
0	0
0	1205
4	1031
8	1110
3	67
4	49
0	94
3	28
0	71
0	863
0	197
0	0
0	698
0	570
0	654
0	665
2	642
0	628
0	615
4	0
0	1
0	28
0	168
13	161
0	64
21	165
1	51
0	120
0	26
1	19
211	2113
1	233
0	1935
3	349
0	392
0	94
0	0
225	864
2	841
2	611
0	268
20	262
4	226
0	20
676	7295
3	6485
1	2729
0	3233
1	569
0	5
0	85
0	81
0	81
1	28
0	79
0	0
0	22
11	170
8	137
0	9
2	112
0	76
0	0
1	63
1	37
0	26
0	28
0	26
0	0
0	0
0	0
0	0
0	0
0	0
156	957
4	46
1	952
0	20
0	1
0	13
0	12
0	12
0	12
0	12
0	15
0	0
21	130
0	12
1	120
0	0
0	0
867	2295
1	1094
0	352
0	199
6	875
0	1066
32	1618
13	1628
47	1376
0	471
2	461
2161	118
0	26
0	0
0	92
33	36
0	0
0	0
2	36
0	0
0	1
0	0
0	0
0	0
0	0
0	0
5741	0
0	0
0	0
1793	270
0	243
0	73
0	38
0	0
7	662
0	195
0	34
1	636
1	46
0	0
0	13
0	225
0	0
1	0
0	69
0	48
31	1224
0	1364
0	1093
0	331
0	0
0	194
70	0
0	0
0	0
0	0
0	0
0	0
0	0
0	0
0	0
15	0
1674	141
1	13
1	141
0	0
1447	12632
0	12586
53	12441
0	6483
9	3872
0	0
0	696
1	41
1	10
0	0
7	0
0	0
0	0
15891	13
3	5
0	0
10260	5017
7	1026
4	3226
2	5
0	0
0	3922
1	1238
1	431
1	1
1	431
0	419
0	431
3	856
0	838
0	74
0	22
0	432
1	1
3	585
0	588
0	529
7	90
0	56
0	78
0	18
0	23
0	0
0	98
1	0
0	0
0	0
0	0
0	25
294	348
12	413
0	100
0	99
9	101
11	79
0	32
44	199
0	43
1	23
1	51
1	119
15	60
3	121
21	0
0	0
0	0
13	0
0	6358
0	15081
2140	4357
0	15069
0	0
0	319
0	0
0	14103
1137	359
0	357
7	2430
2	18
0	18
0	2
0	0
0	4
0	17
0	5
0	0
0	0
0	65
401	113
20	54
1	31
0	30
1	3
0	3
1174	139
0	72
0	0
0	67
3	946
5	1450
0	1507
0	130
0	137
0	184
0	291
1	239
0	244
0	125
0	347
3	2
7	20
0	20
0	0
0	60
0	60
0	44
0	19
6	27
0	26
0	0
0	18
97	0
0	0
3013	5218
58	5218
0	0
1	43
0	43
0	44
0	0
0	0
63	119
0	68
0	23
0	72
0	43
0	608
9	579
0	531
0	0
0	483
0	3
0	34
0	8
0	2
0	22
0	442
2	417
1	1
0	0
0	0
0	1
0	1
0	0
0	0
0	0
0	0
0	0
0	0
0	0
0	0
1347	297
0	138
0	2
0	97
1	60
750	955
1	884
0	879
21	843
0	716
0	604
0	504
1	2
12	18
0	1
0	0
1	69
0	63
1	0
2	20
6	95
10	0
4	1150
6	455
0	67
0	20
0	0
0	19
0	1079
1	641
0	28
0	11
2	26
0	14
1	125
0	0
0	50
0	51
0	7
0	50
0	33
3	49
3	4
0	0
0	2
0	3
0	0
0	0
0	1305
8	1306
35	141
3	71
0	12
0	1247
0	2
0	0
0	18
0	6
0	0
0	16
0	92
1	57
0	0
1	10
0	24
0	53
6	37
0	28
0	9
0	14
0	19
0	22
0	3
0	7
0	0
0	0
0	0
1	0
0	0
0	0
0	0
0	0
0	10
0	0
0	0
0	0
0	0
0	0
0	0
0	0
40	700
2	700
4	700
0	18
0	0
299	26
0	26
0	2
1	6
0	1
0	1
0	1
0	0
0	18
0	18
0	3
161	3
0	3
0	0
0	0
0	0
0	0
0	0
12	799
0	330
1	799
133	330
0	0
0	0
0	0
0	0
1	0
2	0
0	0
1	0
0	0
0	0
0	0
365	2930
0	807
0	0
8	44
7	92
3	455
24	1071
0	1054
0	984
13	376
0	361
5	283
1	989
2	471
0	77
0	107
0	999
20	972
0	13
0	31
1	73
0	0
0	67
0	1568
13	1
5	57
34	1569
0	96
20	1485
0	1
2	0
4	466
0	1581
0	556
0	1478
0	0
0	0
0	0
0	0
0	0
0	0
0	0
0	0
0	0
0	0
1	0
3973	4655
0	4338
0	4649
0	0
0	259
1	268
0	22
0	0
138	364
135	364
0	0
0	0
0	0
78	42
0	42
0	3
34	48
0	47
0	0
0	1
0	3
0	2
0	1
0	0
397	0
0	0
0	0
95	7
0	3
0	4
423	648
0	264
0	600
0	600
0	621
0	626
0	635
0	630
0	623
0	525
0	546
0	516
5	434
0	422
0	408
0	411
0	402
0	413
0	425
0	428
0	416
0	392
0	374
0	385
0	7
0	0
0	0
0	0
0	5
0	5
21	299
2	239
13	198
0	28
0	78
0	89
0	89
0	15
0	38
6	7
0	4
0	2
0	2
0	3075
14	3173
3	3079
0	104
1	4
0	2
1	3
470	1375
15	1349
0	419
0	244
0	26
0	80
0	80
0	80
0	80
1032	26
4	843
0	843
1	0
0	502
0	321
0	261
0	106
0	207
0	184
0	137
0	0
0	62
0	48
0	24
0	0
1	0
5	13
0	125
2	130
0	3
0	4
2	102
0	31
0	29
2	30
0	108
0	2
0	6
0	25
33	56
0	1303
8	1753
0	1738
0	1742
0	1203
0	1223
0	42
12	91
0	2
1	2
0	0
0	117
0	63
0	25
0	106
0	14
0	19
0	11
0	41
0	44
0	84
0	3
1	8
0	8
0	7
0	7
0	33
0	0
12	41
0	0
0	41
0	11
0	11
0	7
0	27
0	22
0	16
0	4
0	3
0	3
0	3
1	2
0	2
0	0
0	14
219	43
0	0
0	13
0	1
0	0
0	5
0	2
0	7
0	21
0	443
24	457
0	44
1669	2
353	20
3	0
4	22
2	1
0	0
0	2
0	0
0	0
0	0
0	1
33	31
0	1
0	31
0	3
1	2
0	0
0	3
3464	0
17	7580
5018	12615
0	6744
0	0
1	4919
0	1164
19	1163
0	42
5	92
0	41
1571	87
5	317
14	317
0	22
0	2
0	0
0	0
0	0
1	436
0	533
0	526
0	530
6	527
9	110
0	24
0	0
1	0
0	0
0	74
0	0
112	22
2	10
0	88
0	92
0	6
0	1
0	81
0	74
0	3
0	0
0	0
0	0
0	0
0	0
0	0
0	0
0	459
0	485
0	27
0	475
2	48
1	86
0	0
746	0
0	0
12	2
0	1
0	0
0	1
0	0
352	223
5	34
0	223
0	82
0	0
4	28
2	2
12	28
0	2
0	18
0	7
0	5
0	14
0	11
0	6
53	2378
0	2400
0	2408
0	214
0	0
0	0
0	0
0	0
0	0
134	0
0	0
0	0
0	0
0	0
0	0
0	0
0	0
0	0
0	0
0	0
0	0
0	0
0	0
0	0
0	0
0	0
0	0
0	0
8	0
0	0
0	0
0	1
13	4242
1	4003
28	2157
0	907
0	921
0	922
3	920
0	884
0	882
0	744
0	698
0	748
0	30
0	42
3	17
0	21
0	13
0	13
0	13
0	0
0	0
0	0
9	152
0	8
120	650
0	635
13	738
0	38
0	15
0	9
0	0
2	4
0	4
0	4
0	0
0	4
0	4
0	0
0	0
0	0
0	0
0	0
0	0
0	40
0	39
0	42
0	5
0	8
0	1
0	3
0	7
0	1
0	0
0	0
0	0
0	0
0	0
3	1183
2	195
0	2
0	2
0	2
117	4981
3	4861
0	943
0	64
19	240
0	61
1	47
0	94
1	5
41	0
5	0
31	1005
0	1005
0	34
0	0
41	0
6115	872
0	5
0	867
0	239
0	0
0	0
5	0
0	14
2	14
0	8
0	2
0	0
0	0
0	0
0	0
0	6
0	18
9	20
0	19
0	0
0	0
0	0
0	27
2	6
1	6
0	1
0	6
0	6
0	0
0	0
0	0
0	0
0	0
0	0
0	0
0	0
0	0
0	0
0	0
0	0
0	0
0	0
0	0
0	0
0	0
0	0
0	0
0	0
0	0
0	0
0	0
0	0
0	0
0	0
0	0
0	0
0	0
0	0
0	0
0	0
0	0
0	0
0	0
0	0
0	0
0	0
0	0
0	0
0	0
0	0
0	0
0	0
0	0
0	0
0	0
0	0
0	0
0	0
0	0
1	1
0	1
0	0
0	0
0	0
0	0
0	24
0	24
1	22
0	0
0	0
0	0
0	0
0	1394
0	1371
2	1407
37	1455
0	1438
0	323
0	165
0	14
1	6287
0	16581
971	16581
0	3201
1	2741
2	671
2	365
0	31
0	96
0	0
0	0
25	0
66	20
0	10
2	10
0	0
0	0
0	0
0	0
0	1
0	19
0	1
0	1
0	450
20	471
0	114
0	42
0	28
0	34
0	11
0	125
0	104
6	100
165	513
2	66
1	407
3	326
0	67
1	163
2	276
660	1828
28	1746
0	272
1	335
2	4
0	522
0	38
0	0
0	0
0	0
0	0
8	111
1	90
0	105
0	6
0	75
0	0
0	0
0	11
0	0
0	0
0	5
0	10
18	954
555	5183
22	3717
0	2375
0	7078
0	0
913	4740
3	119
4	342
17	22231
31	36080
54	45673
1	37815
19	23682
0	4798
0	6381
41	1257
0	1119
18	2297
0	5877
0	883
841	4977
2	856
0	3862
14	503
0	57
0	48
0	10
0	14
3	4
6	106
4	70
5	106
0	62
3	83
1	33774
6	29054
0	33774
73	11720
2	873
0	185
5	547
646	6552
43	6608
0	1320
2	261
0	129
2	953
0	0
0	10
2	663
0	6
7	12
0	6
0	9
0	0
0	6
2	12
0	11
0	2
0	1
31	160
0	158
1	55
0	14
0	24
1	25
3	7
430	9201
23	7869
86	9217
7	787
254	82
0	13
0	80
1	73
0	0
233	23
2	21
3205	16179
17	8648
25	15323
10	6213
17	498
22	0
386	10433
1	1249
0	2996
2	1924
1849	17437
234	16912
16	2148
0	4142
0	11
237	2387
2043	2974
46	926
17	1826
2	1203
0	216
0	0
2	316
143	6167
337	5502
1	753
0	6057
5	2345
5	105
0	47
1	122
0	492
3	587
0	604
0	119
0	609
6	624
0	58
0	57
0	590
0	541
0	175
0	600
0	0
1	563
2	62
0	492
9	640
0	772
0	9
0	836
0	786
0	117
0	471
35	596
0	158
0	496
0	99
0	86
0	36
0	61
0	24
0	40
1	2
0	2
0	3
0	4
0	6
0	0
6	2698
0	2719
3	2706
0	13
1	3
0	0
0	108
26	497
2	74
0	0
664	52
2	52
0	864
0	845
1	728
6	824
1	836
0	740
11	649
1	28
0	77
0	196
182	34165
2	26044
1	111694
4721	124307
0	111647
14	65122
0	16838
1	27825
25	26058
0	9282
184	4872
1	124
0	62
0	72
133	275
0	18
0	22
0	58
0	39
0	51
0	40
1	5
0	19
0	28
0	6
2	21
0	0
0	0
52	640
721	996
4	361
0	0
0	0
541	8842
7	8842
1	1182
0	415
314	0
5	0
22	5
0	0
0	0
0	0
0	0
0	0
0	0
0	0
0	0
0	0
0	0
1	2
0	0
0	2
0	0
372	26
1	1
0	25
0	167
0	178
0	3
0	99
14	178
0	109
0	145
0	2
1	14
274	199
0	39
0	119
0	119
12	0
868	922
0	920
0	61
0	0
0	0
0	0
0	0
0	0
0	8
22	166
0	10
0	13
0	0
0	29
0	0
0	29
0	117
0	0
0	13
0	29
1	116
0	115
0	8
0	0
0	13
0	98
0	0
9	79
1	79
0	76
0	0
0	0
0	0
355	4
0	0
0	0
216	238
0	235
0	3
1	3112
13	1575
0	3109
77	0
0	1214
0	0
0	0
245	3643
0	3213
0	0
17	628
0	6
0	6
0	6
4	1
0	1
1	1
5	20
0	12
3	20
0	1
0	2
0	2
0	1
0	4
0	3
0	2
0	0
1	279
126	452
0	29
0	88
3	13
1	3
0	173
0	0
2	0
0	0
2	0
889	157
0	155
0	0
0	0
982	163
0	0
0	12
0	85
0	127
3	141
0	182
7	27
17	27
0	0
0	0
5	17
0	0
0	0
8	5
0	0
5	0
0	0
0	0
0	1
0	432
0	20
6	27
2	38
0	18
0	45
3	457
0	0
0	6
0	15
0	0
22	19
0	12
0	12
0	5
1818	2
0	0
5	0
0	0
0	0
0	0
0	0
0	0
1	0
157	14
0	14
6	0
1196	1048
0	1063
5	447
0	88
30	116
0	108
0	52
0	58
2	14
0	18
1	5
0	0
0	0
271	0
0	0
0	0
13	0
0	314
0	209
0	0
0	0
0	0
2	2
3	2
0	2
0	0
0	0
0	0
11	47
369	48
0	28
2	18
0	2
0	5
0	5
0	0
0	0
33	417
20	418
0	395
7	395
11	110
1	20
0	0
0	0
0	10
34	31
0	27
0	10
0	7
0	5
0	0
0	5
2	7
2	7
0	103
0	0
0	0
0	118
0	100
67	498
2	386
2	403
0	56
26	507
0	22
3	442
1	265
0	16
0	108
0	80
0	78
0	45
3	10
5	4667
113	5122
0	1752
0	1117
2	2
5	2
0	0
0	0
0	0
0	0
0	0
0	0
0	0
0	0
0	0
224	420
0	420
0	0
0	0
0	0
0	0
0	2
0	2
0	2
0	2
0	0
0	0
13	245
0	0
0	0
0	0
0	0
0	0
0	0
0	0
0	0
0	0
1	0
0	0
0	0
0	0
0	0
0	0
0	0
0	0
0	0
0	0
0	0
1	0
0	0
0	0
0	0
6	0
0	0
22	5
0	0
0	5
0	0
0	0
0	0
0	0
0	0
0	0
0	0
0	0
0	0
0	0
2	0
0	0
0	0
0	0
0	0
0	0
0	0
135	0
0	0
0	0
0	0
0	0
0	0
0	0
0	0
0	0
0	0
0	0
0	0
0	0
0	0
0	0
0	0
49	0
0	0
0	0
1	0
0	1
4	2
0	1
0	1
0	0
0	0
0	0
0	0
0	0
0	0
0	0
0	0
0	0
0	5
0	1
6	31
0	26
0	0
0	0
1	2
0	1
0	0
0	1
0	0
0	0
0	0
0	0
0	0
2	28
0	29
0	0
0	5
0	11
0	11
0	2
0	0
0	0
0	0
0	0
0	0
0	0
0	0
0	0
0	0
0	0
0	0
6	30
5	30
20225	13925
11	10934
1	6847
45	3752
2	0
0	0
0	1
0	1
0	0
0	0
0	0
0	0
0	0
0	0
0	0
0	0
0	0
0	0
0	0
0	0
0	0
0	0
0	0
0	0
0	0
0	0
0	0
0	0
0	0
0	0
0	0
0	0
0	0
0	0
0	0
0	0
2	0
0	0
0	0
0	0
0	0
0	0
0	0
0	0
0	0
0	0
0	0
0	0
0	0
0	0
0	0
0	0
0	0
0	0
0	0
0	0
0	0
0	0
0	0
0	0
0	0
0	0
0	0
0	0
0	0
0	0
0	0
0	0
0	0
0	0
0	0
0	0
0	0
0	0
0	0
0	0
0	0
0	0
0	0
0	0
0	0
0	0
0	0
0	0
0	0
0	0
0	0
0	0
0	0
0	0
0	0
0	0
0	0
0	0
0	0
0	0
0	0
0	0
0	0
0	0
0	0
0	0
0	0
0	0
0	0
0	0
0	0
0	0
0	0
0	0
0	0
0	0
0	0
0	0
0	0
0	6
0	0
81	93
0	30
0	68
0	77
0	58
0	45
0	1
0	0
2	8
0	8
0	0
0	0
0	0
109	539
62	539
0	292
0	229
0	0
0	0
0	0
0	0
0	0
0	0
0	0
0	0
0	0
0	0
0	0
0	0
0	0
0	0
0	0
0	0
0	0
0	0
0	0
0	0
0	0
0	0
0	0
0	0
1	0
0	0
0	0
0	0
0	0
0	0
0	0
0	0
0	0
0	0
0	0
0	0
0	0
0	0
0	0
0	0
0	0
0	0
0	0
0	0
0	0
0	0
0	0
0	0
0	0
0	0
0	0
0	0
0	0
0	0
0	0
0	0
0	0
0	0
0	0
0	0
0	0
0	0
0	0
0	0
0	0
0	0
0	0
0	0
0	0
0	0
0	0
0	0
0	0
0	0
0	0
0	0
0	0
0	0
0	0
0	0
2353	2249
0	142
0	344
0	2105
17	0
0	0
0	0
0	0
0	0
0	0
0	0
0	0
0	0
0	0
0	0
0	0
0	0
0	0
1	102
0	0
0	0
0	0
0	0
0	0
0	0
0	0
0	0
0	326
10	326
0	10
0	0
0	0
0	0
0	0
0	27
0	0
0	8
2	0
0	0
0	0
0	0
0	0
0	0
0	0
0	0
282	38
0	36
0	0
0	7
1	2
122	0
130	0
460	0
0	0
0	382
953	612
0	136
0	113
0	0
0	219
0	195
6	218
0	35
0	7
0	4
0	3
0	17
0	0
1100	95
0	68
4	73
0	0
0	0
0	466
1	449
12	431
15	435
3	427
0	465
0	118
0	67
8	21
0	24
0	11
0	7
0	0
3	11
5	0
213	1618
0	1704
2	1355
0	0
0	1
0	0
0	0
0	1
0	1
200	2
41	1049
0	107
0	179
0	304
1	917
1	193
0	177
2	517
0	476
0	199
0	135
2	227
21	0
0	0
0	0
0	0
1226	200
0	0
1	190
0	0
0	10
0	0
0	0
50	9145
33	2446
1	67
0	89
2	6814
0	1
0	1
0	1
0	1
0	0
0	0
0	0
0	0
6	35
0	65
0	63
0	65
0	5
0	0
0	65
0	0
0	3
5	3
710	99
0	97
0	0
0	0
4	21
0	0
0	1
0	1
0	1
0	0
11	0
0	0
0	1
0	0
0	1
0	0
0	0
0	0
0	0
0	0
0	0
0	0
0	266
0	9
0	0
443	469
0	92
1	31
0	2
0	195
1	2
0	5
0	0
0	44
1	0
0	269
3	8
0	8
0	3
1	0
0	0
0	16
0	16
4	0
0	0
646	469
1	465
0	0
2610	1439
0	362
0	700
2	897
0	28
0	9
0	19
10	14
0	0
0	13
4	146
1	132
0	74
5	27
0	13
1	0
17	0
408	4
0	4
2	1
0	1
0	0
10	394
42	394
0	0
11	250
0	45
0	18
2	0
0	0
0	0
0	0
1	580
21	633
1	156
0	10
0	55
0	0
3	58
0	1798
0	1873
0	1473
0	1388
0	9
0	0
0	167
0	388
16	655
0	648
0	489
0	155
0	14
0	52
0	1
0	23
0	9
0	0
0	4
0	2
0	0
0	0
3067	146
0	65
0	81
0	0
0	16
0	33
6	103
0	40
0	0
0	26
0	0
0	7
0	4
0	33
0	0
0	2
0	45
1	0
0	0
0	0
0	0
0	0
0	0
0	0
0	0
24	358
1	259
0	96
0	237
0	159
0	230
0	268
0	19
517	2349
20	2310
0	1216
199	1027
21	921
0	402
1	409
11	116
18	6
0	0
2	6
0	0
0	0
0	0
5	0
0	0
0	0
0	0
0	0
0	0
1	0
0	0
0	0
0	0
0	0
0	0
0	0
0	0
0	0
0	1
0	3
0	1
0	0
0	0
0	0
0	2
1	0
0	0
0	2
0	0
0	2
0	2
0	2
0	0
0	0
0	0
0	0
0	0
1	0
0	0
0	0
0	0
0	0
0	0
0	0
0	0
15	353
0	154
0	156
0	60
0	61
0	158
0	0
1	270
0	224
0	46
0	275
0	243
0	260
0	36
0	4
0	187
0	3
0	0
282	593
1	589
8	155
0	174
0	476
0	0
0	107
0	149
0	8
0	0
5	606
0	0
0	0
0	0
0	0
1	64
10	0
66	0
0	0
0	0
0	0
0	525
0	678
2	751
0	607
0	561
0	40
0	0
0	0
0	0
0	0
0	0
0	0
137	128
0	121
13	17
0	0
0	0
0	0
0	0
0	0
0	0
0	0
0	0
0	0
0	0
0	0
0	0
0	0
0	0
0	0
0	0
0	0
0	5
0	5
0	5
0	0
0	1
0	0
0	0
0	0
21	12
0	0
0	12
0	3
2	108
0	0
0	112
3	36
0	7
65	123
0	9
0	9
0	17
0	0
0	15
2	15
0	17
1077	35
0	35
1	0
0	19
0	19
0	19
3	1
0	1
2	3855
0	22895
0	22895
0	22748
29	8304
19	7571
6	71
0	71
0	60
0	57
0	60
0	44
0	18
0	0
0	0
1885	763
0	307
26	510
2	373
0	198
0	2
0	2
1	0
0	0
1230	136
0	134
0	39
0	9
0	0
0	0
0	409
0	413
0	391
0	399
0	299
0	288
0	50
22	262
0	0
0	193
5	9
0	0
2	56
0	26
2	8
0	42
0	25
0	0
0	0
0	0
0	171
4157	171
3	112
0	169
0	0
0	0
0	0
0	3
0	3
0	3
0	0
0	0
0	0
0	544
0	551
0	181
0	75
0	91
0	15
0	36
0	12
0	7
0	31
0	0
0	23
0	0
0	12
0	9
0	13
0	0
0	0
0	0
0	0
0	0
0	0
0	0
421	3543
0	3554
0	1413
0	919
0	344
0	87
65	691
0	335
1	305
1	211
0	0
14	0
0	0
1	31
0	32
0	13
0	8
0	3
0	0
0	3
0	4
0	29
0	9
0	11
0	12
0	12
0	13
0	13
1	0
0	12
0	2
0	0
0	0
0	0
8	121
15	355
6	366
0	1
0	121
0	361
20	355
0	121
1075	393
0	200
0	138
1	182
0	137
0	4
0	0
0	5
117	0
8	25
0	0
0	0
0	0
0	0
0	17
0	0
0	0
0	0
0	0
0	0
11	18
0	18
0	2
0	0
0	0
0	2
0	0
0	0
0	0
258	257
0	9
0	113
0	145
1470	126
16	0
11	120
5	4
0	366
1	366
0	0
0	0
0	366
1	0
113	85
0	86
0	1
0	4
0	2
0	0
0	0
0	0
0	6
0	8
4	0
0	5
0	1
6	4
0	72
0	87
25	133
0	16
0	0
0	26
1	26
0	7
1	44
0	1
0	13
0	105
61	1914
1	1943
0	249
0	129
0	126
0	53
1415	162
1	110
0	5
0	57
2	612
2	380
0	0
0	161
0	403
0	384
0	469
0	3
3	0
186	197
0	193
0	0
0	0
1	44
0	0
8	56
0	26
1	28
0	27
0	30
0	10
0	0
0	26
0	0
0	0
0	0
0	0
0	0
0	177
0	0
1	176
0	0
0	0
0	6
0	0
3	2
0	1
0	164
0	12
0	0
0	12
0	0
0	4
0	0
11	0
0	26
465	282
0	49
0	138
0	194
3	0
0	0
387	42
0	14
0	26
2	0
0	0
0	0
0	0
0	0
19	101
0	101
0	0
1	0
0	0
0	0
0	0
1155	139
6	17
0	0
1	122
0	0
0	0
0	0
0	0
159	119
2	0
2	119
1	0
236	532
0	426
0	206
0	107
0	75
0	121
0	52
0	239
0	22
0	0
4	119
0	6
0	40
6	81
0	76
0	73
0	57
14	0
0	0
1	1168
1	1147
0	101
0	0
248	542
0	542
0	0
0	0
0	0
0	15
0	0
0	0
0	0
0	0
0	0
0	0
0	698
55	875
5	765
0	552
0	16
0	20
0	80
0	119
0	59
4	84
0	64
0	1
0	0
0	6
4	14
0	6
0	14
0	0
0	0
0	1
0	0
0	0
0	0
0	0
0	0
0	1
0	0
0	23
0	21
0	23
0	23
0	6
0	0
0	0
0	6
0	2
0	2
0	0
0	0
0	6
1	6
0	0
683	48
0	1
0	0
0	48
1	4
0	0
0	0
0	0
0	2
0	2
0	0
0	0
0	0
0	0
0	8
0	61
0	64
0	26
0	17
0	35
1	37
0	23
0	63
12	120
0	84
0	83
0	118
0	44
3	53
1	16
0	16
5	32
0	40
1	6
0	0
0	0
0	1
0	31
0	5
0	15
0	15
0	0
0	0
0	0
0	0
0	0
0	26
0	0
3	93
0	0
0	0
1	1
368	88
1	54
0	6
0	41
0	40
3	3
0	7
0	6
4	50
0	0
7	1
0	0
0	0
0	1
0	0
0	0
0	0
0	0
14	166
0	0
0	0
0	0
0	0
0	0
0	0
0	0
971	1396
0	0
0	0
0	1
0	0
0	0
0	0
0	0
0	0
0	0
0	0
0	1
0	0
0	0
43	939
0	16
9	2136
16	2136
0	49
1	2116
4008	5815
3	5430
0	1345
0	323
4932	1275
1	0
2	1275
2	2
166	1202
0	0
0	1202
24	0
0	0
73	0
44	15
4	15
7	0
1	1
0	1
0	1
0	0
0	0
0	0
0	0
0	0
0	1
0	1
0	1
0	0
953	3238
21	814
0	9
8	1636
35	2136
0	161
13	851
57	819
0	326
3	312
0	79
1	429
1	192
0	1032
83	1033
426	277
3	225
0	783
0	3
0	23
0	2
2	5
0	3
0	0
3	43
1	974
0	108
0	978
17	205
0	514
0	0
0	332
0	71
295	2
0	2
0	0
0	2
0	2
0	0
0	0
0	0
0	0
111	3700
0	3247
0	813
18	653
1080	1300
0	31
0	376
0	76
1	224
0	78
0	10
0	133
0	37
1	31
62	2827
27	518
36	2207
1	2026
3	1246
4	2072
0	562
11	223
1	1056
0	2725
9	211
210	12489
2	9499
0	3924
5	1287
7	2190
8	10253
1	3427
1	5442
12	5465
1	380
0	27
0	26
0	23
0	27
0	11
1	7
0	0
0	2
0	0
0	0
0	0
0	0
0	0
0	8
0	8
0	1
0	1
6	10
0	0
0	1
0	1
0	1
0	1
0	0
0	0
0	0
0	0
0	0
0	0
32	131
3	135
0	126
1	74
0	68
0	60
0	49
1	15
0	4
0	11
2	21
2	10
8	22
0	0
10	780
23	10123
0	13523
1737	17206
1	1080
61	15145
0	984
0	1296
1	15441
0	2
1	395
1	12507
0	7765
0	2660
0	0
0	145
0	2166
0	184
6	6
0	1739
5	26
0	4
1	424
7	21
19	398
0	20
0	375
0	20
0	7
0	30
293	0
32	6
0	5
0	1
0	0
0	0
0	0
6	0
0	0
0	0
0	0
0	0
0	0
0	0
0	0
0	0
0	0
0	0
3	20
12	158
440	168
0	22
4	22
0	0
6	9
0	3
0	0
2	0
0	0
0	0
0	10
0	0
0	0
0	0
0	9
0	0
5	10
0	6
0	0
0	0
0	0
0	1
42	2696
114	2842
0	140
0	794
0	54
0	152
0	241
0	35
0	76
1	295
0	56
0	225
0	219
0	192
0	193
0	159
1	58
22	11
0	109
0	47
10	141
4	128
0	26
0	0
0	12
15	65
0	27
0	35
0	32
0	5
0	5
0	7
42	0
0	0
1	0
6194	70
491	68
2	0
0	7
0	7
0	6
0	1
0	0
0	0
0	0
0	0
0	0
0	9
3	9
6	0
0	0
2866	1284
0	343
0	0
2	727
0	349
0	375
0	251
21	0
1335	1693
0	77
1	58
148	1403
32	1169
135	1169
0	8496
201	8668
0	2648
0	2355
0	0
0	18
4	0
0	0
1	125
0	8
0	30
0	125
1	129
0	17
0	56
2	6
0	1
0	1
0	8
0	15
0	31
2	50
5	61
5	89
2	64
1	50
0	28
0	6
0	34
0	0
0	0
6	3
0	3
0	3
0	0
0	0
36	3
1	3
2430	5794
728	5404
3	114
0	1612
0	1612
3	2339
7	1127
81	3099
8	826
0	454
4	2883
0	2937
35	1155
1	31
1	0
26	197
3	106
0	123
0	29
0	27
878	2
7	0
1	0
0	0
517	0
162	474
169	2893
1	640
270	2914
15	209
11	0
0	0
2	2
10	5
0	5
0	3
0	0
19	5
0	5
0	0
7	431
3	186
3	435
0	66
0	3
0	922
26	921
0	938
0	782
4	593
0	59
0	28
0	27
0	3
2	187
3	199
0	122
0	186
66	522
0	45
2	366
2	0
0	0
221	466
0	12
220	0
1	0
0	0
424	142
0	142
0	0
1	1072
4	281
26	979
40	178
8	72
0	1181
23	0
360	5885
149	5448
0	299
3	842
0	94
0	153
0	3327
1	4201
5	4412
259	11062
221	971
138	775
15	10312
2	1265
305	9706
2	1076
0	0
0	0
0	0
4	0
0	4
0	0
0	0
0	0
0	0
0	0
0	0
0	0
0	0
0	0
0	0
0	0
0	0
0	0
0	0
0	0
0	0
0	0
0	0
0	1
0	0
0	0
0	0
0	0
0	0
0	0
0	0
0	0
0	0
0	0
0	0
0	0
0	0
0	0
0	0
0	0
0	0
0	0
0	0
0	0
0	0
0	0
0	0
0	0
0	0
0	0
0	0
0	0
0	0
0	0
0	0
0	0
0	0
0	0
0	0
0	0
0	0
0	0
0	0
0	0
0	0
0	0
0	0
701	91
11	54
0	0
1	3
10	51
6	28
0	4
0	8
0	0
34	0
0	15
228	1046
1	102
82	1047
13	992
0	152
0	51
0	2
0	203
0	229
1	0
0	111
1	171
0	0
0	0
0	0
0	0
0	0
0	0
0	0
0	0
2	0
0	107
0	5
0	104
0	104
2	0
18	27
0	24
0	20
0	0
2	6
1	3
10	0
98	1
0	1
3	34
0	24
0	8
1	22
2	26
0	10
0	15
127	64
0	12
0	47
0	13
0	9
2	13
3	78
0	0
0	0
0	0
0	81
761	78
0	46
0	10
0	0
0	0
0	0
0	0
0	0
0	0
0	0
0	0
0	0
0	0
0	0
0	0
0	0
0	0
0	0
0	0
0	0
0	0
0	0
0	0
0	0
0	0
0	0
0	0
0	0
0	0
0	0
0	0
0	0
0	0
0	0
0	0
0	0
0	0
0	0
0	0
0	0
29	7
0	7
0	2
1	0
0	1554
0	1557
0	69
0	6
0	5
0	13
373	154
0	0
1	12
0	5
3	4
0	0
0	0
0	0
0	0
0	0
0	0
0	0
0	0
0	0
0	0
0	138
1	0
0	74
0	0
1	0
6	4
0	4
0	3
0	3
0	2
0	3
0	0
0	0
0	0
0	0
0	0
294	29
0	29
0	0
4	4
46	4
0	0
37	0
0	0
65	0
4	0
0	0
0	0
0	0
0	0
0	0
0	0
0	0
0	0
0	0
0	0
0	0
2423	1037
7	883
4	703
8	899
3	412
0	42
0	46
0	49
0	0
0	15
1	1
0	0
0	0
0	0
0	0
0	0
0	0
0	0
0	1
0	0
0	0
0	0
0	0
0	0
0	0
0	0
0	0
0	0
0	0
0	0
0	0
0	0
0	0
0	0
0	0
0	0
0	0
0	1
0	0
0	0
0	4
0	4
0	0
0	0
0	0
0	0
0	0
0	0
0	0
0	0
0	0
0	0
0	0
0	0
0	0
0	0
0	0
0	0
0	0
0	0
0	0
0	0
0	0
0	0
0	0
0	0
0	0
0	0
0	0
0	5
0	4
0	0
0	0
0	0
0	0
0	0
0	0
0	0
0	0
0	0
0	0
0	0
0	0
0	0
0	0
0	0
0	0
0	0
0	0
0	0
0	0
0	0
0	0
0	0
0	0
0	1
0	0
3	6
0	0
0	0
0	0
0	0
0	0
0	0
0	0
0	0
0	0
0	0
0	0
0	0
0	0
0	0
0	0
0	0
0	0
0	0
0	0
0	0
0	0
0	0
0	0
0	0
0	0
0	0
0	0
0	0
0	0
0	0
0	0
339	0
0	0
0	0
0	0
0	0
0	0
0	0
0	0
0	0
0	0
0	0
0	0
0	0
0	0
0	0
0	0
0	0
0	0
0	0
0	0
0	0
0	0
0	0
0	0
0	0
1	25
0	0
0	0
0	0
0	0
0	0
0	0
0	0
0	0
0	0
0	0
0	0
0	0
0	0
0	0
0	0
0	0
0	0
0	0
0	0
0	0
0	0
0	0
0	0
0	0
0	0
0	0
0	0
0	0
0	0
0	0
0	0
0	0
0	0
0	0
0	0
0	0
0	0
0	0
0	0
0	0
0	0
0	0
0	0
0	0
0	0
0	0
0	0
0	0
0	0
0	0
0	0
0	0
0	0
0	0
0	0
0	0
0	0
0	0
0	0
0	0
0	0
0	0
0	0
0	0
0	0
0	0
0	0
1	0
0	0
0	0
0	0
0	0
0	0
0	0
0	0
0	0
0	0
0	0
0	0
0	0
0	0
0	0
0	0
0	0
0	0
0	0
0	0
0	0
0	0
0	0
0	0
0	0
0	0
0	0
0	0
0	0
0	0
0	0
0	0
0	0
0	0
0	0
0	0
0	0
0	0
0	0
0	0
0	0
0	0
0	0
0	0
0	0
0	0
0	0
0	0
0	0
0	0
0	0
0	0
0	0
0	0
0	0
0	0
0	16
0	0
0	0
0	0
0	0
0	0
0	0
0	0
0	0
0	0
0	0
0	0
0	0
0	0
0	0
0	0
0	0
0	0
0	0
0	0
0	0
0	0
0	0
0	0
0	0
0	0
0	0
0	0
0	0
0	0
0	0
0	0
0	0
0	0
0	0
0	0
0	0
0	0
0	0
0	0
0	0
0	0
0	0
0	0
0	0
0	0
0	0
0	0
0	18
0	18
0	0
0	0
6	127
10	39
0	119
0	87
0	0
0	0
0	0
0	1
0	1
0	0
0	0
0	0
0	0
1	0
0	0
0	0
0	0
0	0
0	0
0	0
0	0
0	0
0	0
0	0
0	0
0	206
0	305
1	305
0	305
0	25
0	3
0	0
4	0
10	0
0	0
33	165
1	92
49	102
0	17
0	29
0	0
68	110
0	1
0	10
0	102
0	12
0	0
0	106
56	106
1	178
73	173
0	105
6	171
42	6800
109	9357
2	4995
5	6901
0	631
0	5455
23	0
0	0
5	0
0	0
0	0
3	228
13	225
1	224
0	2
1	115
4	122
23	193
1	39
0	174
2	149
4	0
0	0
0	0
0	0
0	870
57	695
0	730
0	697
0	83
10	0
1283	2763
0	686
0	130
0	660
0	178
0	619
0	602
0	259
0	633
104	2520
8	1018
8	1932
146	2991
6	1534
2	743
5	5450
2	2998
757	5557
0	4499
9	4421
3	1304
0	567
3	6
0	175
0	190
0	175
4	123
1	138
0	18
34	81
0	1
0	1
0	0
0	0
0	0
0	0
0	0
0	0
0	0
0	0
0	0
0	0
0	0
0	0
0	0
0	0
0	0
0	0
0	0
0	0
0	0
0	0
0	0
0	0
0	0
0	0
0	0
0	0
0	0
0	0
0	0
0	244
0	220
9	234
6	18
0	12
0	10
5	18
0	0
0	299
0	315
0	325
1	64
0	78
0	305
0	315
0	300
0	28
0	299
0	3
0	61
0	0
0	0
0	0
0	0
0	27
0	0
0	0
0	0
0	0
1	0
0	0
0	0
0	0
1	0
0	0
0	0
0	0
0	0
0	0
0	0
0	0
0	0
0	0
0	0
0	0
0	0
0	0
0	0
0	0
0	0
0	0
0	0
0	0
0	0
0	0
0	0
0	0
0	0
0	0
0	0
0	0
0	6
0	0
0	0
0	0
0	0
0	0
0	0
0	0
0	0
0	0
0	0
0	0
0	0
0	0
0	0
0	0
0	0
0	0
0	0
0	0
0	0
0	0
0	0
0	0
0	0
0	0
0	0
0	0
0	0
0	0
0	0
0	0
0	0
0	0
0	0
0	0
0	0
0	0
0	0
0	0
0	0
0	0
0	0
0	0
0	0
0	0
0	0
0	0
0	0
0	0
0	0
0	0
0	0
0	0
0	0
0	0
0	0
0	0
0	0
0	0
0	0
0	0
0	0
0	0
0	0
0	0
0	0
0	0
0	0
0	0
0	0
0	0
0	0
0	0
0	0
0	0
0	0
5	109
0	0
0	0
0	0
0	0
0	0
0	0
0	0
0	0
0	0
0	0
0	0
0	0
0	0
0	0
0	0
0	0
0	0
0	0
0	0
0	0
0	0
0	0
0	0
0	0
0	0
0	0
0	0
0	0
0	0
0	0
0	0
0	0
0	0
0	0
0	0
0	0
0	0
0	0
0	0
0	0
0	0
0	0
0	0
0	0
0	0
0	0
0	0
0	2
0	2
0	0
0	0
0	0
0	0
0	0
0	0
0	0
0	0
0	0
0	0
32726	0
403	2925
18	2335
6	2479
0	0
0	447
1	0
172	3
0	3
2	246
0	276
0	235
0	0
0	22
0	12
0	9
0	12
6467	4863
3	1359
0	1334
0	1015
0	279
4	1051
4	1630
1	136
505	602
0	122
29	154
3	15
0	18
0	38
0	238
843	10333
55	10333
3	193
0	251
32	876
1	978
3	817
0	1053
4	21
0	239
0	273
1	116
0	285
0	278
0	278
2	312
0	307
0	43
0	0
0	1
0	1
0	1
0	1
0	0
0	8
0	8
0	3
1016	0
19	118
102	1239
0	1204
3	691
21	196
0	109
0	306
0	55
77	120
0	71
1	53
3	169
2	41
1	18
0	4
104	91
5	4
0	87
8	2219
10	2452
2462	2443
0	817
3	4
44	1613
27	1613
0	0
2	1
0	0
0	21
398	1126
30	1126
0	319
0	342
0	253
0	0
0	29
1990	2483
0	2453
0	1
0	0
0	0
0	0
0	0
0	0
0	0
0	0
0	0
0	0
0	0
0	0
1	1614
9	0
0	0
1730	5052
0	1042
0	915
0	1139
4	3587
6	111
0	94
0	4
0	7
0	0
0	7
0	29
0	10
2330	181
0	165
0	2
0	0
277	5825
30	5690
3	584
3	77
0	1512
3	221
0	350
0	296
0	900
1	283
0	45
5	2481
0	1165
2	285
1	80
2	80
0	2
0	0
0	14
0	14
0	6
1	6
14	5
1	1
3228	28
0	0
9	11
0	11
2	11
1	16
0	16
0	0
0	1
2	1
49788	31725
8	11285
354	10239
4	6950
15813	18
0	0
6406	14
1960	19
86	0
397	3804
0	3339
20	694
1	469
0	710
0	27
1	362
0	29
0	389
0	192
0	250
41	6
0	6
0	3
0	0
0	0
1	83
28	83
0	15
0	0
1	29
2	25
0	0
0	0
0	0
0	0
0	0
0	0
0	0
0	0
0	0
0	0
0	0
0	0
0	0
0	0
0	0
0	0
0	0
0	0
0	0
0	0
0	0
0	0
0	0
0	0
0	0
0	0
0	0
0	0
0	0
0	0
0	0
0	0
0	1
0	0
0	0
0	0
0	0
0	0
106	0
0	0
0	0
0	0
0	0
0	0
0	0
0	0
0	0
0	0
0	0
0	0
0	0
0	0
0	0
0	0
3	0
0	0
0	0
0	0
0	0
0	1
0	1
0	0
0	0
0	0
0	0
0	0
0	0
0	0
0	0
0	0
0	0
0	0
0	0
0	0
0	0
0	0
0	0
0	0
0	0
0	7
0	7
0	19
0	19
31	15
0	0
0	0
0	25
22	42
0	17
0	19
7	112
0	35
1	104
0	46
0	0
0	20
0	8
0	3810
0	3810
2	0
0	0
5	0
227	2004
11	2002
0	322
0	2
0	2
0	0
0	2
2320	6
0	0
250	2311
11	226
2	105
248	1835
4	371
1	480
0	93
0	135
0	6
0	6
1	0
1	4102
133	3698
1	3890
0	139
0	161
0	13
0	153
0	144
0	133
0	107
0	39
0	110
0	127
0	100
0	0
0	22
0	16
0	20
0	11
0	21
1	4
0	4
0	45
0	12
42	0
5	1
0	1
88	315
0	310
592	72
7	66
2797	82
0	0
0	11
0	11
2	1
0	1
829	4960
12	5205
8	4126
0	4880
3	170
0	712
0	175
0	0
23	726
107	0
2614	40
0	32
2	34
0	0
295	93
1	19
0	0
0	2
0	71
2	1
0	1
0	0
0	0
309	2677
14	948
35	1729
0	0
3	359
0	321
0	294
0	313
0	346
2	50
27	10
0	1
2	0
2	1
32	534
2	450
0	233
0	367
0	64
0	83
1	80
0	29
2	96
0	18
857	42
0	38
0	0
0	4
0	4
68	4
0	4
1	222
0	0
0	192
0	217
1	11
0	0
0	112
0	0
0	25
0	1
2	45
0	1
1	83
0	83
2	83
1	19
1	61
0	2
0	0
2	0
0	0
3	3
0	3
152	2160
0	2152
0	2091
0	2111
2	698
0	22
0	0
9	121
0	0
0	121
484	0
10	2
4	332
18	432
14	556
0	295
0	165
11	198
0	21
0	21
1	21
1	2332
1517	2344
0	423
91	753
0	753
0	484
0	426
0	235
12	159
1	45
69	0
0	0
1	313
1	18
2	283
0	0
0	128
0	272
1	202
5	291
1	8
0	206
0	20
0	2
0	9
0	167
0	164
0	138
0	150
0	150
0	162
1	110
0	12
0	7
0	5
2	8690
1	8101
3	7421
0	961
0	1782
0	30
0	20
0	20
0	89
0	0
0	0
0	0
0	0
0	0
0	0
0	0
1	92
28	92
0	0
0	0
621	97314
47	60762
10	80970
2	81290
3	80970
46	49880
2	49637
51	21069
106	21547
10	17288
0	5389
24	2954
36	2804
0	415
0	43
0	24
1	428
0	0
33	160
124	160
0	20
578	316
0	16
0	0
2	294
4	143
0	3
0	0
0	0
0	0
0	0
0	0
0	0
0	0
0	0
0	4
1	8
0	0
0	0
0	0
0	0
0	4
0	0
0	0
17	0
0	0
0	0
0	0
0	0
0	0
127	40
0	7
0	0
0	2
3	33
10	25
10	0
0	5
0	5
0	0
0	0
0	0
0	4
5	0
0	0
0	0
0	1
0	1
0	0
0	1
0	0
0	0
0	0
0	0
0	0
0	0
0	0
0	0
0	0
0	0
0	0
0	0
0	0
0	0
0	0
0	0
0	0
0	0
0	0
0	0
0	0
0	0
0	0
0	0
0	0
0	0
0	0
0	0
0	0
0	0
0	0
0	0
0	0
0	0
0	0
0	0
0	0
0	0
0	0
0	0
0	0
0	0
0	0
0	0
0	0
0	0
0	0
0	0
0	0
0	0
0	0
0	0
0	0
0	0
0	0
0	0
0	0
0	0
0	0
0	0
0	0
0	0
0	0
0	0
0	0
0	0
0	0
0	0
0	0
0	0
0	0
0	0
0	0
0	0
0	0
0	0
0	0
0	0
0	0
0	0
0	0
0	0
0	0
0	0
0	0
0	0
0	0
0	0
0	0
0	0
0	0
0	0
0	0
0	0
0	0
0	0
0	0
0	0
0	0
0	0
0	0
0	0
0	0
0	0
0	0
0	0
0	0
0	0
0	0
0	0
0	0
0	0
0	0
0	0
0	0
0	0
0	0
0	0
0	0
0	0
0	0
0	0
0	0
0	0
0	0
0	0
0	0
0	0
0	0
0	0
0	0
0	0
0	0
0	0
0	0
0	0
0	0
0	0
0	0
0	0
0	0
0	0
0	0
0	0
0	0
0	0
0	0
0	0
0	0
0	0
0	0
0	0
0	0
0	0
0	0
0	0
0	0
0	0
0	0
0	0
0	0
0	0
0	0
0	0
0	0
0	0
0	0
0	0
0	0
0	0
0	0
0	0
0	0
0	0
0	0
0	0
0	0
0	0
0	0
0	0
0	0
0	0
0	0
0	0
0	0
0	0
0	0
0	0
0	0
0	0
0	0
0	0
0	0
0	0
0	0
0	0
0	0
0	0
0	0
0	0
0	0
0	2
0	0
0	0
0	0
0	0
0	0
0	0
0	0
0	0
0	0
0	0
0	0
0	0
0	0
0	0
0	0
0	0
0	0
0	0
16	3074
0	703
0	0
0	0
0	0
0	0
0	0
0	0
0	0
0	0
0	0
0	0
0	0
0	0
0	0
1	0
0	0
0	0
0	0
0	879
14	941
4	89
0	914
0	4
9	74
1	74
2	0
0	0
0	68
1	11
5	21
0	28
0	7
0	12
191	46
0	5
9	25
3	23
35	82
0	76
0	56
0	4
0	20
1	14
0	0
4	17
0	17
0	17
0	61
5	61
0	48
12	201
0	0
0	201
0	0
0	0
7	228
0	167
0	45
0	62
0	4
0	34
0	50
0	40
0	8
2	252
0	243
0	14
4	9
0	17
5	3
0	0
0	0
0	0
25	0
0	0
0	0
7	16
1	16
0	3
0	1
1	5
0	200
151	615
0	57
1	114
9	175
0	41
1	269
0	22
5	22
0	3
0	0
0	0
0	0
0	18
0	0
0	4
0	1
0	13
0	17
15606	1547
5	1539
15	748
265	1122
0	146
13	1213
0	0
0	0
2570	4
1	0
2	877
0	881
0	78
0	29
3	6
0	126
1	95
7	84
0	19
0	40
0	130
0	128
0	58
340	0
578	0
0	6
0	6
0	3
0	0
0	0
0	0
2	0
0	0
0	0
0	0
0	0
0	0
0	0
0	0
0	0
0	0
0	0
0	0
0	0
2	0
0	0
2	0
0	0
0	0
0	0
0	0
0	0
0	0
0	0
0	0
19	1012
0	0
0	0
4	0
138	9608
111	6468
3	109
4	8235
11	5006
24	6440
0	4350
1	5119
2	2114
0	28
10	0
18	381
0	368
4	377
0	364
0	0
0	0
0	9
1	32
1	355
0	12
0	371
0	42
0	14
0	53
0	176
0	15
0	2
0	25
0	72
6	0
0	0
1992	4562
1	2305
0	2285
22	4169
36	1920
0	0
3	1402
30	112009
9	121567
52	119400
0	0
0	28990
4	6173
3	5319
0	5613
31	5420
0	762
0	397
2	82
0	46
1	3
5	5
32	930
22	928
0	114
0	114
0	9
2	9
0	9
0	8
0	5
0	9
0	0
3	0
0	0
1	0
0	0
221	405
0	416
5	413
6	33
0	0
0	0
135	4
1278	8576
31	8576
0	191
11	191
10	1360
1368	183
1	183
179	2303
5	16
1	0
1	0
50	2312
0	2340
0	1032
0	12
2	63
0	2115
0	12
1	47
0	110
0	54
0	181
0	334
0	432
35	563
8	287
0	272
1	74
0	20
12	0
0	170
3	623
5	859
33	859
799	4697
0	4697
0	0
0	0
2	2
0	3
37	307
1	307
4	305
0	305
1	48
1	25
0	3
0	0
8	2
0	0
0	0
0	0
1	0
0	0
0	0
3	29
0	23
0	6
0	10
0	7
0	6
0	6
0	3
0	6
0	1
0	5
0	5
0	5
0	1
0	0
0	0
0	0
0	0
0	0
0	2
0	2
107	1297
4	59
24	1354
0	82
23	148
0	27
0	0
1	12
0	12
6	12
0	341
1524	341
76	515
4	423
11	191
74	223
0	50
0	81
186	295
2	30
5	177
82	241
9	290
2	149
129	627
3	206
0	49
2	485
204	29
0	0
0	0
0	29
0	16
1612	551
9	229
2	394
31	236
4	151
0	45
0	47
0	10
1	10
190	2934
18	2867
2	458
1	2
0	1
374	2119
0	2120
0	271
0	149
0	655
3	120
0	40
0	70
0	0
8	127
4	127
1	33
0	16
0	0
1	0
0	135
0	0
0	0
0	0
0	0
0	0
0	0
0	0
0	0
0	0
0	0
0	0
0	0
0	0
0	11
0	0
0	0
0	0
0	0
0	0
0	0
0	0
0	0
0	0
0	0
0	0
0	0
0	0
0	0
0	0
0	0
0	0
0	0
0	0
0	0
0	0
0	0
0	0
0	0
0	0
0	0
0	0
0	0
0	0
0	0
0	0
0	0
0	0
0	0
0	0
0	0
0	0
0	0
0	0
0	0
0	0
0	0
0	0
0	0
0	0
1	0
0	0
0	0
0	0
0	0
1	0
0	0
14	9
0	3
0	1
0	6
0	2
0	0
0	0
0	0
0	0
0	0
0	0
0	0
0	0
0	0
6	4
0	4
0	0
0	0
0	0
0	0
0	0
973	2185
0	3
6	2182
4	44
60	2406
0	1134
2	1779
0	1706
2	1435
0	320
0	46
0	55
0	39
0	0
0	52
0	27
1	52
0	2
7	445
0	1744
99	1676
164	1688
0	1220
1	108
0	193
0	195
366	166
1	65
0	42
0	0
131	95
0	25
0	1
0	69
31	631
0	635
1	532
0	57
1	3
6	0
0	364
0	82
0	5
5	166
50	2883
7	24
30	2804
2	2768
0	0
3	577
0	580
0	577
0	493
0	73
0	62
0	47
0	15
0	298
4	168
0	148
1	146
1	69
0	9
0	22
0	13
0	1
0	38
0	36
0	17
0	9
1	2329
0	2328
59	2330
1	2379
0	2331
0	0
0	0
0	0
79	616
4	393
1	178
0	7
0	460
0	57
59	4635
107	0
373	12
1	12
0	16
0	16
0	16
0	16
1	0
0	15
0	16
0	1
0	1
74	23658
0	23550
6	3604
4	4083
13	1914
10	4150
19	1143
3	31
124	666
0	137
0	0
0	700
0	631
0	75
0	165
0	51
127	4151
0	3858
0	181
6	503
0	7
11	68
0	16
1	4049
3	4058
7	726
3	135
0	1416
1	511
1	427
0	0
0	0
0	0
2984	2
504	3384
1	3384
41	345
8	208
41	1116
0	0
97	41
0	0
0	0
0	41
180	71
3	6
0	7
0	8
0	71
1	2
0	2
0	48
0	0
0	0
123	4
0	4
29	25
0	25
0	5
3	5
0	2
5	137
0	0
49	10
0	5
0	5
0	1
3	2
0	2
2	0
3	40
37	2
38	25
0	25
0	0
0	0
45	10
0	6
0	4
46	3400
11	1183
1	2901
7	2589
0	671
0	929
0	0
0	2
0	2
0	0
0	2
0	1
0	1
0	0
0	2
0	0
0	0
0	2
11	0
858	383
0	1
0	65
0	67
4	96
0	219
7	528
24	427
0	479
0	0
0	0
1728	0
637	0
19	3
0	3
65	28
1	25
0	3
606	533
0	125
0	322
0	81
0	77
0	3
17	3838
0	3508
19	3884
0	0
22	3863
0	48
0	173
1	122
0	168
954	8119
0	5759
1	5186
0	0
0	74
0	59
0	70
0	74
0	74
0	31
0	3
0	3
0	1
0	0
15	54
0	54
0	0
1007	0
41	701
0	41
0	658
0	43
0	21
1	28
0	12
1	179
0	20
0	153
2	1779
0	1770
45	134
1	587
0	0
0	39
0	21
15	39
5	22
2	17
19	201
5	615
0	611
0	575
973	571
0	0
0	1
0	1
0	0
0	0
0	0
0	0
0	0
0	18
0	18
23	326
0	324
0	0
0	2
0	0
6	22
0	25
0	25
0	6
16	0
0	1
0	2
0	0
0	0
0	230
1	2
33	230
0	215
9	0
2	32
11	30
0	2
3	23
0	10
0	313
104	1066
230	1062
0	306
0	47
281	47
3	28
200	0
35	690
53	690
0	227
534	4226
160	4246
10	3787
20	3688
0	7
0	105
0	460
0	463
0	82
0	1558
0	174
1	174
0	0
0	52
0	139
0	16
7	6201
0	1559
0	5995
0	0
0	1015
0	6201
208	5785
0	1696
3	5163
1	476
0	136
0	822
8	21
0	1683
1	368
227	978
0	214
0	101
0	524
0	228
0	210
0	2
0	2
0	0
0	0
0	0
0	0
0	0
1	0
0	3
5	3
0	0
9	13
3	0
1	1
3	12
283	1403
0	1133
5	1423
88	683
0	80
0	27
0	43
102	416
0	167
0	159
0	117
0	0
187	4638
1	2398
30	2113
0	674
3	2906
40	1238
0	26
3	29
0	29
0	6
0	55
0	55
0	55
0	2
0	0
0	0
0	0
0	4
7	0
8	0
0	0
0	0
0	0
0	4
0	4
0	3
0	3
0	3
0	3
0	3
0	4
0	5
0	5
0	3
0	2
0	4
0	0
0	0
17	609
6	499
6	560
77	498
3	644
0	198
6	358
0	78
0	89
0	2
2	2
973	20
0	17
20	18
0	0
4	13
0	2
0	9
0	9
0	9
4	3818
0	4842
0	4847
0	4847
0	699
1	57
1	406
0	3
0	1
0	1
0	3
0	1
0	0
0	2
0	0
0	0
0	2
0	2
0	0
6	0
0	0
0	0
70	3
0	3
217	1203
49	1203
53	696
6	872
2	1203
3	0
0	0
18	824
68	903
15	832
1	1
2	178
231	178
0	1239
0	1738
8	658
1	864
0	1073
8	1515
13	104
0	96
39	88
0	252
3	909
0	0
2	837
0	794
0	1089
0	1089
0	437
0	74
0	323
16	94
0	44
0	10
1	1
0	38
0	138
1	30
3	25
0	7
0	0
0	0
0	0
0	0
0	0
0	0
0	0
0	0
0	0
0	0
0	0
0	0
0	0
0	0
0	0
0	0
0	0
0	0
0	0
4	0
149	6
0	0
17	308
53	92
4	291
0	0
8	127
5	128
1	1
17	4
5	167
0	167
1	0
0	0
0	0
0	49
0	0
7	52
0	53
0	0
32	289
0	286
4	289
0	289
0	228
0	2
0	0
8	219
1	219
0	0
2	9
0	9
75	57
0	55
0	0
1	2
0	17
12	10
0	12
0	0
0	13
0	3
1	304
1	13
0	2
1	2
37	13
0	5
0	5
21	179
0	179
0	95
2	54
1	65
0	52
0	56
0	54
0	2
0	1
0	2
52	7
0	7
0	0
0	3
6	623
0	4
0	18
0	69
0	618
0	0
0	0
40	12
0	1
0	11
1	0
81	14
0	14
1	0
903	104
0	102
44	39
3	39
7	5761
137	6615
0	6612
0	5674
1	1964
0	2654
0	1893
2	6
0	0
0	0
0	0
2554	1354
0	500
0	1331
138	426
0	128
0	269
24	348
11	221
5	160
5	199
2	21
0	0
0	10
0	13
0	13
0	0
0	0
0	3
0	0
0	4
0	0
0	0
2	0
9	675
77	1627
168	344
14698	6431
40	413
1	1760
0	3525
32	699
0	370
12	314
6	723
0	135
1	35
4	49
26	336
0	199
0	35
0	0
13	149
0	2
0	6
0	1
0	2
0	4
0	3
0	5
0	0
0	4
0	3
0	1
0	0
0	0
0	0
0	1
2	1
0	0
666	0
3	0
3	0
0	0
887	0
0	0
56	400
0	398
5	104
0	2
3	2
1	2
0	11
0	11
0	11
0	1
0	0
2145	70247
6	66124
0	6576
2	5088
25	7550
1	379
39	379
0	68
0	89
0	0
0	25
10	27
7	0
0	4
0	6
4	155
0	2
0	0
0	0
0	0
0	0
0	0
0	0
0	0
0	0
4	8
2	8
0	3354
21	3359
26	3388
31	3328
0	247
0	182
0	80
2	47
13	45
0	45
0	29
0	0
2	8
0	1
2	0
4	221
3	221
0	0
41	209
0	12
2	744
0	139
58	606
5	378
0	284
19	1186
679	1199
15	360
0	129
0	627
0	66
7	37
3	524
5	543
0	84
0	1002
0	635
1	265
6	725
0	251
0	230
0	183
0	218
4	284
0	47
1	733
0	431
0	998
0	159
0	351
7	0
3	892
4	734
0	970
0	382
0	499
0	371
0	343
0	264
0	80
0	22
0	249
0	167
0	317
0	99
0	276
0	405
0	112
0	1
0	520
0	4
0	4
26	466
0	455
0	413
0	23
1	0
0	33
0	12
0	5
0	0
0	0
0	0
0	0
4	0
3155	9010
0	746
7	2441
0	6588
0	0
116	1991
0	2193
0	2237
0	542
0	73
6	90
0	1
0	13
0	28
0	20
0	0
0	0
0	0
0	0
0	0
0	0
0	0
0	11
0	31
0	28
0	3
0	5
1	858
21	1859
13	1733
0	656
0	1987
33	2628
6	1885
342	42
0	1
0	1
0	0
0	42
73	67
0	0
13	83
10	128
0	65
0	80
4	64
0	31
0	29
0	29
0	30
0	11
4	28
0	0
0	0
0	0
0	0
0	0
0	0
0	0
0	0
0	0
0	0
0	0
0	0
0	0
0	0
0	0
1	1
0	1
0	0
0	5
0	7
0	5
0	7
0	5
0	6
0	6
0	3
0	1
0	0
0	0
0	2
0	0
0	2
0	2
0	2
0	0
1	0
72	8646
0	8646
52	6557
26	5333
13	2172
154	1604
3	329
11	0
0	0
0	0
0	0
0	0
0	236
0	0
16	3798
0	3361
0	1124
10	1930
7	1826
0	1601
7	953
2	1672
0	1267
0	89
0	0
2	101
9	0
15	0
0	96
0	115
3	102
0	110
0	42
0	1
0	5
0	4
0	3
1	161
5	179
0	102
9	41
0	114
0	120
0	161
0	160
0	151
1	151
3	18
0	6
0	25
0	0
0	0
216	1332
975	1333
8	769
0	184
1	136
0	768
246	905
52	300
1	780
0	206
9	393
59	791
1	762
13	530
7	597
0	383
1	105
1	64
0	9
1209	109
3	38
2	94
7	5
1	6
0	5
0	0
0	2
0	1
0	5
0	0
0	1
0	0
0	0
0	0
0	8
0	8
0	8
1	8
0	4
0	0
0	3
0	0
0	0
0	0
0	0
870	13704
2262	13704
11	6850
58	527
0	1547
0	1505
0	1431
2	1540
111	1540
0	29
2	274
0	47
0	139
0	136
0	215
1	202
0	90
3	0
0	0
2	0
0	0
2	0
0	0
0	0
0	0
0	0
0	0
0	0
0	0
0	0
0	0
0	0
0	0
0	0
0	0
0	0
0	0
0	0
0	0
0	0
0	0
0	0
0	0
0	0
0	0
0	0
0	0
0	0
0	0
0	0
0	0
0	0
0	0
0	0
0	0
0	0
0	0
0	0
0	0
0	0
0	0
0	0
0	0
0	0
0	0
0	0
0	0
0	0
0	0
0	0
0	0
0	0
0	0
0	0
0	0
0	0
0	0
0	0
0	0
0	0
0	0
0	0
0	0
0	0
0	0
0	0
0	0
0	0
0	0
0	0
0	0
0	0
0	0
0	0
0	0
0	0
0	0
0	0
0	0
0	0
0	0
0	0
0	0
0	0
0	0
0	0
0	0
0	0
0	0
0	0
0	0
0	0
0	0
0	0
0	0
0	0
0	0
0	0
0	0
0	0
0	0
0	0
0	0
0	0
0	0
0	0
0	0
0	0
0	0
0	0
0	0
0	0
0	0
0	0
0	0
0	0
0	0
0	0
0	0
0	0
0	0
0	0
0	0
0	0
0	0
0	0
0	0
0	0
0	0
0	1
0	0
0	0
0	0
0	0
0	0
0	0
0	0
0	0
71	18
0	11
0	5
0	12
861	1379
3	703
3	319
1	62
0	138
0	205
0	167
0	144
0	55
0	0
0	2
0	0
162	232
12	232
0	5
0	41
3235	23644
11	15602
0	11690
3	9393
0	6443
1	3453
2	3855
0	1704
1	7830
10	624
2	1311
5	0
2	0
0	0
4	583
0	567
0	368
0	39
1	26
0	0
0	0
0	0
0	42
0	12
0	10
0	0
159	1390
0	763
0	628
0	150
0	129
0	252
0	118
0	0
0	0
0	0
0	0
11	0
0	0
0	0
0	1
1	1
0	0
1	286
0	278
0	278
0	55
2	13
0	0
0	0
0	0
0	0
0	0
20	793
6	903
0	768
0	724
1	161
0	0
0	119
427	633
0	0
0	34
0	195
2	0
0	406
1	192
365	176
0	176
0	95
0	0
0	0
0	0
0	0
0	0
0	0
2	0
0	0
4	0
1	399
31	399
0	0
1	142
321	805
0	785
0	127
12	121
6	0
3	1574
110	2414
2	2410
0	0
0	0
47	390
0	390
0	0
1	333
0	0
0	38
40	104
0	104
0	8
0	0
16	144
0	132
0	59
8	133
2	143
0	14
0	5
0	10
0	5
0	27
0	21
0	6
0	43
0	33
0	0
0	0
0	0
0	0
0	0
0	0
0	0
0	7
0	7
0	4
0	7
0	0
0	0
0	2
1173	1499
10	1284
1	349
30	0
1	0
1	551
1	19
18	87
1	261
0	39
0	507
0	16
0	9
0	40
0	27
214	889
6	667
1	189
0	388
0	37
0	211
2	62
1317	182
0	79
2	13
0	10
0	33
3	12
0	18
0	14
0	28
0	5
166	158
2	147
0	29
0	0
0	3
0	0
0	0
0	1
0	1
0	0
0	0
0	333
0	0
0	0
0	0
0	0
0	0
457	4
0	0
0	0
0	0
0	0
0	0
0	0
0	0
0	0
0	0
0	0
132	50
0	0
0	0
95	19
0	58
2	58
0	58
0	57
0	0
0	4
2	4
0	0
0	0
0	0
0	0
0	0
0	0
22	1010
0	913
0	690
1	46
0	402
0	40
0	39
0	0
0	0
405	124
0	33
0	18
1	79
0	14
0	0
0	0
0	0
0	1301
0	1252
0	0
0	841
7	1298
2	1347
0	20
0	34
0	113
156	0
143	129
4	98
3	88
1	72
0	35
0	12
0	0
0	0
0	0
0	0
0	0
0	0
0	0
0	0
0	0
0	0
0	0
0	0
0	0
0	0
0	0
0	0
0	0
0	0
0	0
0	0
0	0
0	0
0	0
0	0
0	0
0	0
0	0
0	0
0	0
0	0
0	0
0	0
0	0
0	0
0	0
0	0
0	0
0	0
0	0
0	0
0	0
2	0
0	0
1	25
0	25
2	0
28	0
0	0
0	0
0	0
116	0
0	0
0	0
2	28
0	0
0	0
0	0
0	0
0	0
0	0
0	0
0	0
0	0
0	0
0	0
0	0
0	0
0	0
0	0
0	0
0	0
0	0
0	0
0	0
0	0
0	0
0	0
0	0
0	0
0	0
0	0
0	0
1	64
0	0
0	0
0	0
0	0
0	0
0	0
0	0
1	2
0	0
30	3
0	3
2	0
0	0
0	0
122	817
0	817
0	122
2	101
0	0
0	0
0	0
0	0
0	0
0	0
0	0
0	0
0	0
0	0
0	0
0	0
0	0
0	0
0	0
0	0
0	0
0	0
0	0
0	1
0	0
0	0
0	0
0	0
0	0
0	0
0	0
0	0
0	0
0	0
0	0
0	62
0	47
0	16
0	0
43	0
0	23
0	22
0	22
1	8
0	0
28	14
0	0
7	0
1	0
1	0
0	0
0	0
0	0
0	0
0	0
0	0
1	0
64	0
0	0
0	0
0	0
0	0
0	1
0	137
0	9
0	19
0	144
81	148
0	94
0	11
0	0
0	0
0	0
0	0
0	0
0	0
0	0
0	0
0	0
0	0
0	0
0	0
0	0
0	0
0	0
0	0
0	0
0	0
0	0
0	32
0	0
0	0
13	21
0	0
0	0
0	0
4	2
0	0
0	0
0	0
0	0
0	0
0	0
0	0
0	0
0	0
0	3
46	3
0	2
0	1
1	1
0	8
0	0
0	0
1	0
0	0
1	0
0	0
8	0
0	0
0	0
11	0
0	0
0	0
0	0
0	0
0	0
0	0
0	0
0	0
0	4
0	4
0	4
0	4
0	0
4	45
0	0
0	0
0	0
0	0
0	0
0	0
0	0
0	0
0	0
0	0
0	0
0	0
0	0
0	0
0	0
0	0
3	2
1	134
0	135
0	134
0	1
0	0
0	0
0	0
1	24
0	24
0	0
2	24
0	18
0	19
0	0
0	0
1	1
0	1
0	1
0	0
0	0
0	0
0	0
0	0
0	0
0	0
0	0
0	0
0	0
0	0
247	1560
0	627
0	1199
0	1048
2	870
0	1064
0	0
0	116
0	145
0	94
0	0
32	34
1	33
0	2
0	5
0	15
1191	285
0	277
0	0
0	0
0	0
0	0
0	0
0	0
0	0
0	0
0	0
0	0
0	0
0	0
83	41
0	35
0	30
0	13
0	8
0	2
0	0
12	34
0	34
109	3
0	2
0	1
0	3
0	0
0	3
0	3
0	0
17	3
0	3
0	0
350	0
1	0
0	0
6	6
5	3
0	0
0	3
0	0
12	0
2	2
0	0
0	0
0	0
0	0
0	0
0	0
0	0
11	0
1	0
0	4
9	133
0	104
0	35
2	0
59	368
4	368
1	78
0	368
0	0
0	0
0	0
0	0
0	0
0	0
0	0
0	0
0	0
0	0
0	0
0	0
0	0
0	0
0	0
0	0
0	0
0	0
0	0
0	0
0	0
0	0
0	0
0	0
0	0
0	0
0	0
0	0
0	0
0	0
0	0
0	0
0	0
0	0
0	0
0	0
18	0
0	0
0	0
0	0
0	0
0	0
0	0
0	0
1	0
0	0
0	0
0	0
0	0
4	5
0	5
0	1
0	0
0	1
0	23
5	23
0	22
0	24
0	25
0	0
0	0
0	0
0	0
0	0
128	2189
3	2
15	570
0	2195
1	424
0	39
0	11
1	535
0	2017
0	2195
0	2196
0	2196
0	7
0	406
0	15
0	36
0	30
0	100
2	1965
0	0
1	599
0	1939
0	0
0	433
0	0
0	0
0	0
0	0
0	0
0	0
0	0
0	0
2	0
0	0
0	0
132	0
1433	1153
0	1154
16	1045
0	0
2	20
1	78
0	65
7	31
1	36
1	18
0	0
0	6
10	0
51	2285
0	17
28	2271
5	49
6	58
7	1886
0	0
15	853
5345	1002
0	997
0	1
0	1
0	0
5	0
0	0
0	1
0	0
3	446
21	138
2	272
0	415
0	319
4	168
0	36
4	543
7	70
29	413
0	51
0	206
0	37
0	313
1	260
0	70
0	399
6	17
0	147
0	0
0	0
0	0
2	8278
0	8278
200	7526
40	20
11	2619
3	1543
3	176
3	35
5	19
2	13
19	25
0	33
0	5
1	27
0	22
3	4
0	3
8	3
6	5
0	3
1	0
0	0
0	0
0	176
0	28
0	153
0	46
0	149
0	12
0	15
0	12
0	0
0	4
0	0
0	1322
4	1555
0	1527
5	940
17	1386
0	1329
10	1099
1	168
3	579
0	196
0	182
3	253
8	157
1	76
0	2
6	93
4	0
0	77
5	2
0	0
3	0
0	0
0	0
0	2
21	813
5	1031
2	970
2	4509
0	4570
0	0
2	260
4	177
0	1190
16	1183
0	811
2	452
5	1120
0	1158
0	17
0	0
0	0
0	10
0	0
10	0
0	0
0	0
0	0
0	4
0	5
0	4
0	5
0	3
0	1
0	1
280	856
0	217
0	100
2	648
0	315
2	171
7	29
2	114
0	114
8	51
0	0
0	0
78	1228
21	1099
0	187
0	1023
40	1024
0	125
0	978
0	0
1	16
0	8
83	1759
0	15
1	6
0	0
1	0
0	1618
9	1618
3	1394
3	250
0	63
0	129
1	275
0	87
1	20
0	73
2	10
6	1765
0	1768
0	131
29	1517
7	142
0	695
0	0
20	389
8	1744
1	71
3	90
0	0
1	417
14	539
0	0
20	567
0	393
0	188
0	109
0	431
0	461
0	497
0	423
0	173
0	6
1	22
0	83
0	68
0	53
0	23
48	2408
4	1666
300	4767
0	902
0	639
0	16
0	729
1	2925
0	507
1	428
2	1703
0	1439
0	278
0	97
110	1320
2	1405
0	1281
35	1092
0	83
2	230
9	292
2	178
1	836
0	62
1	246
0	46
0	66
62	141
16	0
0	394
0	222
0	279
0	207
20	319
0	38
8	317
0	118
0	69
2	184
0	261
0	65
0	9
0	12
0	74
22	8429
0	7581
0	7837
0	8061
3	684
2	1412
3	1011
0	751
1	173
0	111
0	7
0	0
0	32
1	31
0	11
3	1770
11	2654
190	2665
0	56
1	513
3	249
0	0
1	194
1	0
252	2976
41	1718
67	2566
2	766
5	2285
0	1742
0	241
0	640
2	826
0	962
0	280
1	497
6	663
13	356
2	5
0	5
0	5
1	4
3	33
4	34
0	8
0	7
0	3
5	1
3	324
0	309
0	266
3	11
0	278
0	276
0	70
0	63
0	50
0	57
0	48
1	25
0	40
1	3825
36	3756
33	240
0	78
0	0
46	55
0	4
271	53
0	53
0	9
844	445
0	435
6	162
0	159
0	28
0	78
1	42
0	85
0	38
0	10
2	44
26	55
0	16
46	992
768	1247
14	755
0	357
0	157
0	446
0	302
0	392
0	167
0	264
2	153
19	156
0	54
3	48
0	12
0	66
2	65
1	21
0	13
0	0
16	595
5	514
0	402
2	158
0	0
3	111
0	0
12	0
1652	8916
21	2983
48	6574
2	3130
0	0
459	18026
30	831
16	12653
14	3421
21	10146
3	11331
0	13048
0	6873
0	9219
0	4304
7	5913
0	7197
0	2012
963	10216
0	3850
0	6699
0	0
0	249
0	0
3	5160
0	243
0	0
0	0
0	0
0	0
0	0
0	0
0	0
1	22
0	16
1	16
0	26
0	17
0	0
1	8
0	0
0	8
0	2
0	223
0	242
0	15
2	206
0	45
0	7
0	16
0	24
0	13
0	0
0	8
0	8
38	781
1	119
122	780
0	98
2	212
2	781
47	11
0	157
2	71
2658	50373
8	27016
27	208
2	48347
7	44361
0	0
7	1
0	1
4	2
0	2
42	4
0	4
29	683
7	350
0	382
9	227
0	78
0	13
0	7
0	21
0	16
4	75
0	4
0	16
0	61
0	13
0	4
0	4
0	0
0	0
0	0
0	3
0	16
0	149
23	127
1	123
0	33
0	50
1	110
0	2
1	69
1	10
1	39
0	0
0	15
8	34
0	0
0	0
0	0
0	0
0	0
0	0
8	165
1	189
4	65
0	189
1	55
2	38
0	11
43	210
0	2
0	0
6	0
0	0
0	4490
0	4663
0	1249
0	4682
21	4307
7	3814
0	915
0	20
20	12
2	12
4	268
967	501
10	260
9	0
11	252
6	56
15	44
194	1608
2	104
12	1571
0	1576
43	147
0	303
0	17
4	47
0	301
2	40
0	192
0	321
0	138
3	228
0	8
0	0
1	0
0	163
1	0
4	0
0	0
0	11
0	10
0	2
0	0
0	0
18	1014
0	72
0	3
23	1011
0	75
0	289
0	143
1	337
179	241
0	237
0	16
4	43
0	52
1	24
661	13509
0	4242
17	6553
6	11505
74	6345
0	26
1	2697
1	1
20	808
85	979
61	585
1	195
0	16
0	126
1	66
298	46
0	3
0	0
0	2
0	2
0	5
0	5
521	2956
9	2748
0	1009
0	776
0	44
3	614
1	312
3	158
0	203
0	81
0	0
0	2
0	5
0	0
0	5
0	0
0	2
0	0
0	40
59	596
0	596
0	17
0	51
0	44
0	0
0	51
0	19
3	0
0	17
0	9
0	0
0	25
0	10
0	3
0	8
0	1
0	0
1	4
0	0
0	0
0	0
0	0
0	0
0	0
0	0
0	0
0	0
9	296
0	0
0	112
0	251
0	0
3	271
0	271
0	0
0	51
0	55
0	97
0	0
0	0
0	0
1	0
0	0
0	0
0	1
138	1
5	0
1	0
71	0
0	0
0	48
0	21
4	59
0	61
0	11
3	0
1	0
0	0
0	0
0	0
12	0
11	84
5	145
0	116
2577	2095
39	990
0	1328
0	759
5	58
1080	2907
6	2678
2	2856
27	1760
0	1153
85	842
0	842
85	824
0	23
12	7009
0	7009
0	3808
1	2991
54	5305
1	1759
0	2674
1	2451
0	127
13	264
1	1492
0	4
0	0
0	0
0	4
0	253
0	253
82	261
0	61
0	36
0	0
0	0
6	0
0	0
22	3250
1	276
0	3242
9	2837
0	3259
3	193
2	79
1	228
0	117
0	2962
0	2932
0	889
2	2820
1	2730
7	2431
309	740
0	749
0	278
1	0
151	26
0	4
0	840
0	840
4	715
3	184
41	75
0	75
114	406
16	416
0	1
3	10
46	2765
1	1965
0	473
14	1283
0	0
0	767
0	1
0	1
0	1
3	801
1	170
7	694
2	36
0	71
24	787
0	54
2	94
2	7
1	275
55	61
0	61
0	61
0	25
0	17
0	0
0	1
0	22
0	1
0	3
0	20
0	20
0	15
0	5
0	0
0	0
0	0
5	0
0	0
0	0
4924	491
19	62
0	191
0	33
11	203
8	4
1	0
681	170
7	123
0	27
2	50
10	496
1	10
0	24
2	209
45	597
0	0
0	0
0	21
0	95
0	12
1	7
0	5
0	5
0	4
0	6
0	6
0	0
0	0
0	0
0	1
0	3
0	0
0	3
0	0
0	0
0	0
2	0
2609	1090
2475	1109
0	215
19	667
38	648
0	233
0	0
21	44
0	0
0	0
0	94
15	105
0	96
2	6
1	6
0	4
0	3
0	0
0	1
0	0
0	1
25	0
64	240
0	174
1	170
0	178
2	119
0	0
0	0
0	0
0	0
0	0
0	2
1	2
0	0
0	0
0	0
0	0
0	147
0	145
0	150
0	145
0	144
0	123
0	26
0	7
0	41
0	20
0	4
0	3
0	0
0	9
0	2
1	6
225	378
0	39
0	372
0	239
0	112
0	4
0	0
0	3268
1	9985
5	8649
0	464
0	220
0	6162
0	1042
1	3280
0	1144
4	289
1	9144
0	9144
1	1878
8	2083
0	1509
0	0
0	0
0	0
0	0
0	0
491	2157
0	398
93	1010
1	579
46	601
0	558
5	209
0	128
0	226
0	0
30	272
0	271
3	0
0	5
0	3
0	12
0	5
0	0
0	0
0	0
0	0
0	0
0	0
0	0
0	0
0	0
464	0
0	0
4	17
1	17
0	17
2	0
725	102
0	102
0	0
29	5966
32	5963
80	6109
0	1431
0	669
0	1421
0	0
1	85
0	0
0	43
0	134
0	0
4	21
0	0
0	0
0	0
0	0
0	0
0	0
0	0
0	0
0	0
0	0
0	0
0	0
0	0
0	0
0	0
0	0
0	0
0	0
0	0
0	0
0	0
0	0
0	0
0	0
0	0
0	0
0	0
0	0
0	0
0	0
0	0
0	0
0	0
0	0
0	0
0	0
0	0
0	0
0	0
0	0
0	0
0	0
0	0
0	0
0	0
0	0
0	0
0	0
0	0
0	0
0	0
0	0
0	0
0	0
0	0
0	0
0	0
0	0
103	96
0	95
1	5
0	0
0	0
0	0
0	0
0	0
0	8
0	8
0	0
0	0
0	0
0	0
0	0
0	0
0	0
0	0
0	0
0	0
0	0
0	0
1	6
0	202
0	0
1	0
0	0
0	0
0	0
0	7
1	511
0	509
1	11
0	1
0	1
1	0
0	0
0	0
0	4
0	4
0	0
0	21
4	0
0	3
0	0
1	8
0	0
9	28
6	230
11	230
0	9
256	129
0	4
0	124
0	6
2	21
0	21
2	6
0	44
0	0
0	109
0	8
0	109
0	9
0	611
320	2173
0	782
51	2108
0	173
0	0
0	0
0	0
0	0
0	0
0	0
0	0
0	0
0	0
0	0
0	0
0	0
0	0
0	16
6	11
0	11
1	9
995	209
0	186
0	47
0	43
0	0
0	0
455	30375
0	0
0	0
0	0
129	0
13	169
2	40
0	0
0	175
5	177
0	23
0	177
5	1
0	2
1108	46
0	39
1	5
0	0
0	0
0	0
0	0
0	0
0	0
0	0
0	0
0	4
0	0
0	0
0	0
0	0
0	0
4	172
0	0
8	240
3284	338
0	0
0	0
0	0
0	0
3	2
0	0
0	0
32	0
0	0
0	0
0	0
2	53
0	91
0	137
0	242
10	219
1	138
2	125
9	170
1	247
0	146
0	224
0	227
0	1
1	14
3	64
0	10
0	42
0	38
0	78
95	1003
0	31
9	957
0	610
0	988
0	512
0	45
0	791
0	50
0	0
0	33
6	0
0	148
0	1159
2	1130
5	1132
0	1203
0	181
0	41
2	127
0	154
0	116
0	19
0	14
1	0
2	0
564	0
1229	0
0	0
0	0
0	0
0	198
2	0
0	0
0	0
10	1001
0	1001
0	30
2	745
0	0
0	6
0	0
0	27
0	20
0	0
0	20
0	0
0	17
0	0
0	0
294	10
0	0
0	0
0	0
0	0
0	0
0	0
82	8
0	10
39	1
0	1
30	1987
16	1987
12	1726
0	3421
0	0
4	1435
3	3443
0	72
0	50
0	0
0	0
0	27
0	0
0	0
0	0
0	0
0	0
0	0
0	0
0	1
80	1
0	0
0	0
0	2
0	0
0	0
0	0
0	0
0	0
0	0
0	0
0	0
112	2
2	81
0	263
0	8
0	9
1412	264
0	62
1	15
0	2
0	19
1	3
0	2
0	2
1	0
1	0
8	0
0	0
0	0
0	15
0	4
0	0
0	173
0	2
2	0
0	0
0	0
0	0
0	0
0	0
0	0
0	0
0	0
0	0
0	0
0	0
0	0
0	0
0	0
0	0
0	0
0	0
0	0
0	0
0	0
0	0
0	0
0	0
0	0
0	0
0	0
0	0
0	0
0	0
0	0
0	0
0	0
0	0
0	0
0	0
0	0
0	0
0	0
0	0
0	0
0	0
0	0
0	0
0	0
0	0
0	0
0	0
0	0
0	0
0	0
0	0
0	0
0	0
0	0
0	0
0	0
0	0
0	0
0	0
0	0
0	0
0	0
0	0
0	0
0	0
0	0
0	0
0	0
0	0
0	0
0	0
0	0
0	0
0	0
0	0
0	0
0	0
0	0
0	0
0	0
0	0
0	0
0	0
0	0
0	0
0	0
0	0
0	0
0	0
0	0
0	0
0	0
0	0
0	0
0	0
0	0
0	0
0	0
0	0
0	0
0	0
0	0
0	0
0	0
0	0
0	0
0	0
0	0
0	0
0	0
0	0
0	0
0	0
0	0
0	0
0	0
0	0
0	0
0	0
0	0
0	0
0	0
0	0
0	0
0	0
0	0
0	0
0	0
0	0
0	0
0	0
0	0
0	0
0	0
0	0
0	0
0	0
0	0
0	0
0	0
0	0
0	0
0	0
1	0
0	2
2	0
0	0
0	0
0	1
0	0
0	0
0	0
0	0
0	0
0	0
0	0
0	3
0	0
0	0
0	0
0	0
0	0
0	0
0	0
0	0
0	0
0	0
0	0
0	0
0	0
0	0
0	0
0	0
0	0
0	0
0	0
0	0
0	0
0	0
0	0
0	0
0	0
0	0
0	0
0	0
0	0
0	0
0	0
0	0
0	0
0	0
0	0
0	0
0	0
0	0
0	0
0	0
0	0
0	0
0	0
0	0
0	0
0	0
0	0
0	0
0	0
0	0
0	0
0	0
0	0
0	0
0	0
0	0
0	0
0	0
0	0
0	0
0	0
0	0
0	0
0	0
0	0
161	61
0	35
73	59
0	2290
12	4256
61	0
0	0
0	1
0	0
4861	36966
21	35502
0	2288
0	0
1	156
0	0
0	0
0	0
4	17
0	0
20	8
0	0
2	0
0	2
10	0
0	2
120	2
1	2
0	0
0	0
0	0
0	0
0	0
4	5
0	6
0	0
0	0
0	0
0	0
0	0
0	0
0	0
0	0
0	0
0	0
0	0
0	1
0	0
0	0
3	1
0	2
0	0
0	0
5	2
0	0
0	0
0	0
0	0
0	0
0	0
0	0
0	0
0	0
13618	0
85	0
22	0
2	0
0	17
0	0
0	0
0	0
0	0
0	0
123	12
10	0
4	12
0	0
302	751
0	28
2	342
0	0
0	0
105	723
0	178
0	0
0	0
0	0
4396	83
3	60
0	58
0	2
0	2
0	0
0	0
0	0
0	0
0	0
0	0
0	0
0	0
0	7
0	1
0	3
0	2
0	1
0	0
0	1
0	1
0	7
0	0
0	1
0	1
0	0
0	0
0	0
0	0
0	0
0	0
0	0
0	0
0	0
0	0
0	0
0	0
0	1
0	1
0	0
0	0
0	0
0	12
308	107
1	104
0	33
8	0
28	43
1	34
1	21
1	19
48	49
0	23
0	26
23	9
357	245
35	120
26	236
313	3939
4	93
4	277
0	0
0	0
4	3867
0	583
9	1015
0	268
89	2040
0	1907
0	124
0	24
1	22
966	0
0	0
0	0
0	0
0	0
0	0
137	387
4	416
1	370
0	45
0	2
0	1
0	0
0	0
0	0
0	0
0	0
3	0
0	0
0	194
255	252
0	0
1	68
0	1245
185	1205
0	1241
6	55
0	336
0	828
0	1172
1	3
0	274
1	404
0	58
0	0
0	0
0	0
0	47
2	710
3	685
0	658
0	44
0	0
0	5
0	146
0	103
113	416
0	62
0	428
1	217
0	60
0	0
0	6
0	0
36	1065
1	339
11	906
0	560
0	716
0	0
371	6
0	0
0	0
0	6
0	8
23	100
0	74
0	50
0	2
0	0
0	2
0	6
0	0
0	0
0	0
8	5
0	2
0	3
14	3
0	3
0	0
0	0
0	0
0	0
0	0
1	639
18	648
0	17
4	23
0	1
0	5
0	5
0	110
0	4
1	27
0	109
0	167
0	111
0	103
0	7
0	6
0	9
0	134
0	0
0	0
10	1
0	1
0	13
0	18
0	46
2	45
0	12
1	1
0	0
0	0
0	0
0	5
0	0
0	0
27	0
0	0
0	136
0	555
1	209
0	538
3	550
4	210
5	429
11	669
0	83
841	1580
0	1558
0	234
0	318
0	328
0	309
1	292
0	42
0	70
0	28
3	0
0	0
0	1
0	0
0	0
3	715
2	677
0	273
11	193
0	11
1	5
0	27
0	56
5	80
0	0
0	0
7	82
0	2
4	48
0	0
0	23
0	75
0	85
0	75
0	11
0	11
0	5
0	5
0	69
0	2
1	2
9	22
0	22
0	0
1	0
6	377
0	299
0	385
0	71
0	114
5	0
0	0
1	0
11	8
6	8
0	0
2	0
0	0
743	54
0	26
0	2
0	0
1	0
0	26
5	9
0	9
0	0
0	0
0	8
1	0
1	8
0	0
0	8
0	0
0	0
0	0
0	0
0	0
0	0
0	0
0	0
0	0
0	0
0	0
0	0
0	0
0	0
0	0
0	0
0	0
0	0
0	0
0	0
66	124
9	124
0	0
0	0
0	0
0	0
0	0
0	0
0	0
0	0
5	0
0	0
0	0
0	0
0	0
0	0
0	0
0	0
0	0
0	0
0	0
0	0
0	1
0	0
0	0
13	5
0	5
0	0
0	0
216	1033
0	887
47	320
0	88
1	88
1	0
0	0
1	0
0	0
0	0
0	0
0	0
0	0
0	0
0	0
0	0
0	0
0	0
0	2
0	2
0	0
0	0
0	0
0	0
0	0
0	0
0	0
0	0
0	0
0	0
0	0
0	0
0	0
0	1
0	1
0	1
0	1
0	0
0	0
0	0
0	1
0	1
0	1
0	1
0	1
0	1
0	1
0	1
0	0
0	0
0	0
0	0
0	0
0	0
0	0
28	1
0	0
0	0
0	0
0	0
0	0
0	1
0	0
0	0
5	157
0	0
6	333
0	0
0	0
0	0
2	0
0	0
0	0
8	2
19	2
4	0
0	0
0	0
96	1
0	1
1	2165
28	2233
0	87
21	2230
0	15
0	0
71	0
11	271
0	262
0	25
0	3
0	2
0	3
0	0
0	1
0	0
0	0
0	0
0	0
0	0
0	7
0	0
0	0
0	3
0	0
0	0
1	10
0	4
0	9
16	223
0	140
0	161
7	90
0	36
17	73
0	19
0	20
0	0
0	0
0	0
0	0
0	0
0	0
0	0
0	0
0	0
0	0
7	12
0	12
1176	104
0	0
0	102
0	2
0	0
0	0
0	0
0	0
0	0
0	0
55	2
0	0
0	0
0	2
0	0
0	0
299	676
401	678
7	556
0	30
0	129
2	13
0	0
0	64
0	20
0	0
0	0
0	0
0	0
0	0
0	0
0	0
0	0
0	0
59	7777
9	7803
0	3780
0	604
0	89
0	89
0	398
0	0
0	1
0	1
0	1
0	0
0	0
1	155
0	155
0	0
0	0
1	0
0	0
0	0
0	1
1	1
0	0
0	0
0	0
0	0
0	1
0	0
0	0
0	0
0	0
0	0
0	12
0	2
0	0
0	0
28	9
3	7
0	0
3	374
0	374
0	171
0	93
0	88
0	6
0	0
0	0
0	1
0	43
0	1
0	1
0	0
0	0
0	0
0	0
0	0
0	0
349	390
0	40
0	339
2	342
0	0
0	6
0	0
931	519
0	210
1	4
0	24
0	270
0	3
0	2
0	22
0	0
0	21
0	4
0	105
0	105
0	1
12	1
0	0
0	0
0	0
554	283
1	283
1	0
84	896
2	268
0	93
2	710
0	304
0	137
0	0
28	0
0	61
89	61
0	0
0	0
0	0
0	628
18	830
38	743
0	0
0	746
0	94
0	0
0	26
0	89
0	1
2	2
4	8
0	4
2	2
0	1
2	0
15	0
78	77
0	77
59	25
0	10
0	17
0	2
0	8079
190	9905
24	9264
15	3124
1	3226
0	1516
0	770
2	1199
3	621
1	116
0	0
0	0
2608	61
2	61
0	0
0	0
0	0
6	701
3	691
0	126
0	194
0	111
0	80
0	34
0	51
0	0
0	0
4	23
0	23
0	2
0	0
0	0
0	0
109	1236
0	37
0	50
0	619
0	1153
0	1080
0	1097
0	138
0	0
0	79
0	100
0	63
0	8
0	90
1	119
0	93
3	72
0	34
11	0
6	10
4	70
60	527
5	28
0	0
6	0
0	0
6	521
0	2
0	0
8	255
948	10
0	1
0	1
41	0
60	18
0	18
0	0
0	0
2	1
0	0
0	1
0	0
0	0
0	0
0	0
1	65
0	65
0	61
0	61
0	85
0	85
0	5
0	5
0	5
0	0
0	3
0	0
2	0
220	95
13	91
1	70
0	7
0	0
8	0
0	254
1	0
25	0
2	120
0	24
0	120
0	40
0	0
0	2
0	0
3142	154
0	126
0	0
0	0
0	0
338	0
706	0
0	0
0	714
5	462
0	717
5	231
0	1
0	0
0	0
0	0
0	0
194	1292
0	1292
0	480
2	141
0	81
3	253
0	95
2	0
0	0
3	526
0	147
0	523
0	8
3	0
75	524
3	383
4	361
1	277
2	219
0	198
0	162
0	94
3	30
0	6
219	0
0	0
1	10
0	0
0	8
0	2
2	9
83	865
99	865
1	237
1	227
0	106
0	210
0	16
0	8
0	1
7	17
0	14
0	13
0	3
0	7
0	0
0	15
0	14
0	0
0	1
0	1
0	12
0	1
0	2
0	0
6	75
0	71
0	66
4	52
0	20
0	14
0	14
1	12
0	0
0	862
0	842
0	861
1	778
0	17
5	139
1	18
0	24
0	14
0	9
0	19
221	1907
0	829
0	815
37	1259
0	767
30	368
0	221
1	472
0	62
1	33
0	7
0	3488
5	4203
0	902
0	701
0	29
0	233
0	849
2	938
0	47
3	3
11	19
1	35
0	2
0	9
0	60
0	56
0	21
0	58
0	1
0	1
0	0
0	789
21	1125
0	1125
0	1123
0	23
0	47
0	20
0	14
0	0
0	0
0	2
1	9
0	9
0	0
0	0
0	0
0	0
0	6
0	0
0	0
1	112
359	36
0	4
0	16
0	25
0	0
0	3
1	0
0	3
123	17
0	3
0	0
0	8
0	0
0	0
0	6
0	1
0	0
0	2
9	37
5	19
4	194
76	192
0	41
5	751
0	804
0	767
0	743
0	156
14	174
4	129
0	92
0	20
2	29
5	104
17	291
0	69
4	256
0	33
0	187
0	0
3	0
0	234
0	234
0	486
0	122
0	284
8	194
0	249
1	227
0	0
0	0
2	0
498	55
0	0
0	12
0	16
0	33
16	0
0	0
0	0
0	4
0	4
1	0
0	0
420	61
3	2
0	21
0	43
10	1698
151	8164
13	1766
35	5432
1	6207
1	2069
7	802
30	799
3	295
4	6
0	46
27	29
4	36
4	12
9	3
0	0
78	0
1	1895
17	3583
0	2958
0	2971
1	647
0	213
0	98
0	155
3	18
0	0
0	0
0	0
1	10
2	5
11	24
16	55
0	8
0	22
0	7
1	34
0	0
0	0
0	0
12	0
6	93
57	204
0	189
0	0
599	179
0	183
0	189
0	162
0	0
0	0
0	64
0	18
0	25
0	29
0	1
0	0
0	0
317	2199
0	7
3	2187
92	78
1	77
6	77
0	61
44	51
1	0
0	0
2554	748
2	377
0	304
0	64
0	0
0	254
7	89
0	32
15	178
0	0
0	116
1	13
0	39
0	2
2506	335
19	313
26	170
0	0
0	0
0	0
0	0
0	0
0	0
0	0
0	0
0	0
2	0
0	918
6	305
19	1283
12	41
2	985
45	1174
1	190
0	0
3	410
0	0
27	5
0	3
0	0
0	0
0	2
9	4
0	4
0	0
1	0
66	0
0	15
0	230
5	55
5	228
11	2
0	6
0	0
0	2
0	0
0	0
0	0
0	0
1	0
0	0
0	0
462	0
0	0
0	0
0	0
0	4
0	4
0	4
0	1
0	0
0	0
0	0
0	0
0	0
0	0
0	0
0	0
0	0
0	0
0	0
0	0
0	0
1	2
0	0
11	3
0	3
0	14
0	0
94	14
200	67
0	3
0	67
0	56
0	3
4	0
5	107
0	87
0	41
0	0
0	20
0	0
2	0
0	0
223	21
0	31
3	35
0	21
0	1
0	0
19	0
0	0
0	0
0	0
1260	0
2	216
1198	589
5	193
3	110
17	399
0	116
133	91
0	47
0	44
5	21
0	18
1032	39
0	7
1	32
0	3
0	10
1	7
0	0
0	0
0	0
15	5691
1	5663
0	5670
5	122
0	85
1	248
0	8
0	3
0	219
1	183
0	0
0	0
7	74
0	11
0	43
0	0
0	0
826	4
1	0
0	0
0	0
566	334
0	180
0	195
0	0
0	23
38	1085
1	1083
11	1116
5	294
0	288
0	214
1	195
0	136
2	1
0	15
0	0
0	0
0	0
0	0
0	0
0	1
0	0
0	0
0	0
0	0
0	0
0	0
0	0
0	0
0	0
0	0
0	0
0	0
0	0
0	0
0	0
0	0
0	0
0	0
0	0
0	0
0	0
0	0
0	0
0	0
0	0
0	0
0	0
0	0
0	0
0	0
0	0
0	0
0	0
0	0
0	0
0	0
0	0
0	0
0	0
0	0
0	0
0	0
0	0
0	0
0	0
0	0
0	0
0	0
0	0
0	0
0	0
0	0
0	0
0	0
0	0
0	0
0	0
0	0
0	0
0	0
0	0
0	0
0	0
0	0
0	0
0	0
0	0
0	0
0	0
0	0
0	0
0	0
0	0
0	0
0	0
0	0
0	0
0	0
0	0
0	0
0	0
0	0
0	0
0	0
0	0
0	0
0	0
0	0
0	0
0	0
0	0
0	0
0	0
0	0
0	0
0	0
0	0
0	0
0	0
0	0
0	0
0	0
0	0
0	0
0	0
0	0
0	0
0	0
0	0
0	0
0	0
0	0
0	0
0	0
0	0
0	0
0	0
0	0
0	0
0	0
0	0
0	0
0	0
0	0
0	0
0	0
0	0
0	0
0	0
0	0
0	0
95	216
1	211
0	18
0	0
0	0
0	0
0	0
0	0
0	0
0	0
0	0
0	0
0	0
0	0
0	0
0	0
0	0
0	0
0	0
0	0
0	0
0	0
0	0
0	0
0	0
0	0
0	1
0	1
0	0
0	0
0	1
0	1
0	1
0	0
0	28
0	1
864	200
1	2
10	193
0	125
2	5
1	0
0	0
0	0
0	0
0	0
0	0
125	56
31	21
0	47
0	21
0	23
9	0
0	0
16	3
0	3
0	0
0	515
0	0
0	0
0	0
989	378
0	143
0	1
6	274
0	32
3	137
0	11
0	0
0	0
0	0
0	41
0	37
0	0
1	0
167	2
0	0
0	0
27	475
7	474
0	0
0	0
0	0
0	0
0	101
19	75
0	66
0	64
1	19
0	12
0	0
2	4
5	0
49	466
37	14
275	1944
7	1126
3	175
0	153
0	0
0	0
0	1254
3	5
0	5
200	1007
5	567
5	711
34	650
8	456
1	116
0	64
8	65
0	177
0	177
6	55
0	131
0	16
0	22
0	4
0	22
0	42
0	0
0	11
0	17
0	7
0	0
0	2
0	2
0	0
0	5
0	5
0	0
0	0
0	0
1	15
16	14
0	15
0	2199
74	2416
0	2236
0	51
0	102
0	2235
0	62
0	2236
0	2395
0	34
0	0
0	0
0	2098
74	1915
0	0
0	85
9	0
4	7
0	0
0	0
0	0
0	0
0	0
0	0
7	8
0	32
0	540
0	550
0	544
0	522
1	521
0	544
0	0
0	517
0	0
0	0
4	554
0	36
1	532
0	555
0	14
3	543
0	23
0	452
24	0
345	256
1	116
0	84
2	264
0	22
7	63
0	42
0	34
0	165
24	358
126	360
3	157
0	28
0	2
0	0
561	54
2	54
8	3
0	1
0	3
4	2940
0	27
0	0
0	0
0	0
0	0
0	0
1	2944
0	165
1	1099
0	0
0	0
0	0
0	0
0	0
0	0
0	0
0	0
0	0
0	0
4	4
0	1
1	0
0	0
0	0
0	0
0	0
0	0
0	2925
0	2868
0	91
0	2883
0	0
4	42
0	1113
0	0
0	0
0	416
0	0
0	0
0	0
0	1
2	85
4	787
0	92
0	56
0	0
0	60
0	0
0	33
75	224
3	224
1	99
0	109
0	103
0	0
2	59
0	66
0	28
0	37
0	28
0	0
0	0
0	0
64	130
7	98
0	5
219	54
0	25
0	0
0	0
0	5
0	6
0	6
2	0
239	126
0	10
3	15
0	0
0	111
0	90
2	1
0	1
0	1
0	0
5	9
106	409
0	42
0	15
2	406
0	0
0	0
0	0
4	4
0	1
10	1
948	18
0	0
0	0
21	758
0	651
0	0
0	0
0	0
0	0
0	0
0	0
0	0
0	0
0	0
0	0
0	0
0	0
0	0
0	0
0	0
0	1
0	0
0	2
3	769
0	55
0	0
0	0
0	4
2	11
804	779
5	774
0	0
0	0
0	0
0	0
0	3
0	0
0	16
0	8
0	0
2	7
27	84
0	0
0	0
0	0
0	0
0	0
0	0
3	6
1	6
123	152
0	38
0	109
1	40
0	3
9	30
623	112
1	112
0	357
7	357
0	253
0	35
0	16
2	9
602	0
74	104
0	63
0	75
0	31
0	56
0	37
2622	1998
0	1998
0	0
645	340
1	340
0	46
0	36
0	52
0	52
0	49
2	48
120	340
0	129
0	47
0	5
0	0
0	68
0	120
1	98
0	596
0	376
29	628
0	536
0	567
11	772
4	293
1	392
7	103
5	169
9	348
1	276
0	185
0	53
3	0
0	0
0	98
149	108
0	2
0	0
2	260
0	0
0	0
0	0
2	0
0	83
0	4
0	8
0	1
0	1
1167	877
9	127
7	750
284	225
0	184
0	53
0	3
0	0
0	159
10	9293
0	420
1	12798
0	10570
0	3227
0	0
3	4
0	4
0	31
0	26
0	33
0	31
0	28
0	30
0	0
0	0
0	0
0	0
0	0
0	0
0	0
0	0
0	0
928	410
0	410
447	0
0	13
0	1
0	0
0	0
3	0
16	0
38	209
0	185
5	114
0	0
1	23
0	120
0	120
0	120
0	120
0	117
0	117
0	109
0	0
0	0
0	0
0	0
0	0
0	0
0	0
0	0
0	0
0	1
0	83
0	83
0	0
0	0
33	386
2	345
4	132
1	25
0	21
1	30
0	4
0	23
0	6
0	66
0	6
0	1
0	1
0	0
26	0
6	0
0	0
21	164
1680	178
6	35
1	94
0	0
0	0
0	3
0	19
0	20
0	15
1	10
0	0
0	0
197	706
0	577
0	14
2	0
4	19
0	216
0	19
0	0
0	169
0	105
1	24
0	8
0	11
0	0
4	0
2087	375
0	75
0	167
0	171
0	98
0	120
0	0
0	0
0	0
0	0
0	0
0	3255
0	3794
0	3800
19	1219
324	1721
0	3492
0	2777
0	2749
0	508
3	0
0	519
32	515
0	515
1	516
0	78
1	31
0	10
179	1036
4	0
0	19
0	32
65	1008
0	13
3	0
0	199
7	8
0	2
0	8
2	0
4125	13632
120	11586
7	7075
49	9525
0	1
16	6590
0	0
0	0
27	8425
0	8334
1	2574
0	55
0	41
0	0
0	0
0	39
0	47
0	141
2	25
2	27
438	0
102	0
26	0
0	0
1	488
0	488
24	488
0	48
0	6
0	6
0	0
0	6
0	6
0	13
0	13
0	6
0	2
0	0
0	0
0	0
0	0
0	0
0	0
0	0
0	0
0	0
62	0
36	3442
0	3092
3	2960
0	3131
23	1014
0	1093
0	1097
0	1083
0	813
6	27
0	0
0	6
0	8
0	0
0	0
0	0
0	0
0	0
0	19
469	9
0	3
0	0
0	0
0	0
0	1
0	1
0	1
273	182
0	157
0	139
0	176
0	60
1	36
0	91
0	19
0	1
0	17
69	34
0	34
0	0
0	0
0	0
0	1
0	1
0	1
0	1
1	1
0	1
0	1
2	0
756	1354
0	36
0	186
6	1350
0	0
0	163
0	161
0	21
0	125
0	95
0	840
3190	3999
0	2143
2	1039
1	459
0	180
65	257
0	47
0	18
0	0
0	143
0	17
0	0
0	15
0	181
0	7
5	0
0	5
0	11
0	0
0	0
0	0
0	77
0	77
0	44
64	58
0	49
0	48
308	753
0	151
0	146
2	582
0	170
0	241
0	207
0	119
0	93
0	47
0	60
21	24
0	16
0	7
1	19
0	0
0	0
96	199
0	199
0	0
274	1795
0	185
51	1417
7	894
7	721
5	680
14	549
2	107
0	0
1	0
0	0
0	0
0	12729
1269	13341
15	13400
0	0
1	472
66	17119
26	16045
0	16345
0	15257
16	16929
0	15854
16	4835
15	1503
0	2460
0	2418
33	1849
0	588
6	0
27	0
46	6478
0	14
0	79
0	240
366	6430
0	63
0	2733
0	296
0	11
0	0
14	26
0	235
0	0
258	515
5	497
0	47
0	47
3	45
3	0
565	3746
68	3746
2	434
1	40
0	0
80	4
0	2
0	0
0	2
4	29
0	29
0	28
0	21
0	0
0	0
0	0
1	0
0	27
18	839
6	839
0	49
0	29
0	12
0	12
0	14
1	4
0	0
0	11
0	0
2	0
0	2
24	91
0	81
0	19
0	79
12	89
0	7
0	15
0	13
0	13
0	10
0	2
6	19
0	8
0	0
0	0
0	0
193	2798
0	2798
0	0
10	2787
0	2674
10	825
0	1628
8	1945
0	290
5	843
0	665
0	0
0	1059
0	0
4	523
0	0
0	4
0	1
2	4
1	480
3	456
0	12
0	5
0	5
0	6
0	6
0	19
0	88
3	373
0	9
0	0
0	0
0	59
1	0
0	84
0	10181
99	10103
0	9025
0	9026
4	10225
0	10213
0	14
32	11
1	859
6	127
2	144
0	0
0	0
0	21
1	0
0	0
3	249
0	0
0	0
1	238
145	1066
0	995
0	193
202	1016
0	137
0	767
0	139
0	83
0	0
0	232
5	3
2	0
0	0
4	970
0	970
0	617
1	122
0	723
1	143
0	4
0	4
3	5
33	6
0	3
9	2
0	18
0	14
0	8
0	7
0	2
0	0
0	199
0	199
0	223
0	217
0	232
0	95
0	105
0	107
0	55
0	5
0	18
0	12
1	5
0	8
0	18
0	7
1	6
0	0
0	113
0	0
0	277
0	1
2	233
2	17
3	201
8	659
32	212
0	12
9	114
1	18
2	242
0	579
0	1
0	71
0	1
2951	652
0	652
108	0
0	63
0	61
0	36
0	55
0	63
20	63
0	60
0	46
0	44
3	44
4	228
0	31
0	0
0	0
231	1184
2	321
2	34
0	0
23	908
0	34
0	60
0	19
0	19
7	13
0	3
10	1288
15	1246
0	614
0	109
0	114
5	51
1	21
1	434
13	70
0	8
2	59
4	171
1	332
2	123
0	91
0	247
2	25
0	357
0	89
1	75
0	5
0	1
0	1
0	0
0	0
0	0
0	1
0	0
0	1
39	2
0	2
246	146
9	148
0	148
4	100
0	100
1	10
0	31
0	2
0	1
1	6
4	311
0	21
0	0
0	51
1	15
0	66
5	308
5	53
1	78
5	32
0	133
9	20
0	47
0	8
0	55
2	94
0	119
0	264
0	43
0	35
0	24
0	266
0	36
0	69
0	1269
231	1269
0	169
28	3229
0	165
0	292
7	3181
34	1348
0	0
5	226
6	209
0	104
0	89
182	51
0	4
0	1
0	0
0	0
0	1
0	4
0	42
0	0
0	0
1	0
0	0
0	0
0	0
0	19
0	0
0	0
0	0
0	0
0	0
0	0
1	29
0	29
0	5
0	0
0	0
0	0
2	2
0	2
0	0
0	0
0	0
0	0
0	0
0	0
0	0
0	0
0	0
0	0
0	0
0	0
0	0
0	0
0	0
4	56
0	56
0	0
0	5
0	4
0	0
0	0
0	0
0	0
0	0
0	0
0	0
0	0
0	0
0	0
0	6
0	6
0	5
0	0
0	0
0	0
0	0
0	0
0	0
0	0
0	0
0	0
0	0
0	0
0	0
0	0
0	0
0	0
0	0
0	0
0	0
0	0
0	0
0	0
0	0
0	0
0	0
0	0
0	0
0	0
0	0
0	0
0	0
0	0
0	0
0	0
0	0
0	0
0	0
0	0
0	0
0	0
0	0
0	0
0	0
0	0
0	0
0	0
0	0
0	0
0	0
0	0
0	0
0	0
0	0
0	0
0	0
0	0
0	0
0	0
0	0
0	0
0	0
0	0
0	0
0	0
0	0
0	0
0	0
0	0
0	0
0	0
0	0
0	0
0	0
0	0
0	0
0	0
0	0
0	0
0	0
0	0
0	0
0	0
0	0
0	0
0	0
0	0
0	0
0	0
0	0
0	0
0	0
0	0
0	0
0	0
0	0
0	0
0	0
0	0
0	0
0	0
0	0
0	0
0	0
0	0
0	0
0	0
0	0
0	0
0	0
0	0
0	0
0	0
0	0
0	0
0	0
0	0
0	0
0	0
0	0
0	0
0	0
0	0
0	0
0	0
0	0
0	0
0	0
0	0
0	0
0	0
0	0
0	0
0	0
0	0
0	0
0	0
0	0
0	0
0	0
0	0
0	0
0	0
0	0
0	0
0	0
0	0
6	0
0	0
0	0
0	0
0	0
0	0
0	0
0	0
0	0
0	0
0	0
0	0
0	0
0	0
0	0
0	0
0	0
0	0
557	5173
6721	5173
1	2206
18	2360
0	0
0	0
0	0
0	0
0	0
0	0
0	0
0	0
0	1
0	0
0	0
0	0
0	0
0	0
0	0
0	0
0	0
0	0
1	0
0	0
0	0
0	0
0	0
0	0
0	0
0	0
0	0
1	0
0	0
0	0
0	0
0	2
0	2
0	0
0	0
0	0
0	0
0	0
0	0
0	0
0	1
0	1
0	1
0	0
0	0
0	0
0	0
0	0
0	0
0	0
1	2
0	2
0	0
1	0
0	0
0	0
0	0
0	0
0	0
0	0
0	0
0	0
0	0
0	0
0	0
0	14
0	14
0	14
0	0
0	0
0	0
0	0
0	0
0	0
0	0
0	0
0	0
0	0
0	0
0	0
0	4
3	4
11	8
0	8
0	0
0	0
0	0
0	0
0	0
0	0
0	0
0	0
0	0
15	4
0	0
0	0
0	0
2	0
0	0
0	0
0	19
0	0
0	0
0	0
0	0
0	0
0	0
0	0
0	0
0	0
0	0
0	0
0	0
0	0
0	0
0	0
0	0
0	0
0	0
0	0
0	0
0	0
0	0
0	0
0	0
0	0
0	4
0	4
0	0
0	0
0	0
0	0
0	0
0	0
0	0
0	0
0	0
0	0
0	0
0	0
0	0
0	0
1	17
0	0
0	0
0	0
0	0
0	0
0	0
0	0
0	0
0	0
0	0
0	0
0	0
0	0
0	0
0	0
0	0
0	0
0	0
0	0
0	0
0	0
0	0
7	28
0	0
0	0
0	0
0	0
0	0
0	0
0	0
0	0
0	0
0	0
0	0
0	0
0	0
0	0
0	0
0	0
0	0
1	0
0	0
0	0
0	0
0	0
0	0
0	0
0	0
0	0
0	0
0	0
0	0
0	0
0	0
0	0
0	0
0	0
0	0
0	0
0	0
0	0
1	0
0	0
0	0
0	0
0	0
0	0
0	0
0	0
0	0
0	0
0	0
0	0
0	0
0	0
0	0
0	0
0	0
0	0
0	0
0	0
0	0
0	0
0	0
0	0
0	0
0	0
0	1
0	1
165	950
0	0
0	0
0	0
0	249
0	841
0	908
0	666
0	807
4	933
0	183
3	65
0	30
0	108
0	80
1	7
0	2
3	2
3	14
0	14
0	0
1015	335
2	335
725	2
0	0
3622	2705
2	2362
0	686
98	15639
0	12910
0	12778
109	12777
1	17032
0	15285
6	11663
6	16017
0	7479
0	9409
0	3730
5	2004
77	3367
1	4225
7	3810
7	2770
7	1420
14	1696
0	1407
0	951
9	1008
20	5
0	5
0	2705
32	3859
0	3914
15	3856
6	111
4	463
0	277
19	615
5	273
0	0
34	3062
0	2621
0	2412
0	2215
0	1612
3	1879
4	883
3	1172
5	887
0	319
1	13
0	483
7	393
0	250
83	661
4	452
1	304
0	247
0	365
0	375
1	280
2	61
0	137
0	211
0	125
20	395
0	313
0	134
0	91
0	202
0	49
5	73
0	10
0	0
9	43
0	4
0	6
1	68
89	271
0	271
0	66
0	44
0	44
0	28
54	2657
0	1598
2	2590
1	1202
0	330
0	716
194	1196
0	750
0	542
0	51
0	146
0	299
0	834
0	1037
0	596
0	284
257	1781
0	1690
0	375
4	279
0	298
0	210
0	118
0	89
0	50
4	32
337	29
0	10
6	0
0	19
579	993
0	718
1	762
0	578
0	151
0	0
0	0
0	0
0	0
0	4
0	4
0	0
0	1
0	0
0	0
0	0
0	0
0	0
0	0
0	4
0	4
0	0
0	0
0	0
1	0
0	0
0	1
0	1
0	0
0	0
0	0
0	0
0	0
0	0
0	0
0	0
0	0
0	0
0	0
0	0
0	0
0	0
0	0
0	0
0	0
0	0
0	0
0	2
0	2
0	0
0	0
0	0
0	0
0	0
0	0
0	0
0	0
0	0
0	0
0	0
0	0
0	0
0	0
0	0
0	0
0	0
0	0
0	0
0	0
0	0
0	0
0	0
0	0
0	0
0	0
0	0
0	0
0	0
0	0
0	0
0	0
0	0
0	0
0	0
0	0
0	0
0	0
0	0
0	0
0	0
0	0
0	0
0	0
0	0
0	0
0	0
0	0
0	0
0	0
0	0
0	0
0	0
0	0
0	0
0	0
0	0
0	0
0	0
0	0
0	0
0	0
0	0
0	0
0	0
0	0
0	0
0	0
0	0
0	0
0	0
0	0
0	0
0	0
0	0
0	0
0	0
1	3
0	566
96	566
0	528
2	499
480	171
0	171
4	0
3	0
74	112
0	3
0	8
4	112
0	0
0	5
0	11
1	15
2	15
0	0
0	0
0	0
0	0
0	0
0	0
0	0
0	0
0	0
0	0
0	0
0	0
0	0
0	0
0	0
0	15
0	0
0	0
0	0
0	0
0	0
0	23
0	0
0	0
0	0
0	0
0	0
0	0
0	0
0	0
0	0
0	0
0	0
0	0
0	0
0	0
0	0
0	0
7	204
0	64
0	0
0	0
0	0
0	0
0	0
0	0
0	0
0	0
0	0
0	0
0	0
0	0
0	0
0	0
0	0
0	0
0	0
0	0
0	0
0	0
0	0
0	0
0	0
0	0
0	0
0	0
0	0
0	0
0	0
0	0
0	0
0	0
0	0
0	0
0	0
0	0
0	0
0	0
0	0
0	0
0	0
0	0
0	0
0	0
0	0
0	0
0	0
0	0
0	0
0	0
0	0
0	0
0	0
0	0
0	0
0	0
0	0
0	0
0	0
0	0
0	0
0	0
0	0
0	0
0	0
0	0
0	0
0	0
0	0
0	0
0	0
0	0
0	0
0	0
0	0
0	0
0	0
8	0
5167	740
1	329
2	411
4	22
0	0
2265	350
0	350
0	10
0	1326
1	1421
8	369
151	120
0	51
0	0
0	3
117	304
40	294
0	271
0	0
0	0
0	13
0	13
0	13
0	3
0	11
0	0
7	0
359	61
0	68
0	68
0	1
2663	10231
0	762
0	1923
0	6547
10	3665
0	14
0	0
0	0
0	0
0	305
0	242
0	250
0	315
0	43
4	119
0	1
0	10
0	5
0	7
0	1
0	0
64	18
3	8
0	10
0	4
0	4
0	1
4	0
262	3794
1	3729
0	87
72	0
0	0
9	3754
39	3807
0	53
0	0
0	24
0	24
0	15
0	19
1	2
0	2488
48	8694
81	8732
0	33
4	131
2	1794
0	112
0	176
159	1119
0	1030
1	1085
0	247
0	131
0	110
0	160
0	98
0	53
0	0
0	2
0	1
0	2
0	0
0	0
168	627
0	94
0	152
0	478
0	0
0	2
0	0
4	0
0	80
0	95
1	120
1	120
0	10
0	0
517	0
210	31
0	1
0	31
0	21
0	0
0	14
1	568
0	570
0	344
0	55
0	40
0	17
0	27
0	69
0	61
0	16
0	0
0	50
0	34
0	3
0	0
0	11
0	0
0	0
0	0
40	0
0	0
0	0
0	0
9	0
4	306
0	9
0	304
120	304
0	37
1	14
0	11
0	22
0	0
0	0
0	0
1097	694
0	612
1	125
0	59
0	55
0	165
6	7
4	59
0	26
0	1
26	7
0	7
0	94
0	97
0	97
0	0
0	1
0	4
0	0
0	0
325	411
0	216
0	4
0	12
0	0
0	8
0	13
0	10
1	185
2332	9917
12	9834
0	932
0	864
0	487
1	424
0	266
0	259
1	1
0	909
0	383
3	596
0	288
0	27
0	14
0	0
0	0
0	1
1	1
0	0
7	1
0	0
0	0
0	1159
87	1159
0	0
0	0
0	0
0	769
5	542
0	44
0	765
0	11
0	61
6889	0
137	3258
0	1018
1	2773
1285	3198
6	1676
291	651
0	210
0	115
0	36
0	29
0	36
0	25
0	3
2	905
1603	905
0	74
2	489
4	0
0	18
0	0
0	0
0	0
8	0
0	10
0	178
0	175
0	178
0	13
0	0
0	0
0	0
0	6
0	175
0	0
0	4
0	4
0	3
0	4
0	0
0	0
0	0
59	0
0	0
0	0
0	0
0	0
0	0
13	528
2	449
0	520
4	431
0	0
0	0
0	17
15	963
13	995
13	968
0	869
0	0
0	19
1	8
0	0
0	0
0	0
0	395
0	11
0	14
0	381
0	267
0	11
0	0
0	0
0	0
0	0
15	14
0	4
0	3
0	0
0	0
0	0
0	0
0	0
2265	324
45	288
16	327
1	327
0	0
0	0
370	174
1	166
0	8
334	968
3	877
0	229
0	48
1	0
2	0
0	0
139	8
0	1
0	1
0	7
0	2
0	2
0	1
0	0
0	1
0	1
0	0
24	64
0	37
0	10
0	26
0	9
0	25
0	8
0	0
11	3195
0	2938
1	1
0	1
0	0
0	1
0	32
0	221
0	0
0	202
0	3
0	5
0	176
0	5
0	0
0	0
0	6
0	0
0	0
0	0
0	0
0	0
0	0
0	0
0	0
0	0
0	0
0	8
0	0
78	233
0	234
0	234
0	237
0	68
0	23
0	22
0	22
0	12
0	7
0	10
0	1
0	0
0	1
0	0
0	0
0	0
2	0
0	7
3	211
0	0
0	0
0	120
0	0
230	3371
0	1901
0	2394
6	2988
0	196
7	76
0	76
0	199
0	143
0	132
0	150
0	150
0	119
7	58
0	10
0	44
0	0
0	15
0	17
0	12
0	11
0	9
0	0
0	0
0	0
0	0
32	6756
0	6349
0	1872
0	3737
0	2652
1	4443
9	509
0	217
0	0
0	0
2	0
0	0
0	93
0	78
0	12
0	18
0	0
0	0
0	0
0	0
0	0
52	0
0	0
27	144
3	0
0	144
0	18
0	0
24	2
0	0
0	0
0	0
47	3037
0	0
0	0
1	52
1077	58
0	0
0	12
0	0
1627	5565
1	5451
1	4796
0	2844
0	1663
3	2082
4	1753
8339	2930
0	2036
4	1091
3	566
0	321
0	982
76	21
0	20
0	1
0	0
0	0
0	0
0	0
0	1
0	1
0	1
1	1
0	0
0	0
3	0
0	0
0	0
0	0
53	1537
2	1526
12	1541
5	499
0	13
0	1
0	0
83	10
0	581
2	62
141	648
0	571
1	210
174	51
2	49
0	5
0	0
0	4
0	4
0	4
0	4
0	5
0	5
0	5
0	0
0	5
0	0
4469	3629
3	3159
23	3012
0	425
8	467
0	466
4	445
0	369
14	63
2	3
53	1300
0	0
0	299
8	130
0	1023
0	1186
0	44
1	67
0	2
0	12
0	1098
0	0
2	0
0	126
3	34
0	246
0	6
0	342
4	6
0	0
0	557
0	557
0	412
0	256
0	108
0	170
0	85
20	0
0	6
2	37
0	40
1	38
0	14
64	0
6181	3411
29	1864
11	1240
30	1121
90	0
0	0
0	0
0	3
0	3
0	3
0	0
0	0
0	0
0	0
0	0
0	0
0	0
0	0
0	0
0	0
0	0
0	3
0	9
0	8
0	9
0	4
0	1
0	1
0	0
0	0
0	0
0	0
0	0
0	0
0	0
0	0
0	0
0	0
0	0
0	0
0	0
0	0
0	0
0	0
0	0
0	0
0	0
0	0
0	0
958	45
0	45
0	0
2	2079
0	1199
0	0
0	0
0	0
0	0
0	0
0	0
0	0
0	6
0	6
0	0
0	0
0	0
0	107
0	105
3	108
2	104
0	0
0	9
0	8
0	7
0	7
0	1
0	0
0	0
0	0
1	0
0	0
0	0
141	236
0	235
2	231
0	79
0	27
0	8
0	1
1	188
8	51
0	64
2	189
0	103
16	209
0	207
1	31
0	0
0	0
0	0
0	0
0	3
0	0
0	0
0	0
0	0
35	518
0	78
1	463
0	0
1	4
0	4
0	4
0	2
0	0
0	0
5	0
2901	775
0	775
0	0
0	0
0	0
0	0
0	0
0	0
0	0
0	0
0	0
0	0
0	0
0	0
0	0
0	0
0	0
0	0
0	0
1	0
0	0
0	0
0	0
4	0
2643	2740
1	858
0	507
1	1864
0	297
0	760
1	0
0	0
0	0
0	0
19	160
16	152
0	20
0	33
4	146
223	1112
0	60
0	72
0	15
2	904
2	110
0	0
0	54
0	77
2	77
2	77
0	17
0	0
0	5
3	7
0	0
175	677
0	6
0	673
0	41
0	545
0	0
0	0
2	126
0	0
0	192
0	52
1	307
0	396
20	458
0	0
304	64
0	59
0	5
2	13
0	1
0	0
1	13
0	0
5	13
0	0
45	0
333	1577
0	0
0	668
0	0
0	0
0	0
0	0
1	0
1	909
0	0
0	0
0	7
0	0
0	0
0	2
0	7
0	0
0	0
0	0
1	0
3	41
1077	41
2	0
0	0
0	0
0	0
999	17
4	11
0	0
0	0
7	0
0	0
3	2
0	2
0	0
0	764
0	0
345	766
2	640
0	0
0	868
17	875
0	698
0	2
0	68
0	37
46	83
0	108
22	102
1616	184
9	127
1	69
0	54
0	47
82	2769
0	6
169	3505
13	373
5	1888
0	1015
0	1744
0	701
0	32
0	0
0	956
0	15
0	9
0	19
0	2
0	9
0	15
0	15
0	4
0	0
3	0
426	2558
10	2576
4	73
0	0
0	694
5	0
0	0
0	0
3	0
0	8
0	8
29	3
0	3
0	0
0	0
11	3027
158	1127
95	2981
0	1
0	0
0	0
0	0
0	14
1	3
0	0
0	0
0	0
0	0
4	3
0	135
493	1985
2413	923
0	701
1	691
0	0
0	0
1	65
1	0
64	422
753	360
0	246
0	302
0	97
0	11
0	0
0	0
1	0
0	111
0	11
1	3
4	15
78	12
1	0
0	0
153	161
0	25
0	12
2	151
2	8
0	2
0	0
0	2
0	106
0	14
0	0
2	27
0	1
0	5
0	27
0	0
0	0
0	97
0	115
0	101
0	113
0	105
0	92
1	0
0	10
1	31
4	5
0	0
0	21
480	1770
1	1755
0	0
0	495
2	520
0	210
0	2
0	2
0	0
54	23
0	14
0	1
0	9
0	0
4	0
0	6
5	6
16	0
2703	6
0	0
0	0
0	0
0	0
1	0
0	0
0	0
6	2
0	0
0	0
0	0
0	0
0	0
0	0
0	0
0	0
56	6
0	6
318	167
3	167
0	50
0	0
9	185
0	2
0	29
0	14
1	185
0	0
0	7
0	23
13	23
0	1855
11	2087
0	489
0	152
1	583
0	443
0	84
0	66
0	36
0	57
6	327
0	333
20	0
2	7
2	148
0	239
0	16
0	11
2709	16
0	0
4	2032
0	1962
0	371
0	915
4	1780
2	496
0	291
2	143
0	408
0	35
0	168
0	536
0	89
0	122
2	144
0	310
0	12
0	0
0	0
0	21
0	32
0	2
0	0
0	0
0	0
0	283
1494	340
0	0
0	91
0	21
0	0
0	0
0	1
0	1
0	0
0	1
0	0
0	1
0	0
4	2025
3	1727
0	1717
4	1760
0	1548
0	412
1	261
1	688
0	140
3	558
3	47
0	39
0	97
155	11
1	11
0	0
0	0
0	0
0	0
0	0
0	0
0	178
0	185
1	24
0	5
1	12
0	168
0	4
0	24
1	56
71	9
10	9
1	2653
15	2771
0	2765
0	2459
84	2638
0	2765
13	2725
0	66
3	93
145	2693
2	2444
2	121
0	146
1	178
0	363
22	1208
95	1182
50	1200
1	39
0	983
2	99
3663	508
37	478
0	127
0	0
0	0
0	343
1	323
0	343
2	257
0	48
0	52
1	102
0	127
0	88
0	80
0	89
0	56
0	0
0	38
0	16
0	12
0	40
0	37
0	20
0	0
25	4
0	1
0	2
0	2
0	2
0	0
85	221
1	215
0	136
0	96
0	12
0	12
21	10
0	10
0	54
44	289
0	54
0	88
0	135
2	111
0	104
0	9
4	70
0	63
43	165
0	160
0	55
0	0
4	293
0	250
15	150
4	150
13	432
307	841
6	261
10	486
81	114
2	3141
87	3396
0	1992
0	851
12	291
0	718
0	810
3	677
7	1109
64	346
0	341
0	322
0	0
2	0
0	0
0	0
1	4184
0	8720
0	3054
4	718
4	513
0	7936
0	1359
0	946
176	353
7	150
56	255
0	150
0	1
0	31
15	95
1	1
1	1
269	4748
0	4294
20	371
8	641
6	3730
1	4194
0	1189
0	6
0	3642
27	964
0	260
0	0
0	0
15	1323
3	1211
0	313
0	154
0	685
0	21
3	188
0	18
2	215
9	11
0	73
4136	83215
280	76936
10	76307
2	44751
0	36977
18	44710
94	37773
2	28692
13	26697
57	27590
0	19157
0	14574
0	1732
0	9
3	9
0	0
0	0
0	0
0	4
0	1732
599	1727
0	1731
0	0
0	0
0	0
1	0
0	142
782	596
3	5
1	18
1	368
5	46
1	75
9	252
2	460
0	107
0	1033
0	956
9	1316
5	1223
25	839
9	447
12	65
0	540
0	145
1	248
0	33
6	165
2	103
5	42
137	274
8	26
5	147
2	67
0	49
0	102
0	10
0	1172
103	2891
3	234
440	1768
0	75
1	1
33	297
0	34
4	296
23	296
0	296
0	89
0	129
3	113
1	189
0	0
0	0
4255	466
1	132
0	0
118	334
258	592
628	458
3	458
0	273
672	15564
10	1694
5	16313
1	13810
0	757
5	974
4	2218
0	4
0	5
0	5
0	4
0	4
0	4
1	2
97	4248
6	1122
2	5398
7	5173
1	1246
0	2050
5	1810
3	370
251	5
0	5
1	252
22	0
0	1172
0	1172
31	9602
0	236
2	161
0	0
0	329
1	72
800	9418
8	8462
0	5
4	2907
11	667
0	398
0	857
157	4081
0	4317
11	4229
2	473
19	370
0	35
0	7
18	10
3	1
0	1
0	0
0	2
0	0
0	0
0	0
0	0
0	0
0	0
0	0
0	0
0	0
48	10
0	10
17	2
0	2
0	0
0	0
0	0
11	0
0	0
0	0
0	0
84	2959
0	2913
5	2810
3	2908
1	1143
2	165
16	374
7	272
28	25
1989	1448
0	823
0	416
0	438
1	70
0	243
0	112
0	50
2	4
0	15
3	15
0	3
0	0
0	6
1	12
4	33
0	26
0	17
0	8
0	4
0	1
0	0
0	0
4	0
27	977
4	977
2	5
860	0
0	0
1	0
480	0
1702	0
10	0
0	2
0	0
0	0
0	22
0	22
0	9
0	10
0	0
0	22
37	417
6	417
138	38
0	21
2	26
8	108
0	108
31	202
7	202
0	23
0	0
8	132
0	132
0	0
3	337
18	292
17	315
2	327
5	52
0	28
0	0
166	93
6	93
1	2
23	2
1	0
2	0
8	466
2	34
0	51
0	27
8	42
7	513
0	139
1	66
0	100
0	82
99	877
0	779
0	46
0	828
0	83
0	97
1	169
7	769
0	7
0	0
0	0
79	0
11	60
1	66
15	40
0	32
0	4
0	0
2	155
0	121
1	117
9	1168
1	8
0	1019
0	999
16	1173
0	0
0	2
0	0
3	121
0	34
0	6
1	109
17	525
4	495
4	161
7	1491
9	1451
16	1289
0	467
0	686
4	303
2	102
34	142
1	26
5	32
0	103
15	49
90	1495
0	1458
0	1420
0	0
0	58
0	51
1	181
0	0
1	809
0	810
5	820
0	31
2	15
0	1
0	18
0	16
0	12
1	0
208	150
0	300
0	176
0	0
2	0
1	146
127	405
1	104
1	118
0	0
37	6
0	4
2	6
10	0
0	0
0	0
0	0
0	0
0	1293
0	0
0	1529
34	1293
0	950
25	1495
0	152
4	843
0	806
2	849
0	36
0	27
0	852
0	1
0	3
0	708
0	18
20	0
0	192
0	173
0	163
0	16
1	163
1	13
0	36
0	17
0	17
0	11
0	3
0	141
0	4
19915	562
0	470
2	0
122	244
181	1012
0	958
0	288
7	508
0	156
2	375
1	180
2	103
135	316
0	316
0	293
0	298
2	42
0	0
15	11
0	71
37	551
7	516
3	30
0	27
0	139
137	325
0	308
0	110
0	0
358	1372
0	341
10	534
1	1302
0	1027
0	254
0	344
5	152
426	195
1	64
4	11
4	10
0	8
0	5
2	132
18	112
0	155
0	155
1	122
0	45
2	57
0	0
79	5798
0	5545
0	214
0	1685
0	4763
16	3159
0	793
0	670
0	368
0	0
0	952
7	835
3	46
0	1265
2	146
0	36
51	25
0	25
0	0
0	0
0	0
8	16
0	16
0	0
0	0
0	201
0	0
1	401
0	406
0	221
0	229
0	228
0	5
0	4
0	2
0	2
8	4
0	1
0	0
0	0
0	0
0	9
0	9
0	9
0	0
0	0
0	0
0	5
0	0
199	0
0	0
104	2
0	6
510	6
16	263
0	256
0	153
7	257
0	232
0	253
0	236
0	239
0	221
0	232
0	236
0	139
0	0
0	0
0	0
0	0
0	0
0	0
0	0
0	0
0	0
0	0
0	0
0	0
1	482
35	743
0	478
2	433
0	359
0	38
0	27
0	7
0	0
0	5
0	0
0	2
605	556
0	188
0	0
0	277
0	168
33	42
0	2
0	0
228	645
0	605
2	367
0	331
3	148
0	57
0	313
4	295
0	278
0	126
6	25
0	40
0	1
0	12
0	0
0	0
0	0
0	0
349	0
0	0
6	0
0	0
1	50
26	2616
0	45
0	23
0	3
0	2555
4	2535
0	103
196	2610
0	56
0	0
219	293
0	246
0	32
0	19
0	9
0	0
0	0
0	0
0	0
549	16
0	7
0	6
0	3
0	0
0	0
0	0
1	0
0	0
31	242
0	62
0	3
3	215
1	85
12	0
1	745
0	200
0	107
0	417
0	24
0	573
0	19
0	478
0	81
0	0
0	0
0	0
0	0
0	0
0	0
0	0
0	1167
0	873
0	1213
0	1202
9	123
0	672
0	122
0	316
0	383
0	396
0	482
0	409
0	432
0	399
0	356
0	354
0	321
0	346
0	344
0	394
0	91
0	24
0	54
0	19
0	30
18	82
9	18
1	37
0	1061
0	1072
0	62
0	88
0	185
0	163
4	174
0	0
0	12
3	0
0	0
0	0
0	0
0	0
0	0
0	0
482	745
1	92
0	659
0	118
1	0
1	474
0	93
0	4
0	0
0	1298
5	1645
0	1580
0	1711
0	4
0	2
2	1
0	1567
0	1306
0	0
0	1618
0	1768
0	18
0	1753
13	774
0	1562
5	1250
1	558
0	0
0	0
0	0
7	0
0	0
0	0
59	0
10	1184
0	44
0	9
41	531
0	215
5	1095
0	0
0	79
0	34
0	14
0	54
0	14
0	0
26	1481
4	5452
0	4928
0	57
0	1516
0	0
0	0
0	0
0	0
0	0
0	0
0	0
0	0
0	0
0	0
0	0
0	0
0	0
0	0
2	0
0	1
0	1
0	0
0	0
0	0
106	385
1	334
0	164
0	94
0	20
0	22
3	360
1	314
0	54
10	94
0	127
0	211
4	128
26	64
2	19
0	10
20	0
355	277
22	9
0	242
10	115
0	30
0	43
0	46
1	0
0	0
0	0
48	932
0	297
0	66
0	55
0	31
0	817
0	11
0	0
0	0
0	0
0	0
3	0
0	1
0	1
17	2553
6	2356
0	223
6	2104
0	350
1	121
3	1400
0	318
0	0
0	0
0	0
0	0
1628	0
0	1
40	39
0	11
0	31
0	0
1	0
1	0
7	1258
12	1258
0	4
0	0
21	0
1	0
0	0
0	0
0	0
0	0
0	0
3103	6
0	6
3	0
0	0
0	0
0	0
0	25
3	721
0	248
12	93
0	639
0	633
0	74
0	0
9	1005
0	1004
6	877
0	772
3	579
0	102
0	103
1	14
0	3
0	0
0	0
130	160
4	94
7	15
3	130
0	52
0	0
6	66
3	610
0	0
0	64
0	95
1	47
1	581
0	26
8	2
0	0
0	508
15	2
0	0
718	426
1	388
0	268
0	414
0	0
0	50
0	288
0	288
4	289
3	328
0	44
0	44
0	10
3	26
0	7
0	6
0	1
0	24
0	6
0	26
0	22
0	6
1	9
0	23
0	13
0	1
0	0
0	0
0	0
0	0
0	0
0	0
0	0
0	0
27	137
1	137
0	0
0	38
0	6
0	33
0	0
0	0
0	0
0	0
10	582
1	577
30	583
5	625
0	124
19	126
0	5
0	8
0	1
6	1
227	897
1	240
0	37
0	657
2	83
20	772
2	772
0	631
0	743
0	103
0	130
0	78
1	0
0	28
1	70
0	84
1	10
55	55
0	53
0	14
0	3
0	9
31	27
0	26
0	0
0	1
0	1
0	0
0	0
1	0
0	0
0	0
0	0
26	101
0	105
0	65
1	0
0	2
0	10
0	2
0	1
0	0
0	0
5	0
1	11
1	80
2	53
359	89
0	89
0	44
0	5
135	15
39	15
0	0
1	0
3	2
0	0
0	0
0	0
0	3
0	3
0	3
0	0
0	0
0	0
0	0
0	0
2	0
0	0
1	716
0	5
0	716
0	201
0	0
0	187
0	185
0	0
0	0
0	0
0	706
0	94
0	0
0	0
0	0
0	0
0	0
0	0
25	0
0	0
0	0
0	0
4	0
17	41
12	43
0	16
1	0
0	0
2	0
0	0
0	3
0	0
0	10
53	0
0	0
0	0
0	140
0	134
0	81
0	81
0	64
1	22
0	0
0	0
0	0
0	0
0	1
0	0
0	0
1	27
13	40
2	19
0	5
0	11
1061	2165
0	2162
0	484
75	1061
1	1
0	0
0	0
0	0
0	0
0	0
117	118
0	46
12	72
1	1
2	1
0	0
0	0
0	0
0	0
8	482
40	482
12	429
29	62
1	2096
2	23
8	35
0	2085
16	462
0	22
0	430
8	304
2850	1185
1	0
0	1173
0	49
6	197
0	12
0	0
0	0
0	0
0	33
20	33
0	28
0	28
0	0
260	0
1	0
10	958
0	54
1	916
5	881
0	114
0	880
493	5297
0	5297
0	0
1	0
50	126
2	18
19	85
7	15
1	18
0	26
3	40
0	40
0	11
32	622
83	578
8	232
0	0
0	2247
7	2052
0	1686
0	33
0	1
3	0
1	392
89	457
0	457
0	2
1	29
2	6
0	6
0	11
0	23
0	9
2	406
0	3
3	8
0	1
0	1
0	0
2174	235
1	63
2	178
1	0
0	1193
28	1193
10	124
0	984
6	9
0	0
3	0
29	0
0	0
0	0
0	0
0	0
1	6
6	7
1	2
2	7
0	1
0	2
0	1
0	1
0	2
0	0
0	0
0	0
0	0
0	0
5	714
0	759
0	782
3	760
6	566
0	50
0	54
0	55
0	216
25	345
10	243
0	159
0	19
0	12
0	12
220	5336
520	5913
222	6160
220	6099
68	247
1	0
0	409
16	590
17	360
225	580
0	123
1	55
0	188
1	94
4	181
17	281
9	127
2	31
12	129
4	68
377	2007
1	1770
2	14
0	423
0	193
0	7
0	19
0	22
0	10
191	181
0	126
225	441
9	69
0	297
0	30
0	1
0	143
0	126
4873	246
9	246
0	0
0	2
0	2
0	2
0	2
0	2
0	0
0	0
0	0
0	0
0	0
0	0
0	0
0	0
0	0
0	0
0	0
0	0
0	0
0	0
0	0
0	0
0	0
0	0
0	0
0	0
0	0
0	0
0	0
0	0
0	0
0	0
0	0
0	0
0	0
0	0
0	0
0	0
0	0
0	0
0	0
0	0
0	0
0	0
0	0
0	0
0	0
0	0
0	0
0	0
0	0
0	0
0	0
0	0
0	0
0	0
0	0
0	0
0	0
0	0
0	0
0	0
0	0
0	0
0	0
0	0
0	0
0	0
0	0
0	0
0	0
0	0
0	0
0	0
0	0
0	0
0	0
0	0
0	0
0	0
0	0
3	0
0	0
2	0
0	0
0	0
0	0
0	0
0	0
0	0
0	0
2	4
0	4
0	0
0	0
9	0
0	0
0	0
2	143
298	142
0	3
0	157
8	21
0	28
0	29
0	28
0	5
0	2
0	8
0	0
7	0
2	3
0	3
0	3
722	252
0	111
2	125
6	37
3	56
0	20
4	18
3	66
1	8
64	1661
2	171
0	293
0	276
4	1455
3	261
0	1350
0	295
4	454
1	689
0	342
14	1865
42	2415
0	1912
0	2237
1	668
24	852
0	0
0	806
1	263
0	2
66	3651
0	2164
0	556
0	769
0	2534
4	99
0	793
0	2251
2	1296
0	251
3	623
4	80
30	0
0	0
0	0
0	0
0	0
0	0
0	0
0	32
0	32
0	12
0	4
1	146
2	185
0	190
0	5
0	198
1	63
0	0
0	125
237	125
0	77
0	77
10	77
0	2
356	0
0	1
0	1
0	1
0	0
0	0
0	0
189	1902
1	90
0	1833
1	73
0	69
0	4
0	0
0	4
0	0
0	0
0	1
0	4
0	0
0	0
0	15
0	16
0	16
0	15
0	4
0	2
0	3
0	0
0	0
0	0
0	0
0	0
0	0
0	0
0	0
0	484
0	302
3	80
1065	833
54	536
3	96
0	8
0	40
0	30
0	34
1	204
1	1148
89	1148
139	1148
0	282
0	137
11	421
0	0
169	4291
1	3808
2	3458
0	4681
0	3515
28	712
19	3466
3	68
0	79
6	8
1	73
0	3
5	7
0	2
0	0
0	0
7	40
0	21
1	37
0	13
0	2
0	14
0	12
0	15
0	0
1	0
0	0
5	1005
0	994
1	36
0	0
0	914
0	21
0	20
9	639
3	280
0	97
1	26
0	31
0	25
0	15
0	28
0	26
0	5
0	2
0	6
0	4
0	9
0	14
0	5
0	3
0	3
0	0
0	0
0	2
0	0
0	0
0	0
0	0
14	1
1	1
1	1205
8	304
0	1092
2	72
5	788
2	683
0	76
5	244
8	118
12	44
3	179
1	421
9	394
36	544
19	68
2	257
0	79
8	89
9	201
0	201
0	2
0	6
0	8
0	4
0	6
0	9
0	13
2	22
11	22
5	31
0	147
0	82
0	0
0	3361
475	3610
0	468
0	2537
1	1084
0	0
153	1488
0	1489
0	957
0	1199
1	1024
0	56
1	18
0	14872
1606	15251
0	9051
392	14833
12	7543
122	7350
1	6214
0	7350
0	7064
3	5078
1	7039
1	179
0	582
0	1135
0	3
0	986
44	1567
0	1398
0	840
1	944
0	373
2	646
0	640
0	220
0	640
0	572
0	42
7	248
2	14
0	16
0	13
0	16
0	16
0	11
0	8
0	9
0	9
0	9
0	0
0	1
0	2
1519	7150
2	2218
6	2259
4	4448
31	4448
0	0
0	875
14	711
0	674
0	561
1	198
1	570
0	86
0	178
11	40
0	1
7	2
0	14
1	1
0	0
3	0
0	12
0	29
1	2
1	2
0	9
0	15
0	40
19	856
0	181
9	825
0	120
0	119
0	157
3	774
0	58
5	76
978	494
13	510
0	131
0	131
0	0
9	511
36	240
0	46
0	2194
0	2214
0	1709
0	1647
0	1376
32	1510
0	770
0	192
0	732
0	0
1	38
8222	489
0	479
0	177
0	0
0	0
0	0
0	0
0	0
0	0
0	0
0	0
0	0
0	0
0	0
0	0
0	0
0	1
0	0
0	1
0	0
1	455
3745	1788
0	1727
0	1655
0	265
0	6
11	28
1	23
0	1675
36	3581
131	1599
75	1939
0	1654
12	1587
14	3696
0	1396
0	1114
4	1756
0	1165
0	0
6	497
0	983
0	161
0	208
1	966
0	1719
3	869
75	869
25	898
8	511
0	397
0	48
9	12
0	15
0	0
0	0
4184	331
0	321
2	0
0	0
0	0
0	0
0	0
0	0
0	0
0	0
0	0
0	0
0	0
0	0
0	0
0	0
0	0
0	0
0	0
0	0
0	0
0	0
0	0
0	0
0	0
0	0
0	0
0	0
0	0
0	0
1	0
5	18
27	240
0	19
423	406
5	318
6	3941
1	12
2	4575
292	16640
0	14759
0	1315
0	0
0	0
0	0
0	0
0	0
0	0
0	0
0	0
0	0
0	0
0	0
0	0
0	6
0	5
1	5
0	7
0	1
0	5
0	3
0	0
0	160
0	188
1	173
1	159
0	17
0	148
1	8
14	147
0	59
0	6
0	13
0	61
8	2
0	2
0	0
0	5
0	5
0	5
0	5
0	5
0	5
0	5
0	5
0	5
0	5
0	5
0	5
0	0
0	5
0	5
0	0
0	5
0	5
0	5
0	5
0	5
0	5
0	5
0	5
0	5
0	5
0	0
4	897
330	975
3	914
6	18
0	914
0	196
0	9
0	0
0	0
0	9
0	5
0	5
0	5
0	3
0	5
0	0
0	1
0	0
0	0
0	0
65	8222
0	6208
116	8098
1	8103
3	8098
0	2716
0	387
0	139
0	96
0	0
0	31
9	0
0	0
0	0
0	2
1	7
0	7
0	2
0	7
0	7
0	7
0	0
0	1
0	2
0	0
0	0
0	0
89	1331
0	1114
0	746
0	144
1	653
0	198
1	2
0	2
0	0
0	0
0	1
0	0
0	1
0	2
0	4
0	4
0	4
0	0
0	0
0	0
0	0
0	1
60	154
3	186
2	151
738	16092
4	3265
4	1831
0	4480
5	11750
4	3664
0	1
5	1080
20	463
54	1092
2	368
1	1092
0	432
2	507
0	260
0	0
0	1
0	3
0	3
0	3
0	3
0	0
0	0
0	0
0	0
5	2
0	2
0	0
0	0
0	0
0	0
0	0
14	0
0	0
0	0
0	0
0	0
0	0
0	4
0	4
0	0
0	0
0	0
3	316
20	316
0	64
2	72
27	78
0	0
0	20
0	7
0	16
0	6
0	18
0	0
0	0
0	0
95	3780
6	4041
5	3928
0	190
2	431
4	556
0	35
0	0
0	113
0	7
31	844
1	120
17	840
0	43
0	98
0	134
0	49
0	0
0	25
0	2
2	4
0	0
0	0
1	0
0	0
0	0
0	0
0	0
0	0
0	11
3	27
0	16
0	5
2	8
0	8
1	0
0	0
0	428
11	705
0	703
0	17
0	43
0	63
1	1
0	0
0	0
0	0
508	0
0	0
9	75
3	59
0	69
0	0
0	4
1	8
0	4
2	10
2	4
0	6
1	1506
0	0
0	1505
0	1437
2	210
0	239
0	858
1	28
0	13
0	146
1	323
0	0
0	0
0	0
0	0
0	0
0	0
0	0
0	0
0	0
0	0
0	0
0	0
0	0
0	0
0	1113
0	0
0	15
0	0
6	1116
2	365
3	1111
2	330
0	0
0	0
17	2543
57	2543
0	84
0	156
0	113
0	11
0	4
0	0
8	497
4	242
17	364
1	464
0	97
0	8
0	4
0	6
0	5
0	14
0	3
0	0
155	0
0	45
0	45
0	45
0	45
0	5
0	1
0	4
0	5
0	5
0	2
0	5
0	0
0	0
0	0
0	1
1	1
0	0
0	0
0	5
42	5
0	0
0	0
42	0
0	0
20	0
0	0
0	0
0	0
0	0
141649	4693
143	103
3	278
0	71
0	5
9	113
0	48
0	1
24	168
1148	150
2	148
0	38
0	0
1	6
0	0
0	0
0	0
0	0
0	10
0	12
0	12
2	4
0	12
0	0
0	5
6	90
0	90
0	0
0	0
0	0
0	0
0	0
0	11
0	0
359	37
0	2
0	0
0	22
0	0
0	0
0	0
0	0
0	1103
0	0
0	0
4	185
0	1116
0	3
0	17
0	367
5	957
0	120
16	15
0	2
7	0
0	13
0	0
0	0
0	0
24	1074
0	230
4	1073
409	1374
1	3
0	75
1	52
0	1271
0	278
0	120
0	262
0	116
4	235
7	190
0	1606
10	1609
0	0
1	268
0	13
0	1615
0	42
0	79
11	1038
0	1481
0	8
0	32
0	42
9	129
0	94
0	26
0	59
0	189
0	262
0	76
0	0
0	1
0	2
0	1
0	1
2	385
4	505
0	507
0	270
0	454
0	269
0	274
2	455
0	453
0	12
3	418
0	450
0	188
7	827
58	827
1	754
0	155
0	0
0	131
4	877
10	1
61	877
0	1
0	416
7	345
0	2
0	0
0	2
4	2
0	2
0	2
0	2
43	131
12	16
0	2
0	21
0	21
0	3
2	119
0	4
0	1
2	5
0	7
0	5
0	13
0	22
0	17
0	1
0	1
0	0
5	0
100	0
1	0
4	0
253	1100
1	1098
0	0
0	0
0	0
0	0
0	0
0	0
0	0
0	0
0	0
0	0
0	0
0	0
0	0
0	0
3	0
0	0
0	0
0	0
0	0
4	4
0	1
0	0
2	0
0	0
0	22
0	30
0	15
0	10
2	1
0	1
0	1
0	1
0	0
0	12
0	0
0	0
0	0
1	0
2	21
0	27
5	12
0	15
0	21
0	1
0	0
0	2
24	15
2	0
0	241
0	761
0	761
109	2927
12	2679
2	2590
0	780
5	2787
0	0
0	95
0	181
0	394
0	1858
1	156
0	224
18	74
1241	54
0	37
2	23
11	17
0	0
0	0
0	2649
1	2609
0	718
0	759
0	642
0	783
0	668
0	606
0	266
0	452
0	51
0	0
0	0
1	0
0	0
0	0
41	1211
3	859
11	422
0	172
16518	31
2	474
27	519
0	80
0	138
0	10
0	24
0	139
0	129
0	31
0	0
1630	907
2	881
0	14
0	34
1	203
0	4
0	4
11	0
0	102
5	10
0	2
8	0
4	53
2	213
0	0
0	0
0	0
0	0
0	3
3	59
0	49
178	586
0	543
0	352
0	123
0	94
0	117
0	133
0	0
0	0
31	76
0	76
3	4
0	0
0	0
0	0
0	0
0	0
3	8
0	8
0	2
0	0
0	0
0	1
0	1
0	0
0	0
0	0
0	0
0	14
0	0
0	0
0	0
0	1
0	0
0	0
1	0
97	69
0	0
0	0
0	0
0	0
0	0
0	0
0	0
0	0
0	10
0	0
0	0
0	0
0	0
0	0
0	0
0	0
0	0
0	0
0	0
0	0
0	0
0	0
0	0
0	0
0	0
1	0
0	0
0	0
0	0
0	0
1413	84
1	61
0	0
0	0
0	0
0	23
0	0
191	648
59	628
3	196
0	16
0	0
0	0
0	0
0	0
0	0
0	0
0	0
0	0
0	0
2	0
0	0
1626	1039
0	625
10	621
0	44
0	0
0	0
0	0
0	0
0	0
0	0
0	0
0	0
0	0
0	0
0	0
0	0
0	0
0	0
0	8
0	0
0	0
0	0
0	0
72	28
0	28
0	626
3	626
0	11
8	11
0	1
2	1
0	6
0	0
0	9
0	0
1	118
4	1017
10	25
0	972
1	966
0	0
0	0
0	0
0	0
0	0
0	0
0	0
0	0
0	0
1	1
0	1
0	0
3	0
2	5
2	5
4	0
0	0
0	0
0	0
0	0
1350	0
0	2
0	2
1	0
0	0
0	0
1	0
12	308
1	298
0	66
0	8
0	24
0	4
0	8
0	0
0	0
363	54
0	0
0	24
0	30
30	0
0	0
9	0
16	1434
1	1119
44	1325
2	985
0	3
2	353
4	345
1	218
0	248
2	339
0	26
3	182
0	338
0	138
0	138
0	87
1	26
0	35
0	10
0	21
1	10
3	949
0	949
0	32
111	960
0	266
1	949
30	949
0	186
63	194
0	192
1	184
1	171
0	50
2	15
2	11
0	3
0	0
9	0
0	0
0	0
0	0
0	0
0	0
0	0
1	43
0	0
0	0
0	0
0	0
1	26
1295	756
1	693
0	0
4	82
8	1469
2	1579
0	168
0	100
1	1301
0	0
0	13
0	27
0	33
6	2
0	0
0	0
0	0
0	0
0	0
0	0
0	0
1	0
0	0
1	0
0	0
0	0
0	0
0	0
0	222
132	222
0	0
928	14
0	0
0	0
6	0
0	0
0	0
0	0
0	0
0	0
0	0
0	525
0	561
0	342
0	119
0	264
4	224
0	28
1	12
0	5
0	0
5	1
13	1
0	0
6	774
1	774
0	255
0	0
0	15
0	0
0	0
9	652
0	31
1	3
0	14
1	12
0	0
0	35
0	0
0	699
0	0
0	0
0	0
0	0
0	0
4	0
0	1310
2	1443
0	31
0	747
0	632
0	6
5	17
0	0
1	596
0	721
0	1355
0	0
3	587
0	460
6	1373
5	1206
0	804
5	101
0	27
0	5
0	105
0	89
0	0
1	0
0	1
0	1
0	1
0	1
0	1
0	0
0	0
0	0
0	0
0	0
2	639
23	724
0	72
0	32
0	105
1	63
0	0
36	968
0	38
0	108
0	25
0	584
0	0
1	17
0	24
0	550
16782	180
0	28
2	180
30	66
0	53
0	36
0	3
0	48
1	50
0	0
0	4
0	4
5	4
0	2
4	8
1	8
0	0
0	4
0	3
0	851
5	891
1	874
1	936
1	868
2	710
0	163
0	0
0	71
0	0
26	0
6	465
1	14
234	1192
0	436
1	228
0	247
2	148
0	215
0	425
19	1281
9	1221
4	1203
5	1179
0	107
2	112
0	870
0	11
0	122
0	0
0	0
1	0
0	4
0	4
0	0
0	11
10	47
0	47
0	39
0	6
4045	0
0	0
0	0
0	0
0	0
0	0
0	0
0	0
407	1774
0	1700
0	5
0	4
1	49
0	66
5	12
1	0
4	12
2	5
0	7
2	230
532	527
2	116
0	87
0	280
578	210
3	210
5	76
0	0
15	822
5	822
0	0
0	0
3	785
218	942
0	493
6	129
4	66
0	0
151	1518
28	1608
0	321
1	109
5	95
488	122
0	40
0	59
1	10
1	18
3	10
0	0
0	0
69	9
0	9
2	0
286	0
0	340
61	375
0	0
0	264
0	339
0	0
0	0
2	0
1	0
1	224
0	0
0	0
0	246
0	1
0	100
1230	115
0	22
0	69
2	806
0	8
3	171
3	779
0	671
0	0
0	0
0	368
434	1576
12	38
0	0
42	0
0	1536
0	3
0	0
0	0
0	0
0	0
0	0
8	1
0	0
0	0
0	0
0	0
0	1
0	0
0	0
0	0
0	0
0	0
0	0
0	0
0	0
0	0
0	0
0	0
0	0
0	0
0	0
0	0
22	348
3	276
0	72
0	0
0	0
0	22
0	21
0	0
0	0
0	0
0	0
0	0
0	0
14	5
0	1
0	0
0	0
0	0
146	106
2	99
0	96
2	66
0	0
2	17
0	1
0	0
0	0
40	3
0	3
281	1546
0	1544
0	0
0	0
0	0
0	0
0	0
0	0
0	0
0	0
0	0
0	0
0	0
0	0
0	0
0	0
0	0
0	0
0	0
0	0
0	0
0	0
0	0
0	0
0	0
0	0
0	0
0	0
0	0
0	0
0	0
0	0
0	0
0	0
0	0
0	0
0	0
0	0
25	1440
0	2
2	0
0	0
0	0
17	0
0	0
0	0
2	1
0	0
0	0
1	0
0	0
0	1
0	0
0	0
0	0
0	0
16	75
0	39
824	83
0	0
0	0
75	176
1	140
0	0
7	33
0	0
0	0
0	0
0	0
0	0
0	0
0	0
0	0
0	0
1	0
0	0
0	0
0	0
0	0
0	0
0	0
0	0
0	0
0	0
0	0
0	0
0	0
0	0
0	0
0	0
0	0
0	0
0	0
0	0
0	0
0	0
0	0
0	0
0	0
0	0
0	0
0	0
0	0
0	0
0	0
0	0
0	0
0	0
0	0
0	0
0	0
0	0
0	0
0	0
0	0
0	0
0	0
0	0
0	0
0	0
0	0
0	0
0	0
0	0
0	0
0	0
0	0
0	0
0	0
0	0
0	0
0	0
0	0
0	0
0	0
0	0
0	0
0	0
0	0
15	0
0	0
0	0
0	0
1	0
1	0
0	0
1	0
0	0
0	0
0	0
0	0
1	0
0	0
0	0
17	13
0	13
1	594
0	587
0	14
0	30
0	3
0	3
0	2
0	1
5	55
0	55
0	53
0	13
1	4
0	4
0	0
606	54
0	50
12	63
0	58
0	54
0	0
0	0
0	0
0	0
180	119
0	119
0	0
0	0
0	0
0	0
267	350
9	350
9	1082
83	1082
2228	66
0	64
11	0
2	24
1	49
0	0
625	4591
10	4610
0	324
0	61
0	0
848	286
20	286
0	481
0	406
0	451
26	349
0	29
1	244
0	1
2	75
0	63
0	13
0	0
0	46
0	34
1	23
9	16
6	184
780	184
0	0
10	4106
0	4208
9	840
0	590
6	1
0	1
0	0
0	460
0	466
0	463
0	0
0	7
0	0
1	1025
0	1241
0	621
0	794
4	832
0	788
5	1209
4	1183
0	1236
0	1003
0	630
0	340
0	0
0	3
0	0
15	0
14	310
0	121
0	12
1	60
0	0
0	0
1	0
2231	1521
0	73
0	61
4	1454
0	492
2	0
610	0
19	3638
185	3533
3	374
1	262
1	0
0	0
842	28
0	8
0	767
0	60
2	4
0	751
0	0
0	1
0	0
0	11
0	0
0	0
0	0
0	0
0	0
36	0
0	0
0	0
13	36
0	36
1	12
0	0
0	97
0	97
0	2
0	0
0	2
0	0
0	0
0	0
0	0
0	0
0	0
0	0
0	0
0	0
0	0
0	0
0	0
0	1
0	1
0	0
0	1
0	1
0	1
0	0
0	0
0	0
0	1
0	0
0	1
0	1
0	0
0	506
4	513
0	503
0	11
0	36
369	2208
1	2208
0	838
12	6
0	6
6	0
0	0
162	550
4	549
0	104
1	11
0	6
26	0
0	0
0	0
0	0
8	0
21	3338
34	3382
2	608
0	0
0	0
0	38
1	85
2	14
0	15
0	13
0	5
1	4
1	0
0	2
0	5
0	5
0	0
1	0
0	0
0	0
0	0
0	0
0	0
0	15
2	0
0	15
3	2538
1	2499
0	2137
0	2268
1	2413
0	48
0	17
0	69
0	56
0	1819
0	0
0	0
6	705
0	168
3	1816
5	31
2	1625
0	0
0	207
0	176
30	100
0	4
0	95
1	79
0	12
0	8
4	56
0	8
2	24
3	35
0	39
0	11
0	0
1	10
0	4
4	4
5	433
112	393
3	626
0	410
0	736
20	302
0	0
0	0
0	708
1	266
0	0
0	0
0	0
0	32
0	5
0	2
0	304
2	287
2	252
0	302
1	280
0	43
0	45
1	11
0	266
0	96
0	264
0	2
0	150
0	30
0	78
523	206
33	6
0	139
2	129
0	0
0	1
0	4
0	4
77	0
1438	46
0	23
0	23
452	236
0	122
0	44
1	144
0	1
7	1
35	928
0	855
0	847
3	708
0	842
1	838
0	634
0	45
0	96
1	29
4	0
0	71
0	0
1	71
7	19
1084	723
0	613
0	110
0	0
1331	4
529	1335
0	726
1	410
0	969
10	62
241	13
0	0
0	4
0	3
1	0
0	2
0	0
0	0
0	0
0	0
0	0
0	0
0	0
0	0
260	200
13	39
0	70
0	47
3	61
0	35
0	31
0	164
2	31
0	10
0	24
5	0
8	0
346	91
2	91
9	16
9	0
0	0
0	0
0	0
0	0
0	0
0	0
0	0
0	0
0	0
0	0
0	0
0	0
0	0
0	0
0	0
0	0
0	0
0	0
0	0
0	0
0	0
0	0
0	0
0	12
1	19
1297	22
0	0
0	0
0	0
2	0
2	0
1	57
0	13
1368	192
0	62
0	93
10	137
0	128
0	0
2	39
0	13
0	13
147	1149
5	992
1	105
0	99
1	1113
0	130
2	10
0	0
0	0
0	50
0	105
0	7
0	22
0	54
0	260
17	269
0	11
1	23
282	268
0	91
2	138
8	137
8	94
0	149
0	45
20	26
0	26
0	0
0	14
0	0
0	0
0	0
0	0
0	0
2	13
0	3
0	10
0	4
7	0
8	15
0	15
1	6
0	0
14	0
0	0
0	0
54	64
0	64
0	0
0	0
0	0
42	20
0	12
0	17
91	0
0	0
0	4
0	0
0	0
0	0
0	4
0	0
0	0
0	0
0	1
0	1
0	0
0	1
0	0
0	0
0	0
1	1
0	1
461	59
1	55
0	49
0	45
0	47
0	0
0	0
1	0
0	0
6	264
0	0
0	0
0	0
0	0
0	0
0	0
0	0
0	0
170	3436
0	3045
0	633
15	2956
0	1019
6	116
0	9
9	116
0	8
0	8
0	0
4	279
3	372
0	325
0	368
508	60
2	44
3	15
0	8
0	114
23	51
0	70
9	110
1	11
0	0
0	0
0	0
0	0
0	0
0	0
0	0
0	0
0	0
0	0
0	0
1	0
73	57
0	57
0	55
0	53
0	46
0	53
0	68
0	43
0	49
0	57
0	44
0	17
0	16
0	14
0	18
0	27
0	15
0	2
0	1
0	0
0	3
0	5
0	7
0	6
0	22
0	6
0	4
0	14
0	4
0	3
0	4
0	3
0	8
0	1
0	0
0	0
0	0
0	0
0	14
25	26
1	26
0	25
0	1
9	33
160	33
0	2
0	0
2	2
0	2
0	4
3652	0
521	112
0	110
0	85
1251	347
0	287
1	0
0	0
0	0
5	210
8	210
4	5
1	0
0	210
0	23
152	8
0	73
1	49
0	51
1	44
0	17
0	5
0	1
0	0
0	5
0	0
5	10
0	1
0	5
0	5
0	0
0	0
0	0
0	0
0	0
0	0
0	0
0	0
7	1190
56	2099
5	1289
0	641
0	911
0	454
0	1314
18	561
0	634
5	87
1	805
14	0
0	0
2392	4
0	0
17	9273
0	146
0	9273
3	8205
0	365
0	0
1	0
0	0
0	1
0	0
0	0
0	0
0	0
0	0
0	0
0	0
1	0
0	0
0	0
195	2
673	127
0	19
0	98
0	11
0	2
0	0
0	0
0	1
1	1
0	0
0	0
0	0
0	0
0	0
0	0
0	0
0	0
0	0
0	0
1	40
0	40
0	40
0	0
0	0
0	0
288	16
0	0
0	10
5	2
4	0
661	192
3	165
6	25
0	0
1	0
0	0
7	0
292	4
0	0
0	0
329	0
0	0
44	3
0	3
0	0
0	0
0	41
416	220
0	31
0	218
4	5
3	5
0	0
0	0
0	0
0	0
0	371
0	371
0	1
0	0
0	0
9	260
11	276
0	51
0	236
0	138
4	1188
10	1185
4	469
0	85
0	4
0	7
0	5
0	4
0	0
0	0
94	2
0	0
0	0
0	0
0	0
0	0
0	0
0	0
0	0
0	0
0	0
0	0
0	0
0	0
1	31
7	31
0	0
0	0
0	0
0	0
0	0
0	0
0	0
11	5958
0	5951
0	3377
0	3384
0	2722
0	1236
0	0
0	0
0	0
0	0
0	0
0	0
0	0
0	0
0	0
0	0
0	0
0	0
0	0
0	0
0	0
1	0
120	171
0	0
1169	169
0	3
882	705
2	502
0	237
0	662
1	18
5	1174
1	1105
0	1101
0	1071
5	726
0	121
1	181
0	0
0	39
57	221
0	29
0	11
0	99
413	179
0	90
0	80
0	111
0	29
1	54
1	751
30	841
0	308
3	410
0	151
0	0
0	0
0	0
0	0
0	0
0	0
0	0
0	0
0	0
0	0
0	0
1	171
0	400
0	0
0	407
0	139
0	2
31	2
2	697
0	681
2	696
46	642
0	4
0	15
0	12
0	6
0	10
0	0
0	0
0	8
0	4
0	0
0	3
0	17
0	0
0	1
0	0
0	0
0	0
0	0
0	4
0	2
27	138
0	138
53	1062
0	945
1	163
0	163
0	15
483	1
0	1
0	0
0	64
0	0
0	0
0	0
13	86
0	0
0	0
0	0
0	0
0	0
0	0
0	0
0	0
0	0
0	0
0	0
0	0
0	0
0	0
0	5
0	6
0	6
0	0
0	0
0	0
0	0
0	0
0	0
0	0
1	0
0	0
0	0
0	0
0	0
0	0
0	0
0	0
0	0
0	0
0	0
0	0
3	0
0	791
0	780
0	791
3	522
0	0
12	56
0	0
0	0
0	0
0	0
0	0
0	0
2	0
0	0
0	0
0	0
0	0
0	0
2	0
0	21
288	21
5	701
9	708
0	593
3	258
0	256
0	185
0	246
3	7
0	2
0	2
2	1
0	2
1	0
0	0
0	731
0	20
0	45
0	621
0	20
0	593
0	589
0	0
0	0
0	0
0	0
0	0
0	7
0	9
0	715
1	0
0	0
0	61
0	1
0	19
0	622
0	0
0	135
0	0
4	0
2	11
0	1
0	494
0	2
0	0
0	0
0	0
0	708
0	12
0	12
0	14
0	5
0	17
0	0
0	0
0	1
0	551
0	0
0	0
11	25
0	9
0	24
0	13
0	0
0	0
0	0
0	0
0	21
0	22
1	21
28	438
1	185
6	433
0	51
0	77
0	99
0	6
2	1
0	32
2	127
1	115
1	103
0	30
0	19
0	30
0	2
0	1
0	15
0	2
0	1
0	14
0	804
9	804
0	804
0	789
0	85
0	71
0	60
0	50
3	22
0	0
0	7
0	0
0	0
1	326
0	31
2	24
0	88
0	326
8203	9954
4	9954
6	475
0	0
1	254
0	0
0	0
0	0
0	0
0	0
1	0
0	0
0	0
0	0
0	0
0	0
174	715
0	68
0	0
0	1
3	36
1	46
0	0
1	708
0	5
0	308
0	4
0	32
0	40
3	1
0	39
0	0
0	0
0	5
0	0
0	2
0	3
0	61
0	61
0	47
0	31
0	0
0	0
0	6
0	1
0	2
119	151
2	141
0	19
0	18
15	0
0	0
19	542
0	45
1	477
1	115
0	49
1	27
0	0
0	0
0	75
0	10
0	29
0	36
0	0
0	0
0	0
97	103
0	21
0	89
0	80
0	0
0	0
6	3
0	23
0	0
4	1240
1	1223
0	148
0	164
0	115
0	111
0	6
0	0
0	0
3	0
0	0
25	695
0	635
0	692
6	51
0	7
1	207
2	452
0	80
0	69
0	286
1	0
0	0
1	0
0	160
0	687
138	687
0	230
4	0
0	0
3	319
7	319
0	19
2	0
0	0
1	0
0	0
0	0
0	0
0	0
0	11
986	17
26	11
0	0
0	13
0	0
0	0
0	10
1	54
0	48
0	59
2	14
0	13
0	3
42	413
0	416
0	0
0	65
11	34
0	0
0	2
0	2
0	0
0	0
0	1
0	0
0	0
0	0
0	0
18	1
0	0
0	0
0	0
0	0
0	0
0	0
0	0
0	0
0	0
4	0
0	0
0	0
0	0
0	0
0	0
0	0
0	0
0	0
0	0
0	0
0	0
0	0
0	0
0	0
0	1
2	1
0	0
0	0
0	0
0	0
0	0
2	0
0	0
0	0
0	0
0	0
0	31
0	0
0	0
0	0
0	0
0	0
0	0
0	0
0	0
0	0
0	0
0	0
0	119
16	137
10	102
4	0
0	0
0	0
0	0
0	0
0	0
0	0
0	0
28	3
0	0
0	3
1	0
1622	8
1	1
0	30
0	0
0	30
0	30
0	30
0	0
0	146
0	174
6	167
0	54
0	167
0	1
0	11
0	10
7	47
8	23
0	0
0	2
0	0
0	0
0	0
9	0
35530	4
0	0
0	0
0	0
0	0
0	0
293	0
0	0
0	0
0	0
0	0
0	0
1	2
400	9
0	7
0	0
0	0
116	2
0	0
0	0
0	0
0	0
0	54
8	66
1	0
0	0
0	29
10	8
0	10
0	6
0	1
2	1
0	116
0	371
109	405
0	20
0	1
0	0
0	34
0	0
0	0
0	0
0	54
0	0
0	0
0	4
0	4
0	0
0	0
0	0
0	0
0	0
0	0
0	0
0	0
0	0
0	0
0	0
0	0
0	0
0	0
0	0
0	0
0	0
0	0
0	0
0	0
0	0
0	0
0	0
0	0
0	0
0	0
0	0
0	0
0	0
0	0
0	0
0	0
0	0
0	0
0	0
0	0
0	0
0	0
0	0
0	0
0	0
1	0
650	0
100	0
9	0
0	0
82	17
0	7
0	1
0	0
55	56
0	58
0	13
0	8
0	0
1	1023
0	0
0	0
0	0
0	0
8	0
0	0
3	1
0	0
0	1
0	0
0	0
130	141
0	74
0	122
0	9
0	0
0	0
0	17
1	10
0	7
0	0
0	0
2	7
0	0
0	0
0	0
258	52
17	50
0	0
0	0
0	0
0	0
0	0
0	0
0	0
0	0
0	6
0	0
0	6
9	0
1	226
426	252
0	128
0	120
3	0
0	0
0	0
0	0
0	0
9	207
9	433
0	124
33	542
0	139
3	40
28	88
0	3120
7	3122
0	1695
0	1112
1	1130
0	1125
0	1188
0	286
0	100
0	37
6	0
0	70
0	70
0	1
0	11
0	1
0	1
0	36
0	39
0	0
0	4
0	0
0	0
0	0
0	0
748	267
0	267
0	0
1	22
0	20
0	1962
130	175
0	53
0	65
0	131
0	96
1	76
0	104
0	107
0	105
0	0
0	12
0	8
0	2
0	2
0	1
0	0
0	0
0	0
0	0
0	0
0	0
0	0
0	1
0	1
0	0
0	0
0	0
0	0
0	0
0	0
0	0
0	0
0	53
0	0
0	0
0	0
0	0
5	3063
0	3121
0	93
3	3477
0	3439
0	0
0	0
1	0
0	0
0	0
0	0
0	0
0	0
0	0
0	0
0	0
0	0
0	0
0	0
0	0
0	0
0	0
11	5
0	5
0	0
0	0
0	0
0	0
0	0
42877	20094
0	11502
0	8547
0	3088
0	0
297	1959
0	1609
3	1814
0	618
2	134
0	192
0	98
436	3944
2	3944
1	91
1	191
0	0
1	93
0	0
0	0
0	0
0	0
7	0
15	727
0	467
3	424
0	432
17	35
0	0
0	0
0	0
0	0
0	0
0	3
0	0
0	3
0	3
0	0
0	0
0	0
0	0
0	0
0	0
0	0
0	0
0	0
1	242
0	130
1	175
0	12
1	389
0	283
0	0
0	0
0	0
0	392
0	0
0	386
0	392
0	0
0	263
0	270
0	0
78	204
3	200
1	18
0	1
0	0
0	0
2	0
0	0
52	64
6	64
1	52
9	258
209	258
0	0
0	0
443	33
0	25
0	0
0	0
0	0
0	0
0	0
0	0
0	0
0	0
14	61
1	61
3	11
0	11
8	269
0	0
0	0
0	0
0	2864
0	2864
1	2861
0	78
0	47
0	50
0	50
10	36
0	5
0	0
0	0
0	1
0	2
8	2
0	0
0	0
0	0
0	0
5	2
0	2
0	0
0	0
121	97
0	94
0	0
0	0
0	33
0	0
0	0
0	0
0	2
0	3
0	0
0	0
10	388
0	261
2	33
0	392
0	23
19	383
0	0
0	28
8	36
0	5
588	260
0	9
0	240
0	25
0	34
0	0
0	0
0	3
0	0
0	3
0	3
0	0
0	0
17360	8884
3	7542
1	1723
1	350
3	112
0	2803
1987	461
0	436
0	15
0	0
9	13
58	9
0	4
0	0
0	0
0	6
0	0
0	4
1	0
0	0
0	4
0	0
1	30
0	30
0	30
0	0
0	0
0	0
0	0
0	0
0	0
0	0
0	0
0	0
0	0
0	0
4	0
131	134
0	119
0	4
0	15
2	0
35	7
0	7
26	230
2	212
0	230
3	233
0	230
0	172
0	88
1	26
0	9
0	11
0	7
0	8
0	2
0	2
70	13
0	10
0	6
0	5
81	6
62	5
46	904
0	802
0	864
0	26
1	90
0	23
0	482
0	158
1	13
0	18
0	23
23	102
33	91
0	14
0	6
0	8
0	12
0	9
0	11
0	11
0	13
0	13
0	0
13	166
0	43
7	166
15	44
8	147
28	150
0	1
2	25
3	70
29	0
243	114
0	114
0	32
7535	0
3	0
218	1104
5	1133
8	1119
0	1126
0	92
0	50
3	2
0	1735
33	1757
4	1469
2	1431
0	1482
0	707
0	452
1	0
856	977
3	977
0	303
0	8
0	7
0	0
0	2
0	1
6009	29
1	0
14	25
5460	228
0	0
0	0
0	320
55	444
37	762
50	689
3	706
0	242
0	36
36	302
35	593
0	16
21	480
0	175
4	128
0	18
0	15
0	15
0	15
0	11
0	768
0	1028
15	929
1	870
0	22
0	24
0	51
0	867
4	17
0	0
0	101
0	173
3	174
0	583
0	599
0	583
3	73
2	7
126	884
0	429
0	201
6	129
3	369
6	107
0	1103
1	1163
75	1142
0	9
0	653
0	92
6	365
0	41
0	5
122	361
0	7
2	75
0	49
0	0
0	72
0	393
0	429
0	72
0	414
1	134
0	102
0	30
46	818
0	760
0	188
0	364
0	38
326	3682
0	911
10	2655
0	1689
0	452
0	1897
1	1782
0	380
4	2584
0	2584
0	107
0	1355
28	1395
5	1395
12	0
0	0
0	0
0	0
175	3966
20	3966
2	107
9	118
0	10
9	1510
4	1535
12	1577
5	1401
9	1223
7247	2080
0	2080
0	0
77	25
0	18
0	7
97	1345
4	356
100	1014
27	1870
7	1444
0	751
4	565
20	54
15	13623
109	13837
3666	16198
3	9989
796	13527
0	13208
1	11199
0	9613
2	6319
0	5351
230	818
3	722
3	243
2	165
2	143
1	16
1	30
347	14982
0	16411
6	5909
159	15552
0	1079
22	269
1	3237
8	2520
0	3520
0	2415
10	1834
0	21
363	21
3	9
0	64
1	595
1	845
0	798
0	786
0	7
0	130
0	87
14	3146
89	2571
2	2622
6	181
9	35
19	104
13	564
0	668
0	2
4	694
0	608
0	671
2	242
0	90
0	82
0	0
1	3
27	5
0	2
0	2
401	163
3	88
0	69
0	65
0	62
2	15
0	18
0	11
159	1144
5	371
0	506
0	610
0	209
6111	18
23	0
9	0
1	0
0	0
0	0
0	0
0	8
0	8
0	8
0	8
0	8
0	3
0	5
1011	27158
4	5318
1624	27112
22	26805
9	26349
5	1785
536	179
5	174
4	0
8	18
0	107
36	107
6	0
3918	1279
0	587
0	744
1	147
1	7
3	151
368	0
1	3516
5	5019
1	2971
0	652
0	98
25	76
5	63
1	53
0	7
0	34
9	7
0	0
0	1
7	34
9	34
0	0
0	0
0	0
0	93
10	165
0	124
0	28
0	9
3	28
0	12
0	607
0	637
0	612
9	389
29	111
1	222
4	5
1	45
24	0
3169	4
18	4
489	0
139	13604
2	9578
2	9390
33	8255
11	8876
2	7594
16	7971
4	3723
0	0
0	0
2	1439
0	105
1	53
1	46
0	46
0	46
5	1329
0	1317
0	0
0	76
3	1183
0	0
0	0
0	0
0	0
0	0
0	0
0	0
0	0
0	0
0	0
15	178
0	231
22	252
0	32
0	4
7	21
0	15
2	0
1	205
3	269
12	276
0	261
0	0
0	188
10	2597
0	2603
9	377
0	2560
119	2082
1	2038
0	949
0	522
6	302
0	218
2	1084
0	556
91	294
65	310
42	196
0	16
8	387
391	515
0	1
3	0
7	0
0	112
0	112
0	127
2	20
0	20
0	4
0	3
2	10
3118	338
2	198
5	142
3	69
28	93
0	1
0	1
0	0
0	0
0	0
5836	4444
1	1415
57	3029
793	0
1	36
0	13
42	1997
8	1805
13	1662
1	1493
1	1666
0	156
0	683
1	12
0	1792
54	1124
24	1125
6	795
5	670
0	599
0	571
32	546
0	452
0	61
0	487
4	556
0	60
531	0
16	0
0	0
98	33
0	33
8	64
2	50
219	352
0	85
12	143
7	107
0	132
2	0
0	1
0	1
18	1959
7	9
17	1961
3	22
10	176
2	45
16	310
1	2141
2	1761
4	740
4	446
13	352
2	159
6	598
0	12
5	7
0	0
0	0
0	0
0	12
0	0
0	0
26	750
1	242
1	550
1348	1437
8	1427
0	0
0	36
1	94
6	109
0	97
2	60
1	55
0	82
2	76
0	13
0	81
0	75
0	1
9	4
0	1
39	52
82	1347
11	1413
0	1308
1	968
0	16
0	342
1	46
2	45
7	195
0	190
0	95
1	69
0	0
0	0
0	0
0	0
0	0
139	43
6	3
0	0
0	40
33	0
0	20
0	0
0	0
2	0
0	0
244	49
0	83
0	55
5	6
0	4
0	86
0	4
0	5
0	3
0	7
0	0
0	6
7	0
1	0
0	0
0	0
0	37
0	0
0	0
0	0
0	0
0	0
0	0
0	0
0	0
0	0
0	0
0	0
0	0
0	0
0	0
2	361
18	482
0	3
0	479
0	0
0	0
1182	263
0	47
0	261
0	0
0	0
0	0
0	0
0	0
0	0
605	3158
56	3152
849	1178
0	174
4	165
1	114
2	172
0	344
0	399
2	436
0	1
391	737
79	0
127	967
19	793
10	147
0	770
26	535
0	36
0	0
4	51
2	51
0	0
20	134
2	134
0	0
70	1319
37	1329
0	18
0	95
0	0
2	16
0	16
0	41
2369	130
0	104
15	4
2	0
342	0
3	79
0	0
0	0
3369	806
14	784
0	2
74	978
3045	1386
0	955
0	212
0	930
0	322
0	1430
0	1410
0	322
0	348
0	330
0	29
0	0
195	1060
1059	1173
13	1059
0	311
1	2
0	83
0	2
0	65
0	0
0	0
0	0
1	0
0	0
0	0
29	3501
0	3641
34	3641
0	0
0	43
0	0
0	0
0	0
2	16
0	0
0	0
0	0
0	0
0	0
0	0
0	1
0	1
1	321
0	3
4	319
0	3
1	8
0	8
0	24
0	256
1	5
0	0
740	1159
0	124
4	130
3	92
0	129
0	1124
4	95
0	0
0	99
0	334
0	0
188	60
0	60
8	178
0	178
0	178
0	24
0	10
0	0
3	0
4256	1422
1	1410
0	0
0	0
0	0
20	67
0	0
2	2754
0	0
0	0
0	0
0	0
7	353
0	0
0	0
0	0
0	0
0	0
0	0
0	0
0	0
0	0
0	0
0	0
43	0
0	0
0	0
5	927
0	234
0	930
0	2
0	395
0	225
0	1
0	0
0	0
116	293
5	258
6	262
0	0
0	0
0	0
0	0
11	0
0	0
7	184
0	16
0	184
3	182
0	4
0	0
0	0
778	95
0	90
2	20
0	0
0	0
0	2
0	0
109	26
0	26
0	2
0	2
0	0
0	0
0	0
0	0
0	0
0	2
0	2
0	0
2	3
0	0
0	1
0	0
0	0
14	0
2	99
33	1116
41	1141
0	9
0	80
0	84
0	82
0	63
0	5
0	7
1	74
0	0
0	0
0	0
0	1
0	0
0	0
321	929
98	929
1	211
0	381
0	2
0	0
0	0
0	0
0	35
0	708
1	207
0	211
3	611
0	270
0	0
0	102
0	21
0	0
0	0
0	0
95	279
26	279
20	1
0	1
446	244
0	244
0	64
0	32
0	141
1	0
0	0
0	0
0	0
0	0
0	0
10	294
0	294
0	4
0	3
0	3
0	1
0	0
488	109
1	109
0	0
0	0
0	1
15	224
12	224
0	0
0	78
0	0
0	0
0	0
1	25
79	25
0	0
0	0
0	33
0	0
0	0
0	0
0	0
60	0
506	135
0	119
0	8
0	2
0	2
0	7
1	0
3	701
34	701
0	0
1	12
9	0
0	0
0	0
412	56
0	54
0	0
0	0
2	0
0	0
0	0
0	0
0	0
1	7
0	33
0	144
0	36
0	43
0	0
0	0
0	140
0	30
0	141
16	40
0	0
0	0
0	22
0	0
0	0
0	2
1	133
0	0
0	0
0	0
0	0
0	0
0	4
0	4
1	4
0	1
0	0
0	0
0	0
0	0
0	0
3	0
0	0
0	0
0	0
0	347
0	408
47	440
0	101
0	137
0	97
0	28
0	0
1184	69
0	41
0	9
0	0
1	0
0	8
0	8
35	1393
518	1393
0	213
0	0
0	0
1	144
0	147
0	20
0	1
0	3
0	3
0	0
0	0
0	0
87	75
1	75
11	42
0	51
51	2503
27	2457
0	634
0	275
23	302
0	124
0	16
0	0
2	0
0	0
0	0
0	0
0	0
0	0
1760	2169
5	2173
59	8421
0	10580
0	13677
2	14784
168	16722
33	17565
2	2075
0	608
0	4376
6	2371
2	5964
0	5454
24	1840
2	827
0	170
1	2023
0	0
0	0
0	0
225	1918
14	1918
2230	294
2	241
0	45
314	749
14	38
3	38
0	6
0	735
1	625
5	371
3	99
0	1
0	22
0	47
2	38
2	323
9	261
2	281
0	310
0	310
4	299
2	66
0	138
0	145
8	149
0	148
0	9
0	0
0	20
0	10
0	4
0	0
0	0
6246	6579
1	6526
0	6522
0	6210
0	6212
0	270
0	6287
0	0
0	0
15	7
0	5
0	1
0	3
0	662
0	344
0	524
42	7
0	4
0	3
5512	4968
0	4938
813	10
0	0
0	0
0	0
0	0
0	0
0	0
12	2
0	2
0	2
0	0
0	0
0	0
0	30
60	30
4	2
5	7
0	7
0	0
3	0
91	2
50	0
0	317
0	40
0	79
85	317
0	0
0	434
67	434
0	3
2	0
1	0
0	1339
158	1350
31	646
0	27
0	8
15	137
3	136
0	0
1	9
0	9
2	5
0	0
0	0
0	0
4	0
0	0
0	0
0	0
0	0
1	0
519	0
1868	20
98	150
3	73
1	59
0	20
2	61
17	337
1	259
0	207
4	102
0	8
0	26
1	34
0	0
4	1787
0	0
0	52
1	1793
0	1598
0	1772
0	53
0	34
2	1035
0	96
2	131
0	294
41	53
0	0
0	14
246	0
0	0
3248	669
13	527
3	253
3	180
2	19
10	58
0	10
1	117
3	897
0	863
0	11
1	103
0	231
0	842
2	241
0	145
2	64
6	777
0	91
0	59
0	41
2	141
0	148
0	148
0	733
0	110
0	197
0	234
0	122
0	9
0	35
0	26
4	142
0	129
1	10
0	0
2	6
3	45
1	48
0	8
0	7
4561	878
7	641
14	747
58	552
0	3
0	690
1	0
0	334
35	334
1244	0
23	248
173	2151
1	2292
0	1128
2	108
1	334
0	435
8387	8850
0	7062
3	1556
4	700
0	0
0	0
1	1024
0	928
5	379
5	911
1	875
0	171
0	0
1	36
13	43
6	35
3	0
11	753
4	774
0	190
0	29
0	3
0	46
0	2
0	2
0	164
0	143
0	25
0	38
2	33
13	151
3	31
0	13
94	2376
0	2035
0	553
3	1
0	109
0	148
0	0
0	22
0	1
0	1
0	1
0	1
0	951
4	1106
2	692
8	744
0	857
0	123
1	356
17	144
0	30
25	27
0	9
263	10117
1018	11677
1	2582
3	6137
8	9797
58	3722
0	9772
1	4213
0	0
1938	0
1	184
0	185
12	100
0	1
0	0
0	0
0	0
2716	1736
37	1617
1	163
3	68
1935	0
9	5282
64	2014
14	5286
0	128
52	5060
5	158
0	0
0	24
10	57
13	57
0	420
0	414
0	149
3	328
0	270
0	0
0	34
0	45
1	26
1	63
1	0
95	1145
1	872
23	160
5	177
0	191
3	909
0	97
0	175
1	510
3	486
83	546
1	193
0	67
0	240
2	332
0	222
0	158
1	68
226	997
191	667
6	632
3	31
2	97
0	67
1054	140
3	73
0	15
22	17
0	17
0	0
0	0
0	0
0	0
0	0
0	0
0	0
0	0
2089	27
0	14
0	13
0	11
0	0
0	93
0	66
10	249
1	314
2	28
1	220
0	40
0	0
0	7
0	7
0	2
0	0
0	0
0	0
182	23
4	21
0	7
0	0
0	0
0	0
1077	414
0	333
2	13
0	117
0	151
4040	488
0	486
0	0
0	0
152	675
0	669
0	645
8	210
0	104
0	0
5777	346
0	92
0	0
0	254
0	31
1	2
0	13
101	337
0	15
3	11
0	7
0	3
0	0
0	0
0	45
0	271
0	0
0	0
0	12
0	14
0	11
0	14
0	14
0	14
2	3
0	0
0	1341
3	701
0	57
0	1133
0	200
0	897
1	897
0	0
0	0
695	1
24	22
0	22
0	0
788	122
0	120
1	0
2	0
0	0
2	0
0	0
859	908
0	0
0	0
0	0
0	0
0	0
0	0
0	0
0	0
0	0
0	0
0	0
1	25
86	1159
1	862
0	1004
0	3
1	36
0	17
0	12
0	6
0	20
4	41
4	0
0	24
0	0
0	0
0	0
0	0
0	0
0	570
7	589
0	577
0	30
0	1
2	17
0	17
0	0
0	0
2	569
1	57
0	513
10	66
0	250
0	67
43	777
0	770
0	0
0	0
0	20
0	488
0	8
0	0
0	0
3	539
0	574
0	574
0	10
2	49
0	121
0	195
0	195
0	195
0	3
0	55
6	13
536	294
3	58
1	114
6	173
0	113
0	51
0	0
62	419
59	421
0	0
0	289
62	8
0	6
0	26
0	26
0	8
0	26
0	1731
0	999
0	1739
0	106
0	994
3	910
0	1741
0	1736
0	0
0	0
3	469
0	108
0	0
0	3
0	0
0	0
830	20
0	0
0	1
0	0
0	0
401	67
2	65
0	26
0	0
0	0
0	0
0	0
0	0
0	0
107	0
2	154
0	0
3	0
0	154
3	3
0	0
4	0
0	3
0	0
0	0
51	0
0	0
0	4
3	37
0	39
1	7
0	0
0	3
0	0
0	0
1	0
0	0
1	807
0	10
0	37
0	724
0	786
0	82
0	37
5	1227
0	68
0	43
0	0
0	13
67	3353
0	3348
79	3461
59	1698
0	864
4	681
0	166
11	118
0	96
0	10
0	0
0	0
0	0
0	0
0	0
0	0
0	0
128	72
0	70
0	0
0	3
0	0
0	2
0	0
32	0
1	1
0	3
3469	3103
1	1029
0	1685
16	1484
0	544
0	149
0	0
0	0
0	0
0	1751
0	0
0	0
0	0
0	0
0	0
0	0
5	321
0	0
4	0
0	0
0	42
8	42
0	3
0	3
2	0
0	0
0	0
0	0
0	0
0	0
0	0
0	0
0	0
0	0
0	0
1	2
0	1
0	1
0	0
3	1
0	0
0	0
0	0
3	12
23	12
0	0
3	22
0	22
0	0
4	2290
67	31
0	20
0	26
0	15
3	0
59	232
1	224
0	232
0	26
1	0
0	22
0	0
0	32
0	32
0	0
0	0
0	0
0	0
0	0
1	0
0	0
0	0
0	0
0	0
4	0
0	0
0	0
0	0
0	0
0	0
0	0
0	0
0	0
2	0
0	0
0	0
0	0
0	0
0	0
4	0
0	0
0	0
0	0
0	0
0	0
0	0
0	0
0	0
0	0
0	20
0	9
0	19
0	8
0	0
0	1
0	1
0	1
2	0
0	0
0	0
9	1
10	1
2	2066
142	1068
989	12694
51	13734
3767	3936
0	2054
0	0
0	68
0	532
0	94
0	245
6	528
9	9843
6858	1664
0	1450
0	466
3	214
1144	493
2	172
3	457
0	79
4	2258
3	2192
0	44
4	119
0	2195
0	121
0	0
0	38
285	36
0	28
0	8
0	0
11575	1845
17	1832
178	1804
10	0
2511	1033
0	1033
3140	3282
2	3287
12	1256
1	0
0	407
0	24
0	404
0	50
0	1163
0	404
4	1
5	312
0	0
0	49
33	0
0	0
0	2
0	2
0	2
0	1
0	0
0	0
0	0
0	0
0	0
2	0
92	1931
24	1830
0	538
1	346
0	490
2	305
1	33
0	0
0	0
0	0
0	2
0	0
2	2
0	2
0	0
0	0
0	0
0	0
0	0
78	869
0	31
0	26
4	781
0	27
0	171
993	715
0	74
0	62
0	75
0	42
0	502
0	493
0	356
4	298
0	292
0	267
0	208
0	167
1	139
3	39
0	12
1	609
0	441
0	24
5	79
0	561
0	0
0	15
0	0
3882	1430
159	1328
0	191
0	160
0	693
0	1063
925	1925
37	0
0	1925
9	1006
0	0
12	0
0	0
0	0
22991	3569
0	596
0	596
3	308
11	388
0	2603
60	0
881	1454
24	1474
0	703
5	167
0	135
3	528
8	21
0	482
0	30
0	20
0	0
1322	775
6	549
0	489
0	80
0	442
1	55
10	46
0	43
0	162
449	1723
2	168
2	1238
2	338
0	371
0	649
6	639
49	612
8	612
0	26
0	10
42	0
0	0
0	0
0	4
0	7
0	6
0	0
0	0
0	0
0	279
0	96
11	3317
2	2105
44	3324
0	12
0	159
21	357
2	261
0	0
2	106
0	112
13	222
0	196
0	99
0	388
0	0
0	0
0	0
0	0
0	0
0	0
0	0
43	37
0	25
0	12
296	1409
14	1152
0	214
0	0
0	303
0	193
2	1348
30	1439
55	1300
0	210
0	1103
0	45
0	184
0	48
0	0
0	55
0	0
0	5
0	5
0	35
0	0
14	5
0	5
1	5
0	2
0	0
0	2
0	0
0	0
0	0
0	2
0	0
0	0
0	0
0	0
0	0
3	2
0	2
948	2
182	129
0	12
2	85
0	41
0	39
1192	10
0	2
10	429
25	916
0	611
2	196
11	576
0	109
2	61
0	6
199	722
230	980
0	371
3	342
2	227
0	160
0	175
0	144
2	37
0	73
0	0
0	0
5	0
0	0
63	0
0	0
0	1
0	1
0	1
0	1
0	0
5	1
1	54
0	54
0	54
0	0
11	0
76	0
0	0
5	0
42	6606
178	66990
4	66398
86	69827
1004	66333
1	6755
5	7672
4	2615
0	15493
2	173
6	1
61	123
0	39
0	34
1	11
1	13
3	75
0	901
0	775
3	904
1	453
1	740
0	52
0	76
0	0
0	19
0	33
0	6
2	84
0	0
0	5
0	0
0	7
0	0
0	0
0	26
0	1
0	18
0	0
0	13
0	13
0	13
0	0
0	0
0	0
0	0
5	958
0	0
4	945
27	945
0	14
2	264
0	21
9414	4108
0	1847
1	1811
0	0
6	181
1	0
0	0
0	0
0	0
2	0
0	0
0	0
0	0
0	0
1	0
0	0
0	0
0	0
0	0
0	0
0	5
0	0
0	0
2	7
0	0
0	109
0	0
0	0
0	0
12	327
0	325
4	445
0	474
0	550
0	0
0	0
0	0
0	116
0	90
0	0
35	0
1	0
0	0
0	0
10	195
0	0
0	0
0	0
0	0
0	0
0	0
0	0
692	167
0	43
0	0
0	116
0	0
0	0
0	0
1886	1415
0	0
0	0
0	0
0	0
0	0
0	0
0	0
0	0
168	0
0	0
1	0
0	198
0	346
0	340
1	340
0	140
0	110
0	0
0	0
0	0
0	0
0	1445
1	768
3	1364
0	134
1	212
0	5
2	17
0	3
3	13
2	9
3	21
0	9
6	9
0	8
1	0
11	0
0	8
0	5
0	1
0	1
0	0
0	1
0	0
0	0
0	0
0	0
0	0
0	0
0	0
0	0
0	51
2	161
5	32
0	65
0	15
125	241
0	19
0	125
3423	2
0	0
1999	657
0	111
19	459
0	521
0	274
0	70
0	0
0	2
0	1
44	0
1	2
0	1
0	1
0	1
0	0
0	146
1	342
20	350
0	27
0	130
0	53
0	74
0	83
0	2
1	72
0	31
0	0
0	35
2	7
1	279
15	272
5	272
2	31
0	0
0	0
253	0
0	0
0	0
0	0
0	0
0	0
0	0
0	0
0	0
0	0
0	0
0	0
0	0
0	0
0	0
29	4
2	4
1	0
0	0
102	576
48	483
7	436
0	0
0	0
0	0
0	0
0	0
0	0
0	0
0	0
0	0
0	0
0	0
0	0
0	0
0	0
0	0
0	0
0	0
0	0
0	0
0	0
0	0
0	0
0	0
0	0
0	0
0	0
0	0
0	0
0	0
0	0
0	1
0	1
0	0
0	0
0	0
0	0
2	2
0	2
0	0
0	0
0	0
0	0
0	0
0	0
0	0
0	0
0	0
0	0
0	0
0	0
0	0
0	0
0	0
0	0
0	0
1	654
30	650
0	632
0	596
0	8
0	2
3	2
0	0
0	0
21	1297
0	374
3	1026
0	911
0	50
7	169
9	133
0	146
0	25
101	36
0	39
0	6
17	31
4	24
0	24
0	469
0	618
0	525
0	517
0	301
2	363
0	433
1279	3
0	855
24	795
1	871
3	438
3	35
1	8
0	15
0	14
20	8
0	0
0	0
0	0
0	1
0	0
416	255
0	5
0	250
1	33
1	34
0	34
0	0
0	0
0	0
0	0
0	5
0	5
0	5
0	6
0	6
180	582
23	576
6	546
17	340
3	196
5	42
14	42
0	2
0	2
219	301
186	301
0	0
0	3
0	3
0	3
0	3
0	1
0	0
0	0
0	0
0	0
0	0
0	6
0	5
0	6
0	6
0	4
813	1023
23	1023
2	991
69	651
15	262
0	603
11	7
0	0
2	0
10421	897
0	897
0	0
5	2
0	1
0	1
1	1
0	1057
1920	0
0	0
17	0
29	0
0	0
33	223
1041	298
1	44
1	4
2	18
0	27
0	71
7	2245
244	2066
4	1447
4	955
113	943
2	522
12	572
6	742
39	198
9	8
3	871
1	875
2	937
16	821
1	950
20	118
0	152
2	149
0	167
0	0
0	3
1	3
744	194
19	193
3	133
0	629
0	629
2	11
1	1
0	1
0	0
1	194
0	251
60	313
1	33
1	88
1	49
0	61
4	20
0	20
0	5
1312	0
0	0
0	0
21	1400
1	313
0	0
2	86
1	88
1	473
4	531
57	752
10	742
4	534
0	34
3	101
0	32
0	97
0	43
5	27
289	0
1	0
0	0
0	0
4	461
14	707
384	1121
17	589
16	631
0	707
1	428
1154	2
5	926
5	923
0	72
0	0
2	16
2	4
0	0
0	0
0	0
0	0
0	0
0	0
0	0
0	0
0	0
0	0
0	0
0	0
659	0
37	317
1	317
1	49
0	40
0	24
0	15
0	44
4	48
0	15
122	49
0	0
1	0
0	0
3	2
0	2
0	0
0	1
0	0
0	0
0	0
0	0
0	0
1	0
0	0
0	0
5	1095
31	1170
0	50
0	99
58	178
2	140
0	172
0	9
0	8
0	1
1	5
125	324
9	259
25	50
0	80
712	797
2	303
0	682
0	145
1	390
0	192
0	153
1683	801
0	801
3	0
10	261
0	250
0	254
3	247
3	239
0	222
0	0
41	0
25	21
0	0
38	18
0	18
0	2
67	72
0	72
0	24
9	27
0	27
0	2
38	2802
0	2672
0	2772
0	270
0	246
3	52
0	0
105	590
0	590
2	88
229	31
0	29
0	0
0	0
0	0
3189	872
2	1
0	685
0	187
1	157
41	1255
17	1138
65	525
0	102
0	54
994	370
0	291
27	138
0	0
16	1053
2	773
2	1079
0	589
22	386
0	97
0	19
0	29
0	0
0	0
2113	1332
0	1330
2	72
0	1
0	38
0	328
0	328
0	0
0	20
0	37
0	71
0	4
0	8
0	327
0	2
0	0
0	77
221	0
7	557
0	503
79	726
0	251
1	166
0	150
0	25
1	95
474	931
1	21
0	240
1	810
0	68
22	168
0	146
0	0
0	198
0	44
0	7
0	580
0	7
0	0
0	429
3462	52
1	52
0	0
0	0
0	0
0	0
3	139
0	0
0	0
14	38
7	43
1	5
0	0
0	0
0	0
0	0
1	139
0	0
0	0
0	0
0	0
5	0
0	0
0	0
0	0
0	0
0	0
0	14
0	14
952	2
0	2
586	270
0	270
0	3
0	3
0	0
14	438
0	5
70	599
0	323
0	207
0	60
0	153
0	112
0	131
1	96
7	72
0	5
0	5
0	5
0	0
0	1
0	3
129	2074
3	1904
1	2077
6	843
37	842
0	869
0	637
7	850
1	828
0	2
1	854
5	850
0	9
0	10
502	1070
3	15
3	693
0	0
0	0
0	9
0	31
0	0
0	0
0	375
0	16
0	815
0	815
0	0
2	3
12	3
0	3
0	0
1	0
0	0
0	0
0	0
0	0
0	0
0	0
0	3
278	174
7	174
0	0
0	0
0	0
0	0
0	2675
3015	2679
1	3
130	3
0	0
0	2
0	2
0	0
0	0
0	0
0	0
0	0
0	889
13	1007
0	608
0	469
14	806
1	218
3853	3869
8	3863
0	429
2	443
35	803
2	230
10	801
28	1901
194	1901
15	0
0	352
5	10
6	0
1387	385
3	385
0	97
0	0
0	36
0	0
0	0
1	924
1	80
1	38
223	982
0	33
0	49
0	52
0	86
0	783
0	83
0	171
0	398
0	0
0	12
0	301
7	301
0	14
1	17
0	1290
2136	1290
4	25
0	0
0	127
0	34
0	0
370	230
0	32
2	109
234	238
0	238
0	0
0	0
52	1046
4129	1977
3	999
0	99
0	0
0	257
0	249
0	383
0	37
0	37
0	39
0	0
0	50
0	48
0	50
0	48
4	3
98	68
0	68
0	10
0	10
2748	1244
5	812
0	957
0	1018
0	0
485	108
1	89
0	0
0	2
0	2
0	0
0	0
1	1003
70	1261
0	399
0	432
0	0
38	547
8	540
0	0
0	335
0	2
4	2010
0	2344
0	2010
5	1452
27	681
0	100
2	116
0	170
0	156
0	1645
0	0
0	88
2	0
0	152
0	9
5	199
0	328
43	288
1	294
3	237
2	307
0	224
0	0
0	0
14	1821
2	1829
2	193
1256	0
129	0
0	0
45	0
24	446
1	446
3	0
4513	4355
0	223
1	4132
68	54
2	55
0	29
32	2781
5	2781
192	2695
0	29
1	101
1	37
1551	204
36	202
0	100
0	0
0	0
3	0
0	348
26	671
1	671
0	133
0	0
0	0
0	20
0	0
0	0
0	0
0	0
3	565
499	565
0	0
0	0
0	0
0	0
0	0
0	0
1	6
0	6
0	4
0	0
0	0
0	0
0	0
16	85
0	67
0	75
2	81
3	16
19	62
534	2584
0	60
1	0
0	2522
0	0
987	689
0	267
2	267
46	106
3	106
0	14
0	0
0	2
0	0
6	0
0	0
1	419
0	0
0	0
0	0
225	70
345	76
0	0
0	28
0	0
0	0
0	0
2	20
4	20
51	0
0	0
0	209
59	259
3	197
0	173
15	125
3	65
0	52
0	1
0	27
0	4
0	23
1	19
2136	0
139	70
3	70
2250	179
0	179
0	0
0	0
0	0
0	0
0	0
0	1
0	1
0	1
0	0
0	25
126	25
13	2752
0	1247
0	2592
0	2108
0	0
0	0
141	0
0	0
2	254
2	246
4	30
0	0
0	0
0	0
10	5
0	0
0	0
0	5
0	0
0	130
71	166
1	36
4	0
0	0
2250	1293
0	327
0	431
0	235
0	677
0	208
0	0
0	0
0	0
0	0
0	0
5	263
0	333
1709	5260
7	414
5	2492
0	3500
0	0
77	917
1	917
0	12
0	23
0	3
0	3
0	21
0	22
0	12
2400	1228
2	1228
20	0
0	0
0	0
0	0
0	0
2	2026
13	2070
3	2037
0	2122
0	116
0	42
0	144
0	14
9	95
876	1154
2	1150
1	67
0	7
10	0
1	204
4	211
0	211
0	6
0	17
0	16
0	565
1	0
0	98
374	98
0	0
0	62
102	62
15	1
0	1
0	0
257	32
0	32
3	10
612	2730
0	2674
0	1133
0	127
0	91
0	4
96	91
1	1926
35	1896
0	875
0	2553
0	145
0	56
1	65
1	0
0	215
0	145
0	189
1	20
0	142
3	233
73	92
0	89
0	85
0	4
0	12
0	0
757	417
1	291
0	148
0	124
0	0
0	0
43	0
0	0
0	941
0	941
0	9866
7	9535
0	92
0	632
1	4396
0	442
14	359
10	2
2	1
0	1
0	0
124	0
17	0
0	0
508	409
0	0
0	409
12	0
0	401
0	0
2	0
0	44
21	41
0	41
7	47
0	13
0	9
0	0
0	0
0	0
128	98
3	167
0	96
1	36
0	0
809	786
4	681
0	234
2	411
0	82
0	149
0	62
0	102
8576	23770
124	22765
8	1017
5	9680
2	10364
6	15784
0	7900
0	0
0	0
0	0
0	57
122	77
0	5
0	7
0	71
0	30
0	15
0	0
0	0
0	0
1	0
0	0
20	0
0	0
133	291
0	30
0	286
1	321
3	380
0	144
0	90
12	316
2	202
0	215
2	106
10	165
0	91
33	21
3	9
3	45
35	0
1	0
0	0
3	10
9	10
0	0
46	0
0	0
0	0
0	0
0	0
0	0
6	0
0	0
0	0
3474	550
0	389
5	93
6	109
0	79
0	22
1212	8708
1	12
7	8365
4	2390
0	2453
918	507
1	467
0	7
0	33
21	0
0	0
3	0
0	3145
3345	4138
23	4126
0	338
5	674
7	599
0	182
0	482
0	516
0	507
0	125
0	31
0	0
2	6
0	5
0	0
0	0
0	2
0	0
0	0
0	0
1783	180
0	180
0	0
6	0
1	0
6	0
0	0
0	0
0	0
0	58
2	279
119	322
0	75
0	232
0	33
0	27
0	53
2	47
0	5
0	167
0	0
0	11
0	25
11	149
0	70
0	35
0	15
14	13
0	13
356	218
0	11
0	79
0	113
2	99
1	0
49	0
0	0
1	761
41	754
0	31
0	120
9	709
0	3
0	36
1	418
0	0
0	122
0	0
5	138
92	184
0	50
2	695
85	695
0	0
0	0
10	0
533	219
0	113
2	106
0	0
32	413
2	384
0	56
1	244
0	113
0	80
0	10
0	34
0	25
0	2
1	110
0	110
0	18
0	90
0	8
0	3
0	1
0	4
0	37
0	0
2	72
0	10
0	63
0	19
0	1
10	457
205	640
19	297
0	301
0	337
0	211
0	99
0	81
8	85
75	252
0	242
0	12
0	0
23	999
1	489
1350	968
0	0
0	0
0	0
173	376
1	367
1	265
0	26
0	15
0	8
0	3
0	26
0	0
37	242
12	242
0	0
0	0
0	0
1	227
0	604
16	407
10	593
1	0
0	0
1	91
137	0
0	0
0	0
13	1064
57	1067
0	848
7	93
783	68
1	56
19	0
0	0
701	0
0	419
0	1478
0	1554
0	34
0	1357
12	1272
0	371
1	36
9	459
0	188
1	29
0	170
0	189
5177	9303
6	4921
0	6325
5	4846
0	0
1	2004
0	0
1	1413
95	1409
1	1258
0	3
1	41
0	0
2	7
0	3
0	5
0	1
0	0
0	0
11	0
0	0
6	5
0	0
0	5
2831	898
2	885
0	55
0	12
3	7
5	103
2	7
0	103
1	110
0	23
0	19
2	16
0	6
21	1604
6	177
0	74
41	1535
2	1464
7	823
1	153
1	317
1	103
3	294
0	21
0	294
2	118
1	19
3	1265
15	1184
5	3
1	34
0	1049
0	1133
0	1059
1	1010
0	1044
0	1069
0	579
0	55
0	118
2	61
0	8
0	34
0	47
13	189
0	54
3	177
0	20
0	0
1	25
0	19
0	1
0	8
0	1
0	1
0	0
0	0
0	0
0	0
0	1
0	6
0	4
0	2
0	0
0	3
0	2
42	566
0	566
11	21925
70	20236
760	21130
6	14973
112	20736
0	12465
0	313
1	3795
5	23
1	4331
0	10
0	0
0	0
12177	3676
1	3676
0	24
1	431
0	1444
2	1407
1	29
0	1406
0	21
0	148
3	1402
0	49
0	24
0	0
104	894
3	894
0	19
0	107
0	70
0	43
21	90
0	750
176	763
70	359
3	359
0	195
0	0
0	0
0	0
0	0
0	0
0	0
0	0
0	0
0	0
0	0
0	0
0	0
0	0
0	0
0	0
0	0
0	0
0	0
0	0
0	0
0	0
0	0
0	0
0	0
0	0
0	0
0	0
0	0
0	0
0	0
0	0
0	0
0	0
0	0
0	0
0	0
0	0
0	0
0	0
0	0
0	0
0	0
0	0
0	0
0	0
0	0
0	0
0	0
0	0
0	0
0	0
0	0
0	21
1754	26
0	0
1	0
9	0
0	0
4	0
1068	1088
5	924
29	520
231	0
18	1463
21	1463
1	16
284	0
0	0
5	0
323	224
0	56
0	168
0	0
1	0
2	0
925	6
0	0
0	608
11	611
0	59
0	0
0	7
6	249
0	0
15	249
0	0
0	0
10	2574
0	63
0	55
0	172
0	0
0	0
0	0
0	5744
0	5579
177	5736
0	2880
0	188
0	157
364	315
0	25
0	315
0	33
0	73
0	2641
0	2641
7	0
0	0
0	0
5324	36
0	390
0	362
7	389
0	363
5	414
0	2
0	4
3	4
0	2
0	1
0	1
91	25
16	23
3	20
10	14
32	0
0	0
0	0
0	64
61	64
0	64
0	27
114	71
318	70
0	53
392	1092
5	712
0	267
0	354
0	50
0	165
789	0
306	14
0	0
0	14
2848	0
5403	998
3	927
0	0
0	1
0	0
0	1
0	0
0	1
0	0
0	0
0	1
0	0
0	0
0	0
0	1153
8	1110
0	1162
0	0
0	0
3	0
0	0
0	0
67	0
5	114
0	151
0	79
1	349
146	602
0	140
55	202
0	432
6	2233
0	1847
0	1484
0	0
0	392
0	2
22	0
59	0
2014	1680
23	1678
0	0
1	0
10	583
0	527
29	428
263	302
0	302
41	0
0	0
0	0
1501	4
0	0
4	0
0	0
0	0
11915	832
7	807
0	0
276	149
0	149
0	30
0	5
0	0
0	0
0	345
0	151
27	348
0	164
0	120
0	333
0	1
0	2
1	215
0	213
0	143
0	124
0	137
0	149
0	312
0	109
0	104
0	0
0	146
0	141
0	124
0	0
0	59
0	16
0	17
0	41
1	50
0	9
0	0
0	40
0	0
0	0
1	13
0	26
0	0
167	43
1	40
0	0
0	0
0	0
334	658
0	641
0	19
0	99
0	0
0	0
0	0
0	0
0	0
0	0
0	0
0	0
0	0
0	0
0	0
0	0
0	0
0	0
0	0
0	0
0	0
0	0
0	0
67	9
0	8
0	1
0	1
24	5
0	1
1	3
6	0
3	0
0	0
0	0
0	0
0	0
0	0
0	0
0	0
0	0
0	0
0	0
0	0
0	0
0	0
0	0
0	0
0	0
0	0
0	0
0	0
0	0
0	0
0	0
0	0
0	0
0	0
0	0
0	0
0	0
0	0
1	0
0	0
0	14
0	3
0	14
0	42
205	48
0	0
0	3
0	0
0	14
0	0
0	41
0	0
66	6
0	0
0	6
0	0
0	0
1	11
2	11
0	0
0	0
0	0
0	0
36	670
0	671
2	579
12	87
8	87
0	0
24	1410
0	0
0	1410
7	715
4	684
0	750
0	0
202	311
0	38
0	0
5	42
0	38
0	12
0	11
0	15
0	0
0	0
0	0
0	0
0	0
0	0
0	0
0	9
0	9
0	0
0	1
0	3
0	0
0	0
0	0
0	0
0	43
0	8
0	41
0	0
0	0
0	0
0	0
0	0
0	65
0	65
0	61
0	3
0	2
0	0
0	1
0	2
0	1
310	639
3	553
7	136
0	21
0	0
0	0
0	0
0	1
0	1
0	0
0	0
0	1
0	1
0	0
0	0
0	0
0	0
0	0
0	0
0	0
0	0
0	0
0	0
0	0
0	0
0	0
0	0
0	13
1	694
11	461
0	7
0	461
0	0
2	297
0	294
2	15
2	1
0	1
13	6
0	2
0	4
0	2
0	2
0	0
0	0
3	608
0	615
0	62
0	83
0	78
0	78
0	0
0	0
0	15
0	14
0	16
2	0
230	18
0	18
0	57
2	57
0	0
2	13
0	0
0	0
0	0
0	0
0	0
0	0
11	77
0	16
0	77
0	0
2	0
206	49
3	17
0	49
0	49
35	0
129	20
0	20
2	0
2	0
0	0
0	0
0	0
0	0
0	0
0	0
1	15
0	17
0	12
0	10
0	0
0	0
0	0
0	0
0	0
0	0
0	0
0	0
0	0
0	0
0	0
0	0
0	0
0	0
0	0
0	0
0	0
0	0
0	0
0	0
0	0
0	0
0	0
0	0
169	0
0	51
4	152
0	152
6	51
8	7
0	2
0	0
76	40
0	0
0	0
0	0
0	0
0	0
0	0
0	40
0	40
0	0
7	972
1	969
0	2
1	956
0	5
0	5
0	49
1	2
0	737
0	123
3	148
0	147
1	143
0	89
0	55
0	1
0	32
1	14
0	16
0	24
0	0
4	103
0	103
0	3
2	1
0	0
0	0
0	0
0	0
0	0
0	0
0	0
0	0
0	0
1	0
0	0
0	0
4	0
0	170
0	208
0	21
1092	238
0	24
0	3
0	1
0	0
3252	1098
0	1057
0	44
0	0
0	0
0	0
0	0
3	0
9	30
0	30
470	1604
24	1369
5	181
0	501
0	0
983	232
0	230
0	204
0	5
0	6
0	5
0	0
0	0
0	0
0	0
0	0
0	0
1	0
0	1
0	1
0	0
1	0
0	0
26	0
0	1
0	16
1	0
0	11
0	19
4	219
0	202
0	149
0	71
0	2
0	0
2	77
42	75
2	7
0	0
0	5
0	0
0	5
0	2
0	0
37	882
2	682
1	844
0	0
0	0
0	0
0	0
0	0
0	0
0	0
190	585
0	542
0	25
0	21
3	0
0	0
314	0
315	303
8	171
0	34
0	107
0	426
1	426
7	444
0	226
0	0
0	7
0	18
0	14
0	0
1	74
0	72
0	23
0	0
0	73
0	83
0	81
0	76
0	8
4	81
0	75
0	16
0	20
0	7
0	0
0	0
0	0
0	0
0	0
0	0
0	1
0	0
0	0
0	0
0	0
0	0
0	11
0	11
0	12
0	16
0	0
0	12
11	6
0	0
0	0
0	0
0	0
1	0
0	0
0	0
0	0
0	0
0	1
1	0
0	0
0	0
0	0
0	0
10	65
1	65
0	65
0	8
0	8
0	11
0	1
0	2
0	0
0	0
0	0
3	145
1221	151
0	51
0	0
0	0
0	0
1	318
0	407
0	407
3	6
0	0
0	0
0	0
0	0
0	0
0	0
0	165
0	0
0	0
0	0
0	0
0	0
0	0
938	109
0	8
2	63
0	37
0	40
0	102
0	46
0	0
0	1
0	0
3	24
0	24
0	24
0	1
0	0
0	0
0	0
0	0
0	0
0	0
0	0
0	0
0	0
0	0
0	0
1	4
7	4
0	4
0	0
0	0
0	0
0	0
0	0
0	0
0	0
0	0
0	0
0	0
0	0
0	0
0	0
0	0
0	0
0	0
0	0
0	0
0	0
0	0
0	0
0	0
0	0
0	0
0	0
0	0
0	0
0	0
0	0
0	0
0	0
0	0
0	0
0	0
0	0
0	0
0	0
0	0
0	0
0	0
0	0
0	0
0	1
0	1
0	0
0	0
0	0
0	0
0	0
0	0
0	0
0	0
0	0
0	0
0	0
0	0
0	0
0	0
0	0
0	0
0	0
0	0
0	0
0	0
0	0
0	0
2	75
125	94
0	85
0	0
0	62
1	0
0	0
0	0
0	0
0	0
0	0
0	0
0	0
0	1
0	1
0	0
0	0
0	0
0	0
0	0
0	0
0	0
0	0
0	0
7	0
2	449
0	0
0	0
0	0
0	0
0	0
0	0
0	0
0	0
0	0
0	0
0	0
0	0
0	0
0	0
0	0
0	0
0	0
0	0
0	0
0	0
0	0
0	0
0	0
0	0
0	0
0	0
0	0
0	0
0	0
1	0
0	0
0	0
0	0
32	110
0	117
2	183
0	0
2	0
0	0
157	66
0	64
0	12
0	1
0	0
0	0
0	0
0	292
2	312
0	302
0	297
0	229
4	174
0	142
0	22
0	21
0	34
0	6
0	14
0	10
0	0
241	21
0	21
1	3
0	0
0	0
0	0
0	1
0	3
34	114
1	112
0	6
0	48
9	0
0	8
13	22
0	16
0	10
0	12
0	0
0	5
1	152
0	98
0	135
3	115
0	119
3	139
0	39
0	7
6	2169
110	4669
21	4557
2	1943
121	1946
0	429
19	2301
4	2239
14	1145
31	1933
0	441
3255	4
13	3903
99	3903
307	3889
0	56
6	1
0	1
0	0
0	0
0	0
38	1379
12	1252
0	154
13	524
0	130
303	0
56	364
0	67
3	90
0	21
0	120
0	317
0	0
0	12
0	0
0	0
1701	1258
0	1258
2	209
0	333
0	913
14	904
0	907
0	110
0	806
0	0
0	18
0	0
92	0
0	0
0	0
0	0
363	1064
9	400
2	532
0	454
0	368
6	561
8	218
0	19
5	9
57	9
50	0
6	22
9	22
7307	0
0	0
60	0
0	6
0	0
2	986
1	1807
109	1317
8	2167
16	1282
37	686
0	150
0	336
0	1158
0	0
4	0
3	129
0	143
0	147
0	152
2	15
0	1
2344	3336
29	2722
0	1554
1784	1474
3	1458
0	7
0	1475
147	1431
0	0
2	0
0	0
0	2298
53	2284
40	1971
0	1476
8	1301
0	3
633	0
0	0
59	887
1	769
0	75
0	16
0	182
31	655
8	620
0	93
0	95
0	106
0	58
0	15
73	2059
7	1898
19	529
0	23
0	23
0	22
0	1
0	0
5	0
7	1202
0	70
0	1151
3	99
0	1177
0	113
0	6
0	0
8	107
35	100
2	0
10	1707
1	1534
0	967
0	1059
1	149
3	1062
0	19
0	1607
0	1397
0	0
1	24
2	163
3	1038
2	222
0	56
0	219
0	0
66	138
0	19
1	17
1	16
2	71
0	99
0	28
0	35
0	7
2	8
0	19
1	752
14	918
0	930
0	45
0	841
0	822
0	675
0	278
0	656
0	0
6	91
0	488
1	213
0	0
0	32
10	438
70	442
2	376
3	263
0	48
0	21
0	20
0	19
0	0
0	2050
4	1856
0	1863
2	1931
1	1972
0	65
0	26
0	159
1	11
0	9
11	666
35	678
15	679
4	647
2650	0
0	0
0	0
4	3067
7	3043
46	2958
40	1704
0	0
0	0
59	749
0	150
0	740
0	159
0	96
0	19
1	489
31	26
5	18
0	8
0	15
1	4
129	124
0	124
0	2
2	89
0	55
3	89
1	14
0	0
0	4
0	18
0	0
2	14
0	8
0	0
8	331
3	326
0	19
0	9
0	8
4	369
178	553
69	577
3	174
0	520
15	464
16	63
15	82
0	85
5	18
1	60
0	75
501	6387
238	6084
4	2128
640	5
162	20
31	20
0	58
0	52
0	58
0	49
0	49
0	7
0	11
3	87
9	90
3	19
34	2907
164	2931
186	2847
3	334
0	131
5168	751
2	89
76	700
0	131
29	346
10	386
20	348
0	81
0	1
27	1
0	1386
44	1530
64	1530
2	558
1	0
2	0
0	16
9	17
0	7
0	13
0	8
1	1200
338	1198
0	673
20	435
23	435
0	0
0	0
0	0
1	6
0	6
0	6
0	6
0	6
0	0
356	661
1	661
1	0
0	3150
0	0
0	0
0	0
0	0
0	0
0	0
0	0
8	22
0	2
0	28
1	27
17	19
0	0
0	0
11	0
1	0
74	7
0	7
0	0
2	0
0	0
0	0
0	142
0	0
290	58
1	43
0	4
0	0
0	9
0	3
0	0
0	0
5	308
37	95
0	65
0	22
0	65
182	825
0	671
1	119
0	0
2	0
1	254
0	255
0	16
2	256
0	15
0	0
12	248
0	21
0	9
0	24
0	156
0	36
0	75
0	0
0	79
0	0
235	29
0	8
4	21
0	0
0	0
0	0
0	0
0	0
0	0
0	8
16	27
0	2
0	0
0	0
0	17
2	0
0	0
0	2082
99	1919
0	2124
0	1178
0	82
0	11
0	0
1	0
0	0
0	0
0	0
0	0
0	0
0	0
0	0
0	0
0	0
0	0
0	0
0	0
0	0
0	0
0	4
1031	131
51	125
0	0
0	0
12	4335
16	4415
0	41
213	37
8	280
2	3997
2	0
2	8
0	0
2	29
1	28
0	0
0	0
641	36
0	36
0	0
0	0
0	0
0	0
0	0
0	0
4	1
0	0
0	0
0	0
4	0
1	0
0	0
6	4982
13	4885
7	1146
8	1148
0	4773
5	806
0	19
0	19
0	15
0	3
0	0
0	0
0	0
0	0
0	0
0	0
0	0
0	0
0	3
0	4
0	4
0	0
0	0
0	537
0	665
3	728
1	125
0	118
1	203
0	68
0	49
34	207
115	523
42	664
0	702
0	57
0	119
6	9
1	45
3044	634
8	634
0	0
0	159
0	110
5	9
0	159
0	93
0	13
627	269
0	0
0	209
0	182
0	223
0	54
0	0
0	0
278	28
3	18
0	28
0	15
0	0
0	2
0	2
0	4
0	1
0	4
0	4
0	0
0	0
0	0
0	0
0	1
3158	228
0	2
0	1
0	0
0	0
0	0
14	3
12	226
0	37
0	1
0	0
0	0
2911	2361
136	2102
61	764
42	375
0	1016
0	840
2	446
15	816
0	0
2	513
0	137
3	0
13	143
0	0
0	0
0	0
0	0
518	1545
0	1545
4	281
0	0
0	0
0	0
0	0
0	0
192	2
0	2
0	0
13	85
0	85
2	0
0	0
0	106
285	117
0	76
0	29
0	64
0	0
1	0
22	9
0	0
0	9
0	0
0	2
0	0
0	4
0	16770
0	17738
936	17034
1	11172
1	709
75	6540
0	833
0	929
0	747
0	120
3	0
25	0
19	184
66	101
0	116
0	163
0	58
0	283
0	282
0	14
0	277
2	27
1	3
0	0
0	2
0	237
0	11
3	1
0	1
0	0
0	0
0	0
0	0
0	0
0	0
7	0
0	0
0	0
0	0
0	0
160	0
0	0
116	3337
0	0
0	0
0	0
0	0
0	0
683	2337
0	6
0	0
0	12
0	699
12	2315
0	7
0	7
13	21
1	15
0	19
0	0
0	0
0	0
0	0
0	0
52	8
0	8
0	0
0	0
0	0
0	0
0	0
1	0
0	0
0	0
0	2
0	0
0	19
50	41
0	21
0	24
0	2
0	0
0	0
1	0
0	0
0	0
0	0
0	0
2	0
0	0
0	0
0	0
1	407
0	0
0	0
0	0
0	0
0	0
0	0
0	0
0	0
1	82
6	84
0	1303
0	2275
0	903
0	2220
0	2308
10	2095
0	0
0	0
0	0
0	294
802	235
0	204
0	139
0	119
0	93
0	42
0	43
0	42
0	14
1	8
5	8
0	1
0	5
1	1
0	0
25	1
122	677
0	677
0	131
0	0
43	17
1	17
0	17
0	14
14	0
0	3
0	2
0	0
0	272
3	575
0	518
2	579
1	589
0	612
1	655
3	52
0	71
0	5
0	190
0	132
4	96
0	118
1372	408
0	94
0	135
5	327
0	359
0	376
0	151
1	39
0	94
0	41
3	14
0	0
224	21
0	16
0	3
0	5
0	0
1	1
0	0
0	0
0	3
0	3
0	99
0	7
0	99
0	0
0	0
0	0
0	0
1659	0
4	95
0	96
9	54
63	14
1	14
2	1
0	0
0	0
0	0
0	0
0	0
0	1
0	1
0	1
0	0
0	0
0	0
0	0
0	0
0	0
0	0
0	0
0	0
0	0
0	0
0	0
0	0
0	0
0	0
0	0
0	0
0	0
0	0
0	0
0	0
0	0
0	0
0	0
0	0
0	0
0	0
0	0
0	0
0	0
0	0
0	0
0	0
0	0
0	0
0	0
0	0
0	0
0	0
0	0
0	0
0	0
0	6
0	6
0	1
0	2
0	1
0	1
0	1
0	0
573	90
0	23
0	62
0	16
0	5
0	5
0	8
0	1
0	3
1	0
0	4293
7	4293
0	4392
0	4392
1	748
0	37
2	185
0	674
0	501
0	40
0	11
1	8
4	888
760	6778
8	394
1	79
71	1465
0	5271
0	1682
0	3
0	1134
42	883
0	1982
42	2044
0	1996
0	710
0	560
3	182
0	119
0	50
0	85
0	49
1	55
0	3
0	0
0	0
0	0
0	0
0	0
22	2
0	0
506	0
30	100
0	96
0	52
7	90
0	11
0	0
0	0
0	0
0	0
0	5
0	5
0	5
0	0
0	0
0	3
0	1
0	0
0	1
0	1
3930	488
25	488
0	45
0	47
0	44
2	46
0	26
0	46
0	1
0	10
2	25
0	47
1	47
0	45
0	6
0	0
1	71
4	64
0	71
0	71
0	0
0	1
0	0
1	0
0	0
0	0
2	16
147	90
0	83
1	2
6	4
0	7
0	12
5	29
1	21
0	17
0	6
0	3
0	1
43055	10267
14	10249
0	276
35	86
3	49
0	37
7	10
0	2
37	537
0	95
0	520
0	15
229	1517
0	1517
0	213
0	255
0	0
0	0
0	0
0	0
1	5
0	0
0	0
0	0
0	0
0	0
0	0
0	0
0	0
0	0
0	0
0	0
0	0
0	0
0	0
0	0
0	0
0	0
0	0
0	0
0	0
0	0
0	0
0	0
0	0
0	0
1	0
0	0
0	0
0	0
0	0
0	0
0	0
0	0
0	0
0	0
0	0
0	0
0	0
0	0
1	0
0	0
0	0
0	0
0	0
0	0
0	0
0	0
0	0
0	0
0	0
0	0
0	0
0	0
0	0
0	0
0	0
0	0
0	0
0	0
0	0
0	0
0	0
0	0
0	0
0	0
0	0
0	0
0	0
0	0
0	0
0	0
0	0
0	0
0	0
0	0
0	0
0	0
0	0
0	0
0	0
0	0
0	0
0	0
0	0
0	0
0	0
0	0
0	0
0	0
0	0
0	0
0	2
0	0
0	0
0	0
0	0
0	0
0	0
0	0
0	0
0	0
0	0
0	0
0	0
0	0
0	0
0	0
0	0
0	0
0	0
24	342
4	340
0	2
0	6
0	30
0	12
0	38
2	0
0	0
0	0
0	0
0	0
0	0
0	0
0	0
0	0
0	0
0	0
0	0
0	0
0	0
0	0
0	0
0	0
0	0
0	0
0	0
0	0
0	0
0	0
0	0
0	0
0	0
0	0
0	0
0	0
0	0
0	0
0	0
0	0
0	0
0	0
0	0
0	0
0	0
0	0
0	0
0	0
1	7
0	0
0	0
0	0
0	0
0	0
0	0
0	0
0	0
0	0
0	0
0	0
0	0
0	0
0	0
0	0
0	0
0	0
0	0
0	0
0	0
0	0
0	0
0	0
0	0
0	0
0	0
0	0
0	0
0	0
0	0
0	0
0	0
0	0
0	0
0	0
0	0
0	0
0	0
0	0
0	0
0	0
0	0
0	0
0	0
0	0
0	0
0	0
0	0
0	0
0	0
0	0
0	0
0	286
0	293
0	22
0	2
0	20
0	10
0	2
0	0
0	0
0	0
0	0
0	0
0	0
0	0
0	0
0	0
0	0
0	0
0	0
0	0
0	0
0	0
0	0
0	0
0	0
0	0
0	0
0	0
0	0
0	0
0	0
0	0
0	0
0	0
0	0
0	0
0	0
0	0
0	0
0	0
0	0
0	0
0	0
0	0
0	0
0	0
0	0
0	0
0	0
0	0
0	0
0	0
0	0
0	0
0	0
0	0
0	0
0	0
0	0
0	0
0	0
0	0
0	0
0	0
0	0
0	0
0	0
0	0
0	0
0	0
0	0
0	0
0	0
0	0
0	0
0	0
0	0
0	0
0	0
0	0
0	0
3	56
0	58
0	55
34	3293
2	197
0	3207
1	190
0	78
69	3175
8	3116
0	0
15	206
0	33
0	1545
50	3554
0	3574
44	3562
17	1790
0	1793
0	791
3	783
0	273
2	21
0	32
6	31
0	31
0	0
0	0
0	2
0	2
0	0
0	0
0	0
1	0
0	0
0	0
0	0
1	0
6	0
0	0
0	0
0	0
1	9
259	26
0	10
0	0
0	0
0	0
0	0
0	16
0	0
0	0
139	57579
2	27235
0	16673
1	14635
3	964
0	5013
0	54416
8	2300
0	2022
0	0
0	0
0	2372
0	0
0	0
3	0
11	4
0	3
0	0
0	1
0	1
0	1
0	1
0	1
575	173
0	167
0	1
0	2
0	0
0	0
0	0
0	0
0	0
0	6
0	6
0	2
17	3
1	0
0	0
0	1
0	1
0	2
0	0
0	1
0	3
0	1
0	0
0	1
0	8
0	1
0	3
0	1
0	0
0	2
0	2
0	0
0	0
0	0
0	87
0	1
0	1
0	0
0	0
0	20
0	8
7	27
1	0
0	0
0	19
0	0
0	0
0	0
0	0
0	0
0	0
0	0
1	0
0	223
3	241
0	3
0	3
0	20
0	238
0	16
2	3
3	3
3	0
0	1
0	50
6	159
2	1
0	8
0	20
0	0
0	0
0	0
0	201
0	0
0	0
0	1
0	26
0	0
0	3
0	3
0	2
0	2
0	2
0	0
0	0
0	0
0	0
0	0
5511	259
0	69
0	179
0	1
0	0
0	0
0	0
0	0
0	0
1	0
0	0
632	438
0	382
1	89
0	0
0	0
0	5
0	7
0	5
3	0
0	1172
3	1175
0	720
0	420
0	169
0	150
0	0
0	1
0	3
2	0
0	0
133	632
0	632
0	0
0	0
0	0
81	1795
6	1795
0	0
3	11
1	9
0	3
0	9
71	223
0	43
0	179
0	20
0	4
0	4
0	3
0	0
287	63
0	38
0	23
0	0
0	5
0	0
0	4
0	5
0	1
0	1
8	1
0	0
0	1
0	0
0	0
0	0
0	0
0	0
8	8
2	8
0	0
0	0
0	0
0	0
0	0
0	0
0	0
0	0
0	0
0	0
0	7
0	7
2058	283
0	241
0	0
0	34
0	0
0	0
0	0
0	0
1	0
0	0
0	0
0	0
0	0
0	0
5	0
23908	10344
74	3099
3	1
5	4635
11	2920
130	5706
0	885
0	885
0	1
1237	1362
3	913
0	923
7	40
42	1356
0	929
2	356
0	622
0	219
0	884
0	192
0	0
7	922
0	37
0	814
1	914
0	5
0	15
11	670
50	698
0	683
0	0
7	178
1	664
0	22
0	214
0	268
2	1310
0	1011
1	822
0	0
13	2
0	2
66	0
0	80
53	585
5	584
0	24
0	15
0	113
371	184
0	140
0	0
0	65
0	27
0	0
0	0
0	3
0	0
0	0
0	0
0	0
0	0
0	0
6	38
0	7
0	38
9	30
0	13
0	4
0	12
0	4
34	0
0	0
1	172
0	175
0	172
1	0
0	72
1	10
0	15
0	1068
0	1356
21	1377
0	188
0	123
0	341
0	62
0	35
2	49
0	22
33	0
150	67
0	28
0	52
0	10
0	10
0	6
0	1
0	0
98	8282
11	6583
16	2052
0	905
2	381
25	4204
110	705
1	1147
0	928
0	44
4	116
0	93
0	425
1	383
0	35
0	0
1301	11
0	0
82	502
0	502
2	169
0	109
0	11
0	18
2	53
3	0
0	12
6	1973
10	1785
0	1274
2	172
0	403
0	182
0	0
7	201
14	0
2	3544
0	1710
0	1175
3	3509
0	106
2	566
21	1847
0	120
0	179
0	0
79	687
2	123
1	691
0	687
1	51
82	334
0	0
0	155
31	1299
22	1737
3	1255
12	147
2	120
2	307
0	489
287	10578
1	32
0	3436
22	9496
0	823
6	6257
0	2139
4	21
0	5
0	9
0	11
0	13
0	12
0	8
4	11
0	12
0	8
0	9
0	4
0	0
0	0
1	0
0	0
1	0
0	111
0	26
0	26
0	0
3	22
101	0
1	48
10	0
3	543
5	12
220	535
0	0
0	535
0	4
0	1
0	1
0	1
0	0
0	0
0	0
0	0
1	0
3	0
0	5630
6	5626
0	190
0	0
0	0
1	0
0	0
0	0
0	0
0	0
0	0
0	5
0	5
0	5
0	1
0	2059
11	1492
0	1520
0	1559
49	1979
21	2024
0	1335
2	1823
0	1973
0	210
0	14
0	226
0	152
0	47
0	0
4	94
1	52
0	13
0	1
0	0
2041	275
1	3
0	0
0	267
0	205
2	0
0	0
10	290
39	1811
0	155
0	1789
4	184
5	15
6	536
0	223
0	1114
0	55
0	27
0	1382
3	27
2	193
0	405
20	1157
14	1217
6	1319
23	1346
0	182
0	60
6	59
3	47
0	0
3	1
0	1
0	261
2	261
0	20
0	12
0	7
0	2
0	0
5	0
0	0
0	0
0	0
17	1334
4985	4203
59	830
0	3068
1	0
451	293
0	322
0	240
0	213
5	113
0	21
0	29
0	24
0	3
0	3
0	0
0	3
0	0
0	0
0	0
2	0
0	0
0	0
3	0
0	0
0	0
0	0
0	0
0	0
0	17
0	0
0	7
112	19
0	6
0	0
73	3
0	2
0	1
0	0
0	1
5	10
0	3
0	10
0	3
0	4
0	1
0	1
3	0
2	0
0	0
1480	10540
0	10540
7813	87
0	0
0	0
0	5
0	5
0	0
0	0
0	3
0	1
9	3
3	22
3	19
8	156
0	147
0	126
0	0
0	0
0	0
0	0
0	0
0	0
344	6336
440	6334
1	0
0	348
0	7
0	0
0	0
0	401
2	184
2	16
0	401
0	379
0	137
0	45
0	2
0	72
0	0
0	0
0	51
0	51
1	186
0	0
0	1199
220	1203
0	1150
0	0
0	0
4	48
0	153
0	59
0	321
2	117
1	107
0	3
18	88
0	15
0	26
0	9
0	1
0	0
0	1
0	0
0	2281
532	2465
0	31
0	7
0	2005
1	472
151	0
67	0
28	903
2	1078
0	879
0	698
0	713
0	531
0	0
0	145
0	4
0	0
0	24
0	22
0	71
0	72
0	322
0	6
6	289
1	319
0	24
0	17
0	1
0	2
0	10
55	18
11	4
0	4
0	18
0	7
24	1922
0	1861
0	2
0	0
0	155
0	90
0	88
0	100
0	62
0	323
9	153
0	104
0	105
0	8
0	122
35	0
5462	821
14	632
1	578
5	190
0	137
2	105
0	74
0	3
3	3
2	3146
0	2138
0	1595
1	2
1028	1461
0	2765
0	2
19	0
0	0
0	7
0	7
0	7
1	2
0	0
0	0
0	0
0	0
0	0
0	0
0	0
0	0
0	0
0	0
0	0
271	940
0	173
0	745
0	213
0	35
0	23
0	264
7	355
0	104
0	32
0	52
0	130
0	0
0	0
0	0
0	0
0	3
0	6
7	3
0	0
0	0
0	0
0	0
0	0
0	0
0	0
1	0
0	0
0	0
0	0
0	2
0	2
0	2
0	0
11	0
88	2673
64	2387
1191	2037
0	0
0	0
0	0
1	0
1	0
0	4
0	6
0	5
0	8
0	5
1	4
0	0
0	0
0	0
28	5271
15	1239
22	899
42	1702
13	5321
0	139
0	883
0	829
0	6
3	781
8	952
0	0
0	0
0	0
0	0
0	0
5	0
0	2
0	2
12	89
2	82
0	0
0	0
0	0
0	0
0	0
0	96
0	88
0	0
0	0
0	0
0	188
699	639
0	2
1	16
4	215
0	4
336	363
1	449
0	519
0	298
25	315
6	530
1	569
35	548
1	6
239	0
0	0
0	2
1	6
0	5
0	3
0	1
385	156
13	148
0	0
24	186
8	186
2	0
0	2
0	0
1	179
1	182
2	123
0	3
0	2
0	0
0	1
0	9
0	0
0	0
60	158
3	10
1	148
1	54
0	7
0	52
0	47
0	15
1	21
0	42
0	0
0	0
1644	0
0	0
0	0
65	17
0	17
26	6888
424	6217
96	3086
454	2908
0	0
0	0
0	0
0	0
0	0
0	2293
0	107
0	0
0	0
0	0
0	0
1	0
0	0
60	2461
0	0
0	0
0	1
0	1
3	347
21	485
1	445
7	49
0	62
0	30
0	14
1	16
0	2
0	1
11	21
0	8
0	0
54	0
41	140
1	13
2	13
13	299
0	263
0	231
3448	0
4000	2
4	240
0	241
1	37
0	38
0	43
0	22
2	12
0	11
0	16
4	1
1	7
0	7
2202	719
0	434
0	518
1	16
0	141
1	141
1	951
85	930
6	950
2	139
0	142
0	58
10	83
0	21
15	25
3	5
0	0
0	3
0	62
0	62
0	0
6	4
7	4
4	1965
1	1082
334	1810
5	1768
19	1780
1	827
121	1054
0	446
0	612
51	407
0	286
0	530
11	216
6	242
23	83
0	70
0	21
0	59
3	0
0	13
25	550
2	545
0	40
12	23
0	19
0	31
0	143
0	29
0	70
0	9
0	93
0	93
86	157
0	89
0	81
0	93
0	90
0	140
0	43
0	0
0	7
0	0
16	179
6	184
0	132
3	124
0	4
0	4
0	4
0	3
0	9
21	9
0	0
0	0
0	0
0	0
5	0
0	0
0	0
0	0
0	0
0	0
0	0
2	2
0	0
0	2
0	32
2	32
0	30
1	0
0	0
0	0
0	0
0	0
2	0
1	3
0	2
0	0
0	5
644	213
0	212
0	8
0	23
0	3
0	5
0	5
0	0
4	0
0	0
0	0
1	0
0	0
133	185
0	37
4	158
11	17
6	1202
0	1213
31	523
0	244
0	0
15	85
0	85
0	0
0	0
0	0
0	0
0	0
0	0
0	0
68	5746
2	5749
0	39
0	0
0	0
0	0
105	0
0	0
0	0
10	0
0	0
0	0
142	9
0	9
0	0
0	0
0	1
0	1
0	1
3	25
0	25
0	0
0	2
1	4
0	4
185	1
0	1
1764	310
0	243
0	67
0	651
0	652
0	170
0	192
0	19
0	25
0	0
0	10
0	4
0	0
21	0
26	0
0	1051
0	0
34	56
0	56
9	0
0	0
15	3891
0	4336
221	4446
0	10
3	35
214	1
0	0
0	0
0	1
0	2
0	2
0	0
0	0
0	0
0	0
46	0
0	965
5	783
0	881
3	434
0	47
0	28
0	4
0	0
0	2
0	0
0	2
0	1
1289	0
170	6262
2	4535
1	7
0	6145
0	4114
7409	253
0	124
3	57
7	163
0	0
0	17
3	685
4	253
942	685
0	0
0	355
4	432
29	480
3	510
0	11
1	11
4	185
107	0
17	293
688	14
0	12
0	0
53	10
0	6
0	8
0	0
0	0
854	943
1	467
2	495
0	19
9	739
0	103
4	370
0	21
0	0
23	14
0	17
0	65
0	65
0	18
81	0
0	0
0	0
1	0
0	0
272	294
0	183
0	280
0	43
27	986
0	928
1	856
3	914
0	61
0	0
0	0
0	0
0	0
0	0
0	0
0	0
1	0
0	0
0	0
0	0
0	0
0	0
0	0
6	249
32	249
0	5
378	352
0	144
0	208
1	128
1	71
0	0
0	0
0	0
0	0
0	0
0	0
0	0
2	324
0	322
0	173
0	223
0	0
0	0
4	0
1	0
0	0
0	0
0	0
0	0
15	5007
81	5140
12	352
3	298
1	61
0	49
0	54
0	7
0	0
0	0
0	13
1	5899
8469	6493
0	5377
0	4621
0	2283
235	51
27	49
0	0
0	0
10	0
0	0
0	0
0	0
0	0
1388	447
0	449
0	5
1	163
14	336
0	62
6	1419
12	0
0	0
0	0
2	0
0	8286
15	8359
304	6205
0	6149
12	135
0	58
10	88
0	2
0	0
0	0
0	0
0	107
9	501
9	89
0	355
0	0
367	0
0	0
0	0
1039	12
258	0
750	96
1	18
0	18
8	9
2	9
1	60
0	3
0	540
3	540
0	501
0	5
0	501
0	539
0	10
5	9
0	77
0	2
0	9
1	33
0	750
2	120
3	440
0	45
0	717
0	2
0	102
0	237
0	615
2	10
0	106
0	0
0	25
0	80
0	54
0	63
0	60
0	352
0	97
0	261
1	151
0	99
37	153
4	153
0	116
38	713
0	51
35	857
2	317
3	481
0	75
0	202
1	23
0	156
0	147
0	62
2	26
0	322
0	0
0	0
127	350
0	125
0	47
0	233
0	4
0	8
0	0
0	53
4	28
0	90
0	31
0	29
20	325
0	254
0	318
0	98
0	41
0	10
0	12
1	66
0	12
0	32
16455	3231
7	2178
87	2952
11	1277
2	255
27	52
0	0
0	0
315	570
717	38
90	3553
766	4486
1	1292
0	0
16	806
35	806
0	43
1201	473
0	426
2	61
1	184
1	206
594	217
0	105
0	66
0	2
0	24
0	96
349	68
0	20
0	5
0	40
0	3
2	10
0	9
489	196
0	141
0	129
0	1
0	1
125	1305
0	1310
0	1177
0	354
1	190
12	109
0	78
0	25
0	0
0	0
0	0
0	7
0	7
124	800
12	798
1	16
16	1023
40	1124
11	1007
9	963
0	300
0	112
1	261
8	81
8	26
0	0
0	6
3	51
0	0
0	51
0	2
0	18
0	16
0	23
0	0
0	8
0	0
0	0
99	2903
68	3139
4	694
2	1047
18	1533
15	2910
0	233
3	815
2	682
0	471
1	111
1	725
0	49
3944	105
188	1
1	4
19	20
0	10
0	16
0	15
0	14
1	14
2	9
0	0
0	0
0	4
0	6
0	1
0	0
0	9
0	4
0	0
0	0
0	0
1	179
1	179
0	6
0	4
0	9
0	15
0	187
0	8
0	8
0	180
1	1
58	1040
30	1040
0	111
0	0
24	2303
0	2280
0	2264
0	2258
0	2281
2	2282
0	166
0	124
0	107
0	101
0	117
0	88
0	82
3	39
0	0
0	3
0	0
7	3
0	3
0	373
0	376
0	361
0	364
1	233
0	10
0	19
1	95
0	0
0	7
0	4
0	14
0	12
60	2004
0	10
12	60
8	1964
4	204
0	8
6	155
0	356
158	0
0	0
0	0
0	0
0	0
659	4732
44	2184
7	3931
12	307
0	307
0	12
0	2
24	0
1695	4694
5	14997
0	1287
1480	14782
0	2933
0	5010
2	2077
2	3744
2	1000
0	2961
23	10902
0	983
97	3787
0	7
50	35
0	32
0	3
0	3
0	0
424	0
1423	1627
47	1627
1	62
0	371
0	287
0	160
0	0
0	15
0	0
16	400
0	34
0	420
3	389
1	15
567	109
0	55
0	54
0	0
1060	275
0	215
0	187
0	30
0	45
0	30
0	19
3	49
1	0
0	109
18	109
0	0
2361	0
1	694
0	859
0	807
0	893
6	851
6	521
0	63
3	113
0	3606
0	3442
3	3045
0	753
0	409
0	409
0	2783
0	340
2	385
0	2139
0	553
0	24
6132	39492
3531	42367
2	26256
8	5540
2	7310
0	6706
2	362
0	7180
0	11672
3	2101
1	5583
32	330
6	14
0	160
0	33
0	2
0	12
0	132
0	73
0	73
2	61
0	24
0	25
0	12
0	0
2	259
0	261
0	261
0	0
0	0
0	0
0	0
0	0
0	1
0	8
0	6
0	0
0	0
0	0
0	0
0	0
0	0
0	0
0	0
0	0
0	0
0	0
0	0
0	0
0	0
0	211
0	211
2	71
0	0
0	0
0	0
0	0
0	0
0	0
0	0
7	1
2	1
0	0
0	0
0	0
2	1312
18	1237
0	1884
1	1864
1	1809
0	1805
1	161
2	359
0	223
0	8
1769	0
4	0
0	0
0	63
1	60
0	57
5	3
0	3
0	59
0	9
0	0
0	0
0	0
1	0
0	0
0	0
1	1
0	0
0	0
0	1
0	0
0	0
1	0
1	0
0	0
3	1472
0	1234
0	1410
0	1405
0	170
0	1103
3	75
0	1396
0	544
0	39
1	751
0	1196
0	750
1	13
0	664
0	131
2	928
0	122
0	0
0	3
0	0
0	0
0	0
0	0
29395	20
1	0
3	0
0	0
0	0
0	0
0	0
0	0
0	0
0	0
0	0
0	0
0	0
1	60
4	68
0	19
0	0
0	575
5	576
0	123
0	1
65	1
0	0
0	0
0	0
0	0
0	0
0	0
1	2216
2078	2485
4	1538
51	2086
10	629
1	650
11	1533
1	978
0	1621
0	1410
4366	1287
3	343
1	875
2	10
0	98
0	148
1	207
0	0
12	22
0	22
0	0
2399	8
406	153
1	4
0	44
0	44
0	44
1	71
0	83
0	0
0	40
0	61
0	0
0	43
0	23
0	12
0	33
185	712
2	561
0	152
0	27
0	10
0	0
0	0
0	0
0	0
0	9
0	9
0	9
609	511
0	252
1	259
0	27
58	68
0	23
8	43
0	0
1	0
0	0
0	0
0	0
0	0
0	0
0	0
0	0
26	4
1	0
0	0
1228	128
0	128
0	42
1831	149
0	61
0	139
0	52
0	3
0	0
1	33
0	0
0	0
42	0
0	0
0	0
0	0
0	0
0	0
0	1
0	1
0	0
0	0
1	0
0	0
8	9
0	6
0	5
0	5
0	1
0	0
0	2
0	1
0	0
0	0
0	0
0	0
0	0
10608	6539
0	3328
0	0
0	0
0	0
0	0
0	0
2	3211
515	0
8572	2574
0	758
0	111
0	1724
0	0
0	0
0	3
3	25
2	31
0	27
11	213
0	216
0	0
0	799
0	799
1	733
3	737
0	99
0	3
0	0
0	10
39	226
10	262
0	342
0	71
25	350
0	8
0	135
0	0
1	38
0	27
1547	1523
3	687
0	581
0	331
0	322
7	301
0	446
0	624
0	1
0	216
91	300
0	1
0	16
1	1
2	8
0	0
0	18
0	17
0	249
0	15
4	0
35	461
6	461
0	148
0	0
5571	2
751	999
0	724
3	947
0	21
0	0
1	3
1	173
0	168
0	45
3	1429
0	1426
0	1401
0	46
1	155
16	189
0	80
0	30
5	30
0	0
0	71
0	1
0	1
1	115
0	57
0	119
0	7
0	4
0	4
26	470
1	471
0	54
0	0
0	60
4	0
0	0
0	0
524	240
0	229
0	218
0	0
0	1
0	0
0	1
0	0
0	0
0	65
0	0
0	65
3	3
0	0
98	180
1	171
0	35
0	43
0	0
683	735
2	735
0	152
0	37
0	0
0	1
0	1
0	0
0	895
0	895
27	888
0	10
0	8
0	0
0	7
0	1
0	8
0	8
0	7
0	8
0	0
0	98
9	107
0	9
0	5
0	13
0	13
27	934
0	163
0	10083
0	10080
315	1239
1	876
16	2320
817	27
0	14
0	7
89	380
0	366
0	370
0	153
0	0
0	0
0	10
2	14
6	0
0	0
0	0
5	15
0	17
0	13
0	11
0	0
0	88
0	17
0	63
223	196
0	10
0	5
0	5
0	38
0	145
0	22
0	0
0	62
0	9
0	2
0	0
0	4
0	1
1	0
64	1833
689	1833
200	4
2	4
1819	702
0	8
0	10
0	149
0	472
0	36
0	119
876	0
36	46
0	26
0	7
0	24
6	10
20	10
641	262
0	0
0	0
0	0
0	12
3	28
0	33
3	186
0	157
0	0
9	398
1	350
0	285
0	229
1	214
0	39
0	64
0	12
0	19
0	19
0	8
0	0
5	660
0	108
0	40
0	10
22	655
0	24
16	643
0	632
0	40
0	3
0	3
0	0
0	0
0	0
2	136
95	62
0	39
1	0
624	6
51	488
2	292
0	136
7	330
0	15
0	31
0	135
60	135
0	0
0	2345
0	2626
38	2941
0	2899
1393	3516
0	2737
0	1573
0	1915
0	2229
0	1534
0	2024
0	1169
4	1755
0	1093
1	1845
0	1697
0	849
30	1626
1	24
0	714
0	523
0	0
0	0
0	0
0	0
913	1478
0	1352
0	973
0	1369
0	1190
0	1204
2	2
0	0
0	132
0	14
0	0
0	0
0	0
0	0
0	6
0	96
0	96
3	66
21	0
1	0
22	42
0	5
173	37
0	1
0	10
0	0
0	0
0	0
0	0
0	0
0	0
0	0
0	0
6	4
781	22
0	1
0	4
0	0
2	20
0	0
10	17
0	12
0	0
0	5
0	0
0	9
0	0
0	2
0	1
0	3
0	0
0	0
0	4
35	319
0	103
0	90
0	0
0	0
0	252
0	121
0	7
0	0
54	0
1	0
0	0
0	0
0	0
12	191
3	199
0	82
0	28
0	76
0	24
0	36
0	5
10	510
2	292
35	263
0	381
0	91
1	109
1	414
0	102
0	101
0	20
0	119
0	294
0	304
0	49
0	207
0	0
0	0
0	0
4875	139
0	14
0	90
7	77
0	0
0	6
0	55
0	263
0	264
0	0
1	0
0	538
0	613
3	607
0	604
3	612
0	4
0	68
3	57
0	0
0	0
0	0
0	0
0	249
4	1
0	20
0	250
0	189
0	1
0	2
0	0
854	81
0	81
1	26
0	4
0	4
0	291
716	295
0	17
0	57
0	9
0	9
0	0
0	0
0	0
5	9
0	0
0	40
0	39
0	39
0	12
0	0
0	0
0	3
0	0
0	0
0	0
0	0
0	3
0	0
576	0
0	0
345	7730
6	7641
0	1137
0	86
0	11
0	11
0	4
0	0
0	0
0	0
0	116
0	123
0	18
1	37
0	4
0	0
0	0
0	0
7	590
0	540
0	581
0	553
0	549
0	466
0	289
0	89
0	124
0	0
0	76
0	33
0	19
0	29
0	16
0	11
0	8
0	17
0	0
0	16
0	0
0	0
0	0
0	21
0	0
0	0
0	0
0	0
0	0
0	0
226	1767
9	0
0	0
0	0
1	207
0	0
0	0
0	0
0	0
0	0
0	113
1	68
3	212
0	75
0	170
1	3
0	3
0	5
0	207
0	0
0	301
0	167
0	21
0	1
0	4
0	8
0	5
0	0
0	10
1	2
0	1
0	15
0	34
0	0
1	0
0	124
1	0
0	0
0	0
0	0
0	0
0	0
0	0
0	0
0	3
0	3
46	4
0	0
0	0
0	12
39	32
0	29
0	14
0	13
0	10
0	13
0	13
0	5
0	0
1	7
0	1
0	2
0	11
0	2
0	4
0	0
0	0
0	377
0	367
2	8
0	28
0	28
0	0
0	0
0	0
0	0
0	9
0	0
0	0
0	0
0	0
0	4671
0	4641
0	49
3	182
0	74
0	1
0	16
0	146
0	0
0	0
0	4456
0	0
3	0
0	1137
0	144
1	32
0	0
44	0
0	0
0	0
1	0
0	0
943	2
0	36
0	36
0	1145
0	0
0	0
78	23
1	23
18	951
0	47
4	982
0	0
0	1197
4	901
2	115
0	943
0	0
14	243
0	154
0	7
5	159
2	73
22	28
0	89
0	5
0	8
11	0
1	0
1	0
215	20
0	20
0	147
1	150
0	5
0	0
1	39
0	0
0	1
0	1
0	41
0	1
1	652
1086	660
1	475
1	289
0	0
1	0
0	0
221	55
0	55
0	0
0	0
0	0
0	0
0	0
0	2
0	4
0	4
0	0
0	2
0	0
0	0
0	0
0	0
0	0
0	0
1	4
0	2
0	2
0	1
0	3
0	0
0	0
0	0
0	0
9	4
0	407
0	4
0	336
1	411
0	6
4	354
0	4456
0	4457
0	1
8	689
57	2040
19	4366
0	733
1	528
0	87
1	2028
592	3646
0	35
0	2
1692	714
0	11
0	574
0	63
0	723
0	0
0	0
0	7
0	454
0	13
0	8
0	218
0	16
0	0
0	27
1	14
0	0
0	6
0	2
0	8
0	4
0	3
0	4259
46	0
0	2492
1237	4606
1	1175
0	0
4	188
1	1296
2	552
1	244
0	0
0	1
0	0
0	0
5	1418
3	1443
0	51
3	286
1	53
0	33
0	0
0	0
2	355
94	374
0	49
0	0
0	0
3	0
141	289
0	0
0	0
0	110
0	0
218	205
1	203
10	4744
0	4720
5	444
7	389
0	389
61	237
0	0
0	128
0	95
0	0
217	1423
1	539
60	1376
195	4187
177	4126
0	1107
0	0
0	185
9	345
8	432
0	284
0	2
49	2
0	2
0	0
0	0
0	0
0	0
0	0
5	221
0	176
0	61
0	28
0	2
0	8
0	70
0	0
0	0
0	0
38	22
0	22
0	0
0	0
0	1
0	1
0	0
0	0
0	0
0	0
0	0
0	0
0	0
0	0
0	1
0	1
0	0
0	0
0	0
18	74
0	345
1	214
0	209
0	212
18	346
0	226
3	52
7	297
0	98
0	61
0	95
16	77
3	0
0	0
0	0
0	0
0	0
14	0
6	248
0	230
0	126
0	3
1	70
0	4
0	8
6	4
2	16
4	16
0	0
0	0
0	0
0	0
0	0
0	0
992	77
0	77
0	27
0	0
3	0
0	0
0	0
3345	356
0	30
0	326
0	57
0	0
0	0
0	0
0	0
0	0
0	0
0	1
25	2501
6	2277
0	375
3	309
0	45
3	672
0	112
3	237
0	1
0	0
0	19
3	0
0	198
73	368
0	276
913	687
67	3
0	3
3	597
1099	597
0	0
0	1
0	1
0	1
0	2
0	1
0	4
0	4
0	2
0	0
0	0
0	0
0	0
0	0
0	0
0	0
0	0
0	0
0	0
0	0
7	2
0	2
2	2
0	0
3	1
3	0
0	0
0	0
0	0
0	2
0	0
1	2
0	0
0	0
0	0
7	0
109	363
0	363
0	34
0	11
10	33
0	15
24725	69257
0	71
8	24982
16	17452
5	37616
6	17271
0	29060
0	24241
33	20975
0	0
16	819
0	738
0	164
64	0
0	0
0	0
0	0
0	0
14	38
0	0
0	0
0	0
0	0
0	0
0	0
0	0
0	0
0	0
0	0
0	0
0	0
5	0
0	0
0	31
26	49
0	25
0	0
0	0
11	1
0	1
3794	4633
5	3580
5	987
3	7760
9	7434
0	883
0	337
0	0
1	153
0	244
0	231
2	11
0	0
0	1
0	0
0	0
0	0
0	0
5	12
6	421
2	22
0	367
0	430
0	320
0	0
0	0
0	19
0	221
0	7
0	10
0	0
0	14
0	260
0	56
0	119
0	1064
0	1
0	1046
0	312
2	306
2	1046
0	1027
0	6
0	0
0	7
0	58
0	22
0	220
0	2
0	2
0	2
0	0
0	0
0	0
0	0
0	0
0	0
0	0
0	0
217	26
0	26
2	20
2	38
0	6
2	25
0	8
5	207
0	68
0	0
7	37
0	19
0	29
0	0
0	0
0	0
0	0
0	0
0	0
0	0
0	0
0	0
218	279
2	279
237	13
0	8
0	0
0	5
0	0
0	1
0	3
0	0
0	3
0	2
0	0
0	1
0	1
0	0
0	0
0	0
0	0
0	0
0	0
0	244
0	297
59	334
20	412
46	385
0	253
0	80
0	77
1	1
1	0
8	9
2	9
0	0
0	0
0	0
0	0
2	0
0	3
0	3
48	3
0	0
37	292
0	3
0	2
0	2
0	0
0	0
0	0
1	0
0	0
0	0
0	34
1116	82
0	2
0	20
0	0
0	59
3	0
1	0
2168	201
2	187
0	2
0	0
0	2
0	0
0	0
0	0
0	0
1	764
0	764
0	0
0	695
0	0
0	0
0	0
0	176
0	218
0	153
0	0
0	0
0	698
0	0
0	0
0	0
0	0
0	0
0	0
0	0
0	0
0	0
0	0
0	2
0	0
0	0
0	0
0	0
0	70
2	70
0	0
0	0
0	0
0	0
0	0
0	0
0	0
23	176
0	172
0	120
0	27
0	42
0	6
85	0
0	0
0	45
0	0
0	3
0	6
0	6
3	2
35	1192
17	1192
3	24
0	0
0	0
64	32
1	32
0	0
0	209
0	2
0	0
0	0
0	3
2	196
0	209
0	0
0	0
3	0
0	0
0	3
0	21
0	61
0	157
0	119
0	25
0	0
15	0
0	67
20	217
0	183
0	32
4	165
1	141
46	570
85	656
0	656
106	2576
0	2576
0	850
0	0
0	0
159	0
0	0
0	0
0	0
0	97
9	97
0	9179
1	8125
20	8421
0	8822
0	9299
8	3493
0	324
0	0
9	57
0	60
9	848
0	741
0	0
7	50
49	50
59	571
0	346
2	196
0	24
2	259
0	0
6	306
24	306
3	306
0	0
11	0
0	0
0	0
0	0
0	0
0	0
0	0
26	0
0	0
0	0
1	0
0	0
0	0
0	0
0	0
0	0
0	0
0	0
0	0
0	0
66	19
0	2
0	19
0	0
1	785
0	785
0	528
0	506
0	736
0	811
0	578
0	110
0	0
0	64
0	43
0	5
21	0
38	1118
3	1080
0	570
0	580
1	623
0	277
45	296
0	198
0	30
0	63
0	20
0	16
0	31
0	48
0	37
0	62
0	27
0	17
0	34
0	53
0	42
0	18
0	19
0	52
0	43
0	27
0	41
0	45
0	50
0	38
0	27
0	54
0	16
0	42
0	44
0	45
0	34
0	43
0	24
0	18
0	0
0	0
0	0
1	142
0	9
1	38
10	19
0	129
0	30
1	3
0	3
0	3
6	3
2	3
0	0
0	0
0	0
2	1
6	172
0	157
0	127
0	124
6	0
0	16
0	16
0	0
12	11
0	0
0	0
0	0
0	0
1	0
0	0
0	0
1	4
31	6
0	4
0	3
0	0
1	4
0	0
0	0
0	0
0	0
0	0
2	9
0	1
0	0
0	0
0	0
0	0
0	0
0	0
0	0
0	0
11	8
0	19
3	20
0	29
0	113
1	89
8	15
1	80
0	0
1	0
9	93
0	28
0	0
0	58
0	0
0	0
0	0
42	17
1	13
0	0
0	0
1279	0
2	0
205	85
1	80
0	0
0	0
0	0
0	1
2	1
0	1
792	360
18	360
6896	318
0	313
0	0
0	0
0	110
5	365
0	298
0	3
0	3
0	294
0	91
0	134
0	0
0	93
0	38
234	12328
110	13103
0	11325
4	11987
0	6607
1	229
2	13
26	1435
2	864
0	237
0	974
0	11
2	3
0	0
0	11
0	10
0	11
0	9
0	11
0	0
0	0
0	1
354	10
0	0
0	9
4	8
1	0
0	0
0	0
0	0
0	0
0	0
0	0
1	0
0	0
0	0
0	0
14	6038
0	0
0	0
0	0
0	0
0	0
0	0
0	0
0	0
515	905
3	899
0	50
0	0
4	2
0	13
27	33
0	56
1	19
0	13
0	27
0	0
0	21
40	48
0	0
0	30
0	0
0	0
0	0
3	0
0	0
6	41
0	41
0	29
0	0
11	44
0	44
0	6
0	33
0	3
0	0
0	0
0	0
0	0
0	0
0	0
0	0
0	0
40	8
0	8
0	0
13	0
0	0
2	52
1	52
0	8
0	1
0	0
0	0
0	0
0	0
0	0
0	0
0	0
0	0
0	0
0	0
0	0
0	0
0	0
0	0
0	0
0	0
0	0
1083	0
0	0
0	0
2	0
394	41
0	41
0	0
0	0
0	0
0	0
4523	39
41	0
0	0
0	0
238	190
0	185
0	131
1	130
0	1
0	3
0	2
0	0
0	0
22	0
0	0
0	0
1055	2
0	0
0	0
0	0
0	0
195	48
0	0
0	46
332	176
2	172
0	170
0	174
0	1
1	25
0	8
323	7
0	7
0	2
0	0
0	0
0	3
0	3
0	3
0	2
0	18
0	5
0	1
0	0
0	2
0	18
0	0
0	0
0	0
0	0
0	0
0	0
0	1
8	0
0	2
3	2
0	0
0	14
297	14
0	0
0	4
0	13
1	1
0	0
0	0
1	0
0	0
0	0
0	0
0	0
10	2
13	10
0	10
0	0
0	0
0	156
146	182
0	77
1	85
2	171
0	3
0	7
0	0
0	33
1	0
0	178
0	75
0	168
2	162
0	0
0	0
0	2
0	10
2501	155
0	150
0	0
0	0
6	15
0	15
2796	662
2	374
4	486
2	0
0	0
0	0
142	44
0	2
0	42
0	0
0	9
4	0
0	1
0	0
311	63
0	58
0	37
0	17
0	1
1	0
0	0
0	1
3	6
0	1
0	1
0	2
0	4
0	0
0	0
0	0
0	0
0	0
0	0
0	748
1	293
0	311
1	293
2	263
0	63
0	28
0	11
0	4
0	19
0	2
0	0
0	0
1	0
61	4305
0	5
24	258
0	165
0	84
0	93
2	0
0	0
0	0
1	0
21	372
0	356
0	33
0	13
0	11
0	0
0	0
0	5
0	12
0	9
1	76
0	0
0	0
0	0
0	0
0	0
0	0
0	0
890	817
34	817
0	0
0	0
0	0
0	0
0	0
0	0
5	56
0	1
0	4
0	52
1	142
374	0
0	5
0	0
0	5
0	0
0	0
0	9
1	11
0	11
0	0
1563	354
0	0
0	72
0	125
0	6
0	157
451	70
7	0
1	70
0	0
0	0
0	0
0	0
0	0
0	0
0	0
0	0
3	0
0	9
0	0
0	0
0	0
0	0
0	0
0	0
0	0
24	0
130	264
73	243
5	2
0	127
0	209
3	0
30	581
2	581
0	12
0	0
0	0
0	0
0	0
0	3
25	18
0	0
7	5
0	18
0	1
0	2
0	0
0	0
0	0
0	5
0	0
3	0
44	2
0	2
0	1
0	0
0	0
0	0
0	0
4721	1662
0	1658
0	1620
0	230
0	99
0	420
8	0
1	0
365	490
0	1273
6	1204
0	6
165	157
0	37
0	17
0	17
0	100
0	10
5	0
0	19
2	252
0	262
0	252
0	250
0	2
0	1
0	0
0	0
0	0
0	0
0	0
0	0
0	0
8	22
0	22
0	0
0	1
0	0
0	0
0	0
0	0
0	0
0	0
0	0
0	0
0	0
0	18
0	17
0	17
0	7
0	1
0	1
34	280
1	259
0	48
0	14
0	0
608	109
0	109
0	0
0	0
0	0
0	1
0	241
0	0
0	0
0	0
0	222
0	9
0	54
0	121
0	2
0	0
0	0
0	109
6	3
0	72
0	0
0	0
0	17
0	155
3	1992
31	2250
0	48
10	418
0	405
1	128
0	0
8	104
566	104
0	0
41	375
0	371
0	1
1	0
0	0
3	75
0	0
0	0
0	0
0	9
0	0
0	9
0	0
0	0
0	1
0	0
0	0
0	0
0	0
0	0
0	0
0	0
0	0
0	1
5	0
0	1
0	1
0	1
0	1
0	0
390	1159
0	1159
0	281
0	439
0	437
0	0
0	0
102	257
0	0
0	0
0	0
0	0
0	0
0	0
0	0
0	0
69	7
0	7
0	0
0	0
0	0
0	0
0	0
22	294
21	266
0	39
0	243
3	213
0	17
0	32
0	57
0	20
0	17
0	7
274	726
49	726
0	725
38	725
2	0
0	0
0	0
0	19
0	549
0	20
0	569
0	557
1	4
1	5
0	0
0	21
0	507
0	27
0	501
0	30
0	95
0	0
1	7
0	0
0	0
24	556
0	679
0	611
0	0
0	0
0	34
0	1
0	3
0	0
68	11
0	3
0	8
0	0
0	0
0	0
0	0
6	399
25815	595
0	0
277	1640
0	1640
0	15
12	11454
957	11538
0	1850
1	3098
2	3067
34	1740
1	682
0	1278
0	2025
0	1
0	0
0	1
0	0
0	0
0	0
112	57
0	0
0	1
0	27
0	6
0	16
0	1
0	4
0	5
0	13
3	804
0	951
0	779
0	975
0	41
2	60
0	0
0	0
11	0
9	3
0	8
3	8
0	1
0	2
0	1
0	0
0	0
168	484
10	498
16	395
0	84
0	0
0	0
0	12
0	0
0	0
0	0
0	0
0	0
0	4
0	0
0	0
3	0
0	1
0	0
0	1
0	1
0	1
0	1
0	1
0	0
0	1
0	1
0	1
0	1
0	1
0	1
0	1
0	0
0	1
0	0
0	0
0	1
0	1
0	1
0	1
0	1
0	1
0	1
0	0
0	1
0	1
0	0
0	0
0	0
0	0
0	0
0	0
0	0
0	1
0	1
0	1
0	1
0	1
0	1
0	1
0	0
0	1
0	0
0	1
0	0
0	0
0	1
0	1
0	0
0	0
0	0
0	0
0	0
1	0
0	31
26	65
0	65
0	0
0	38
0	3
0	2
0	0
0	3
3	0
475	296
0	284
1	246
5	172
0	59
0	0
0	445
26	464
0	4
1	157
0	0
0	36
0	8
0	8
0	8
0	0
0	0
0	0
0	1
0	71
46	170
0	16
5	20
0	4
1	153
0	14
0	19
0	3
0	0
0	7
0	15
0	8
0	13
0	0
0	0
2	0
3	1
0	1
0	0
0	0
0	0
0	0
0	0
0	0
0	0
0	0
0	57
13	41
164	2166
0	2099
0	263
0	111
0	0
39	769
162	1399
0	116
0	195
0	280
11	1210
0	704
0	0
0	675
0	0
0	27
0	0
0	0
0	14
163	425
0	416
27	383
0	118
0	0
0	0
7	17
0	15
1	0
0	0
0	0
0	10
0	12
0	0
2	27
0	6
1	24
0	8
0	10
0	10
4	8
0	10
0	14
0	2
0	731
0	780
0	741
0	0
0	1500
0	1519
0	1495
0	447
0	5
0	105
1	537
0	68
0	159
0	143
0	75
2	124
0	145
0	63
0	58
0	45
1	27
0	0
1	1
0	0
2	24
1	483
4	33
0	168
2	250
0	734
0	767
0	72
0	92
0	31
0	0
0	28
0	229
4	3
0	3
0	0
0	0
0	16
1	16
0	4
4	7
0	7
0	7
0	0
0	0
0	0
0	0
0	0
0	0
0	0
0	0
0	0
0	0
0	0
0	0
4	19
0	81
0	81
0	0
6	19
0	7
9	1
0	1
0	1
4143	923
39	58
0	104
0	333
0	290
0	351
0	0
2	84
0	253
14	261
0	18
0	18
0	23
0	2
5	1553
0	551
4	185
0	307
0	1101
0	1312
0	244
3	565
0	304
30	0
0	1627
31	1736
0	1273
4	1515
0	1456
1	285
0	155
0	95
0	412
1	933
0	511
0	369
0	238
9	0
6	123
0	55
0	92
0	54
0	93
1	69
0	79
0	74
0	100
1	45
0	0
24	33
1587	667
0	12
2	161
7	477
237	3088
7	2827
0	3088
26	2988
13	823
5	922
4	362
9	458
3	147
0	92
0	351
0	373
0	246
0	277
0	276
2	32
14	171
1	10
41	436
0	440
0	270
0	410
0	79
11	194
0	109
0	7
0	124
0	28
0	26
0	31
0	52
2	71
17	155
0	50
0	48
0	153
0	0
4	653
12	43
824	2939
3	34
0	415
2	652
0	750
0	273
1	795
0	1
0	394
3	30
0	11
0	425
0	691
12	1325
1	438
0	114
0	679
0	1152
5	43
1	1227
1	77
604	4
0	117
0	114
0	71
0	85
1	28
2	34
0	11
0	13
0	11
0	110
61	594
0	568
0	36
1	126
0	2
0	78
0	57
0	0
0	0
0	0
0	0
0	0
0	0
2	0
0	0
0	0
0	0
0	0
0	0
0	528
640	1280
2	851
0	85
11	2708
144	2731
116	2705
0	762
1	1312
26	770
0	478
2	445
4	197
8	46
375	19
0	15
0	1
0	1
0	0
3	312
1	344
82	332
1	243
0	1
12	7
0	0
0	2
1672	204
0	196
157	1393
0	1191
0	313
0	387
0	162
1	4
0	4
0	0
505	2163
4	1988
2	0
0	31
1	72
0	51
2	46
1	0
0	0
0	30
0	7
0	0
0	13
0	0
0	0
0	0
0	0
0	0
14	82
4	77
0	8
0	16
1	0
0	18
0	0
2	5
0	0
0	0
15	280
0	241
3	247
0	18
0	7
0	0
72	449
0	417
0	25
2	143
0	63
0	0
0	119
429	1
0	1
0	0
0	0
0	1834
0	1811
0	1609
0	1763
0	654
0	1805
0	0
0	0
0	70
0	54
0	0
0	101
1602	0
76	431
19	465
0	80
0	130
14	108
227	538
0	255
1	530
0	175
10	35
9	77
1	7
1	70
0	0
0	16
0	3
1	240
0	0
0	240
0	237
49	240
0	2
0	239
0	240
0	70
0	9
14	0
0	0
4043	204
2	18
21	184
0	0
0	0
0	16
2	356
0	356
0	182
2	46
8	286
0	11
0	0
0	126
0	23
0	155
0	47
0	87
0	149
0	107
0	232
0	101
0	170
0	111
153	193
0	19
4	16
0	12
6	123
0	123
0	40
0	3
0	36
0	21
0	0
0	17
5	17
1	0
16	196
2	208
1	196
0	196
0	194
0	196
0	19
6	0
0	17
0	15
0	13
0	3
2	0
0	1
25	6161
2356	6949
1	1013
4	511
0	683
0	1598
0	1592
33	166
0	182
0	0
0	35
22	3196
16	3196
4	2645
216	3190
0	3190
2	431
2	278
0	136
0	6
0	411
0	439
0	346
11	167
1	5
0	4
0	4
0	1
0	0
0	0
0	0
0	0
0	0
131	313
0	311
0	32
11	188
0	56
0	3
0	14
0	79
0	40
0	23
0	34
0	17
0	1113
32	1085
0	937
0	1071
0	1052
0	115
0	6
0	164
0	11
2	357
0	23
0	7
0	35
0	65
0	106
0	102
0	10
0	125
0	110
0	78
0	69
0	0
0	94
1	46
0	8
0	327
0	323
0	259
0	2
0	20
0	31
0	14
0	2
0	0
0	0
12	49
0	0
0	0
0	0
0	6
0	1
5	0
47	533
113	533
0	0
1	23
0	23
0	0
0	1
0	0
0	0
145	16025
4	15158
0	1016
10	48
26	13710
10	94
48	112
0	3
0	2
0	4
0	17
0	11
0	0
0	24
0	21
0	21
0	1
0	0
0	19
1	22
0	24
0	0
0	3
0	2
0	3
4	4
0	2
0	5
0	3
0	6
48	14
0	14
0	0
0	0
8	17
0	0
0	0
0	2
0	0
0	2
0	0
0	0
0	7
0	0
0	797
0	2
0	5
0	11
0	2
0	261
5	61
0	0
6454	1764
8	354
0	751
17	1594
23	416
0	343
0	0
3	606
0	4
19	1126
0	0
11	459
0	1
0	408
4	332
2	139
0	1217
0	1200
0	1
0	1165
0	1254
1	1101
2	49
0	319
0	1082
0	15
38	0
3	939
1	112
0	164
0	169
0	45
0	25
0	0
0	21
0	4
0	1
0	1
0	0
0	0
0	1
0	546
3	624
0	66
0	576
0	49
0	118
1	175
0	73
0	77
278	2307
0	2305
0	0
0	1
0	1
0	1
0	0
0	0
0	0
1222	2026
12	2031
0	1998
9	2010
1	20
0	10
0	6
2916	427
0	398
0	215
2	29
1	337
317	362
0	29
9	74
504	361
64	385
0	167
5653	1984
2	2
5	1678
3	394
0	896
0	0
0	0
4	763
299	3196
10	2638
0	2360
2	2254
4	1172
0	95
1	2082
0	0
1	48
0	44
0	0
2	1031
0	325
2	0
0	478
0	1
1	1
19	0
0	0
0	0
0	0
7	953
2	562
0	882
1	699
0	643
0	739
0	257
0	6
14	74
0	2
0	0
0	0
0	0
0	0
0	0
67	1247
0	65
0	1247
4	0
0	11
678	109
1	9
0	1
0	2
0	60
0	29
16	1627
4	1695
0	1790
0	1797
0	1821
1	245
2	16
1	82
0	44
0	1262
0	52
0	137
0	121
7	282
0	205
17	54
0	1718
0	248
0	23
0	337
0	76
1	103
0	274
0	94
0	150
0	119
0	1632
0	1561
0	365
0	1441
0	162
0	313
0	1482
0	118
0	315
0	167
0	182
2	34
0	348
0	80
1	73
0	409
2	380
0	317
1	206
0	265
2	259
0	138
0	7
0	140
6	184
18	47
1	10
0	814
0	1895
176	1891
0	32
0	42
1	232
7	54
14	46
0	73
1	0
0	1
3	361
0	64
557	1333
1	526
0	44
0	246
15	706
0	22
0	7
0	28
777	757
1	359
4	529
14	308
41	1
1	1
0	0
0	0
0	0
345	983
5	387
0	152
0	122
0	6
4	304
1	287
0	61
6006	0
0	2
2240	1391
0	24
3	426
0	985
5	318
1	714
0	0
0	0
38	1091
2	694
8	458
1	140
0	39
0	18
0	26
0	78
1	45
2	95
8	75
0	2
0	0
0	9
461	36
2	27
0	3
947	142
0	101
0	80
0	0
1	0
0	31
29	629
1	2151
27	764
0	233
16	243
14	278
0	0
195	404
27	2015
3	243
0	270
0	54
1	268
2318	370
2	51
1	35
0	3
0	56
5	246
0	0
0	1
0	1
0	0
2	382
9	389
0	5
0	4
0	5
0	3
0	52
0	0
0	0
0	120
0	76
1	107
2	120
0	104
0	93
0	109
0	98
40	2
1	0
0	0
5955	5060
4	2336
3	909
2	900
2	211
5	2045
0	1339
0	116
0	0
0	1
0	1
0	0
0	0
0	0
0	0
0	0
0	0
0	0
0	0
0	0
3	294
0	278
0	16
0	0
0	109
0	92
0	108
1	13
0	5
0	211
19	2379
0	2394
0	2256
0	336
0	2
0	701
0	60
0	834
0	28
0	811
0	84
0	305
0	53
0	527
0	242
277	1175
19	188
0	173
0	149
16	276
8	776
15	823
0	285
0	73
2	484
0	415
4	92
6	43
0	23
0	38
0	0
1578	893
21	847
8	27
215	0
40	0
3129	249
0	32
1	32
0	125
0	110
0	53
0	52
0	0
0	0
0	0
0	0
0	0
0	0
0	0
0	0
0	0
0	0
0	0
0	0
0	0
0	0
0	0
0	0
0	0
0	0
0	0
0	0
0	0
0	0
0	0
0	0
0	0
0	0
0	0
0	0
0	0
2	0
0	0
20	0
0	0
0	0
0	0
0	0
0	0
0	0
0	0
0	0
0	0
0	0
0	0
0	0
0	0
0	0
0	0
0	0
0	0
0	0
0	1
15	36
6	36
14	32
1	32
0	21
3	40
2	102
0	2
0	58
0	17
0	31
0	77
0	9
1	17
0	42
0	48
0	1
0	15
0	7
0	50
0	0
133	94
0	4
0	84
0	16
0	13
0	23
0	1
0	0
0	0
47	8384
6788	1538
2	8379
8	1158
0	0
0	0
279	4
6	9
5	805
1	0
6	8780
0	6133
0	5107
117	298
0	1033
154	2002
3	591
4	454
3	73
0	432
2	1106
3	2827
0	2915
0	2900
3	2930
0	138
0	197
0	2681
0	2860
9	2824
0	2858
1	2904
0	394
0	113
0	119
0	242
0	95
0	150
0	18
0	28
0	51
0	0
0	29
0	13
5	5
0	0
1	3
0	0
0	2
0	0
0	0
33	1106
0	168
0	414
26	521
0	1106
0	187
0	3
12	3
296	12835
5	14457
7	6522
113	12579
104	13835
5	1
251	0
0	0
17	270
78	224
0	72
0	47
1	15
0	0
1	163
0	33
3154	300
1	29
9	143
0	29
0	7
0	36
0	0
0	40
0	101
895	217
1	142
0	56
1	37
0	0
2	664
0	649
1	629
1	651
1	1
0	24
0	19
0	0
0	41
14	40
2	28
6	41
3	145
0	0
0	141
0	3
0	0
1	2
0	132
0	11
0	42
3	34
0	46
13	32
0	24
1	6
0	8
0	109
2	109
0	108
0	57
0	81
0	0
0	2
0	1
0	6
0	0
0	0
0	11
0	0
157	837
0	17
0	123
1	106
0	236
0	298
3	182
0	0
0	285
24	403
1	84
0	243
0	245
0	237
0	31
0	33
1	3
2	0
0	0
0	0
0	0
0	0
0	0
0	0
0	0
0	0
0	0
6	0
0	10
0	10
0	0
0	0
77	17
0	17
335	8
1	4
0	2
1	0
0	156
0	156
0	0
0	156
0	3
0	16
0	144
0	0
0	0
0	0
2	4
0	4
0	0
1	0
10	0
1	0
0	0
0	0
0	2
0	2
0	0
0	0
0	0
0	0
0	0
0	0
0	0
0	0
0	1
0	0
0	0
0	0
0	0
0	0
0	0
0	0
0	1
0	0
1	17
0	17
0	2
0	0
0	0
0	90
0	400
1	315
0	423
0	232
0	322
0	321
0	232
0	23
0	286
0	0
0	173
0	211
0	46
0	401
0	17
0	1
0	32
2	35
0	46
0	3
0	0
0	29
0	1
0	6
0	0
0	6
0	9
1	1248
737	1255
0	32
33	231
0	5
0	3
0	230
5	11
0	7
0	14
0	0
918	0
0	0
0	0
0	93
7	95
0	0
0	3
0	0
0	2036
0	2665
0	2555
0	2001
6	1994
0	2611
36	2636
0	1627
0	1671
0	0
45	1485
0	1507
2	1341
25	1341
0	1186
0	1171
6	1155
4	9879
0	9828
0	9879
67	10221
0	9809
0	1293
3	781
0	718
26	523
0	201
0	152
27	47
0	8
0	3
0	0
2	0
46	210
0	0
4	210
0	0
0	0
0	0
0	0
10	0
0	0
0	0
0	0
0	0
0	0
0	0
0	0
17	5
0	5
0	1
0	0
0	0
0	0
0	0
840	708
14	708
0	35
0	55
0	37
0	41
0	537
0	88
0	0
0	0
0	18
0	101
0	127
1143	984
0	666
0	648
2	641
4	634
0	853
0	819
0	379
0	314
12	792
0	244
1	424
0	592
1	0
91	796
0	716
1	101
3	136
0	0
196	0
0	0
0	1
0	1
0	0
0	0
0	0
7	0
0	0
0	0
164	65
0	65
85	726
125	5
12	726
0	0
0	0
0	0
6	0
0	0
0	0
133	664
0	522
0	451
5	457
0	0
2	272
0	144
0	66
3	49
0	33
0	0
2	203
2438	217
0	16
1098	16
27	43
0	38
1	16
0	0
2	0
2	0
24	14
0	5
0	0
0	10
1533	3150
0	2505
0	784
0	77
27	618
68	117
0	614
0	96
0	583
0	20
0	559
0	215
0	131
0	0
0	0
2	0
1788	2
0	0
0	0
0	0
0	0
0	3
0	0
0	1454
0	0
0	0
0	0
0	0
0	2
21	9
0	9
0	0
17	530
262	274
12	274
0	0
0	0
0	0
0	0
0	0
215	16
0	19
0	8
0	9
0	11
0	11
0	10
0	7
0	1
0	4
0	3
0	2
0	0
0	0
0	0
60	0
0	0
2	0
3	0
0	2
0	2
0	1
0	1
2	1
0	0
0	1
401	646
2	574
25	313
33	188
0	184
5	376
20	64
0	97
0	32
0	131
256	243
0	207
6	0
0	0
1	0
0	0
0	0
0	0
8	134
124	134
1	35
1	0
2	183
0	7
0	25
0	5
0	2
0	0
0	0
18	156
0	18
0	3
0	13
0	0
0	3
0	1
0	0
161	42
0	12
0	33
0	3
4	417
0	11
0	5
0	3
0	8
0	3
1371	47
1	0
711	111
0	60
0	13
0	0
0	50
0	0
0	85
1	70
0	64
0	0
0	53
0	33
0	6
0	11
0	0
0	197
3	186
0	201
0	15
0	10
0	22
0	24
0	13
0	15
0	1
0	0
0	0
10	167
0	16
0	0
3	2
0	0
0	0
0	0
0	0
0	0
1	0
626	248
0	248
0	7
0	18
0	0
31	176
0	176
0	165
0	9
5	553
19	1876
15	1346
2	217
0	1105
1	558
0	419
0	315
0	78
0	122
0	2
0	125
0	120
0	104
2	47
1	42
18	47
0	0
0	9
0	10
0	1
0	0
124	744
15	733
0	671
0	661
9	731
0	192
1	192
2	142
0	0
0	8
0	8
0	6
0	0
0	0
0	7
0	7
7	0
1	0
3	1392
0	403
0	1336
1	14
0	1365
0	72
0	122
0	14
0	30
1	1
0	0
1144	66
0	55
0	11
4	16
0	16
0	8
0	3
4	325
0	325
0	193
0	15
9	13
0	0
0	0
1	0
0	0
0	0
0	0
0	0
0	1752
2	1752
0	0
0	0
0	0
430	295
6	115
0	18
0	18
0	223
0	192
0	12
446	22574
2	19076
2	2411
23	18600
0	0
6	3844
0	0
10	1567
0	0
0	0
0	0
526	908
0	908
13	528
1984	1412
5784	1846
0	499
0	603
1	0
16	0
5	0
0	0
0	0
0	0
0	78
1375	399
0	0
0	0
0	364
1	0
0	32
19	0
17	847
3090	847
1	0
462	47
0	47
1951	9787
4	9600
6	4347
13	5018
1	2662
0	32
0	32
0	0
2	0
0	0
0	0
2	0
1	0
0	0
7	0
0	0
0	0
0	0
0	0
0	0
0	0
1	0
0	10
6	10
0	0
0	0
0	0
0	2
0	2
1	18
3	7694
1	7370
0	2290
0	4431
4	394
7	427
0	3278
0	484
0	0
0	472
0	994
0	0
0	391
6	664
0	312
0	3900
0	22
1	9
4	97
0	75
0	76
0	77
0	61
0	16
0	6
0	0
0	0
0	3
7	3
1	2267
0	773
0	1817
0	3592
554	1249
0	0
0	46
0	0
0	0
0	290
3	48
0	3573
25	74
2	1
79	274
165	1164
0	250
7	3958
4	5882
2024	7507
263	4220
81	904
0	286
0	0
1	0
1	4
1	4
0	2
0	2
0	2
0	0
0	0
0	0
0	0
298	3
0	0
0	1
1	1
0	1
759	377
11	376
0	71
4	31
2	19
0	1
0	0
104	566
3	339
69	598
0	337
1	158
3	159
0	282
0	2
124	38
0	2
2	1
0	1
2	1
0	0
0	2
0	25
0	0
0	0
0	1
0	0
0	1
0	3
0	0
0	10
0	2
75	173
6	173
2	959
514	2225
0	43
0	1310
10	0
0	45
164	45
41	402
0	402
2	78
0	6
0	6
1	0
27	156
0	95
0	68
6	45
1	12
2	11
0	0
0	0
2	1524
100	1829
0	620
7	609
0	269
1	266
0	132
8	0
20	0
0	94
0	94
2	6
0	11
0	0
0	0
20	330
12	59
8	32
0	297
25	189
0	174
0	118
0	103
13	1512
72	1512
0	1512
0	197
1	38
0	35
0	6
0	0
10	0
0	0
0	0
3	0
22	185
0	40
9	1924
8	1917
0	74
0	54
2	18
1	336
2	12
0	0
0	0
0	0
0	89
0	66
1	88
2	701
0	610
2	127
1	450
0	346
0	386
0	421
0	0
0	0
0	0
0	0
1	0
0	0
19	358
0	157
0	283
1	0
0	67
2	0
0	14
0	32
5	0
0	0
0	0
0	0
0	0
0	0
3	0
0	0
0	4
0	1
0	4
2	4
0	0
2	0
0	0
0	0
0	0
0	0
0	0
0	0
0	0
0	0
18	431
0	6
5	430
0	0
0	0
0	0
0	0
0	0
0	0
0	9
0	0
165	22
0	22
0	1
0	1
0	0
0	5
0	5
0	0
0	0
0	7
34	13
0	0
1	6
0	0
14	1
0	1
0	0
71	10
2	10
6	0
0	0
0	0
165	224
5	201
1	43
2	1
0	0
0	0
0	0
0	0
0	0
0	0
0	0
0	0
0	0
0	0
0	0
0	0
0	1
0	0
0	0
0	0
0	1
9	0
348	46
0	46
1	2
0	2
0	33
0	1
5	2
0	0
0	0
0	1
0	0
0	1
11	589
0	709
521	2508
2	2403
15	1162
0	626
0	182
3	251
0	341
0	144
0	174
0	85
44	295
0	0
8	87
0	39
0	60
0	36
0	203
0	0
322	0
0	0
0	0
0	0
0	0
2071	0
4	882
0	0
0	153
1	14
18	71689
1	9
1	20
0	71687
0	3
2	1
3	1
0	21
0	82
262	131
0	101
0	0
0	37
0	3
0	668
0	668
0	8
0	660
0	62
0	9
2	66
0	65
0	66
0	66
0	11
0	0
0	688
0	0
23	753
0	0
0	0
0	108
0	0
0	4
4	196
53	301
0	236
0	299
6	315
0	48
0	2
0	22
0	0
0	1
0	5
0	9
0	6
0	0
0	0
0	4
0	4
0	4
0	15
0	0
0	4
1	528
0	534
0	1
0	1
0	95
0	10
0	4
0	0
0	0
3	0
0	0
0	0
0	2
0	6
0	4
0	6
47	13
0	1
0	0
0	1
0	5
0	0
3	0
57	5
0	5
0	2
0	2
2	0
0	0
0	0
0	0
0	0
0	0
0	0
0	0
0	0
0	0
2	5
18	5
2	36
51	36
9	24
31	24
0	0
0	0
246	70
0	70
0	0
0	0
0	0
0	0
0	0
0	0
0	0
0	0
0	0
0	0
0	0
0	0
63	422
0	422
0	0
2	4
0	4
0	273
0	5
1	5
0	54
0	4
0	0
0	62
0	273
0	0
0	190
0	0
0	0
0	0
37	217
0	183
7	217
0	0
0	44
0	0
0	0
0	0
1	261
1	261
0	2
0	260
0	260
0	228
2	228
2	214
26	0
178	245
0	113
9	4
0	31
0	0
2	87
14	59
0	19
0	16
0	0
10	671
46	646
0	57
0	14
0	13
0	140
0	25
3	0
0	0
0	0
0	0
0	0
0	0
0	2
33	24
0	0
0	2
0	24
0	2
0	8
0	0
0	3
0	4
356	685
16	296
0	0
0	0
0	0
0	0
0	0
1	57
2	0
0	0
9	1127
4	1118
0	0
0	34
1	0
506	122
0	122
0	0
6	0
0	0
50	28
0	28
0	0
5	770
0	779
0	115
2	29
0	0
0	0
0	0
0	0
0	1
0	1
0	3
0	1
0	1
0	4
0	4
0	4
0	1
0	3
0	3
0	4
0	4
0	4
0	4
0	4
0	4
0	4
0	4
0	3
0	4
0	4
0	4
0	4
0	4
0	4
0	4
0	4
0	4
0	0
0	0
1596	87
0	65
0	36
0	36
0	30
3	45
0	31
0	10
0	2
0	39
0	139
50	139
0	0
0	0
0	0
0	0
0	0
0	0
0	54
0	0
5	668
60	4595
5	4326
5	565
10	375
0	0
11	3061
0	3481
177	3409
0	875
15	1515
0	995
3	133
0	8
41	5
0	180
46	42
0	8
0	40
0	17
368	154
0	154
0	140
0	97
0	97
0	18
0	0
1	15
0	9
0	15
15	279
0	166
38	279
0	5
0	0
0	0
8	5
0	5
139	18
0	18
0	0
0	12
0	0
3	0
0	0
0	0
625	270
0	18
0	19
3	239
0	172
0	0
0	0
7	1109
144	1109
0	0
0	0
1632	63
3	25
7	23
0	12
0	0
0	0
0	0
0	0
0	0
0	0
0	0
0	0
0	0
0	0
0	0
0	0
0	0
0	0
0	0
0	0
0	0
361	5
0	3
0	0
0	0
0	0
0	0
473	427
18	428
0	288
0	196
1	267
0	70
0	14
0	44
0	39
0	21
0	0
0	4
0	0
0	0
0	0
2	0
0	0
0	0
0	0
0	0
0	0
0	0
0	0
0	0
0	0
0	0
0	0
0	0
0	0
0	0
2	0
0	0
0	2
0	2
0	2
0	2
0	0
0	0
0	0
0	0
41	19
0	19
0	0
0	0
0	0
0	0
918	347
0	363
4	340
0	30
0	0
0	5
0	0
0	0
0	0
0	0
0	0
2	8
0	22
173	90
0	2
0	44
0	43
0	1
0	71
0	3
1	0
0	0
0	0
54	34
0	34
0	0
0	0
1885	7
0	3
0	0
0	0
0	0
0	157
0	27
0	0
0	0
0	0
0	0
0	0
0	0
0	0
0	0
0	0
0	0
0	0
0	497
4	495
0	194
11	128
0	5
0	0
0	0
0	2
0	2
0	2
0	2
0	2
0	0
0	0
0	0
0	0
2	5
1	5
0	3
0	3
0	0
0	0
1219	20
0	0
1	11
0	0
0	0
0	2
133	111
0	0
0	0
0	0
0	0
0	0
0	0
0	0
0	0
0	2
0	0
0	2
0	0
0	111
0	106
0	0
0	0
0	0
1	0
0	0
0	11
0	0
0	0
0	0
238	72
0	72
0	0
120	241
1	208
0	210
7	106
0	0
0	0
0	77
26	910
233	1097
0	167
0	385
0	229
0	174
3	527
1	476
0	69
0	96
0	33
339	0
0	0
1142	727
0	499
24	723
7	493
8	91
0	197
0	45
0	0
0	0
0	0
1	0
0	0
3	895
0	1413
3	1413
0	31
0	0
0	0
0	0
1	0
0	0
0	0
0	0
0	0
0	0
0	0
0	0
27	19
0	19
0	12
0	1
0	2159
0	1
3	0
0	0
64	1033
0	850
0	196
3	475
0	60
0	0
0	75
0	1
0	0
0	0
0	2
0	0
0	0
26	4603
0	0
41	35
0	35
0	25
0	0
0	0
0	0
0	0
0	0
0	0
1	0
0	0
0	0
0	0
0	0
0	0
0	0
0	0
0	0
0	0
0	0
0	0
0	0
0	0
0	0
0	0
0	0
0	0
0	0
0	0
0	0
0	0
0	0
0	0
0	0
0	0
0	0
0	0
0	0
0	0
0	0
0	0
0	0
112	1433
3	1433
0	66
8	0
0	0
0	0
18	0
0	0
1	19
390	454
1	450
0	10
60	173
4	172
0	0
0	60
0	27
3	8
0	643
0	719
27	821
0	806
0	74
0	797
2	169
25	76
2	139
0	0
0	170
0	10
0	0
0	2
0	2
0	2
0	2
2	0
0	0
9	684
0	420
0	120
0	13
16	179
14	368
3	0
0	0
0	0
0	250
0	0
0	14
7	0
1	7
0	671
0	0
0	0
0	72
0	673
22	92
0	77
0	46
0	0
605	59
0	59
10	0
3	0
0	0
0	0
0	0
162	0
0	0
0	108
0	108
0	103
0	0
0	2
0	1
0	0
0	0
0	0
0	0
0	0
0	0
0	0
0	0
0	0
1	0
0	0
0	0
0	0
38	635
0	35
0	25
0	15
1	617
0	53
0	0
0	0
0	0
21	0
0	0
1	0
0	0
363	0
383	358
0	80
1	351
0	0
1	11
165	297
0	294
0	26
0	3
0	16
0	2
16	1000
25	1000
0	8
0	121
4	10
0	25
3	69
0	50
0	98
0	0
0	21
0	98
0	75
0	41
0	0
0	0
0	59
0	0
0	0
0	0
13	0
1	1034
0	150
0	1083
0	4
0	143
0	0
0	199
0	0
22	106
1	20
0	7
0	73
0	0
0	0
0	0
0	0
188	292
0	281
0	102
0	98
1	78
0	2
0	9
0	0
0	0
0	5
1	0
0	0
0	0
38	2979
23	0
1	2835
23	194
0	0
0	0
0	497
0	1854
2	0
0	0
5	4
0	4
0	2
0	0
1	0
0	0
0	0
0	0
0	0
0	0
0	0
0	0
3	665
0	24
0	99
0	84
25	655
0	91
0	52
1	0
0	71
0	64
0	44
1	0
0	0
0	0
0	0
0	0
0	0
0	0
0	1
0	0
0	0
0	0
0	0
0	0
0	0
1	0
0	0
63	1648
4	29
0	3
0	44
0	1621
0	42
0	1621
14	1614
11	1699
0	64
1	153
0	396
0	152
0	0
0	0
0	0
0	0
0	2
0	0
0	2
0	0
0	0
0	0
0	0
0	0
0	0
0	0
0	0
2	0
0	5
0	4
0	3
0	4
0	4
0	0
0	1
0	0
0	6
0	0
0	4
0	0
0	0
0	0
0	0
0	0
3	5
0	7
0	6
0	1
0	0
0	0
273	1
0	1
1145	794
0	665
0	144
0	146
0	1
0	0
0	0
0	0
0	0
0	0
0	0
0	0
23	8
0	10
0	10
0	7
0	0
0	0
0	0
0	0
0	0
0	0
0	0
0	0
61	2654
1500	9066
47	2688
4	6312
0	5099
0	627
4	5858
0	0
0	326
0	0
15	66
0	0
34	550
0	550
1	30
0	14
0	3
0	140
2	0
3	0
0	0
0	0
0	0
0	0
0	0
0	0
0	0
0	0
0	0
0	0
0	0
0	0
0	0
0	0
0	0
0	0
0	0
0	0
0	0
0	0
1	0
7	145
8	4064
144	4236
0	217
0	0
242	7
0	7
0	0
0	0
0	0
0	0
0	0
0	0
9	0
125	762
1	762
1	10
45	97
0	93
0	64
0	44
0	0
4	15
0	8
2	10
0	3
0	0
0	0
0	0
0	0
0	0
0	393
0	52
1	138
0	388
0	44
0	17
0	12
0	13
0	275
0	3
0	0
0	0
3	0
0	0
0	0
0	0
0	1
0	1
0	0
0	0
40	713
0	713
10	100
20	238
0	0
0	0
0	9
0	5
0	0
0	2
0	0
2	0
0	1344
0	1359
0	346
0	47
1	1320
0	346
0	0
0	20
0	37
23	1287
0	416
0	253
0	6
14	701
0	0
0	27
0	9
0	44
0	27
0	103
0	74
0	0
0	0
0	0
23	0
0	0
5	0
0	0
0	0
0	0
0	0
0	0
0	1
3	8
0	296
3	304
0	17
0	11
0	0
15	0
0	11
0	20
0	20
0	49
0	49
6	13
0	1
5	380
0	325
0	381
1	171
0	3
5	0
1	23
0	0
0	0
0	0
0	0
0	0
0	0
0	0
0	0
0	0
0	5
5	43
0	0
0	0
0	38
1	0
0	0
0	44
50	175
3	144
0	18
0	0
0	3
0	0
0	0
0	3
0	0
0	0
0	0
0	0
0	0
0	0
0	0
0	0
0	0
0	0
1	234
0	0
180	561
2	555
22	549
0	268
2	244
0	4
0	218
13	35
0	0
18	0
0	84
0	1
0	0
0	1
0	0
0	0
0	1
0	0
0	0
0	0
0	0
0	0
0	0
0	0
0	0
0	0
0	0
0	0
0	0
0	0
0	0
18	1278
39	0
522	203
0	3
0	23
0	68
0	115
6	81
158	392
1	372
0	364
0	0
0	0
6	275
0	38
156	277
0	40
12	941
1	958
21	811
0	550
0	232
2	171
0	0
2	0
1	0
0	0
0	0
0	0
0	0
3	49
145	49
0	0
0	0
0	0
7	799
1	46
0	139
0	0
0	0
0	0
0	0
0	0
0	0
8	86
39	86
0	0
0	0
0	0
0	0
0	0
11	71
0	60
0	8
0	12
0	9
0	0
874	0
36	103
0	67
0	50
1	40
0	0
0	10
0	28
0	1011
2	786
0	1020
0	746
0	349
2	303
1	159
0	309
4	335
0	0
0	20
1	47
0	0
0	0
1	8
247	0
0	0
0	0
0	0
0	0
0	0
0	0
0	0
0	0
1	33
1	27
108	409
0	134
0	45
0	274
0	0
0	212
0	0
70	700
9	644
6	339
89	437
0	327
0	0
0	2
0	0
0	0
0	0
396	0
0	0
0	0
0	0
1286	133
3	85
0	0
0	77
0	0
0	0
0	0
0	10
0	0
0	0
1	0
1	35
0	4
0	0
0	0
4	0
0	0
0	0
0	0
0	0
0	0
0	0
3	0
0	0
0	0
0	0
0	0
0	0
0	0
0	0
0	0
0	0
321	693
0	436
0	0
1	260
2	260
0	0
5	0
0	0
0	0
0	0
19	550
0	0
0	0
0	0
0	0
34	0
0	50
0	43
0	29
0	30
0	25
0	36
1	0
0	2
0	1
0	0
0	0
0	0
0	0
84	94
0	94
0	0
655	609
0	282
0	247
21	0
0	0
0	0
0	0
0	0
152	0
8	0
82	17
0	13
0	0
0	4
0	0
0	0
0	0
1	0
0	0
9244	29
0	0
5	0
2	6
0	6
15860	2100
144	2096
0	22
0	25
0	13
0	0
7	0
0	3
0	2
0	0
0	2
0	0
0	0
0	0
0	0
2	9
0	0
0	0
0	0
0	0
148	1451
0	0
0	0
0	0
0	0
2	217
15	305
0	59
7	282
0	16
0	0
0	0
435	691
6	285
7	420
0	107
0	0
7881	56
0	2
0	2
1	3
0	2
0	0
0	0
0	0
0	0
0	0
0	0
0	0
0	0
0	0
0	0
0	0
0	0
0	0
0	0
0	2
112	20
0	8
0	5
0	10
0	0
0	9
2	169
1	149
0	115
0	143
7	138
0	142
1	59
0	121
1	101
1	37
4	1
6	35
0	1
0	30
0	18
1	12
2	0
4	0
1	1
0	0
0	0
0	336
21	3013
627	2985
2	2428
4	45
0	0
0	2356
0	2356
2	2330
0	131
7	0
3	0
0	0
0	0
8	0
15	8
12	413
16	408
0	3
5	37
0	14
0	11
0	1
3	33
9	18
2	0
0	0
0	8
0	7
0	12
5	26
0	0
0	0
0	14
1	9
3	79
0	77
0	79
0	0
0	0
0	77
0	1
0	1
0	12
0	189
4	189
0	2
3	0
10	4
0	4
0	2
0	0
0	0
0	0
1	0
0	0
0	0
1	0
0	0
1	0
0	0
0	0
12	0
0	0
0	0
1	3
7	0
36	10
1	6
4	4
0	0
1	1
0	0
0	0
3	0
36	190
2	206
0	76
0	95
0	61
0	26
241	161
10	161
1	81
2	115
0	83
0	45
0	0
0	0
1	0
0	0
0	2868
0	2868
0	2868
0	723
0	328
0	169
0	0
0	236
3	0
0	0
1	1319
0	579
0	1304
0	581
0	0
0	0
0	0
0	0
135	57
1	51
0	57
0	27
13	41
0	23
5	23
24	0
235	80
0	32
1	41
0	39
0	12
0	0
65	6919
105	6919
0	0
0	0
400	0
0	0
0	0
741	0
0	0
3	0
0	0
0	0
0	0
0	0
0	0
22	250
0	229
40	89
0	2
0	19
0	214
0	214
1	108
0	192
0	177
0	0
1	13
0	0
0	0
0	11
0	264
0	2
0	15
0	142
5	399
0	303
0	45
2	100
1	50
0	141
3	79
12	11
0	4
0	7
1411	266
0	84
1	188
0	21
0	6
0	7
0	7
1	7
0	0
6	3
0	3
0	1
0	0
0	2
0	2
0	0
0	0
0	0
0	0
0	0
0	103
1	99
0	109
0	91
0	100
0	77
1	18
0	0
0	13
0	1
0	2
1	0
0	0
0	0
27	867
0	0
14	867
0	0
1	58
0	35
0	64
0	19
0	30
17	0
9	17
0	25
0	0
123	77
1566	285
0	255
0	161
0	11
0	34
0	0
0	277
3	312
0	287
0	52
0	0
0	2
0	0
0	1118
813	4355
7	3723
278	81
0	53
0	26
0	17
4	1
0	108
0	109
1183	175
1	140
0	0
0	0
226	478
1	478
0	108
0	82
0	82
0	0
0	88
0	0
0	4
0	84
3	20
27	21
0	1
0	0
1	0
0	0
0	5
0	39
0	7
3	29
1731	35
0	0
0	0
0	0
0	17
0	0
0	18
0	18
0	155
131	228
0	91
0	139
0	40
0	0
0	0
0	0
2	84
0	0
0	4
8	174
0	174
0	9
0	9
0	0
2	132
0	92
286	25
0	25
0	0
1	0
1	0
276	65
1	65
0	0
0	0
0	0
0	0
0	0
0	0
0	0
0	0
0	0
0	0
0	0
0	0
0	0
0	0
0	0
1	0
0	0
0	0
0	0
104	237
0	49
1	188
0	64
1	33
123	322
0	322
0	0
1	0
0	14
0	14
1	0
0	0
0	0
0	0
0	0
0	0
0	0
701	57
0	57
0	0
0	0
20	17
0	17
0	1
0	0
0	0
0	0
0	0
0	0
0	0
0	0
0	0
0	0
0	0
0	0
0	0
0	0
0	0
1	0
0	21
0	0
0	0
0	0
1	2
0	0
798	0
0	0
0	10
0	0
0	0
0	0
14	42
0	42
0	0
47	3
0	3
8	0
0	0
8	0
0	0
97	270
0	5
0	5
0	0
0	18
0	0
0	172
0	198
0	184
0	0
0	0
0	5
0	5
0	0
0	0
0	0
0	836
278	2778
0	0
0	0
0	0
0	0
0	0
0	0
0	0
0	0
0	0
4	0
0	0
0	0
0	0
0	0
0	0
0	0
0	0
0	0
0	0
0	0
0	0
0	0
0	0
0	0
0	0
0	0
0	0
0	0
0	0
20	0
107	461
8	309
0	441
2	268
0	134
2	228
0	9
0	205
0	0
0	62
1	0
0	0
0	18
2	0
2	62
0	0
0	0
0	0
0	0
0	0
0	0
0	0
0	0
0	0
0	0
0	0
0	0
0	10
0	0
0	0
0	0
0	0
77	19
0	0
0	0
0	0
0	0
0	0
0	0
0	0
0	4
0	0
0	16
0	0
0	0
0	0
0	0
0	0
0	11
0	0
0	1
0	0
0	1
0	1
0	0
0	0
0	0
0	0
0	0
0	0
0	0
0	0
0	0
0	0
0	0
0	0
0	0
0	0
0	1
0	0
0	1
0	1
0	0
0	1
0	1
0	1
0	0
0	1
0	1
0	1
0	1
0	1
0	0
0	0
0	0
0	0
0	0
0	0
0	0
0	0
0	0
0	0
0	0
0	0
0	0
0	0
0	0
0	0
0	0
0	0
0	0
0	0
0	0
0	0
0	0
1	0
0	0
0	0
0	0
0	0
0	0
0	0
0	0
19	380
0	38
0	347
0	18
0	561
0	562
17	544
1	57
0	0
0	70
0	0
0	0
0	0
0	0
0	0
1710	60
0	60
0	0
0	0
0	0
0	0
0	0
0	0
0	2
0	2
0	0
0	0
2140	0
0	0
0	0
0	0
0	0
0	0
0	0
0	0
0	0
138	56
0	23
0	24
0	0
0	0
1	0
0	10
0	12
0	17
4	18
0	9
0	7
0	0
0	0
0	8
0	0
0	0
0	9
0	0
20	0
0	0
0	0
0	94
0	86
0	94
2	69
0	1
0	0
0	0
0	0
0	126
37	174
0	32
0	0
0	155
0	30
0	7
0	2
1	7
33	0
18	206
0	30
0	45
5	61
1	171
0	83
5	193
0	5
0	0
7	68
0	80
0	33
0	0
460	314
0	309
0	284
4	216
0	100
0	87
0	80
0	80
0	0
3	0
0	0
0	0
0	0
0	0
0	0
0	0
0	0
48	26
3	26
0	0
522	53
0	53
0	0
1	43
179	5450
2	63
0	63
0	0
0	0
0	0
0	16
1	5387
1	0
0	0
0	0
0	4
0	0
0	0
0	0
1	0
0	0
0	0
0	0
0	0
0	0
0	0
0	115
47	387
6	380
0	71
0	7
4	238
19254	2055
0	1279
0	891
6	762
0	719
0	0
4	266
8	292
0	18
0	9
0	9
1	5
0	50
0	50
0	234
0	50
1	27
0	0
585	520
0	520
0	46
770	214
0	211
0	0
0	0
0	0
0	0
0	0
0	0
0	0
5	430
0	1
0	326
0	404
0	0
0	0
0	0
0	5
0	35
0	297
6	415
0	0
0	415
0	39
0	39
0	10
0	5
5	2
227	2
0	1
17	0
3	0
0	0
9	0
0	0
0	0
0	0
0	0
0	0
0	0
0	16
357	55
0	6
0	0
0	29
0	27
0	39
51	39
3	19
0	0
0	0
314	0
95	636
0	584
1	686
0	107
0	0
0	0
8	0
0	0
1000	191
0	188
0	1
2	1
0	0
0	1
2	1
5	4245
0	795
40	4066
0	2955
11	4012
0	785
5	620
0	0
0	2
8	2
0	375
1	0
0	9
0	0
0	108
1	357
0	9
67	1570
0	772
47	1598
8	619
0	1188
1514	0
274	1314
20	1321
0	333
0	434
1	399
3	477
0	0
0	27
4	189
3	794
12	739
0	4235
12805	21526
0	20069
0	0
0	107
0	107
0	12
0	0
0	89990
3587	89222
51	89081
11	89066
0	86189
0	80
0	82
0	82
0	78
0	76
0	32
0	30
0	71
0	71
0	7
39	1096
0	1115
0	23
0	17
0	109
0	42
0	329
12	15
0	16
0	3
8	3
2	3
0	3
0	0
0	0
1	0
321	347
0	189
0	78
0	10
0	5
33	1268
0	1257
0	521
0	0
0	0
0	0
5	0
0	0
1	0
0	0
0	0
0	44
220	44
0	1010
0	1008
0	983
0	59
0	8
0	45
0	8
0	12
1	5
0	0
0	1
0	65
0	24
1	62
0	16
0	18
0	20
0	24
0	15
10	32
4	1
0	1
0	0
0	0
0	29
274	26
0	7
0	19
0	0
0	0
13	0
2117	285
0	285
0	0
4	27
0	27
1161	0
0	0
0	0
0	0
0	0
0	0
4	0
2	0
0	0
88	0
2999	212
0	76
0	60
0	136
2	0
11	271
3051	888
0	189
0	782
4	84
0	0
0	137
1	114
0	21
427	118
0	60
0	8
3	64
4	168
0	45
13	161
90	164
0	0
0	135
0	33
741	0
0	0
0	7
0	14
0	25
0	39
0	29
2	43
2	24
0	0
0	0
0	0
6	180
133	1050
0	992
30	1058
73	989
0	984
0	120
2	134
0	133
1	187
0	0
0	0
0	0
0	0
0	0
661	304
0	239
11	173
0	0
0	0
2	0
15	0
412	10484
0	10084
0	10067
0	7291
0	938
0	883
4	631
0	34
0	428
0	0
0	0
0	0
0	0
0	0
0	0
0	0
0	0
0	0
0	0
0	0
5	8
4	8
1	0
179	11
0	10
1	1
0	0
36	537
8	537
2	97
0	121
0	0
0	32
0	32
1	1016
4	899
27	1043
2	57
9	139
0	139
0	99
0	1
0	0
0	0
11	1607
2	480
12	5239
0	4499
0	3643
0	857
0	521
1	209
0	357
5	0
294	17
0	6
0	17
0	0
5	95
17	359
0	289
1	26
0	11
8	22
0	16
4	2
2	19
54	19
0	3
0	0
0	0
0	0
50	106
0	106
0	12
0	14
0	7
0	1
0	0
0	0
0	0
1	10
0	0
0	5
0	6
0	5
4	0
0	53
0	53
0	0
0	0
0	0
0	2
0	0
0	0
0	0
0	0
0	0
0	0
0	0
796	124
0	8
0	121
0	0
0	0
0	13
0	3
0	3
0	0
0	3
0	0
0	0
0	23
0	448
159	236
0	482
0	396
0	134
0	2
0	0
0	1
6	399
34	359
2	311
0	56
0	51
2	38
1	4
5	10
0	6
0	0
0	0
0	3
0	3
0	13
0	13
0	0
0	1
0	0
0	0
29	0
1	0
44	35
9	35
0	0
0	2
0	4
0	165
4	165
1	5
0	2
0	0
0	0
0	9
0	5
0	0
0	0
0	0
0	79
0	160
0	154
0	160
0	138
0	159
6	4
0	7
0	0
0	283
80	753
0	690
0	0
1	0
0	4
8	4
0	2
1	0
1	0
27	0
540	806
0	131
0	679
1	33
0	0
0	0
0	0
1	0
0	0
0	0
0	0
0	0
0	0
0	0
0	0
0	0
0	0
0	0
0	0
0	0
0	0
0	0
0	0
0	0
0	0
0	0
0	0
0	0
0	0
0	0
2	0
0	0
0	0
570	307
0	307
0	0
16	0
0	1
0	0
0	0
0	5
0	133
2	130
0	0
0	0
0	132
0	0
0	0
0	0
0	35
3	7
348	350
0	63
1	0
0	0
0	0
0	0
3	0
0	12
0	14
4	52
0	1
0	52
0	3
0	45
2182	0
0	0
0	0
0	0
0	0
0	0
0	0
0	0
0	0
0	0
0	0
0	0
337	7517
0	6523
0	56
0	1002
0	0
2	82
0	81
0	41
0	77
0	62
0	0
0	0
0	0
337	81
0	79
2	52
0	2
0	0
0	0
11	36
0	36
0	0
0	0
0	0
7	0
0	0
0	0
0	0
0	0
0	0
0	0
0	0
0	16
106	0
0	50
0	9
0	13
0	0
0	0
0	50
0	13
0	0
0	0
0	2
0	0
0	0
1	13
0	13
0	0
0	0
0	4
0	0
0	3
0	0
1	0
0	342
0	0
0	0
0	3
2	46
368	520
0	38
0	438
0	450
0	454
1	33
0	222
0	318
0	207
0	321
0	317
0	322
0	0
1	7
4	369
0	213
0	38
0	4
0	30
1	28
0	247
0	21
0	3
0	0
0	228
0	405
0	337
0	341
0	341
0	210
0	100
0	331
0	305
0	203
0	67
21	143
0	6
1	259
2	30
2	201
0	235
2	7
0	43
1047	18
0	8
1	16
0	8
0	0
3	2
0	0
0	0
0	2
50	24
0	24
0	0
0	0
0	0
0	0
0	87
0	1152
4	275
0	1086
18	1122
0	232
0	1142
0	0
0	0
1013	4892
0	4359
0	1105
0	1111
1	729
0	1
0	0
0	0
0	0
0	0
0	0
0	0
1	0
0	0
0	0
0	0
0	0
0	0
0	0
0	0
0	0
81	47
0	47
0	47
0	15
0	0
0	0
0	0
0	0
0	0
0	0
0	0
0	0
0	0
0	0
0	0
659	277
0	179
0	277
0	245
0	145
962	202
0	109
5	93
3	0
6	0
0	0
4698	0
619	157
6	33
1	115
0	146
0	6
0	2
0	1
0	0
0	0
0	0
0	0
0	0
0	0
0	0
0	0
0	0
0	0
3	183
0	0
0	0
0	0
0	0
0	0
0	0
0	37
0	0
20299	13128
6	13131
1	13108
18	1867
3	5734
0	2642
0	0
0	0
0	0
0	0
0	0
0	6
0	2
0	2
0	0
0	0
0	0
0	0
0	0
0	0
0	0
0	0
0	18
0	11
0	18
0	19
0	18
0	18
0	14
0	18
0	19
0	18
0	18
0	18
0	18
0	11
0	7
0	8
0	11
0	6
0	6
0	6
0	5
0	6
0	13
0	19
20	18
0	5
0	7
0	7
0	10
0	14
1	13
0	0
0	11
0	0
0	3
0	7
0	3
0	1
0	0
0	0
0	7
0	6
0	7
0	7
0	5
71	2883
9	187
0	2876
0	4
0	4
0	0
6	65
127	416
0	46
0	369
8	25
1	18
2	22
0	377
0	33
2538	934
1	63
1	871
0	302
0	48
0	384
0	10
0	769
0	7
0	769
1	7
0	0
0	51
2037	218
2	218
3	98
50	76
0	0
7	38
0	0
0	1
16	14
0	7
0	1
3	3
0	7
0	0
0	0
0	0
7	288
0	278
0	42
0	42
2	17
0	13
1	26
0	14
0	0
1562	482
0	363
1	350
0	50
724	56
0	1
0	1
0	0
0	7
0	3
0	13
0	9
0	1
0	40
0	6
0	1
0	0
0	9
0	7
0	0
0	34
0	7
0	11
0	13
0	13
0	62
5	62
0	10
0	19
0	31
0	4
0	0
0	4
0	0
0	0
1	509
0	490
0	479
2	352
1181	198
23	54
0	22
0	36
3	17
0	27
0	95
0	32
0	37
0	29
0	7
1	1
0	3
0	0
17	690
889	690
0	177
132	104
0	47
2	53
0	16
0	9
0	26
210	212
7	209
9	97
0	5
0	5
6	117
0	117
0	64
5	16
0	44
0	14
0	23
0	0
5124	1938
70	1938
0	0
0	33
0	31
0	2
0	23
0	2
0	2
0	13
1	1
271	2690
1	1465
6	1557
82	2680
0	1303
0	32
0	6
1	27
31	27
0	10
0	5
1	2
104	8836
0	8618
0	2662
7	6
1	6
0	1
0	0
0	1
0	0
0	0
0	0
0	0
0	0
0	0
389	2
0	0
2	0
0	0
1	0
0	0
43	2185
0	2352
0	2178
21	2147
0	2
10	1357
1	305
0	261
0	404
4	470
5981	16
0	25
14	1512
18	1115
0	1526
0	1496
1	195
0	50
0	0
0	162
0	300
0	325
2	43
0	317
0	44
0	0
0	30
0	0
0	0
0	17
0	0
0	1
1	1
249	6
2	4
444	89
0	11
0	11
0	5
0	48
0	16
0	10
4	101
0	426
88	526
1	19
0	0
0	0
0	382
0	19
0	0
0	0
0	0
0	1
0	1
0	0
97	101
28	101
1	101
5	0
229	24
0	24
0	0
21	3430
8	2779
0	3107
172	3186
10	1415
29	546
0	882
0	717
0	159
11	0
0	0
0	0
0	0
0	123
0	15
4	436
13	444
3	191
0	14
3	111
10	22
0	20
24	115
0	117
1	111
0	18
0	9
0	0
10	0
167	922
0	845
0	140
0	115
0	6
0	61
0	5467
0	5477
0	5489
2	5449
0	5507
2	5449
0	450
0	432
34	57
0	33
10	48
0	2
0	28
0	0
1129	356
0	356
0	279
31	118
0	2
3	18
0	91
0	117
1800	624
5	147
0	71
3	207
1	348
5	35
0	397
0	102
1	309
8	101
166	6101
1	582
4	2499
4	707
4	1910
19	5605
0	355
2	2235
7	0
1532	177
1	78
1	82
0	8
0	102
0	0
0	173
0	0
0	6
0	0
0	0
0	0
0	0
0	0
0	0
0	0
0	0
0	0
0	0
0	0
0	0
0	0
0	0
0	0
0	0
0	0
0	0
0	0
0	0
0	0
0	0
0	0
0	0
0	0
0	0
0	0
0	0
0	0
0	0
2	6
0	1
0	1
0	1
536	0
8	880
0	850
1	622
0	596
0	0
0	0
0	89
0	324
0	56
1	23
2	36
0	4
55	1202
15	1034
0	954
0	422
2	763
1	23
0	327
0	0
5507	1402
0	309
0	707
0	489
1	48
0	710
0	571
0	39
0	4
0	4
0	4
0	0
0	4
0	4
0	4
0	4
0	4
0	4
0	4
0	4
0	4
0	4
0	0
0	0
0	0
0	1
0	1
0	1
0	0
0	1
0	1
0	1
1	191
0	48
5	43
0	153
0	0
1130	2415
9	1736
5	700
1	112
0	556
750	0
2224	641
0	213
0	157
1	287
5	62
0	5
1	8
0	8
28	0
3330	6334
7	6264
0	6354
5	6360
0	6360
0	2483
1	553
0	613
3	535
0	530
0	494
25	168
3	135
0	0
0	0
0	0
0	0
0	0
0	0
0	0
0	0
0	0
4	48
20	10242
425	10915
5	158
1	2254
11	2890
24	805
4	167
0	0
0	375
1042	0
2	0
0	0
7860	11
0	0
0	3
0	0
0	0
0	0
0	0
0	0
0	0
0	0
0	0
0	0
0	0
0	0
2	30
46	102
1	891
0	693
1	17
0	376
0	890
2	768
2	371
0	400
0	11
0	179
403	0
0	0
0	0
0	0
0	0
0	0
0	0
0	0
0	0
0	0
0	0
0	0
0	0
2	0
2	1
0	1
414	33
0	33
0	0
0	0
0	0
0	0
0	0
0	0
0	0
0	0
0	0
0	0
0	0
0	0
0	0
0	0
0	0
0	0
0	0
0	0
0	0
0	0
88	1
0	1
0	1
0	0
0	0
0	0
0	0
0	0
0	0
0	0
0	0
0	0
0	0
0	0
3	0
0	0
0	0
0	0
0	0
0	0
3	144
11	145
0	134
3	53
4	31
0	0
1	642
48	654
0	254
0	140
0	127
0	8
0	22
14	30
0	21
0	31
0	11
0	1
2	14
0	12
1	14
101	571
5	571
124	293
160	315
3	48
1212	0
15	0
0	0
0	0
27	1927
0	1927
18	87
2	1
42	1561
21	520
0	1543
35	734
0	584
30	1150
0	245
0	39
0	311
0	310
2	154
19	8
0	8
0	0
534	21961
35	18907
0	4435
69	10922
3	20489
5	6786
536	4818
2	4818
1	331
0	160
0	382
0	28
0	431
0	401
0	7
0	57
0	375
0	37
0	43
0	64
0	5
6	69
40	69
8	20
367	1524
31	1416
11	513
4	20
0	1
2	19
0	41
0	41
0	6
0	4
68	5323
167	5344
15	714
4	0
0	110
1	426
4	374
0	705
0	751
0	7
0	7
0	7
0	5
0	2
0	0
10	105
17	105
1	849
0	144
0	826
0	587
0	101
0	415
6	7
0	2
1	24
0	726
1	19
0	19
0	136
0	115
0	1006
0	76
1	529
0	0
0	0
0	1937
0	2042
3	2139
4	132
1	309
0	510
0	178
0	147
0	29
9	24
0	30
0	30
0	14
0	14
0	8
1	0
1	0
0	0
0	0
149	1640
54	1608
0	236
1	337
0	150
0	148
0	52
0	0
4911	8163
0	8139
12	2170
0	0
15	858
17	831
1	442
23	74
1	0
0	103
13	112
1	26
10	118
0	115
0	118
0	3
0	25
1720	563
1	186
0	40
0	185
1	194
1	5
0	4
0	3
10	1366
1	1431
209	2820
21	2300
0	50
0	0
177	72
0	72
10	386
7	382
0	386
2	113
0	110
0	111
0	105
0	83
3	431
6	1275
255	1933
0	1396
0	1423
4	6559
3441	12212
0	3853
8	12129
4	10705
0	597
0	1598
20	150
0	150
9	135
0	43
1	36
0	20
10	16
0	0
6	16
11	2710
1	3229
14	2347
0	497
0	1158
0	97
0	2122
0	511
9	742
0	9124
0	9138
1	9420
95	9737
108	278
0	1438
85	694
0	948
6	57
2	336
0	15
13	288
2	0
5	0
7	0
75	24
41	11112
15	11088
14	6388
13	1554
6	1517
0	68
0	50
2	14
0	104
0	16
9	797
2002	1993
20	1705
0	60
7	1383
3	271
2	3
56	0
283	2
9	757
2	723
2	128
0	675
0	8
2	128
0	7
0	320
0	31
0	89
0	42
56	4237
0	273
0	4201
0	886
6	3234
2	612
60	415
1	333
0	233
0	23
1	300
1	1301
0	781
14	1129
3	296
0	0
7	139
0	0
2	34
5448	13958
43	13958
13	1744
6	3
3	9
3	6
0	8
0	1744
1607	0
0	66
0	66
3	67
0	91
1	79
0	5
0	237
0	213
0	237
0	213
0	230
0	26
0	47
1	4
0	186
1	152
1	91
2	120
0	54
0	11
0	411
11	411
1	61
0	53
0	0
0	0
0	0
246	228
4	226
0	0
86	2865
282	4248
49	4505
14	2711
0	2424
0	840
0	2119
3823	2152
89	2138
0	533
0	534
0	518
0	523
0	513
0	502
0	464
1	511
0	535
0	284
0	306
0	75
0	12
0	3
0	0
5	0
0	0
1	16
0	16
0	0
3	552
460	863
3	694
0	520
1	443
0	121
0	78
0	68
2868	6
587	3402
3	3402
0	1376
0	120
0	0
12	378
3	29
27	1906
5	172
2	5
1	14
0	32
3	659
0	1
0	1773
8	1773
0	220
0	0
0	104
92	3558
123	2801
0	83
3	2130
0	388
1	285
0	533
0	361
0	2865
13	2865
0	1655
0	427
34	440
15	913
0	908
0	32
3	15
0	1
400	10
1	10
0	9
0	0
0	40
1	14
0	22
1	93
55	187
12	139
0	26
0	63
0	141
0	28
0	32
4	42
3	40
3220	930
0	227
0	374
0	71
0	113
0	65
4	145
90	137
0	88
0	1
0	0
0	91
0	11
0	75
0	5
7	514
103	971
7	392
48	999
4	605
5	46
17	311
0	86
1	70
810	546
0	551
0	66
0	112
32	0
1	100
0	100
0	98
0	1
8	11133
184	6595
8	5115
0	11150
23	4617
678	3920
56	3296
0	0
1366	1
0	1
3	453
95	806
0	642
3	279
0	642
6	509
1	346
6	67
3	87
0	11
29	762
0	51
0	254
0	0
9	635
0	85
0	658
0	11
0	106
0	52
1	3
0	0
0	3
657	2123
5	1313
11	857
7	590
0	527
0	527
0	165
0	0
232	141
0	111
1	74
0	8081
0	8189
2	8189
1	8074
45	978
2	9
0	0
7299	283
0	283
0	11
4	11
79	2552
56	2551
0	2499
0	16
1	9
37	4710
10	4915
0	731
0	519
34	987
32	536
4	568
1097	471
1	104
2	112
0	262
0	105
9	3
0	3
0	1
0	0
0	0
0	0
344	2238
9	2484
9	2050
0	490
0	11
0	432
1	12
2	297
5	0
7	104
2460	669
7	627
0	11
0	422
11	634
349	375
1	84
0	225
0	3
0	89
37432	5832
0	0
0	1703
4	4117
0	0
3	1390
1	1161
1	887
0	924
0	1168
1	354
0	663
0	339
0	1143
3	108
0	123
0	0
0	2
0	2
0	0
0	8630
410	8630
0	705
9	17
78	924
1	18
10	64
1	917
0	179
0	22
35	3246
0	3410
3	3673
3	1882
0	3454
10	2295
2	899
23	304
1	3178
0	2457
0	819
695	251
1	251
0	351
0	0
0	351
7	43
1	40
1	17
6	53
1	65
0	37
0	0
4	23
0	37
3	39
1	38
0	5
2	1
0	2
0	0
14	10296
0	4187
8	874
5	10464
32	10431
5	0
0	579
0	540
0	466
1	69
1	259
927	205
0	205
0	138
3	28
1	28
40	0
6	393
0	344
0	330
18	383
3	376
0	84
0	310
0	172
0	151
0	1
0	4
0	20
1	1
1452	37
0	31
2	0
0	0
0	0
0	0
427	2251
2	1892
3	1368
0	918
0	359
0	1
1135	1747
25	973
22	1492
0	624
0	134
1	1041
0	0
5	309
0	23
0	19
1	14
4	18
0	10
1269	1060
0	994
0	1110
4	131
0	87
10	356
0	356
1	0
0	0
3	5235
0	5071
0	2281
1	0
13	1427
23	754
1	277
3	178
0	106
8	52
44	1547
5	1497
0	435
0	76
1	323
0	328
0	151
0	9
0	73
11	0
0	43
21	56
0	13
0	0
0	0
0	0
3509	959
0	920
0	39
0	531
993	22870
6	22363
7	1074
0	34
7	18740
2	1977
0	23
0	11394
133	9874
0	0
1	106
0	0
0	7
0	75
5	105
0	91
0	105
0	11
5	83
0	19
0	5
0	5
0	36
0	10
0	25
0	7
1	103
0	91
0	13
0	75
0	104
1	88
0	12
0	20
0	18
0	17
0	25
1	7
0	4
1	5
0	0
1	88
0	78
0	78
54	90
4	199
119	230
0	62
0	14
1	0
0	0
6	503
0	0
4	80
0	5
0	492
0	1
1	15
0	8
0	31
3	150
51	289
0	0
10	85
0	17
0	0
0	3
0	29
0	1
0	1
0	0
0	14
0	8
0	3
0	39
0	3
0	0
0	0
0	85
0	3
0	17
0	3
0	25
0	1
0	0
0	3
11	40
0	3
0	0
0	3
0	1
0	0
7	0
0	1
0	20
1	20
0	0
0	17
0	18
11	14
23	13
38	14
0	14
6	0
1	0
2	2
5	2
1	266
14	266
0	0
0	0
0	0
0	11
0	17
20	14
0	12
1	9
3	1
0	0
0	0
0	0
0	23
4	45
15	52
14	37
14	28
0	9
8	487
11	508
0	23
0	86
0	72
0	119
0	94
0	27
0	58
0	104
2	8
152	140
0	20
0	1
7	121
0	38
0	19
0	1
0	10
87	62
0	17
146	41
537	613
0	563
2	12
0	43
7	47
4	84
0	3
0	0
0	0
0	0
0	0
0	1303
2	0
0	0
12	1303
13	688
0	0
0	89
2	1323
0	150
0	0
0	104
0	4
1956	0
0	0
0	0
0	0
421	26
0	4
0	22
3	11
0	1
0	0
0	0
607	4
16	7
0	7
0	0
0	0
0	3
0	1
0	0
0	55
76	55
0	2
0	3
222	456
18	68
0	121
0	7
0	116
0	94
1	260
0	99
0	21
0	70
0	51
0	43
13	28
0	9
0	0
368	67
0	3
9	64
0	0
0	0
1	0
0	0
0	0
0	0
0	0
4	0
1789	45
0	45
6	0
0	0
0	0
0	0
0	0
0	0
197	898
0	898
0	0
665	300
0	247
0	57
0	0
9	0
272	41
0	35
0	22
0	8
18	273
0	0
1	0
0	0
0	331
0	66
0	330
24	706
0	111
0	737
0	623
154	456
2	16
0	16
955	101
0	99
134	8
0	8
0	8
2	6
526	48
0	16
0	32
0	0
0	3
9	3
1	0
0	0
1	79
0	0
0	712
9	130
3	645
0	3
0	63
0	516
0	502
0	6
0	0
0	0
0	0
0	0
0	0
0	0
0	0
0	0
0	0
0	0
0	0
0	0
0	0
2	23
0	0
0	0
366	130
0	130
0	71
0	68
0	669
0	644
37	662
0	99
0	35
0	138
0	31
1	0
0	0
4356	419
0	417
0	0
0	0
0	0
14	1
0	1
19	991
0	753
4	55
2	842
11	937
8	630
0	0
0	90
42	43
0	9
0	36
0	0
0	0
5	21
3465	141
0	111
0	111
0	11
4	24
1	19
0	0
0	0
0	0
0	0
0	0
0	0
0	0
0	0
0	0
0	0
0	0
0	0
0	0
0	0
0	0
0	0
0	0
0	0
0	0
0	0
0	0
0	0
5	109
0	0
0	45
0	118
3	98
0	10
8	3801
1201	3840
0	0
0	1544
0	516
0	30
0	9
0	6
0	5
0	5
0	4
1	218
0	1
0	0
0	333
3270	343
0	37
7	0
3	3
0	3
0	0
0	0
0	0
0	0
0	0
0	0
0	0
0	0
0	0
0	3
0	3
0	3
0	0
0	0
0	0
0	0
0	0
126	0
0	0
1	2
0	2
0	1
0	0
0	0
0	0
0	0
0	27
141	42
0	38
0	18
0	16
0	16
0	18
0	16
0	0
0	0
0	0
0	0
448	0
8	1
0	0
0	1
0	0
1	0
0	0
11	70
0	0
0	70
0	0
0	0
0	6
0	0
38	399
0	96
5	319
0	200
0	3
0	68
0	51
0	52
0	4
0	0
0	30
0	30
0	0
0	22
0	20
0	1041
16	1050
1	67
0	271
0	24
0	0
0	0
3	23
0	110
1	23
0	21
0	18
287	424
0	376
0	740
0	798
7	384
0	106
9	106
3	53
0	3
0	53
0	55
0	24
0	17
0	28
0	0
0	0
0	0
0	0
0	0
1	1
0	1
0	0
0	0
0	0
0	0
0	0
19	3
0	3
0	313
2681	984
4	654
102	32
0	21
0	7
0	7
0	2
0	0
0	1
5	0
2	266
0	275
0	277
0	274
0	7
0	3
0	64
0	26
0	30
1	33
0	17
3	0
4	18
0	18
0	0
0	0
0	0
0	0
0	0
0	0
0	3
0	3
0	3
0	0
57	6
0	6
181	348
4	290
0	317
0	17
0	33
0	11
0	8
50	0
280	43
0	29
0	18
0	19
0	3
1	2
419	340
2	8
0	58
2	283
0	4
1	101
0	28
0	68
0	0
0	1960
0	27
3	1111
0	166
0	0
0	2
1	2
0	8
0	0
741	4759
0	352
0	1657
3	4874
0	4553
8	1619
9	3486
2	5059
10	5069
3	162
0	163
2	1
0	3665
0	5178
1	2062
1	1226
1	0
0	0
0	0
0	0
2	209
0	14
7	190
2	1771
2	4296
18	3818
0	28
2	30
0	0
0	4261
0	412
1	185
0	15
0	184
0	79
0	1
0	0
0	0
0	3
0	2
50	132
109	30
0	1
0	8
0	33
0	118
535	13964
0	11195
4	11689
16	12483
0	7658
0	2636
1	3468
3	0
21	1246
334	524
0	457
8	467
31	446
14	431
0	192
0	37
0	134
3	169
0	169
0	38
0	5
0	0
0	0
0	0
0	0
0	0
0	0
0	0
0	0
0	0
0	0
2	11
0	6
0	4
0	0
0	0
0	5
0	1
0	0
2	1
3	2
0	0
0	0
0	0
0	0
2	2
0	0
0	0
0	0
0	0
0	0
0	0
0	0
0	0
0	1
0	0
0	0
0	0
0	0
0	0
0	0
0	0
4	0
0	0
0	0
0	0
20	14
0	0
0	14
0	3
0	0
0	0
0	0
18	32
0	31
0	7
0	1
0	0
0	2
0	0
0	5
0	0
0	4
0	5
0	0
1	2
0	2
6	387
3168	1108
0	0
0	30
0	9
2	959
0	1
84	76
0	61
1	42
0	11
8	0
0	0
0	0
0	0
769	517
0	87
0	137
1	137
0	58
1	179
11	172
0	110
0	3
0	1
0	1
0	2
9	0
0	0
0	0
0	0
0	0
0	0
491	1
0	0
0	0
0	24
292	28
0	0
0	0
0	0
3	120
0	0
1	0
0	0
108	1285
0	660
1	1179
0	1034
0	1105
0	221
0	6
0	82
0	72
0	211
0	207
11	259
0	133
1	112
0	0
0	4
0	0
0	0
0	0
0	0
0	0
0	24
153	608
0	0
0	601
13	326
2	334
0	36
5	132
0	66
0	57
0	10
2	12
0	0
0	0
99	8
0	0
0	0
0	0
0	8
68	111
0	111
0	78
0	0
10	3161
28	4956
0	4430
0	1568
0	0
1	0
2	16
0	0
2	0
628	462
0	26
11	5
3	456
1	0
0	337
0	458
0	0
3	0
0	0
291	0
0	0
20	200
11	86
181	52
0	114
0	0
581	10
0	0
0	0
0	3
0	3
1	2
0	0
0	0
0	0
0	0
0	0
0	0
0	0
2	216
18	224
0	127
0	34
15	28
0	0
3	0
2	33
0	0
0	0
0	0
32	52
4	15
0	5
0	30
0	253
0	257
9	253
0	52
0	55
0	14
0	13
0	17
0	6
0	0
3	0
1	0
0	0
0	0
8	403
0	626
9	702
16	235
3	233
2392	2609
0	521
1	2091
5	373
0	1530
0	110
2220	2
0	0
0	0
0	0
0	0
0	1
0	1
0	0
0	0
0	0
0	0
1	0
0	0
0	1
0	1
0	0
0	0
0	2
0	2
0	2
0	0
3	0
0	0
0	2
0	7
1	8
226	8
0	4
0	0
0	0
0	0
0	0
0	0
0	0
3	0
0	0
0	0
0	0
0	0
0	0
0	0
1406	175
0	173
0	0
0	0
0	0
0	0
0	0
0	0
0	0
0	0
0	0
0	0
0	0
0	0
42	540
6	541
0	18
0	0
0	224
52	0
0	0
0	0
0	0
0	0
14	1
0	1
0	0
0	0
0	0
0	0
0	0
0	0
0	0
0	0
0	0
0	0
0	0
0	0
0	0
12	108
3360	1941
0	214
0	13
0	0
1	118
1	212
178	1167
1	872
7	1175
0	16
0	0
31	0
0	118
0	59
2	64
12	118
0	0
121	0
0	0
0	13
1	22
0	0
0	3
1	2
0	0
2	2
0	0
0	0
113	1204
2	1097
0	107
0	391
0	0
0	0
0	0
0	0
0	0
2	0
0	0
0	0
6	1
0	0
0	0
0	0
0	0
0	0
0	0
0	0
0	0
0	0
0	1
0	0
0	0
0	0
708	83
0	10
0	11
0	23
0	43
0	42
0	0
0	0
0	0
0	0
0	0
0	0
0	0
0	0
0	0
0	0
0	0
0	0
0	0
0	0
0	0
0	0
0	0
0	0
0	0
0	0
0	0
0	0
0	0
0	0
74	4
0	4
1	0
0	1
0	0
0	19
0	19
0	19
0	0
0	0
0	0
0	0
0	17
0	2
23	9
136	98
0	69
0	39
0	23
5	0
4	15
0	5
0	30
0	0
0	0
0	0
0	0
0	2
0	0
0	2
0	2
0	0
0	2
0	0
0	0
1	0
0	0
0	0
1	9
0	147
0	9
0	7
0	10
0	5
0	0
0	0
0	3
0	141
0	0
0	0
0	0
0	0
1	0
0	141
0	0
1	0
0	75
13	0
0	0
1	0
0	0
304	0
7	4
0	1
0	3
0	0
0	0
0	0
0	0
0	0
0	0
0	3
0	3
0	3
0	0
0	3
0	3
0	3
0	0
0	0
0	1
0	3
0	0
0	0
0	0
1	2
0	0
3	21
8	884
16	49
3	873
0	34
0	0
0	0
0	0
0	0
0	0
0	0
0	0
0	0
0	0
0	0
0	0
0	0
0	0
0	0
0	0
0	0
0	0
0	0
0	0
0	0
0	0
0	0
0	0
0	0
0	0
0	0
0	0
0	0
0	0
0	0
0	0
0	0
0	0
0	0
0	0
0	0
0	0
0	0
0	114
10	159
0	19
0	19
1	45
0	0
0	0
0	0
0	1
0	0
0	0
0	0
0	0
0	0
0	3
114	3
4	66
1	66
0	0
0	0
5	10
0	0
72	496
10	496
0	78
0	0
0	0
0	2
0	0
0	0
0	0
0	0
0	0
0	0
2	541
4	26
26	551
0	0
0	0
0	0
2	436
16	2
0	0
0	2
0	0
0	0
0	0
0	0
3	24
5	22
1	10
59	126
3	127
0	100
0	0
0	0
0	0
0	0
1	0
0	0
5	0
0	0
0	0
0	191
0	202
2	1046
2	2
0	3
0	1021
0	6
0	21
27	8
0	8
0	0
0	0
0	0
0	0
0	0
0	0
20	19163
94	19378
0	804
265	1704
0	0
0	0
0	515
0	22
1	0
0	0
0	0
0	0
0	0
1	0
0	463
0	472
0	208
2	164
0	10
0	7
0	0
0	9
0	0
0	0
0	0
0	0
0	0
0	0
0	0
2	0
0	0
0	0
0	0
0	0
1	0
0	0
0	0
0	0
0	0
0	0
0	0
0	0
0	0
0	0
0	0
0	0
0	0
4	139
0	63
0	2
0	35
0	12
4	34
0	98
30	1916
2	1885
0	1170
0	4
0	41
0	62
0	111
0	65
0	63
0	27
0	0
7	1056
0	0
0	0
1158	170
0	7
2	169
0	0
0	0
0	69
0	60
0	60
1	0
64	2353
31	2205
0	2359
29	2289
1279	2182
1	0
0	243
8	205
5	5
0	5
897	5
10	0
4	1
0	0
0	0
0	0
0	0
0	0
0	0
0	0
0	0
0	0
0	0
0	0
0	0
0	0
60	330
3	21
2	322
0	58
0	9
0	9
0	1
0	0
0	0
0	0
0	0
0	0
0	0
0	0
0	0
0	0
0	0
10	1
0	1
0	0
0	0
35	232
0	1510
0	1091
0	54
19	1286
0	0
0	0
0	0
0	0
7869	138
0	114
1	0
0	0
0	0
0	0
0	0
0	0
0	0
0	0
0	0
0	0
0	0
0	0
0	0
0	395
0	402
0	47
0	0
6	16
15	0
1	0
0	0
0	0
0	0
45	0
0	0
248	289
0	266
0	4
0	23
0	0
0	26
3128	112
24	108
1	0
0	298
0	883
4	942
14	929
0	870
2	154
0	175
1	23
2	24
0	14
172	194
3	191
3	9
21	32
0	0
0	32
0	0
0	1
127	57
0	52
0	44
0	2
0	3
0	15
0	14
0	5
2	0
0	67
0	0
0	2
0	8
3	8
2	8
15	429
0	30
0	0
0	0
0	0
0	399
0	377
0	378
1	260
0	24
0	0
0	3
0	78
0	0
63	78
0	0
1768	314
2	0
3	314
0	0
3	86
2	37
0	37
14	22
13	23
0	603
0	599
11	612
0	615
0	482
1	384
0	207
0	22
1	82
0	52
0	47
1	10
1	52
0	45
0	4
0	0
0	8
0	11
0	11
0	2
0	2
0	0
0	0
1	57
0	57
10	29
0	9
0	0
1	0
0	0
0	0
0	0
192	749
68	753
0	111
0	135
4	28
0	0
10	0
82	0
0	0
0	0
0	0
0	0
0	0
3	0
4	0
0	0
3	0
2536	2142
1	618
0	360
3	967
5	532
0	406
2	290
800	8
21	9
0	4
0	2
0	0
0	0
0	0
4	999
210	999
0	327
0	0
0	0
0	0
0	0
286	0
0	0
777	303
0	261
2	282
0	53
11	228
0	1
1	97
0	7
0	0
0	0
0	0
0	0
0	0
0	0
0	0
0	0
0	0
0	0
0	0
4	0
0	3
128	144
0	0
0	141
0	655
0	639
0	586
0	249
0	112
0	67
2	39
5	2
0	8
1105	134
0	75
0	174
0	183
0	177
0	29
2	35
2	39
0	15
0	1
0	0
1459	24
1	24
0	0
0	0
2	0
0	0
0	0
0	1
2	87
0	77
8	15
0	16
0	79
1	59
0	13
0	24
0	2
0	0
6	2
0	0
0	17
0	25
0	25
0	17
0	0
0	9
0	9
0	16
0	16
0	38
0	13
0	23
0	38
0	0
0	0
0	0
0	0
0	0
0	0
0	0
0	0
0	0
0	0
584	4
0	4
0	0
0	0
0	0
0	0
0	0
3	0
0	0
0	0
0	0
0	0
3	0
2361	251
1	77
0	91
0	81
0	0
0	0
0	0
0	0
0	0
0	0
0	0
0	0
1	126
0	219
0	126
0	0
0	0
2	0
0	0
0	0
0	5
0	5
0	0
0	219
0	171
0	42
0	134
0	126
0	132
0	125
0	0
0	0
0	192
0	110
0	90
0	147
0	102
0	59
24	28
0	12
0	26
0	22
0	21
0	15
0	1
0	4
0	0
2	0
0	0
0	19
0	0
372	966
0	344
0	604
0	253
0	46
0	537
62	427
0	211
37	405
0	0
0	0
0	0
0	0
0	0
0	0
1	0
0	0
0	0
0	0
0	0
0	0
0	0
0	0
0	0
0	0
0	0
0	0
0	0
0	0
0	0
62	10
0	10
0	3
0	0
6	0
0	0
140	587
0	587
0	2
0	0
0	0
1	48
0	39
0	36
0	0
0	0
0	0
0	0
0	0
1250	339
0	312
1	9
1	14
0	0
0	3
0	0
0	0
297	3749
0	16
0	78
0	72
0	101
0	39
1	56
0	81
0	99
12	3451
0	0
1224	101
5	99
0	0
0	0
0	0
0	0
0	0
0	0
1	303
0	300
0	10
0	60
0	1
0	11
0	7
0	1921
27	1921
0	224
0	228
2	53
0	0
0	1
0	1
1	1
0	0
0	0
33	432
3	432
3	82
8	352
0	352
0	64
0	1
4	0
0	9
0	0
0	0
0	0
164	726
2	726
0	19
0	146
0	297
1	20
0	0
1	7
0	0
0	0
0	0
15	0
1	0
3	0
0	0
4	184
2	299
1953	387
0	0
0	0
0	62
0	0
0	0
0	0
0	176
0	43
4	139
4	0
0	0
0	0
205	927
0	799
0	801
0	76
1	714
0	12
0	107
3	38
1	61
1	4
0	0
0	77
40	344
0	347
0	148
0	1
0	106
0	98
1	27
0	13
0	13
1	13
0	1
0	0
5	0
0	0
33	945
0	1029
0	1029
0	936
0	0
0	0
0	0
0	0
0	0
0	0
0	0
0	0
0	0
0	0
0	0
261	113
0	110
2	111
0	111
0	2
0	0
0	0
3	0
0	0
1	0
0	9
0	24
22	51
0	0
2	19
0	27
0	0
0	2
0	0
0	0
0	0
0	0
0	0
0	0
0	0
0	0
0	0
4	66
66	66
7	66
0	0
4	0
0	0
209	2194
0	2
0	0
0	124
0	2185
0	3
1	6
0	0
0	0
0	6
0	141
72	604
0	260
0	304
9	251
2	275
3	141
0	0
0	0
140	215
0	17
0	136
0	140
0	0
0	0
0	0
907	2
26	1275
0	395
0	633
0	663
1	1082
39	269
8	671
0	262
0	233
2201	499
1	164
0	84
0	296
0	36
10	1
7	1
0	14845
0	17392
61	16431
396	4752
311	4752
0	792
0	0
0	0
32	3997
3	3422
0	871
7	1299
0	820
0	6
0	11
0	9
0	0
0	0
0	0
73	2338
3	3650
286	4298
0	4221
0	4222
0	2944
0	664
0	73
0	593
0	920
3	496
0	0
0	5707
20	5211
251	4051
0	223
2	464
0	55
0	2
0	2
3914	170
43	170
32853	18209
7	17674
0	1581
57	395
6784	2672
0	182
0	1135
2	1261
0	33
4	197
2	265
5	281
0	18
0	23
0	7
2	0
0	1
0	1
452	335
4	322
0	15
0	2
7	1031
2	1077
0	186
0	1011
0	55
0	39
3	0
0	16
1	16
0	16
0	10
62	5
0	0
0	1
0	1
0	4
0	3
4	0
0	0
0	43
9	5421
2	19
0	5437
0	5348
0	0
7	30
13	5030
0	4197
3	100
0	3245
11	3039
0	5255
1	5069
0	6
0	53
1	4363
0	287
3	197
0	316
2	250
0	1508
0	9
0	0
0	9
0	0
0	0
0	18
0	49
30	49
10	557
19	572
0	124
1	38
1	99
0	21
0	20
557	0
7022	1800
0	1171
0	60
4	78
0	361
0	6
0	0
0	142
0	110
0	0
0	43
0	0
330	78
0	19
0	3
0	17
0	39
210	1318
16	1318
1	0
0	13
0	29
0	0
16	1
0	6
0	1
3	0
8	5
39	7
1	2
0	2
5	287
10	293
0	15
0	11
402	0
72	2
2	0
0	11
0	0
0	0
0	11
0	2
0	0
0	2
0	0
0	0
0	0
0	0
0	0
0	0
0	0
0	0
0	0
0	0
0	0
0	1
0	0
0	0
0	0
0	0
0	0
0	0
0	0
0	0
0	82
0	98
12	98
0	83
0	2
0	17
1504	4087
16	4067
982	2821
1	2752
0	71
5	0
16663	31986
14	3203
0	0
2	3512
0	0
0	0
5	22055
9	9790
3	3226
5	2718
0	9962
2	2809
3	42
0	795
0	792
1	12
0	795
0	58
0	795
0	792
0	55
0	281
0	323
18	264
0	0
1	0
0	39
0	0
8	590
0	2
0	536
0	0
1	570
0	536
0	7
2	0
0	0
0	79
1	435
0	188
302	0
0	0
0	102
0	100
9	100
0	9
0	0
0	96
0	101
0	0
0	3
0	0
0	0
0	3
0	80
0	1
0	2
0	0
0	0
0	7
0	7
5	12
10	418
0	418
0	8
0	1
0	0
0	165
0	24
1	0
0	0
0	0
0	118
0	107
0	119
4	0
0	114
0	0
0	109
186	1473
3	1218
5	227
6	549
4	55
10068	34
0	27
0	0
27	1113
2	1032
9	1123
0	30
3	142
0	31
1	12
0	93
785	135
0	0
0	0
0	0
0	42
0	0
3	11
0	11
0	2
0	1
0	0
83	2142
168	2110
0	1950
15	836
9	749
1	739
0	0
3	492
6	125
4	114
117	1207
11	1962
40	2415
17	1091
0	0
0	0
27	248
14	7732
291	7688
159	5218
3	498
0	400
353	12065
0	4458
5	9182
0	10176
1133	10210
32	1207
29	10141
24	7030
4	6448
5	2226
0	2234
2	4962
0	6388
2	2711
0	838
890	37
0	37
17	417
0	315
0	0
0	233
0	19
0	234
0	0
0	0
0	0
415	166
3	115
25	84
0	17
416	11530
104	11002
907	11138
5	9701
30	8425
1	9661
0	57
1	0
10	2201
53	2201
0	2
0	69
372	0
0	0
0	0
0	2
27	4014
473	4669
5	1349
6	227
0	225
0	225
0	66
0	116
3	66
3	4
0	0
1	2
0	0
0	0
436	0
0	0
6648	728
5	719
0	43
2	42
0	42
0	26
0	10
0	3
0	8
0	4
0	3
31	4
11	152
2	152
0	0
2	655
80	655
39	655
4	690
1	0
2	19
11	20
0	1
56	245
5	242
0	75
9	143
11	2076
0	1074
0	1509
14	2034
1	245
1	41
2	65
36	137
2	137
0	76
17	78
9	340
0	284
0	39
5	222
1018	4
0	2226
0	2226
0	1201
409	2211
8	211
0	596
46	88
0	20
0	16
9	29
0	56
0	1147
0	32
22	650
295	1646
0	652
20	66
3	492
15	288
2	288
1	18
0	0
0	0
0	68
0	0
0	0
0	0
0	0
0	0
0	0
0	0
0	0
0	0
0	0
0	0
0	0
0	0
0	0
0	0
0	0
0	0
0	0
0	0
0	0
0	0
0	0
0	0
0	0
0	0
0	0
0	0
0	0
0	0
0	0
0	0
0	0
0	0
0	0
0	0
0	0
0	0
0	0
0	0
0	0
0	0
0	0
0	0
0	0
0	0
0	0
0	0
0	0
0	0
0	0
0	0
0	0
0	0
0	0
0	0
0	0
0	0
0	0
0	0
0	0
0	0
0	0
0	0
0	0
0	0
0	0
0	0
0	0
0	0
0	0
0	0
0	0
0	0
0	0
0	0
0	0
0	0
0	0
0	0
0	0
0	0
0	0
0	0
0	0
0	0
0	0
0	0
0	0
0	0
0	0
0	0
0	0
0	0
0	0
0	0
0	0
0	0
0	0
0	0
0	0
0	0
0	0
0	0
0	0
0	0
0	0
0	0
0	0
0	0
0	0
0	0
0	0
0	0
0	0
0	0
0	0
0	0
0	0
0	0
0	0
0	0
0	0
0	0
0	0
0	0
0	0
1	0
0	0
0	0
0	0
0	0
0	0
0	0
0	0
0	0
0	0
0	0
0	0
0	0
0	0
0	0
0	0
0	0
0	0
0	0
0	0
0	0
0	0
0	0
0	0
0	0
0	0
0	0
0	0
0	0
0	0
0	0
0	0
0	0
0	0
0	0
0	0
0	0
0	0
0	0
0	0
0	0
0	0
5	0
0	0
0	0
0	0
0	1
0	0
0	54
0	3
0	3
0	2
0	3
0	24
0	1
0	1
1	0
4	0
0	0
5	0
0	0
0	0
3	2
2	21
0	21
17	43
16	41
0	53
0	59
0	62
0	51
0	9
0	46
0	57
0	34
0	56
0	28
0	24
0	30
0	0
0	2
0	1
1	1
0	0
0	0
0	0
0	8
0	0
6	5
0	24
0	0
0	0
0	1131
2	119
0	1214
0	3
10	100
0	1209
0	1137
0	949
0	6
4	63
4	114
0	124
0	25
748	1936
0	908
0	391
0	302
6	632
0	144
25	2
0	503
0	83
0	506
81	523
5	970
0	953
4	960
0	284
1	19
1	45
0	7
47	0
1	0
606	498
0	98
4	303
0	166
0	246
0	94
10	121
1	148
0	58
0	160
0	1880
0	2439
0	2456
8	2315
17	2188
0	55
5	169
0	84
0	0
0	183
1	0
0	73
0	113
2	0
41	1190
8	1190
3	99
1	9
6	16
131	9
5	7
0	12
0	0
0	0
3	63
2	23
0	54
17	2540
27	1727
0	1972
3	1726
1	1682
4	964
12	1821
7	1524
2088	2457
0	43
0	72
0	74
0	85
2	92
0	88
0	8
0	0
0	0
0	3
0	2
0	0
0	0
0	0
0	0
0	0
176	948
0	961
0	907
44	253
0	8
0	128
0	68
0	6
0	13
0	0
0	0
41	0
23	419
0	420
0	16
0	0
2	47
0	5
0	16
0	0
0	2118
37	2281
0	1885
0	86
50	60
0	121
0	0
0	0
13	0
0	216
276	218
2	1118
55	1118
0	835
2	835
0	835
3	835
22	835
1	830
23	830
0	0
0	9
2	1329
101	1329
1	93
0	290
18	448
33	448
1	445
0	2
0	0
0	0
0	0
0	0
0	8
0	8
0	0
0	0
17	24
0	7
0	10
0	10
0	8
3803	2
19	2
599	909
0	576
0	873
0	198
1	78
0	7
0	25
0	0
491	109
0	109
0	6
3	52
0	0
1	452
3	553
5	553
0	13
0	15
0	2
1997	435
0	292
0	80
1	141
0	330
0	795
0	793
0	2
1	4
0	80
77	0
0	0
0	0
3	0
0	20
0	0
0	20
0	0
0	0
0	0
0	0
0	0
0	0
0	0
0	0
0	0
1	2132
5	1573
3	2126
22	2053
0	1029
0	931
1	36
0	8
0	8
0	0
0	0
0	0
24	146
178	146
2176	2611
284	2732
4	938
354	261
1	181
0	93
1778	0
1392	1242
54	1088
1	223
0	958
0	753
0	779
0	109
3	189
0	180
0	81
0	144
0	30
1	15
595	2262
0	2078
0	338
0	332
8	309
0	143
0	0
1	586
109	586
0	21
0	81
23	142
0	75
0	0
1878	26
0	4906
271	4906
0	76
0	189
0	98
296	4769
0	489
0	741
0	0
0	0
0	546
31	319
0	449
418	87
11	87
2	1195
0	1172
15	1021
1	208
38	23
18	3837
3	3380
96	3344
0	639
0	196
10	663
0	337
1	738
0	598
8	1251
4	621
3	207
0	50
15	464
1	43
7	17
7	98
5	379
0	70
12	77
4	388
0	125
9	370
1	67
1	113
1	103
0	43
2	7
0	0
0	18
1	5
563	14
0	10
0	0
0	0
145	78
32	78
0	2
0	0
1	0
1536	1449
0	1279
3	248
0	621
3	758
413	0
0	0
0	0
0	0
0	0
0	0
0	0
1	0
0	0
117	739
12	688
0	318
19	218
2	72
31	2286
0	2285
0	2291
38	2200
0	2195
0	80
209	115
31	103
156	217
0	10
3	116
285	2885
6	2281
446	2873
428	0
0	0
0	119
19	119
0	8
0	2
0	0
0	0
132	730
0	730
0	35
242	409
0	152
0	230
0	78
0	81
0	0
0	85
0	37
5	85
2	2
5	0
3036	252
5	252
46	32476
3	26100
1	29191
10	29858
0	7416
0	6504
0	6614
139	7049
7	8104
0	7085
0	6818
0	2149
0	0
53	582
0	559
781	7052
6	6535
7	5006
0	506
58	247
0	0
2	0
22	0
0	0
1040	346
3	94
5	284
0	72
2264	634
4	634
0	0
1	403
152	7814
4	220
14	7644
148	7632
14	229
5	101
20	7554
0	6194
54	6194
5	6194
59	5909
64	5308
1	346
0	0
4926	46317
7	7791
10	36589
3	24792
103	36598
0	35503
733	417
9	417
0	0
0	0
0	0
4360	2
0	0
0	0
1	0
0	0
0	7
0	7
0	0
0	0
0	0
1	0
0	0
4	10
11	13
5	8
3	6
0	0
0	0
110	1490
26	148
0	0
0	1340
4	91
0	0
0	501
0	1341
1	77
839	489
1	256
17	484
0	787
3	787
0	823
3	743
0	17
6	73
5	51
0	0
0	99
0	45
0	0
2	119
0	93
3	76
0	0
0	0
0	0
4	1
0	0
1	1
0	0
142	881
9	881
0	0
0	0
0	0
0	3
0	12
0	0
0	0
0	0
0	0
4248	996
0	993
0	0
0	0
365	80
1	76
0	0
0	0
0	0
0	0
0	0
0	16
1	1750
0	1750
0	1750
30	70
0	1
0	1
0	0
0	2
0	2
0	2
0	0
0	236
0	251
9	57
0	10
1	6
0	6
0	2
0	2
36	0
0	69
2	71
0	36
0	77
0	35
0	0
0	20
0	10
0	25
2	55
0	0
1	0
0	0
0	0
0	8
0	0
0	0
67	276
21	276
0	276
0	0
0	0
34	0
0	0
0	0
0	1
1	0
0	1
0	1
0	0
0	0
0	0
0	0
0	0
0	2
1	106
6	106
0	6
0	15
0	0
0	0
0	1
0	15
0	15
0	15
0	12
0	0
0	301
0	301
0	125
0	319
0	30
0	6
0	94
0	100
0	0
0	17
0	37
0	0
2	791
1	810
0	162
0	23
0	4
2	6
2	16
3	9
2	5
0	0
0	0
0	844
3	1520
0	1554
0	1539
0	1539
0	1163
0	38
4	36
0	142
0	0
0	0
0	0
1	31
0	0
0	0
0	13
0	0
0	0
0	0
0	0
0	0
0	0
0	0
0	0
0	0
0	0
0	0
0	0
0	0
0	0
113	3155
1	444
3	663
2	350
44	2696
0	0
84	1389
11	624
0	1371
10	597
0	165
0	587
0	92
8	71
8	43
0	0
0	0
0	0
10	54
148	56
0	3
0	0
0	2
0	2
0	3
0	3
0	0
0	0
0	0
0	0
0	0
0	2
2	2
11	168
1	168
0	0
0	0
15	256
1	106
1682	254
0	84
23483	1884
0	1929
4	1647
633	14
0	14
100	52
11	158
1	357
1239	537
18	338
0	1
0	0
0	0
0	0
106	4
0	0
1	0
2	0
0	0
0	0
0	0
0	0
0	0
0	0
0	0
0	0
0	0
0	0
0	0
0	0
0	0
0	0
0	0
2	208
0	192
1	221
0	248
0	185
0	203
0	71
0	0
0	0
0	51
0	0
0	0
0	0
0	39
2	0
0	0
0	0
0	0
0	1
0	0
0	0
8	213
0	0
0	0
1194	1172
69	1170
0	68
3127	263
0	234
0	38
0	0
2	0
0	0
38	5045
0	4318
0	353
0	2500
0	4745
0	270
248	341
10	349
27	325
0	36
0	0
11	2325
0	2325
0	26413
1	25
4	2
1	688
0	0
2	686
0	62
18	726
4	724
5	401
0	338
1	51
0	64
22	78
0	24
0	8
0	0
1660	78
12	66
0	35
0	14
0	0
0	0
0	0
0	0
0	70
0	1035
1	263
0	0
0	1006
0	0
0	0
0	0
1	234
1	234
0	0
0	143
0	3
0	0
0	0
0	18
0	3
0	63
196	1353
59	1351
0	215
2	146
0	0
1	0
0	0
0	0
0	0
0	0
0	0
20	35056
0	35063
0	35063
1	316
3	8092
41	8233
0	0
0	6
105	53
0	14
0	31
0	27
0	14
0	0
0	0
0	1
5	157
6	150
1	22
0	494
0	496
0	491
0	24
0	25
0	2
0	1
0	0
0	0
0	0
240	0
1	0
0	0
0	0
1	0
1	0
0	0
0	0
0	1336
21	1148
1	1072
0	201
0	0
0	0
10	0
0	0
239	772
2	217
0	573
1	459
2	194
0	295
483	1338
0	1338
0	916
339	1735
1	114
0	749
0	219
0	1554
0	100
0	119
0	28
0	130
0	2
1	24
1	25
0	25
0	25
2	16
12	4
0	13
0	0
41	2
0	0
0	0
0	570
0	560
0	373
0	45
12	576
0	2
0	19
1	421
0	421
0	0
149	39
0	2
0	2
2	43
0	0
0	8
0	196
9	215
0	189
0	44
0	42
0	4
0	40
0	38
0	0
0	0
0	0
0	3
0	3
0	1
0	1
0	1
0	0
0	0
0	0
0	44
15	381
0	385
0	381
0	331
0	13
0	9
0	0
0	1
477	32
0	20
0	12
3	0
0	70
0	25
1	70
0	2
0	2
0	4
0	7
36	0
0	0
160	73
1	29
0	58
0	43
0	0
0	0
0	0
17	0
3	0
125	1894
0	1420
44	452
319	1371
53	1156
0	0
1	81
0	0
0	0
0	0
0	0
0	0
0	0
0	0
0	0
0	0
0	0
0	0
0	0
0	0
0	0
0	0
0	0
0	0
0	0
0	0
0	0
2	3
1	3
1	1
0	1
0	0
0	0
2	0
0	0
0	0
43	74
0	13
0	0
0	60
0	0
0	19
0	59
0	64
0	8
0	2
0	10
0	4
1	1
0	0
0	0
0	0
3	25705
0	0
0	0
0	0
0	0
0	0
0	0
0	0
0	0
0	0
0	0
0	0
5	5
0	0
8	1154
0	1097
0	1153
13	895
0	7
14	4
4	234
0	0
0	0
0	0
0	0
0	0
0	0
79	253
0	54
2	199
0	203
0	81
0	0
9	81
0	5
26	0
0	51
183	70
0	2
0	3
0	12
0	13
0	8
1284	927
0	927
0	193
3	67
0	78
0	0
0	0
0	0
0	0
297	58
0	2
4	57
0	0
0	2
0	37
0	20
0	2
5	62
10	62
0	0
0	13
0	7
0	22
2	79
0	46
0	99
0	14
0	6
0	4683
196	11988
1581	14561
23	8954
5	46
0	0
0	0
0	0
0	0
0	0
0	0
0	862
0	0
0	0
13	10633
3	9011
6	9029
0	3207
0	10452
723	8833
0	2752
0	2069
0	1647
0	1192
38	26
0	25
0	4
0	3
0	2
0	0
0	1
22	12
0	11
0	0
0	0
5	2290
1	1151
0	2287
2	69
0	0
151	882
0	40
0	834
0	3
30	0
0	5
0	5
771	0
0	0
0	0
0	0
0	0
0	0
1	0
109	7
0	3
0	1
0	0
0	0
0	0
0	1
0	0
296	1
0	137
1	0
607	450
5	443
0	50
33	123
6	7
0	209
0	206
1	112
1	14
136	247
8	247
0	0
0	13
0	0
0	0
0	0
6	47
1	46
0	1
0	0
0	0
2250	842
20	842
0	0
2	0
3	0
2	0
0	0
7	113
0	1574
1	1533
6	0
1	2799
26697	2810
436	1908
10	0
0	0
0	0
0	0
0	0
0	0
0	0
30	747
0	298
1	210
0	342
0	403
5	214
0	154
0	204
0	44
0	32
0	19
0	23
0	6
0	2
15	348
6	319
193	306
0	83
9	114
0	590
15	610
3	650
0	539
3	63
0	406
0	397
0	27
0	0
0	120
0	11
0	28
0	21
0	65
0	9
0	0
0	0
389	7319
0	2528
6	1
0	1
319	7121
0	2330
16	1
6	504
6	504
1	8
166	0
0	1
4	1
103	5
0	5
36	3871
7	5
1	4188
8	4200
4	99
0	0
0	0
0	0
0	0
0	0
0	0
0	44
0	0
0	15
0	0
0	37
2	37
177	1472
0	1277
0	580
19	676
0	672
0	72
0	0
0	0
0	0
40	33
0	0
0	0
0	8
0	31
0	5
0	2
0	0
4	24
0	6
0	0
0	0
0	0
0	0
27	992
59	1024
38	1024
0	948
0	282
3	16
0	62
0	0
0	0
30	0
0	0
19	39
0	31
0	0
0	13
0	0
0	0
0	0
4	0
59	13
0	0
0	13
0	0
0	0
6	76
0	76
0	3
0	9
0	9
6	2
0	0
0	2
0	0
0	0
0	0
536	56
0	0
0	3
0	0
0	0
0	0
0	53
0	0
970	0
0	0
0	0
1597	0
445	186
0	87
0	57
0	10
15	48
2170	199
2	104
0	91
0	0
281	406
0	406
0	372
0	0
0	16
0	11
0	11
0	0
0	0
0	0
0	0
0	0
0	0
0	0
0	0
0	0
0	0
0	0
0	0
0	0
0	0
0	0
0	0
0	0
0	0
0	15
51	3177
26	3142
16	900
0	450
0	129
0	192
0	163
4	0
0	0
0	0
0	0
222	246
1	58
3	124
0	173
0	38
1314	236
0	236
0	0
0	20
0	0
0	0
3	72
0	0
0	0
0	0
0	0
1668	1549
89	1490
0	1002
6	540
0	0
2	7056
76	7119
4	452
0	184
0	54
1	46
0	27
0	35
0	0
0	0
0	0
165	66
0	3
0	20
4	21
0	53
0	0
0	0
0	0
0	0
0	41
0	41
0	0
2	0
0	0
0	0
0	0
0	29
0	19
0	2
1	27
0	27
0	27
0	18
0	21
0	0
0	5
0	21
10	328
7	776
0	776
0	28
2	59
0	0
0	16
0	18
0	6
79	0
0	0
0	0
22	0
0	0
0	0
0	0
1	125
4	52
0	0
0	122
23	20
0	15
84	1128
133	1108
0	253
0	855
0	855
0	853
0	573
0	0
0	0
0	0
0	0
0	0
163	788
0	75
0	656
0	216
0	105
0	42
0	0
0	0
2464	663
0	23
11	330
2	186
0	39
9	271
0	0
0	0
0	35
0	49
70	49
0	3
0	3
0	0
0	0
0	4
0	0
0	0
0	0
0	0
1	5
0	0
0	0
0	0
0	0
0	0
1	5
0	0
24	1352
28	1341
0	1163
658	156
0	154
0	202
57	222
0	58
4	39
0	20
0	0
0	0
11	130
0	130
373	37
0	0
0	0
0	37
0	12
0	0
0	0
170	0
0	0
11	20954
2	20943
87	20930
43	7251
124	0
0	23
0	11
0	23
0	23
0	0
0	0
0	0
0	0
0	0
0	32
0	26
3	357
3	354
0	121
10	388
0	120
0	7
0	112
1	7
4	41
0	41
0	0
0	0
0	0
0	0
0	0
1	0
0	0
0	0
1	0
0	0
0	0
0	0
0	0
0	0
8	188
0	0
0	0
0	0
0	0
3	0
0	0
0	2
5	2
0	0
0	1
0	0
0	0
0	0
0	0
0	0
0	0
0	0
1	2
1	74
36	2064
3	6829
451	7995
0	3458
0	0
0	0
0	0
0	3100
1	324
1075	300
5	84
1	185
0	123
22	1795
1	42
0	35
0	3
0	1
0	0
0	4
1	0
2	32
4	14
0	184
7	192
1	2
0	3
0	2
0	0
0	1
0	0
12	5
2	2
0	6
0	0
0	0
0	0
2	13
0	2
0	1
0	0
5	2
0	6
0	0
0	0
10	13
0	2
0	0
0	5
0	0
0	0
0	5
0	0
0	0
0	0
0	0
0	5
0	0
0	0
0	0
0	0
0	0
0	0
0	1
0	1
0	1
0	0
0	0
2	0
0	0
0	0
0	0
0	0
0	109
0	0
0	0
0	0
0	0
1	145
0	1
0	0
0	32
0	144
0	2
0	144
16	2138
43	2068
0	26
3	25
0	182
0	1804
0	57
0	0
10	1857
0	3
0	0
0	271
0	0
0	21
0	21
0	0
0	5
0	5
0	5
0	5
0	5
0	5
0	0
0	0
0	0
0	0
0	0
0	0
0	0
0	0
0	0
0	0
0	0
0	0
0	0
0	0
0	0
0	0
0	0
0	0
0	0
0	0
0	0
0	0
0	0
0	0
0	0
0	0
0	0
0	0
0	0
0	0
0	0
0	0
0	0
0	0
0	0
0	0
0	4
77	4
0	0
0	0
480	108
0	102
0	105
0	13
8	1636
0	6
0	0
0	0
0	0
0	0
146	0
0	5814
0	5942
0	5840
0	5968
3	280
23	346
0	5732
17	275
0	837
0	922
0	0
0	933
3	1011
10	996
0	180
1	1079
2624	1024
179	1051
0	0
0	228
0	3
65	8212
1014	8212
1	89
0	0
0	45
0	62
0	536
0	165
0	42
0	0
397	21
0	21
433	14913
2134	16178
0	7347
0	7309
5	3217
1	2068
0	476
2	88
486	1091
0	1055
9	67
0	0
0	347
2	16
0	18
0	5
2	36
2	48
1	21
0	11
1	1
3	1
0	219
5	219
64	9395
144	9395
0	1098
0	12
0	310
0	0
0	4
0	4
0	0
0	1266
0	1290
0	1038
0	119
0	236
0	552
0	1174
0	74
1	106
0	185
0	598
3	72
0	19
15	471
0	0
0	3
0	574
0	288
482	187
0	66
2	122
0	0
26	0
157	158
9	158
1	0
0	0
0	0
0	0
0	0
401	89
0	83
0	6
2	1
0	29
1	29
0	25
0	0
0	0
0	0
0	0
0	0
0	45
0	49
0	45
0	4
0	6
1	4
0	246
2	251
0	190
0	11
10	13
2	12
20	12
0	12
0	6
0	0
0	0
0	0
0	0
0	0
0	0
0	0
0	0
0	0
0	0
0	0
0	0
0	0
0	0
0	0
0	0
0	0
0	0
0	0
2	43
1	1
10	43
0	20
0	20
2	0
0	0
0	0
0	0
0	0
0	0
0	0
0	0
0	0
0	1
0	1
0	0
0	6
0	9
5	80
0	11
0	3
2	12
0	11
0	10
5	73
0	0
16	5
0	66
0	3
0	2
0	5
376	12
0	12
4	52
5	58
0	43
1	19
0	1
0	12
0	1
0	2
958	2448
10	2541
92	1903
396	1120
24	1120
9	962
378	1067
2	203
0	90
387	60
1	60
0	54
1	19
0	19
116	367
0	367
137	52
0	50
0	16
0	14
2	9
0	0
4	4
1854	203
0	203
0	1794
0	1739
7	1778
1	3
102	0
0	0
1710	279
0	279
2581	878
26	892
1	116
0	130
0	0
0	120
0	120
0	105
0	115
0	122
0	128
0	90
7	115
0	25
9	119
0	117
0	67
0	46
0	23
1	18
3	7
0	8
2	8
0	0
13232	145
0	0
0	145
0	0
0	0
0	0
0	0
0	0
0	0
7	1586
62	8040
0	468
15	846
32	6968
0	0
0	1430
69	30
5	30
1	5
3	0
12550	11685
0	7265
3	1880
0	8597
6	2906
2	498
0	3712
4	3712
0	60
0	0
0	0
0	0
358	2
0	0
0	9
1815	999
0	223
0	911
267	9
0	7
0	0
1175	76
0	7
2	22
0	10
1	3
0	6
0	0
0	16
0	0
0	30
1	0
2497	3033
0	585
100	2480
81	1138
0	5
2	0
20	5
0	0
0	139
0	125
2	110
0	114
0	127
3	0
0	1
0	0
2017	4
10	0
0	0
0	286
32	4393
3431	3392
12	4388
150	3386
0	3639
0	1093
2	38
3	38
23	630
414	689
0	605
23	595
1	74
0	94
0	126
0	170
0	0
0	0
0	0
0	0
0	0
0	76
50	28
0	27
0	0
0	23
0	4
0	0
0	0
0	0
0	0
0	0
2	133
0	30
3	19
0	49
0	34
0	2
0	3
1	18
7	123
0	7
0	19
0	2
0	0
1	1
0	0
0	8
0	7
0	7
0	7
173	101
0	58
0	21
0	0
0	0
0	0
0	0
13	32
0	7
0	1
0	0
0	1
183	32
1	21
1	9
108	211
0	191
0	87
0	50
0	0
0	37
0	204
2	150
23	188
0	40
0	196
0	1
0	31
1	12
4	34
0	36
0	72
0	0
0	1
2	44
0	0
0	0
0	0
0	0
1	0
0	0
11	3900
0	2501
0	346
0	2946
0	3936
0	177
3	2360
5	2978
0	3012
4	907
0	1167
0	2753
0	848
3	1913
0	0
0	0
1	425
0	0
0	0
0	164
0	0
431	34
0	0
0	28
0	141
0	0
0	1
0	47
0	0
0	25
0	2
0	3
0	3
0	11
0	10
0	140
0	0
0	9
6141	714
0	481
0	0
0	543
2	221
3	75
0	1
0	0
3	38
0	0
33	143
1	133
0	7
0	2
0	3
5878	775
9	775
0	521
755	521
0	285
0	1288
1	481
73	1197
0	1247
0	1218
1	1289
0	1207
0	30
9	202
5	118
0	33
0	9
0	0
171	3208
70	3208
0	2043
8	5
0	5
4135	15
10	149
0	0
0	0
0	0
0	0
0	0
14	6
0	3
0	0
0	0
1486	406
0	35
0	56
0	396
0	255
0	3
0	3
196	16532
135	17298
0	3157
0	6749
0	6749
0	5965
2	3092
0	2339
0	151
1053	156
0	156
0	0
2209	62
7	43
0	0
0	0
0	0
0	3
0	3
0	3
0	0
0	0
0	0
0	0
0	0
0	0
0	0
0	0
4	32
83	8579
340	8399
0	8455
0	171
0	0
241	345
0	309
1	11
0	105
0	313
0	6
2	313
0	7
0	0
0	0
442	21
2	15
0	0
0	0
0	0
26	63
3	42
26	33
776	0
0	0
0	0
0	0
0	0
0	85
0	0
0	0
0	2626
42	2632
2	57
0	0
0	0
0	0
0	0
60	1198
2	1198
18	61
0	10
109	317
0	322
3	319
0	0
0	2
0	12
277	158
15	69
3	154
4	0
6	51
0	50
0	51
0	49
0	46
0	48
1	0
0	0
0	0
1	73
6	73
4	637
11	654
4	599
1	59
3	43
8	18
1	19
1	0
4	7
0	7
25	1702
47	1702
0	21
14	1541
3	102
0	1
0	1
4	234
0	0
0	0
0	0
0	0
0	0
0	0
0	0
0	0
0	0
0	0
0	0
0	0
8	209
0	0
0	0
0	0
0	0
0	0
0	0
0	0
0	0
0	0
0	0
0	0
0	0
0	0
0	0
0	0
0	0
0	0
0	3
0	3
0	0
0	0
0	0
0	0
0	0
0	0
0	0
2	0
0	0
0	0
0	0
0	0
0	0
0	0
0	0
0	0
0	0
0	0
0	0
0	0
0	0
0	0
0	0
0	0
0	0
0	0
0	0
0	0
0	0
0	0
0	1
0	1
0	0
0	0
0	44
0	44
0	17
0	17
0	0
0	0
0	0
0	0
0	0
0	0
0	0
53	97
0	0
0	96
0	0
163	7
3	6
123	2
0	0
0	0
3	4
0	4
0	0
0	0
13434	0
746	8
3	8
377	535
1	576
0	0
0	0
3	59
14	2
13	352
3	360
12	363
0	20
0	52
0	47
0	0
0	0
0	0
0	11
0	34
0	32
0	27
0	0
0	1
318	11
0	0
0	11
67	649
5	649
1263	2636
0	2431
0	864
0	21
0	269
0	3
5	0
0	311
10	373
53	469
0	389
0	256
0	0
406	0
45	17914
1531	17914
1	0
0	505
25	505
0	0
1	0
0	0
8099	7416
54	7416
2	3124
39	3118
4	2376
0	563
2	402
0	0
15	962
1	963
32	953
2	432
30	0
26	0
0	0
6	384
4	361
1	43
0	4
1	6
0	66
0	105
0	0
0	69
5	24
0	45
0	0
0	25
1	25
0	2
0	1
0	1
0	1
0	24
0	0
0	0
0	0
0	0
0	0
0	23
0	3153
546	2704
0	2489
0	2999
0	0
0	0
5	2414
0	2444
0	136
0	1639
0	0
16	20
2	20
45	1164
8	1081
0	1098
0	65
1	90
0	0
45	0
0	0
0	240
482	1023
0	321
0	770
0	335
0	447
0	27
3	83
1	1234
10	212
153	1202
29	1203
0	0
0	0
0	1
0	9
6	9
1656	0
597	0
2	28
0	83
3	88
0	88
0	8
0	4
6	29
0	13
3	13
0	6
0	0
0	752
2	260
0	10
0	0
0	750
6	460
28	0
0	744
16	2089
24	2175
0	127
61	1533
0	0
1	65
0	129
3	317
0	0
0	77
0	300
0	256
0	158
0	20
9	10336
0	8623
0	10207
0	9836
0	9815
1	576
16	463
0	742
1	1486
0	0
0	1486
4	885
0	0
0	0
1	47
6	64
14	126
1	15
0	119
2	749
1	749
7	259
4	176
4	38
2	15
2	110
5	145
1110	159
0	0
1	0
0	619
1188	827
0	294
0	6
0	118
0	0
0	0
0	0
0	0
0	0
0	0
4	87
1814	93
0	0
0	0
0	2
0	0
0	0
0	0
0	0
0	0
0	2
0	0
0	0
0	0
0	2
0	0
0	2
0	0
9	1310
41	1310
0	29
3	62
1088	112
1	40
0	10
538	85
6	81
3	64
0	0
0	0
21	90
0	78
0	76
0	48
0	3
0	1
0	75
515	83
7	47
0	36
0	29
0	31
0	24
0	14
0	8
0	6
0	12
0	3
0	2
0	0
3	0
0	1
14	890
83	890
0	744
196	721
0	203
411	5
0	5
21	0
5	224
0	8
0	60
0	206
0	33
0	0
10	394
0	396
0	396
59	6
0	0
0	0
0	0
0	2
9	6
0	1
0	2
6006	1690
0	828
0	382
0	228
0	444
0	497
0	0
0	74
0	74
5	344
29	656
12	967
1	344
0	66
4	146
0	59
1	6
0	0
0	0
0	0
0	0
0	70
0	69
0	3
0	2
49	0
0	13
11	3903
0	4115
75	4027
14	467
0	342
0	76
4	33
2	81
0	25
0	3
0	78
0	253
0	218
0	193
0	255
0	260
0	255
0	46
0	29
0	29
0	36
0	18
0	32
0	31
0	25
2	0
170	267
0	218
2	23
0	191
0	142
0	99
0	3668
0	3702
0	3804
0	3856
0	3836
0	3747
0	267
0	0
3	42
0	169
0	109
7	30
0	10
0	0
216	2
0	0
0	0
0	0
0	0
0	0
0	0
7	0
15	944
4	871
21	988
2	74
1030	685
0	685
0	68
51	85
6	85
0	0
27	240
0	126
0	104
0	111
0	2
0	0
0	0
0	254
0	350
15	377
0	17
0	459
0	0
0	12
2	345
236	372
0	574
0	803
0	1379
0	1350
0	214
0	1
0	61
0	340
0	1386
0	0
127	0
263	0
0	15
2	924
358	948
0	193
0	0
7	58
0	892
0	895
0	769
4	55
0	435
0	437
1	564
0	63
0	68
0	54
4	0
0	62
0	12
5	82
0	23
0	88
0	9
1	8
0	14
2	115
0	7
4	108
0	6
5	3
289	83
1	35
91	10
0	10
0	0
0	0
88	455
0	263
0	282
0	102
0	19
0	19
0	0
20861	97214
24	62258
0	0
0	550
4	623
24	72
2	598
0	20
703	0
0	0
0	0
0	0
483	132
0	0
0	0
1	76
1	81
0	0
30	23
1	4
1	6
0	0
2	37
3	153
355	153
0	0
0	11
1	48
0	48
8	28
0	11
0	4
0	0
0	0
0	9
0	46
0	0
0	3
0	0
0	0
0	0
74	130
11	127
0	31
0	2
1	9
4	39
1	23
0	24
0	7
0	0
0	17
0	2
1	6
0	5
0	6
0	0
0	5
0	1
544	154
4	157
0	50
0	10
20	0
0	0
8	0
0	0
0	0
0	0
2	1294
46	1301
8	276
1	32
28	333
0	0
0	0
1	939
0	0
0	0
0	0
1	189
93	4
964	104
0	0
0	0
0	104
90	175
0	175
0	0
88	4
0	0
0	48
0	0
17	608
2	611
0	8
0	775
8	739
0	92
0	20
123	4423
162	4416
0	4170
0	0
17	209
0	0
0	0
0	0
0	0
0	0
0	1
0	1
0	0
0	0
0	0
0	0
0	0
0	0
0	0
3295	724
1	372
0	66
3	231
17	163
0	38
25	32
0	0
25	271
0	271
7	62
0	54
0	4
0	1
0	4
2	3
1	0
544	49
2	48
2	2
0	0
0	0
23	0
0	0
0	0
0	0
0	0
0	5
16	5
14	159
23	159
7	28
0	35
2	33
0	23
0	248
13	260
0	26
37	123
0	59
0	59
0	59
0	0
0	0
0	0
0	16
0	0
0	16
0	0
0	14
0	10
0	0
0	14
0	0
6	0
0	0
0	5
0	5
15	8
0	0
0	6
0	4
0	4
0	4
0	4
0	0
0	2
1	981
4	178
0	2988
0	0
0	0
1	5
9038	2995
0	1074
16	360
16	354
38	1104
0	0
0	205
0	0
44	0
0	0
0	0
0	1
0	1
0	0
0	1
3	1
5	67
0	67
0	43
0	0
2	0
1	0
0	2
24	21
0	8
0	13
513	515
39	274
34	165
4	285
0	57
1	49
0	0
0	0
0	0
16	0
0	648
0	645
0	0
0	0
0	10
52	46
2	2
0	0
0	44
0	17
0	77
0	83
3	80
0	4
0	7
2	0
1	0
24	37
0	33
0	17
0	0
2	1362
0	1
1	15
6	1340
0	55
0	1360
0	0
0	30
0	724
1257	1271
13	695
0	821
0	891
0	493
0	301
1	0
5469	10341
12	5382
1	3802
2	10341
3	4709
23	24
0	0
0	0
0	0
0	0
0	0
0	739
3	739
6	85
2	60
0	48
0	16
1	134
0	42
22	111
0	51
0	195
112	268
0	205
1	184
0	184
1	91
0	92
30	400
0	349
0	173
0	51
0	0
0	6
0	8
0	0
0	49
0	947
0	70
0	910
1	937
0	951
0	23
0	24
0	79
1	198
0	119
0	90
0	146
0	1
0	1
0	0
0	0
0	0
0	0
0	0
0	0
50	2
1400	0
44	194
10	178
0	107
0	69
0	47
0	35
0	23
0	7
0	0
0	0
0	0
66774	6216
8	6007
4	1221
11	3521
4	1475
13	548
17	1397
0	50
0	1395
0	395
2	1352
45	4
26	0
79	44
1	40
2	14
0	7
2	4
0	5
85	0
32	26
0	24
0	1
0	0
84	18
0	3
2	17
0	2
0	0
0	0
0	46
0	295
14	295
0	16
3	22
0	18
0	0
0	8
0	33
0	23
244	874
11	958
1	458
0	553
2	39
349	1647
1	1647
0	0
0	465
3830	3533
0	3442
3	478
1	4382
0	5699
606	12037
12	2235
0	8167
0	7725
1	125
3	0
0	12
0	216
0	274
15	174
41	11
57	46
38	47
21	64
491	836
17	882
47	677
34	0
424	29
0	0
0	27
0	18
1	18
2	0
3	0
0	0
0	0
0	0
0	0
6493	0
2	169
158	285
0	116
0	562
0	610
0	610
0	147
0	537
1	20
205	15771
546	15190
1	3684
3	2346
1	777
4	0
0	0
5	183
70	120
2	129
0	0
0	0
2592	1394
0	0
0	51
0	414
0	400
0	344
0	185
5	0
444	1455
0	898
10	1174
1	424
0	471
41	433
3	331
3	190
0	227
2	54
0	0
123	192
1	118
0	164
1092	8035
0	8037
1	6291
1	1607
0	389
0	424
0	0
30	2533
0	0
0	640
3	611
0	2
1	559
1	380
0	204
0	164
183	2080
0	817
2	2077
0	732
1	514
0	8
0	44
0	6
0	337
0	0
35	258
0	116
5	86
0	296
0	163
0	0
0	0
281	184
3	34
0	0
250	758
0	758
0	36
1	20
0	3
0	3
4	1577
2045	1644
0	179
0	85
2	15
0	4
21	891
9	4
0	3
0	3
0	1
3	521
121	521
6	0
0	0
0	0
0	0
2	10742
306	10742
27	561
0	184
136	796
360	1081
1	294
0	578
2	641
4	268
0	81
8	281
2	269
0	10
1	10
0	1
0	0
0	0
2	0
0	60
0	60
0	0
0	0
0	0
0	0
0	0
0	2
0	4
1	4
4	4
0	9
0	9
0	4
0	2
0	1
0	42
0	2290
0	2311
0	2267
313	2288
0	211
0	64
0	1890
1	545
0	116
10	351
0	322
1	312
0	344
9	349
16	349
0	73
1	16
57	13464
5	13461
92	13417
25	13484
1477	13675
93	13671
2	13598
0	13390
5	8412
0	7902
1	7831
1	2131
0	3658
1	23
0	23
0	23
0	6
0	15
0	237
2	280
0	122
0	42
0	21
0	76
0	4
0	20
0	0
0	0
0	0
0	0
0	0
0	0
2	1321
10	2456
114	2117
1	505
2	225
1	721
0	356
4	852
9	536
0	127
0	0
1173	1811
0	980
0	748
2	215
0	825
2085	6778
0	5590
5	5664
20	1
99	1912
13	1667
2	59
0	1535
2	339
5	91
1	44
8	1801
5	1800
3	222
0	222
0	222
1	52
0	29
0	15
1	4
3	1276
0	132
0	1115
0	126
0	0
0	212
2	197
0	124
0	21987
3	22138
0	29096
0	2746
0	10
286	30377
499	31265
129	4277
14	3006
108	4630
12	1558
15	1180
17	1037
1	20980
2	20416
0	24788
2	3323
4	4583
2	2260
0	3631
2	1784
0	520
0	84
2	67
0	84
0	84
0	18
0	2
0	2
0	0
0	2
0	0
5	19
0	0
0	19
0	2
0	11
0	2
0	23
0	12
0	24
0	1
0	0
0	1
0	1
0	1
0	10
2	198
2	193
0	21
7	144
1	192
0	35
0	165
0	13
0	34
5	8
1	20
124	14
0	7
0	7
0	5
47	0
0	0
0	0
0	0
0	0
0	0
0	199
2	197
21	232
5	326
0	500
3	587
3	399
58	5025
13	273
0	6729
11	233
0	77
0	142
0	269
4	217
2	164
71	3634
323	6565
1	3422
18	12
1	12
2	1
0	0
0	1
0	1
1	0
0	0
33	2
937	37
2	37
0	0
0	0
0	6
0	931
1	1036
0	763
26	1145
2	136
0	39
4	420
2	850
0	273
0	129
0	316
0	0
0	172
0	43
135	204
8	204
14	51
0	40
0	42
0	2
0	3
0	0
0	0
1	3
0	3
11	13
0	13
0	13
6	0
0	0
0	0
0	0
74	550
2859	1973
1	552
148	896
0	0
4	0
1	4
48	545
1	545
1	104
0	72
0	41
0	48
2	5715
0	5037
40	5952
0	5493
2	4468
0	328
0	5366
19	279
1	133
1	124
0	96
9	267
0	265
0	0
0	3
0	3
0	0
0	0
0	0
0	0
0	0
0	0
8	0
0	0
0	0
2612	2507
4	1107
19	1181
1	476
0	312
2	36
43	3632
72	4200
2	979
0	2936
0	605
2	83
0	1244
0	104
0	78
1046	4871
2	3652
26	1251
0	2210
6	0
0	33
0	106
0	113
0	6
0	11
0	110
0	28
0	18
657	1177
0	682
4	663
3	449
4	6618
0	6722
0	7044
6	7126
0	6752
9	7299
0	6977
2	6425
0	115
3	43
0	46
0	46
6	46
1	39
2	947
0	4497
65	4336
12	4149
3	4482
0	0
5	0
0	0
0	0
387	0
3	2
0	2
958	548
0	482
28	53
4	472
0	407
0	284
0	267
0	275
0	0
0	0
0	0
0	509
1	663
0	96
0	575
3	659
0	350
0	158
0	8
0	24
0	7
0	36
5	310
0	46
0	12
0	53
30	113
1	14
0	60
0	46
3	54
1	67
0	57
0	33
3	45
0	65
0	39
1	4
3	19
908	1321
0	1195
1	126
316	157
0	86
0	134
0	102
2	1
0	11
0	2
0	20
0	0
0	19
0	197
320	403
1	363
1	88
2	35
0	134
0	32
0	5
0	85
216	93
0	5
0	15
0	9
91	7301
1138	7301
0	0
0	0
0	0
0	0
0	2
0	1
0	1
0	2
0	1
0	0
0	0
0	0
0	0
0	0
0	0
0	0
0	0
0	0
0	0
0	0
0	0
0	0
0	0
8	1
3	1
5	350
5	4287
157	4287
1	510
0	4292
0	554
0	0
0	0
0	0
0	0
0	0
0	0
2	0
0	0
0	0
0	0
0	1677
7	1696
0	31
0	51
1	100
0	3
0	137
0	136
0	141
12	141
0	139
1	14
0	11
0	5
0	5
869	85
0	85
320	117
2	117
7	47
49	47
29	622
1	548
0	231
0	267
0	67
32	76
0	0
0	0
0	0
0	133
709	155
1	162
2	23
0	35
3	0
0	0
0	101
5	102
0	97
0	0
9	106
0	106
0	13
0	0
2	6
0	0
0	6
0	1263
0	1216
2	1024
0	76
2	17
0	235
0	20
0	77
300	720
1	654
24	181
0	95
0	37
0	17
1	3
0	3
0	3
0	135
0	1554
37	1499
0	342
0	0
0	0
1	7
1	613
18	631
0	141
0	0
0	9
39	531
5	508
1	4
4	27
0	22
0	525
0	544
6	543
0	0
3	14
0	0
0	0
0	144
0	31
2	318
0	0
0	222
0	226
0	227
0	217
0	216
0	0
0	6
2	13
0	8
0	8
6	8
0	8
30	3810
90	3916
0	716
421	16
0	16
0	16
0	3
4	3
2	0
44	22
0	20
0	22
1156	320
0	320
105	317
0	29
3	317
0	254
4	352
3	342
0	37
0	16
0	1
0	113
12	113
0	0
0	7
0	1
0	7
0	1
0	0
11	0
20	569
0	504
0	176
1	82
0	124
3	100
0	2
0	2
0	0
0	0
0	1
0	1
0	1
0	0
0	0
0	0
0	0
0	0
0	0
0	0
0	0
0	0
0	0
0	0
0	0
0	0
0	0
0	0
0	0
0	0
0	0
0	0
0	0
0	0
0	0
0	0
0	0
0	0
0	0
0	0
0	0
0	0
0	0
0	0
0	0
1	12
0	0
0	0
0	0
0	0
0	0
0	0
0	0
0	0
0	1
0	1
0	0
0	0
0	0
0	0
0	0
0	0
0	0
0	0
0	0
0	0
0	0
0	0
0	0
0	0
0	0
0	0
0	0
0	0
0	0
0	0
0	0
0	0
0	0
0	0
0	0
0	0
0	0
0	0
0	0
0	0
0	0
0	0
0	4
0	0
0	0
0	0
0	0
0	0
0	0
0	0
0	0
0	0
0	0
0	0
0	0
0	0
0	0
0	0
0	0
0	0
0	0
0	0
0	0
0	0
0	0
0	0
0	0
0	0
0	0
0	0
0	0
0	0
0	0
0	0
0	0
0	0
0	0
0	0
0	0
34	4718
0	4282
0	4713
2	4653
14	59
0	17
0	0
1790	0
1	4
0	1254
50	2090
5	1973
0	29
0	43
0	5840
6	6026
29	5981
0	5917
0	104
0	0
0	0
0	227
192	227
0	0
0	197
0	3
0	82
1200	190
0	94
0	92
57	2748
53	2748
25	246
0	75
0	60
0	0
0	102
157	233
0	68
0	199
0	1
0	59
0	40
0	0
0	0
5	1317
0	1040
0	1269
41	1231
0	1176
0	191
0	147
1	137
0	177
0	129
86	593
0	593
0	0
0	0
0	0
0	49
0	0
1	12
3	3
4	0
0	38
71	2
0	2
6	0
0	0
0	0
305	264
55	464
0	364
0	180
0	93
0	51
0	113
2475	20
72	1993
0	1926
0	889
0	192
0	0
0	2
228	55
5	15
0	14
0	26
36	793
0	516
0	380
0	193
0	65
0	217
0	168
0	17
1	0
0	0
0	15
0	15
0	3
0	3
9	518
0	518
0	314
0	35
541	41
0	41
0	17
0	1
0	16
8	10
5	5
1	2668
0	2658
0	336
0	44
3	56
0	56
0	21
0	19
0	19
237	0
2	35
8	815
4	2187
2	68
1	2205
1	58
0	24
0	0
0	79
3	20
2	93
0	54
639	9666
0	9666
0	6339
2	321
3	4188
0	0
2	160
0	356
7	1100
3	979
0	80
2	1019
0	126
7	20
1	100
0	297
4	297
0	297
0	299
0	82
0	0
0	19
0	26
0	31
0	22
55	2484
0	90
110	2439
2	158
0	152
20056	9884
21	5964
0	7811
44	3382
1	5569
1487	0
0	0
0	0
53	47
0	47
0	0
0	11
1	11
0	11
59	0
365	0
7	1749
0	1339
0	1624
0	502
0	598
0	753
6	1034
0	151
2	124
0	1031
0	237
2	89
0	71
0	44
0	86
0	0
0	45
97	36
1	75
90	6
25	296
0	3
0	260
4	311
0	1308
6	0
26	0
115	1675
0	1320
0	1209
0	603
0	349
0	53
0	141
176	292
0	126
0	166
580	4
2	4
11	424
946	495
19	72
3	54
55	14555
183	14573
13	14555
0	14463
5	13736
1	4686
24	735
10	642
2	1018
0	396
21	294
0	128
0	8
0	0
1	23
48	0
10	0
1499	55
0	45
1529	8
0	7
0	1
0	1
0	0
0	1
0	0
0	77
644	1426
1	160
2	673
0	435
0	1148
3	253
0	118
0	0
0	0
0	5
0	5
0	0
0	2
0	0
96	3
0	1
0	0
0	0
0	0
1	6
0	4
0	2
0	6
0	37
1	81
0	0
0	0
0	0
252	50
0	0
5	877
0	1
0	1
0	48
0	5
0	0
158	89
0	0
0	89
9	90
15	81
0	92
8	984
6	1317
0	752
2	1281
0	393
0	143
160	7978
28	7793
0	935
3	1007
3	714
2	393
104	78
7	53
0	3
0	29
0	0
8	2
0	0
0	0
0	2
0	1575
2	1575
0	0
0	0
0	0
0	0
428	92
0	92
0	11
0	1
0	2
1	2
0	0
0	2465
2	126
1	2
0	2403
0	2559
0	2557
0	2531
10	1987
0	2005
0	1741
0	0
1	2266
6	0
0	1860
2	2421
0	1696
0	1716
0	2374
0	1
4	18
1	30
0	168
0	31
8	163
0	194
30	25
0	10
0	15
5	0
0	9431
1	8785
1	1041
193	8644
1	5135
0	533
2	8423
0	929
0	438
8	464
323	697
0	185
3	40
0	55
0	108
0	21
0	104
9	0
15	335
0	298
0	329
0	6
75	3518
0	3542
0	3536
60	3415
0	3436
0	0
0	0
0	0
51	511
20	511
1	97
15	924
2	602
6	918
0	0
10	270
17	270
1	62
0	82
2	82
0	28
0	59
0	0
0	4
0	18
0	9
5	359
12	32
0	108
145	596
0	635
0	112
1	126
0	0
0	84
55	8417
1	2294
4463	8848
0	0
0	0
0	0
11	262
0	127
15	283
0	230
0	38
0	27
4	17
0	139
0	2
1	82
0	81
17	103
28	113
2	98
573	1979
1	1979
648	1216
0	928
0	588
4	7
3689	1442
0	16
0	78
2	217
0	263
0	0
0	480
0	385
0	4
0	7
0	8
0	4
0	3
0	0
0	0
8	7
56	25
0	18
0	14
0	1
0	2
0	2
0	2
0	2
4042	34071
18	1454
6	34423
0	8861
2	1465
2	10120
2638	0
1	1043
0	109
1	850
0	540
0	680
1	30
0	330
0	0
0	0
1	0
0	0
283	226
3	106
2	144
51	671
0	535
18	690
0	25
0	27
0	1390
747	2616
0	960
0	1011
14	45
0	45
493	962
0	701
0	183
0	193
1877	1966
51	0
1	1966
0	199
1	448
6	3
18	1215
30	1215
249	669
3	393
1	280
0	553
0	183
719	13
0	0
0	0
883	375
0	213
1	144
0	0
0	29
1	116
0	0
485	0
0	0
0	0
871	44
3	44
2	4
4	12
0	0
0	12
14	160
0	161
0	76
0	1
9	1697
2	1667
64	6
0	0
0	266
8	148
0	39
3	8
0	0
14	114
8	92
0	40
0	24
0	21
0	16
0	14
0	0
0	0
0	0
3	0
0	24
3	215
495	410
7	10
0	0
0	4
0	4
0	0
0	0
2689	2
0	82
0	85
0	0
22	548
7	543
3	70
0	3
0	51
3	80
13	353
11561	138
0	0
0	0
0	0
0	0
29	134
0	0
0	0
0	0
0	0
0	0
0	0
0	0
0	0
0	0
0	0
0	0
0	0
1	184
344	199
0	76
0	19
0	401
1	403
0	0
0	6
0	4
0	14
3	237
6	274
0	106
0	102
0	96
0	15
2	32
0	21
0	19
0	19
0	18
0	0
0	67
27	91
4	24
24	1
0	1
0	0
123	1
1	1
4	1070
10	1121
29	1080
2	245
8	1020
0	100
0	889
0	750
0	44
0	54
0	577
826	29
9	12
0	15
0	889
12	899
0	16
0	46
2	1288
0	783
0	783
0	1254
5	402
0	795
0	220
21	546
0	66
22	1014
688	1499
0	1291
0	132
0	184
0	63
0	402
0	240
0	145
0	196
0	431
2	149
0	319
0	161
9994	430
12	408
337	157
0	0
3	157
1	41
531	0
0	0
0	0
0	0
0	0
455	2105
94	2105
0	0
0	0
0	0
0	0
0	0
0	0
0	0
0	0
0	0
0	0
0	4
0	4
1	0
1	0
9	9
0	9
10	0
0	0
0	0
0	0
2	0
0	555
5	555
0	9
0	63
0	0
0	0
0	1
0	1
0	0
0	0
0	0
231	0
5	7
0	7
0	260
0	303
2	79
0	140
0	212
0	212
0	40
0	42
0	303
0	43
0	26
0	31
0	341
0	341
3	345
0	349
1	111
0	57
0	16
10	657
12	744
0	309
0	365
0	318
0	385
0	0
71	183
0	31
2	74
0	16
0	7
0	44
0	67
0	21
0	21
0	21
2	0
0	0
1	5
0	0
0	0
0	1
40	4
0	4
0	0
0	0
0	0
0	1
0	1
0	1
0	0
0	0
0	1
0	1
0	1
0	0
0	0
0	33
0	1
0	1
0	0
0	0
26	0
0	0
0	0
2	0
0	0
0	0
0	0
0	0
0	0
0	0
0	0
0	0
0	3
0	3
0	3
0	0
0	3
0	3
0	0
0	0
0	0
0	0
0	0
0	15
0	0
252	451
2	210
1	263
0	123
1	153
0	0
0	360
0	359
14	359
1	358
1	16
1	10
1	7
0	246
6129	3999
1	1128
1	2817
19	3675
1	12
5	2730
0	0
16	756
19	6237
11	6468
4	6387
0	7
0	7
6	0
0	0
29	31
0	32
0	34
0	15
0	1
0	90
53	337
0	0
0	75
7	247
0	0
0	0
4	0
0	0
14	2
0	2
0	0
0	0
17	15
0	14
0	1
0	0
0	0
0	0
1	0
2	0
0	0
0	0
0	0
0	0
0	0
9	0
17	2
0	2
0	2
1	0
97	165
2	165
0	0
0	3
0	0
0	2
0	0
0	0
0	0
0	0
0	12
0	12
0	0
0	12
278	10
0	10
11	833
877	928
0	813
3	854
0	20
0	58
0	21
0	382
0	31
67	1369
5	1396
0	1393
53	908
0	205
242	123
0	27
0	107
0	3
0	7
0	5
4	0
0	0
1	846
1	13
0	1
0	11
0	1
0	0
0	846
0	13
0	259
0	139
0	12
0	196
21	8
0	8
0	4
0	1
0	4
1	4
5	4
0	0
0	0
489	1
0	1
0	0
74	28
17	28
0	0
0	544
0	553
0	542
4	375
0	339
0	275
0	47
0	63
0	23
1	2
0	15
0	14
3	0
10	41
0	41
0	19
0	2
0	20
0	0
0	20
0	4
0	19
0	0
290	557
6	371
0	274
2	100
2	2
0	7
188	382
1	3
0	121
18	60
0	257
888	530
0	499
0	46
0	21
0	7
0	1
0	0
0	3
0	0
0	5
0	5
12	0
0	0
0	3
0	3
1567	0
0	0
0	0
0	0
0	0
362	53
0	53
0	426
0	1624
9	1645
0	26
0	1033
0	1053
14	1353
0	87
0	0
0	0
0	1077
0	1055
0	59
1	626
0	0
0	0
0	0
0	0
0	0
0	0
0	3
0	3
19	63
1	198
2	12
21	0
0	0
0	5
0	5
0	5
0	0
1	0
0	2
0	0
0	0
280	33
0	33
50	44
0	42
0	3
0	4
0	13
0	0
0	6
0	5
4	1
0	0
0	0
321	6
0	4
0	4
0	0
0	0
0	0
0	0
216	51
0	51
0	0
207	108
0	108
0	19
0	3
4	30
3	1
0	7
0	97
0	99
0	98
0	98
0	28
1673	1612
0	0
0	1032
1	775
0	45
0	225
16	24
3	242
0	336
11	99
79	348
0	348
118	5211
0	5207
73	1030
2	76
0	27
0	27
302	46
0	28
0	13
0	12
1413	59
0	45
0	0
1466	0
0	0
339	113
0	113
0	0
23	0
156	39
0	38
0	0
0	15
0	0
0	0
4167	686
0	100
1	432
10	369
2244	35
4	35
0	0
0	0
20	53
0	48
0	26
0	20
7	3
0	506
0	506
0	0
0	2
0	2
0	0
0	2
0	2
0	2
0	2
0	0
0	2
0	2
0	3
0	0
0	2
4	7038
0	0
1	332
57	7372
2	1608
5	4982
3	5764
0	2142
0	5094
4	921
1	2573
27	7196
2	5182
0	6305
0	773
1	5732
94	2941
10	1175
3	1121
9	782
4	1506
0	1462
0	11
0	2
1	922
6	27
9	0
11	16
0	10
0	97
0	95
0	36
0	0
0	86
0	0
0	0
0	1
0	1
0	1
337	903
29	905
2	901
0	0
0	0
0	0
55	1656
2	1656
0	10
0	112
0	735
3	770
1	627
0	16
6	41
1	28
0	1
0	0
0	1
0	0
2	0
0	1
0	0
28	3
0	2
0	1
46	40
0	21
0	19
0	6
0	19
0	0
0	0
0	0
0	0
0	0
0	0
0	0
0	0
0	4
0	5
0	5
0	4
0	3
0	0
0	0
1	34264
2	34267
1560	34627
48	6813
2	0
511	1593
0	1511
0	150
10	385
2	361
0	23
1	287
0	0
0	0
0	0
102	800
0	800
0	0
64	1138
3	300
1	1122
0	3
0	21
4	158
50	1388
29	1222
2	242
0	261
0	458
24	0
0	0
0	0
1944	342
18	278
0	0
3	0
0	40
0	0
0	68
0	18
6	39
0	39
25	7
12	7
0	0
0	0
0	1222
0	1155
27	1222
0	824
0	139
0	76
0	0
0	0
0	0
396	0
0	0
0	0
0	0
0	635
0	0
0	635
0	57
0	0
0	4
1	114
0	114
579	897
0	891
0	356
0	9
0	9
0	7
0	7
0	0
0	0
0	0
0	0
0	0
339	0
0	0
0	16
0	16
0	7
0	7
0	6
0	6
0	0
0	0
60	0
288	6
0	0
0	0
0	129
0	1
63	273
0	844
0	679
0	1256
8488	1202
3370	2701
16	2589
0	2460
1	165
0	178
1	17
213	37
3	9
0	0
0	37
0	0
0	13
0	9
0	0
0	0
199	165
0	165
17	414
0	281
0	353
0	380
0	19
0	10
0	76
0	0
0	0
0	0
1	0
0	0
0	0
0	0
0	0
0	0
0	0
0	0
0	0
2	39
0	585
0	733
0	2615
0	1896
0	441
4	2569
0	0
0	0
0	0
53	648
0	648
0	28
0	169
1	0
0	0
0	4
0	4
0	58
0	172
0	6
0	4
0	0
0	6
0	6
0	3
0	0
934	2517
280	2496
15	5233
3858	3141
3	1871
0	1563
0	1
0	4
0	2541
0	1727
0	230
2	239
0	16
14	2549
1	2549
0	2556
0	2511
0	104
28	2472
8	40
28	40
0	10
1313	4
183	2
0	2
0	0
0	0
57	215
4	116
28	215
0	223
2	223
0	3
0	132
0	23
0	21
0	21
2645	2381
6	1738
12	1471
0	219
0	942
1	114
0	114
0	23
0	7
0	6
0	1
0	1295
0	1302
0	1348
0	1289
0	1340
0	1329
0	1316
0	1321
32	1305
0	1313
2	1147
0	54
1	151
0	10
0	15
0	438
0	3
0	3
0	0
0	2
0	2
160	116
3	114
1	46
0	6
1	0
0	9
0	20
0	21
0	21
0	0
0	4
0	323
0	323
3	18
0	7
674	207
1	86
13	0
0	7
0	105
0	0
3512	433
0	433
0	1
0	0
0	0
0	1
720	817
11	786
1	79
14	255
346	621
0	574
0	26
2	60
0	79
0	8
0	0
1	0
0	13
0	13
0	0
0	0
0	0
0	0
0	0
0	0
0	0
0	0
0	0
0	0
284	5
0	1
0	0
0	4
0	0
0	9
0	1
0	9
0	6
0	0
0	0
6092	20440
0	1564
3	20229
1742	492
9	371
0	229
3975	1288
0	606
0	14
5	668
10	228
2	0
0	720
4	748
12	716
0	57
0	36
0	29
3	0
7	3
4	3
9	0
0	0
0	0
0	0
0	2633
0	2640
0	2568
0	2712
0	2719
14	545
0	225
0	92
0	26
0	37
2	0
1	0
1	0
186	11
0	10
0	9
0	0
0	8
0	0
0	0
110	1071
0	122
37	1113
1	165
0	58
3	2782
0	153
167	2836
1	147
0	0
0	254
1567	2
310	0
0	0
1487	2728
0	888
0	142
0	1695
2	548
0	31
0	31
137	0
218	428
31	888
2	388
0	125
0	0
39	174
0	824
23	129
0	163
0	129
0	32
0	1
0	19
2	26
2	30
0	23
0	25
5	19
2	21
0	0
9	0
0	0
0	0
1	0
0	0
0	0
0	0
0	0
0	0
0	0
0	0
0	0
0	0
0	0
0	0
0	0
333	2111
7	543
3	1158
36	1749
0	308
0	361
4276	0
957	5299
48	5287
34	4867
975	4875
0	0
0	0
0	0
0	3
0	3
0	0
0	0
0	0
0	0
0	49
0	0
0	0
0	0
0	0
0	0
0	0
0	0
0	1
0	0
0	1
0	0
0	0
0	0
0	0
0	0
0	0
0	4
0	4
0	0
0	0
0	1
0	0
0	0
0	0
1	0
0	1
1	0
0	0
3	0
0	0
0	0
0	3
0	0
0	67
3	58
0	4
2	30
5	74
1	11
0	11
0	1
0	2
0	12
0	0
23	731
49	716
0	159
0	16
1	30
2	21
0	207
543	218
34	206
0	58
1	163
4	0
0	10915
0	10915
1	12100
156	12099
0	11773
0	4451
0	8975
0	1331
0	476
1	202
1	1
0	371
3	8
77	155
0	19
0	0
0	24
4	112
1	0
0	0
0	0
0	0
13	986
0	894
0	166
0	82
18	217
0	162
0	140
0	147
2	123
0	65
0	99
1	10
0	0
0	0
0	0
0	0
0	0
0	0
0	2684
221	2817
1	201
55	36
0	22
0	24
31	555
0	555
0	388
0	23
0	23
1	0
12	128
0	23
0	120
8	27
30	0
0	51
1668	486
1	486
3	0
19	405
0	12
0	403
0	2
1	40
0	0
0	120
0	0
105	0
0	3
0	653
0	652
0	651
0	383
3	167
0	0
25	65
2756	176
0	0
0	141
0	33
0	871
1	1502
1200	1909
0	228
0	1413
0	1681
0	109
0	378
1	248
0	27
0	33
0	191
0	118
0	361
1	39
0	90
1	54
2	34
0	2
2	0
1472	122
0	122
0	0
14	10
2	10
1	1978
0	1978
1	3
76	1794
0	0
22	1791
61	1631
1	0
0	1136
0	5001
4	5124
6	5100
25	1463
4	1543
1	1494
10	1396
9	27
0	300
4	14
2	0
0	0
0	0
0	0
1700	0
309	0
0	0
20	2198
0	661
0	2201
0	33
0	31
0	50
0	0
35	609
6	609
368	611
0	2
0	456
3	456
0	125
11	277
2	277
0	27
4	0
2306	1486
4	1237
3	211
5048	196
1	196
0	0
0	0
7	236
50	293
0	14
0	52
1	53
0	0
1865	3864
12	3875
1	884
0	0
9	501
0	142
0	0
5	75
4474	591
0	134
7	155
0	149
0	114
0	66
0	0
0	207
0	67
0	384
0	0
0	24
0	31
0	173
0	78
22	951
107	1077
4	1036
0	925
2	8
2	8
0	0
199	780
2	758
0	118
0	0
0	0
0	25
71	12
1	12
2550	2235
0	2003
2	1116
0	1499
0	1758
3	465
1	51
2	0
68	17026
2849	17848
13	960
0	2
2833	100
1	100
1	0
788	141
0	38
0	101
0	13
7	44
0	12
0	20
0	0
1	206
96	322
2	18
0	188
8	16
0	5
13	50
0	5
26	199
0	116
0	196
0	8
0	0
15	26
0	0
0	0
0	0
1	0
2465	36
3980	12076
24	12069
7	12076
1	0
14	11310
4	5838
3	3812
6	1193
33	995
0	221
2	900
4	147
0	248
1	88
0	76
204	0
22	0
0	0
0	354
24	394
3	118
0	39
0	11
6	95
0	95
0	0
0	3
3103	0
0	0
0	10
0	113
0	98
0	102
0	19
0	22
3	1
0	0
0	0
9	1
0	0
0	0
0	0
0	0
0	0
0	0
0	0
2371	1
0	0
3	256
0	0
0	0
0	0
0	0
0	0
0	0
0	0
0	0
0	0
5	0
2188	2865
1	1521
8	2498
0	0
0	695
0	263
0	0
9	2385
0	2574
1	218
5	2142
0	2261
0	23
0	93
27	1113
0	253
0	0
0	36
3	114
0	120
8	3
1	1148
40	117
3	5624
10720	20428
491	20016
0	3534
2	1131
239	15063
3883	543
0	543
1097	1749
736	983
0	1661
0	2
5	2
0	832
0	165
0	249
0	0
1	1580
0	1580
4	0
0	98
1407	3093
4	224
2	2865
0	79
3003	166
1	129
0	0
0	2
0	6
0	6
0	3
0	1
14	286
1	286
0	403
0	0
0	403
0	3
0	0
14	369
15	0
2	3
0	2
0	0
0	0
0	1
0	0
0	0
0	0
0	0
2353	1089
5	221
3	16
0	1027
3	825
0	804
13	9
0	0
0	5
0	0
5	0
758	330
1	146
0	86
0	40
5	0
0	5
386	541
34	541
0	104
0	0
0	0
4	0
1	1
0	1
0	0
2	0
73	44
0	42
3	0
103	0
0	0
3	0
0	0
11	0
0	0
0	0
0	0
0	0
0	0
0	0
0	0
0	0
0	0
0	0
0	0
0	0
0	0
0	0
0	0
0	0
0	0
0	0
0	0
0	0
0	0
0	0
0	0
0	0
0	0
0	0
0	0
0	0
0	0
0	0
0	0
0	0
0	0
0	0
0	0
0	0
0	0
0	0
0	0
0	0
0	0
0	0
0	0
0	0
0	0
0	0
0	0
0	0
0	0
0	0
0	0
0	0
0	0
0	0
0	0
0	0
0	10
0	0
0	0
0	0
0	0
0	0
0	0
0	0
1	0
0	0
0	0
0	0
0	0
1	0
0	0
0	0
0	0
0	0
0	0
0	0
0	0
0	0
0	0
0	0
0	0
0	0
0	0
5	1
0	0
0	1
120	3
0	2
0	2
0	0
0	25
1	0
3	0
0	0
0	0
0	0
0	0
9836	8854
0	757
17	2518
4	5658
3	3522
4	0
3479	2915
407	2913
15	1139
6	439
0	0
1	793
4	340
2	496
50	1623
0	66
0	1089
0	13
0	23
6	155
0	104
0	101
0	0
530	36
0	36
86	146
0	91
0	32
0	16
0	567
2	567
0	57
5	1241
2	1113
0	1162
3	111
3	132
1	61
0	70
1	36
1	36
3	0
0	0
0	0
75	0
54	5013
0	5044
0	4911
0	355
0	0
35	594
0	43
1	881
0	28
0	25
0	28
0	1
0	0
0	0
581	15538
6	320
343	16636
18	5366
0	2345
24	2586
0	773
0	849
0	1218
3	1991
1	1887
0	2368
0	1887
0	1443
0	1921
2	2131
0	1755
0	596
0	1735
0	161
0	251
0	718
0	813
1	221
1	364
0	378
4	123
0	77
154	140
0	18
2	53
0	43
26	8
0	8
0	2
0	0
0	0
8	0
31	4
0	3
0	0
0	1
0	0
0	0
0	2002
3	1828
9	2196
0	2137
0	0
0	0
704	5909
21	5909
0	378
0	50
13	153
0	153
0	48
51	48
246	67
0	48
0	19
0	0
2	1260
7	1274
6	45
0	99
0	0
0	99
0	4
0	98
0	12
0	3
8	1294
4	1361
0	158
7	577
0	464
0	57
0	38
0	40
0	97
0	8
0	1
0	61
0	1
0	8
708	45
0	45
6	790
12	4582
2	6668
916	14697
0	14620
0	205
0	14424
0	71
0	0
0	1671
2	366
227	90
0	57
0	61
2	0
24	704
2	197
27	704
0	125
100	813
10	733
0	321
0	264
19	825
1	15
0	292
8	83
9	80
0	36
0	30
0	2625
0	2635
17	2771
1	726
0	199
1400	546
1	441
0	0
1884	117
0	97
0	238
1	280
1	282
0	13
1	58
0	57
16	0
6646	57
3	1427
0	1427
1	0
0	103
130	502
1	122
0	135
0	13
0	0
12	339
0	48
8	1968
2	219
0	227
0	5
0	267
0	102
24	603
3	1932
1	1548
0	280
8	1167
8	620
4	415
3	71
0	100
0	82
0	0
0	4
0	10
2200	696
0	694
0	1
2	1
91	3224
0	0
5	2829
0	3066
1	2845
0	1533
0	1418
0	243
0	17
0	226
0	467
0	821
0	423
1	147
0	313
0	103
0	256
0	106
0	0
2	484
2674	1542
0	626
0	131
0	863
5	34
0	34
13	2
0	2
0	0
0	0
0	0
0	0
0	0
0	0
0	0
21	2138
87	2231
0	2145
7	620
0	369
0	14
4	46
4	36
3	35
0	0
0	23
0	2
0	13
1400	0
581	5509
1	2296
149	4721
0	397
4	395
40	45
0	22
0	30
0	0
2853	0
1	7026
5	1316
1140	7008
0	3
32	5
0	4
0	0
0	0
0	0
0	1
0	0
1	1543
0	0
0	1583
6	1504
1	1501
2	1471
0	23
1	1445
0	0
0	0
0	896
0	867
0	0
0	22
0	51
1	1297
0	55
0	10
0	100
0	86
0	61
0	42
0	42
0	9
0	10
0	6
0	14
0	0
0	0
0	41
0	0
0	0
0	31
0	56
65	113
0	40
0	90
0	56
0	56
0	56
0	56
658	8
0	13
211	587
0	9
0	581
0	41
0	238
0	247
0	250
0	69
1	32
0	22
1	26
0	21
0	11
0	15
0	13
4	0
100	0
0	0
0	1
0	0
7	0
0	0
0	6661
23	6795
11	6784
0	6784
3	137
23	82
0	129
0	0
0	0
0	0
0	1792
0	1807
12	1871
0	1792
0	1
0	366
15	266
0	102
4	40
1	0
0	1
0	1
0	1
0	1
1667	5540
32	5518
0	489
0	64
2	34
8	21
0	0
0	0
0	0
0	0
0	0
0	0
0	0
5	3
0	2
0	0
0	6
0	6
907	158
0	155
1	8
0	1335
87	1427
0	86
0	85
0	34
14	2033
12	2220
1	386
0	430
3	758
1	420
1	468
24	3355
3	3869
0	387
0	21
0	144
0	983
10	2483
23	3949
14	3866
0	3995
0	740
0	430
0	18
0	246
2	309
0	166
0	169
0	70
0	87
5	88
0	0
3	37
4	38
0	5
0	6
0	9
546	4
149	2134
0	272
25	2071
0	11
161	2103
2	6964
69	7081
0	7621
1	7953
4	8003
0	7736
0	4017
0	4011
0	3818
0	3812
10	3834
3	3565
3	3797
0	3384
9	3131
0	168
0	152
0	171
0	337
1	0
0	0
0	0
0	0
0	0
0	0
43	7506
0	8389
97	7595
0	9811
5	6166
30	1382
0	4624
2	3248
0	456
0	568
0	2409
3	2878
0	663
0	2387
0	1162
0	806
0	1258
0	537
0	315
0	1033
3	698
6	695
5	582
0	0
0	206
0	62
0	2598
0	2594
0	348
0	284
0	167
0	227
0	98
0	574
3	711
0	291
0	943
2310	86
8	70
0	16
10	23
8	18
0	2
0	5
0	7
0	1
0	1
0	0
0	0
0	0
0	0
198	368
0	365
0	0
0	1
1	0
0	0
0	0
0	0
0	0
17	44
9	24
8	40
607	12
0	0
11	3
0	3
0	0
0	0
0	0
0	0
0	0
27	765
0	736
1	56
50	139
5	72
2	0
0	0
169	4149
45	4149
0	135
0	121
0	61
2	256
3	314
9	320
0	333
0	100
4	100
1	100
0	26
0	0
0	0
9	23
26	23
0	23
4	2483
3	2519
0	164
1	1947
0	263
2	153
0	676
0	177
0	178
0	3
0	169
0	55
4	6
52	67
2	65
6	0
4623	2334
91	2334
0	98
0	0
0	0
483	0
21	0
288	1075
0	901
20	197
0	0
0	20
1	8
0	99
4519	552
0	463
0	270
80	274
0	32
0	4
2	2
6	998
2	972
1	73
2	315
0	924
0	56
7	117
2	37
2	353
1	286
14	146
0	16
1	40
0	451
2	9
5	167
2081	0
0	69
11	284
3	109
175	284
27	9
0	1942
23	1938
0	2314
0	47
1	44
2	0
71	2111
0	215
0	79
0	75
2	10
0	5
0	5
13	0
76	22
0	15
0	7
0	3
0	0
0	533
2	538
2	525
5	10
0	0
0	4
0	16
0	3
0	23
0	6
0	0
30	0
1	9
1	0
413	287
0	287
0	0
0	0
0	0
0	0
0	0
0	0
0	0
0	0
1693	0
2599	1012
38	763
10	574
0	0
0	0
10	0
76	0
161	2
15632	8180
0	2161
1	1346
0	1717
2	1309
0	0
3	3682
9	2182
0	2044
3	380
0	214
80	1429
0	1429
0	43
0	6
624	0
0	0
0	0
9691	1965
0	179
0	239
1	1670
2	62
0	126
8	18
25	1362
0	0
0	0
0	0
2	1121
3	1121
0	566
0	334
2	1260
0	1281
20	1248
0	1248
0	194
0	17
0	3
0	0
290	77
0	77
0	2
0	9
0	0
0	209
2	0
0	0
0	0
0	0
0	149
0	211
0	93
17	209
1	150
1	62
6	1
45	67
0	67
0	0
0	0
0	0
0	0
0	0
0	0
0	0
0	0
0	0
0	0
0	0
0	2
0	2
31	154
12	154
20	10
0	6
0	73
0	0
1	0
398	0
14	615
1	9
1	653
0	286
0	621
1	223
0	613
0	9
0	7
0	48
0	11
0	94
0	6
190	41
0	37
0	2
0	2
0	17
0	17
3	0
2	0
0	6
15	6
0	0
1	0
918	162
0	0
4	2
5	0
0	2
0	5
0	0
0	112
1	153
1	13
1792	922
0	571
6	720
1	99
0	210
0	156
74	121
2	0
0	0
200	797
18	735
0	0
0	606
0	107
0	0
0	77
49	79
1	67
0	4
4890	375
4	369
0	0
16	0
259	0
354	23
0	0
0	15
0	9
1511	1557
3	1418
8	1157
30	574
0	0
0	0
9	426
14	496
5	306
0	78
2	5
0	0
1012	246
0	174
10	177
0	81
0	21
1378	12
0	12
350	80
0	27
0	28
0	2
0	20
0	13
735	6108
2	6108
0	0
2	268
11	269
0	85
0	50
0	59
0	35
0	17
0	26
0	4
0	1
0	1
0	0
1	10
0	10
1	0
0	0
0	0
0	1
1	0
0	0
0	1
0	1
27	14
0	10
0	6
0	3
0	1
111	86
0	73
4	16
0	0
0	0
0	0
0	0
0	0
97	2961
89	2445
0	896
5	97
0	18
2	246
7	249
0	235
0	257
0	0
0	163
0	26
0	35
0	3
0	3
0	3
0	3
0	3
0	3
0	3
0	0
0	0
4	49
2	49
0	25
0	25
0	1
0	12
2473	2975
45	2970
0	855
0	347
0	0
0	0
0	237
0	189
0	91
9	569
6	479
1	19
7	19
0	0
0	0
0	1
0	0
0	4
0	4
324	193
2	178
0	199
0	157
3	7
0	41
0	0
0	0
0	479
45	548
0	22
0	96
0	97
0	90
0	19
0	0
13	124
0	63
0	125
3	320
3	320
0	320
26	68
0	36
1	3
0	10
0	11
0	0
2	558
44	558
0	46
0	0
2	56
0	22
0	0
23	1252
95	1252
0	67
0	5
0	0
0	0
0	0
0	0
0	0
449	1417
0	1126
0	1226
0	0
0	0
2	0
0	0
0	2
0	38
1	65
237	68
0	31
0	0
0	0
0	9
0	8
5	0
1371	55
2	55
27	0
0	0
0	0
3	1387
29	1387
1142	409
0	336
0	0
0	48
0	0
0	0
0	0
0	5
0	0
0	0
0	0
0	0
0	2
11	2
0	0
0	4
0	4
0	0
0	0
0	0
0	4
0	2
0	2
0	0
0	0
0	1
0	0
0	1
0	1
0	1
0	3
0	1
0	0
0	1
0	0
0	1
0	0
54	424
6	18
0	18
0	12
0	261
0	41
0	0
1	254
0	0
0	0
0	0
0	0
19	1235
0	900
12	617
0	55
10	232
0	0
0	10
0	0
52	10
0	10
57	87
1168	87
0	0
2	1324
0	673
3	451
0	1298
0	896
0	17
1	78
0	222
0	0
2	11
75	75
4	73
0	7
0	11
0	0
0	0
0	23
0	1092
0	7
5	1093
0	0
0	572
203	196
111	196
4	101
0	0
0	0
25	87
441	19948
1	1417
414	19815
0	31
5	328
0	328
2	14
5	60
0	0
0	0
0	0
0	0
0	0
0	0
31	39
0	39
0	0
3	312
1	314
0	312
0	9
0	2
0	2
0	6
0	0
119	1
0	1
7	1
0	1
506	95
0	45
0	5
0	2
0	3
0	233
0	101
0	186
0	68
1	48
0	0
0	691
0	695
0	20
21	695
0	15
0	691
336	0
0	2
0	0
8	25
0	0
0	0
0	0
9	1
0	1
0	0
0	0
0	0
0	0
0	0
0	0
0	0
0	0
0	0
0	0
0	0
0	2
0	2
0	2
0	0
0	0
1415	8
34	0
0	0
0	0
9	293
0	304
4	314
0	116
2	0
0	562
17	541
0	540
1	50
1	22
1	0
2	7
0	1
0	3
386	369
1	376
0	259
510	654
0	488
0	166
0	259
0	176
0	82
0	58
26	99
1475	17
0	0
11	228
3	40
6	228
2	13
0	0
0	0
0	0
0	0
0	0
9	1395
66	1395
0	180
0	39
0	0
402	29
0	6
1	6
0	14
0	16
0	6
0	0
1	0
0	0
0	0
0	0
0	0
0	0
0	0
0	0
0	0
1588	6345
832	6373
113	6345
64	6373
2130	90
0	79
0	4
5	46
0	24
1	46
2	20
8	19
0	6
0	25
0	20
0	24
4	83
0	3
1	54
0	4
0	709
46	788
2	596
0	110
0	267
2	97
0	45
0	0
0	0
0	4
6	30
0	68
58	62
0	68
0	25
0	5
0	15
6	41
0	41
0	2
0	0
0	0
0	0
0	0
0	0
0	0
0	0
0	0
0	0
1	0
11	71
9	71
0	1
0	1
0	8
0	14
1	13
9	0
0	10
8	499
0	1
0	1
0	1
0	0
0	0
0	0
0	0
48	510
0	21
2229	16
13	578
0	569
26	613
0	517
23	80
0	16
0	3
0	3
0	51
1	717
8	727
0	20
0	458
0	1568
23	1568
0	0
2	156
159	160
0	17
0	9
840	25
1	1
0	69
83	2
0	0
0	0
0	69
0	9
0	9
78	3016
27	3014
0	84
0	157
0	360
2	200
0	164
0	33
957	2
51	1611
1	1292
73	992
10	254
1	165
0	78
5	250
11	548
0	0
13	396
0	530
3	3272
0	5530
30	9548
3423	9546
11	9223
0	7285
11	6050
7	3134
359	2246
3	2251
1	626
1	73
1	3
3	0
0	0
0	0
0	0
0	0
0	0
0	0
0	0
0	0
0	0
0	0
0	0
340	60
4	35
5	21
1	26
0	826
271	882
17	405
0	32
0	147
0	0
1743	2072
0	1273
39	914
1	1155
6	47
8	6372
1	6420
11	4903
4	6130
299	7383
0	696
0	395
118	514
0	81
0	144
0	185
0	42
0	0
0	180
0	7
0	6
0	1843
0	1703
1	1745
1	1109
0	257
0	274
0	31
0	271
0	201
0	76
0	14
1	9
0	0
1259	445
7	445
16	286
0	247
0	269
29	325
0	180
0	89
0	97
0	54
3	84
0	8
12	1034
9	1008
11	492
3	260
2	46
3	184
5	137
0	131
4	23
7	32
1	27
1	19
1	5498
129	6648
5	6835
11	4910
1	463
0	0
1	28
0	0
0	0
18	1564
0	21
0	34
0	21
0	0
7	1550
6	1522
14	109
0	0
571	126
0	45
2	42
0	41
20	120
0	113
0	7
0	27
1	21
3	44
0	55
0	7
1	26
0	2
0	26
0	0
0	0
0	3
0	3
0	2
0	0
0	3
6	1
0	2
0	1
0	0
0	1
0	1
0	0
0	0
0	0
0	0
0	163
0	365
0	352
0	59
0	132
0	5
3	2
0	0
0	2
0	0
0	84
0	0
0	4
835	1070
1	30
0	169
0	1016
8	0
0	656
0	656
0	631
1	103
0	673
0	668
0	630
0	0
0	0
23	46
476	0
4	7102
0	7101
1	2869
11	642
0	486
16	473
0	1
0	472
0	41
0	39
0	5
0	28
0	28
0	28
0	25
0	22
0	4
13	2
0	1
0	0
9953	10141
310	8254
4	4042
3	3323
3	1236
0	67
0	89
0	86
0	21
0	22
0	25
0	14
71	19
0	50
0	48
9	1499
8	1292
2	588
0	0
1	0
12	193
1	556
16	1132
2	1246
0	1165
2	397
0	41
0	47
13	147
0	27
3	68
0	0
0	0
1	69
5	6
0	4095
6	4565
0	4596
172	4721
0	638
0	203
0	97
620	508
5	176
2	332
0	332
0	0
0	0
2	0
205	0
0	2188
0	2482
0	1674
0	301
0	0
0	0
0	0
13	1825
0	1962
126	1992
3	1875
1	295
0	436
0	390
0	402
0	64
2	0
0	0
194	0
0	7191
0	7944
1	7558
9	622
22	821
7	396
0	1
0	0
0	32
0	96
0	1
5	5
995	175
5	118
0	0
0	0
0	0
0	0
0	0
0	1198
136	1337
1	545
1	233
2	363
1	195
0	248
6	165
0	66
0	0
1	0
0	178
0	34
0	12
1	179
0	176
0	195
1	179
1	52
0	32
2	209
0	180
0	15
0	78
0	39
0	5
0	163
0	165
2	2229
497	2280
0	51
0	0
0	1
0	1
0	1
0	1
0	0
0	18
0	18
0	0
0	2
3840	18
0	57
1	76
0	56
0	79
0	24
0	11
0	26
0	7
0	22
1	23
0	26
0	11
0	20
0	23
0	16
0	22
0	20
0	0
0	4
0	6
0	0
0	0
21	33
0	30
0	5
0	0
0	2
0	1
0	0
5	0
0	0
0	0
0	0
0	0
541	62
9	77
0	73
1	480
75	481
18	351
0	395
2	195
3	330
5	332
0	0
119	269
3	232
5	45
3	31
0	197
3	18
14	52
2	38
1567	1043
37	476
3	476
0	954
0	936
0	215
4	788
12	83
0	2
7	713
0	15
47	877
0	41
0	722
2	367
0	290
2	77
0	91
471	2065
1	261
0	185
1	1784
0	0
0	0
0	0
2	13
0	13
9	13
7	39
0	31
0	2
4	32
0	2
0	0
0	0
0	5
5	5
2	1977
144	3929
3	3266
2474	3977
80	28
0	0
0	0
2	296
3	2626
13	2626
3	0
32	2626
2	41
0	364
30	2510
4	2527
2	1571
0	170
0	171
2	0
14	32
0	0
30	0
3	0
14	0
2	0
13	0
0	761
0	745
0	761
6	559
1	14
0	7
0	129
4	159
0	31
0	4
0	21
3	17
0	6
0	4
0	0
0	0
0	6
0	7
0	5
0	7
0	0
0	0
0	0
0	0
3	402
1	63
0	134
0	37
2	353
0	109
0	22
0	14
0	6
0	4
0	3
0	0
0	1
0	1
0	0
9	66
0	9
0	0
0	8
0	15
2	4
2	8
0	8
0	0
10	74
6	74
2	8
6	0
0	0
70	0
5	0
0	0
204	2478
0	2451
0	1933
0	0
1	1052
0	6
0	6
1	6
0	0
1	0
9	0
13	384
0	1762
2	1782
0	1716
0	0
0	105
0	49
0	49
0	0
0	455
1	443
0	331
0	81
0	192
3	29
12772	1775
0	1741
0	2
0	2
0	194
344	347
0	117
0	63
0	0
0	1666
113	1660
3	1659
0	658
2	618
3	684
2	0
0	94
0	94
0	0
0	0
1	0
0	251
0	6
0	35
0	248
0	168
0	179
0	30
0	132
12	65
20	7727
27	7557
144	2867
3	1878
0	2833
0	2846
0	1073
11	867
0	0
0	15
7	15
0	0
0	0
0	0
0	0
52	0
0	0
307	116
0	107
0	69
1257	667
0	667
0	0
0	0
1069	301
10	301
0	0
0	0
0	0
0	0
0	39
0	40
0	17
0	0
0	8
0	23
0	0
0	0
9	19003
46	18402
0	2354
2	2387
1	2620
0	448
3	2795
0	18
761	1257
0	387
0	228
0	31
0	847
0	149
0	5
0	5
0	3
0	4
0	310
0	322
0	313
0	45
0	17
0	4
25	139
0	5
0	4
0	134
0	0
0	50
0	51
0	0
0	9
0	9
17	0
3	0
0	29
0	0
4	1013
1	172
0	550
0	182
0	93
2	98
4	1028
0	65
0	36
4	58
0	48
9785	8
18	0
0	178
0	104
0	182
0	1782
0	1730
0	0
0	347
0	0
0	47
2	214
0	0
1	30
6	297
0	5
0	72
0	218
566	608
0	108
0	102
0	363
1	12
12	0
0	0
12	6100
0	6411
73	5913
5	2726
4	2726
0	228
1	110
0	0
0	184
0	5385
23	5935
4	5956
0	5915
0	6027
2	239
54	155
0	0
0	0
0	119
1	19
0	0
4	387
14	387
0	387
0	22
0	111
0	45
0	43
0	0
0	451
0	425
0	394
0	59
0	13
1	2
173	412
0	274
15	209
10	3001
3	2947
0	2904
0	284
1	249
3	385
3	440
0	247
6	172
0	37
1	574
0	574
5	233
8	170
1	106
0	1
0	0
34	3
45	3
0	0
31	0
0	222
0	222
12	0
2	0
0	222
0	0
1	95
175	61218
0	57408
0	19746
3	1646
1	25776
0	1
26	12385
0	9880
4	7955
0	0
1	2884
76	0
4	8
0	8
2	6
5	326
0	326
0	29
0	11
0	178
4	67
0	34
0	27
217	2182
3	2182
1	114
0	225
2	17
23	0
0	0
0	4
0	4
1	4
175	33
11	33
403	144
0	28
0	25
1	25
0	89
0	14
0	65
0	14
244	275
5	209
13	310
4	146
1	194
0	143
15	111
2	65
0	45
0	93
0	12
0	490
3	356
111	2596
47	2596
1	450
1610	1191
8	1191
0	0
253	296
1	289
0	76
0	112
0	21
0	25
0	0
0	0
0	0
0	0
0	0
0	0
0	0
0	0
0	0
3	2581
503	2581
0	0
3633	1217
0	231
0	1041
1089	11708
313	11708
0	0
321	561
1	450
0	109
248	1518
2	363
567	1172
1	150
0	12
3	15
0	9
413	1540
44	1466
1	322
0	62
3	58
6	573
0	13
0	0
0	37
0	415
0	249
0	46
0	273
0	312
0	215
0	242
4	243
0	158
0	36
1	23
0	3
2	32
0	32
0	0
1642	127
9	124
3	82
0	64
2	0
9	33
20	36
0	24
0	15
0	16
0	5
238	70
7	74
0	46
3	0
2	55
0	55
0	33
0	21
7	0
1	36
4	1168
1	0
0	1047
0	210
0	1030
1	150
0	137
7	297
2	24
0	291
3	267
0	89
0	908
0	1021
0	3
0	316
0	94
0	0
0	358
0	140
1	50
0	72
0	118
0	59
0	145
35	199
2	199
44	193
1	168
25	195
0	195
0	37
4	26
0	25
311	459
1	459
2	405
80	134
36	185
1	137
3	112
11	31
0	8
0	3
0	22
542	1745
0	6
0	0
4	1327
236	1327
2	534
2	3104
118	3957
36	4127
0	4411
39	4248
0	107
0	754
14	591
0	157
0	567
55	566
0	125
15	526
0	544
0	119
5	118
238	5014
0	5014
1	816
0	553
0	105
0	0
31	17
0	15
0	0
0	2
3	111
0	27
0	115
0	32
0	112
0	0
1	0
1	10
1	1000
18	4034
91	3966
0	118
1	241
0	0
0	0
0	266
0	198
0	54
0	0
0	0
0	0
10	9
1	9
0	0
0	0
0	0
0	0
0	0
0	0
0	0
0	0
0	0
0	0
0	0
0	0
0	0
0	0
0	11
0	0
0	0
0	0
12	0
1	0
280	0
2	471
13	383
144	196
0	97
0	46
1	50
0	417
0	189
2	597
0	624
0	173
0	128
9	73
0	39
3	71
0	21
1099	69
0	63
0	14
2767	146
0	11
0	135
1343	945
2	565
0	395
0	244
0	69
1231	195
1	119
0	37
0	44
0	0
0	0
1314	4
718	392
1	409
23	407
543	675
0	2
0	120
9	0
0	161
1	148
2	452
0	452
0	452
89	19
0	19
0	226
39	226
1	81
0	0
0	0
0	0
0	0
2	0
0	0
0	0
0	1
0	0
0	0
0	0
0	0
0	0
0	0
3	7
0	0
3	2
0	2
253	156
4	93
6	171
0	140
8	103
5	97
11	46
4196	2
0	0
5	5951
1701	6362
0	0
0	0
5	4368
0	927
0	196
112	98
9	98
0	13
1	25
0	119
0	117
0	8
0	43
1	3
2	16
0	4
0	18
0	54
0	7
19	1367
0	1146
0	858
5	1242
6	403
0	531
0	1436
0	722
0	946
2	525
0	1340
0	1279
4	1382
0	22
0	757
0	1127
0	1266
0	727
0	27
0	0
0	40
0	71
72	298
0	0
4	96
0	175
0	140
0	0
0	14
0	18
0	874
0	38
0	697
0	116
0	0
0	1
0	3
0	9
0	105
0	579
0	2
0	21
0	3
0	6
0	4
0	14
0	0
0	63
0	65
0	65
0	0
0	0
134	3359
1	3327
0	82
1	38
2	19
0	0
0	11
0	0
2556	1662
0	1658
0	1658
0	30
4	1709
1	1780
6	1776
2	1813
0	1806
0	5
0	38
2	0
0	13
0	39
7	57
0	40
0	51
0	8
0	13
0	0
0	0
500	41
0	40
0	0
1243	917
15	860
14	158
0	697
1	285
0	349
0	42
0	5
0	4
0	0
0	0
30	0
0	0
0	0
0	0
7	0
68	0
0	6
0	0
0	35
0	161
1	164
0	41
3	0
0	3
0	124
1	150
403	58
6	0
0	22
0	1
0	7
0	2
0	6
0	51
0	42
0	4
0	4
0	0
0	0
0	2
1	2
0	2
5	2
2	0
2	0
1	14
0	11
0	14
0	0
0	0
14	309
0	57
1	199
19	223
19	4296
0	0
514	1458
0	676
0	322
0	220
0	591
945	38
2	38
0	95
138	95
3	3
1	92
0	78
0	89
0	5
0	5
0	1
0	2
0	2
0	0
0	0
0	0
145	418
0	408
5	156
0	0
73	3
0	2
1	1
0	0
0	0
0	0
468	178
0	178
0	0
85	210
12	210
0	0
0	0
0	0
0	0
5	0
0	0
0	0
0	0
0	0
0	0
0	0
0	0
3	0
0	0
0	0
0	0
0	0
0	0
1	73
0	0
0	0
0	0
0	0
0	0
0	0
0	0
0	0
0	923
0	117
2	415
0	74
0	167
0	872
0	28
0	49
3	104
0	61
1	44
5	37
0	41
0	8
13	0
0	0
0	0
0	21
457	69
0	49
1	0
0	0
0	0
0	0
0	0
0	0
12628	2
1	0
0	0
0	0
0	0
0	0
0	0
0	1225
0	2107
1	605
0	2125
0	17
14	2106
0	538
0	575
0	2071
0	86
0	47
0	18
1	89
0	55
0	66
0	27
1	0
36	75
0	13
0	72
0	9
0	0
0	0
0	0
0	0
10972	0
0	0
2	371
0	30
0	22
2	359
1	154
0	13
0	13
33	66
2	27
0	66
0	0
0	0
0	0
0	0
0	0
0	0
0	10
62	10
0	0
0	0
0	0
0	0
0	0
24	98
0	0
0	0
0	0
0	0
0	0
0	0
0	0
0	0
0	0
0	0
0	0
0	0
0	0
0	0
0	0
0	0
0	0
0	0
0	0
0	0
0	0
0	0
0	0
0	0
701	186
0	0
0	0
0	0
0	0
0	3318
0	0
0	0
5	186
1	186
0	185
1	49
0	0
0	0
0	0
0	0
0	0
3	8
0	7
0	1
0	1
0	0
0	1
0	0
0	0
0	215
0	207
15	23
0	0
0	0
0	3
0	0
0	7
0	3
0	7
0	0
0	143
0	35
15	15432
2565	15432
0	0
0	0
21	0
0	0
0	0
0	0
0	0
0	0
0	0
0	0
0	0
0	0
0	0
1	195
0	0
0	2997
0	0
1760	735
0	43
4	750
1	711
0	28
0	0
0	0
0	0
0	0
0	0
0	0
0	0
1	0
0	0
0	0
1	9
7	210
0	207
0	3
0	0
0	0
0	0
0	0
0	0
0	0
0	0
1316	356
0	170
0	184
421	326
0	0
0	0
13	7
1	47
0	0
0	326
5	188
0	0
0	45
0	0
1	0
0	0
1	0
0	0
0	0
0	0
0	0
0	0
23	0
2332	76
4	13
0	2
0	2
0	0
0	19
0	0
0	0
0	0
0	0
0	0
0	0
0	0
0	0
0	0
0	0
0	1
0	1
0	0
0	0
0	0
0	0
0	0
0	0
0	3
0	3
0	0
0	0
1092	368
1	281
0	0
0	22
4	61
0	0
0	0
0	8
0	0
0	0
0	0
0	0
0	0
0	0
0	0
0	0
2	0
1	0
3	0
1	491
13	483
0	490
0	490
1	312
4	284
0	155
0	7
0	0
0	10
53	929
359	4979
182	1024
33	4549
42	2719
0	40
0	40
0	20
0	0
0	0
0	0
0	12
0	0
0	0
0	0
0	2
0	3
0	0
0	0
0	0
1	588
33	157
0	750
15	714
0	134
0	15
0	21
0	0
1415	141
0	134
0	0
0	11
0	0
2	47
0	34
3	40
0	40
0	6
0	2
0	9
0	3
0	0
40	24
0	24
1	2
0	0
3711	13
0	15
8	2011
0	3157
0	3128
6	120
1	169
0	60
0	48
0	52
9	48
0	38
0	59
0	6
5	20
0	2
0	17
0	0
409	0
0	0
0	0
163	1292
0	1043
0	0
0	16
0	88
52	905
0	220
0	199
0	184
0	3
0	3
6	3
0	3
0	0
0	0
0	0
0	0
2072	1070
22	716
0	1
0	0
11	21
5	0
0	0
8	36
0	9
2	31
0	0
0	0
0	0
0	0
4	0
0	16
50	19
0	0
0	0
0	0
0	0
3	295
0	28
0	0
0	0
0	0
0	0
0	13
0	0
0	0
0	0
0	0
0	0
0	0
0	0
3	0
0	2
0	0
0	0
13	1
4	3
0	1
0	2
0	0
0	0
0	2
0	0
0	0
0	0
0	0
0	0
0	0
0	1
0	0
0	0
1	0
0	0
0	0
1	4
1	4
2	0
1	0
0	0
0	0
0	1
0	0
1	0
0	0
0	0
0	0
0	0
0	0
0	0
0	0
0	5
0	0
0	0
0	0
0	0
0	0
0	0
0	0
0	0
0	0
0	1
1	0
0	0
0	0
0	0
9	0
0	0
0	0
0	0
0	1
0	7
0	0
0	0
0	0
0	0
0	0
2	0
0	0
2	0
0	0
0	0
0	0
0	0
0	0
0	0
0	3
5	4
0	4
0	0
1	0
0	0
0	0
0	0
0	18
6	0
0	0
0	5
4	634
6	655
0	608
3	267
0	0
1	0
0	559
19	756
41	657
0	147
0	472
0	86
0	0
0	53
0	0
79	1127
0	200
0	706
0	0
0	656
0	0
3	74
0	0
0	16
149	146
0	79
26	108
0	89
0	176
0	176
0	174
0	178
0	35
0	63
0	2
1	24
0	2
0	7
0	0
0	0
284	8838
26	8154
0	7782
0	1963
0	577
0	45
0	14
1	26
1	17
0	9
0	39
10	38
0	12
17	6
3	2
0	4
0	0
0	0
0	2
0	0
1	0
0	0
0	0
0	4
0	0
0	1
0	0
0	0
1	0
0	1
4	0
0	0
0	0
0	0
0	0
0	0
0	0
0	0
0	0
0	2
0	0
0	0
2	2
0	0
0	0
0	0
0	0
0	9
0	9
0	9
0	0
0	0
0	0
0	0
0	0
0	0
0	0
8	1
0	0
0	0
0	1
0	0
0	0
0	0
0	0
0	0
0	0
0	0
0	0
0	2
0	0
0	0
0	0
0	1
0	0
0	2
1	0
0	1
0	0
0	0
0	0
0	0
0	0
0	0
0	0
0	0
0	0
5	0
0	0
0	0
0	0
0	0
0	0
0	1
7	201
9	57
0	122
2	189
0	0
0	190
0	26
0	183
0	183
751	188
222	3
0	1
1	1
0	1
63	93
0	75
0	74
5	66
0	39
0	39
0	30
1	0
18	10
0	2
0	1
0	1
0	0
0	0
0	0
0	0
0	0
7	13
6	13
0	18
613	656
0	2
0	598
20	524
0	587
1	0
630	1743
0	106
33	1392
1	1713
84	944
0	66
0	137
0	122
0	75
0	126
3	0
38	4736
0	4736
0	1375
2	0
0	0
0	0
0	0
0	0
0	0
0	0
0	0
0	0
0	0
0	0
0	0
0	0
0	0
0	0
0	0
0	5
0	0
0	0
0	2
78	935
11	931
0	60
0	33
0	0
0	1
0	0
0	0
0	0
0	21
0	21
0	0
49	554
0	554
0	2
0	12
0	1
0	0
0	0
0	0
0	0
2	47
2	67
0	0
240	464
11	389
0	55
0	31
0	0
0	0
235	0
0	0
0	0
0	0
0	0
0	0
0	0
0	0
0	0
0	0
0	0
0	0
0	0
0	0
0	0
0	0
0	0
0	0
0	0
0	24
2	24
0	8
0	6
0	4
1238	11373
1	2232
0	3689
13	9985
0	2257
0	3181
151	1949
5	154
0	140
0	3
2	95
998	2231
0	2219
0	239
0	0
2	2809
21	2837
2	0
0	1284
0	1221
3	1170
0	930
411	1360
0	53
8	1320
0	218
0	0
1	0
0	442
0	665
0	0
0	0
1	0
0	0
0	0
0	0
0	0
7	0
0	0
7	11
2	11
0	331
937	403
1	2
3	0
0	0
6	369
1	5
0	10
0	0
1	57
0	19
4	51
0	407
0	409
2	10
0	11
1	12
0	4
0	12
0	359
3	0
0	0
0	0
0	0
1	68
2	80
0	58
0	70
0	2
0	11
0	1
0	4
0	1
0	0
0	0
0	0
0	0
0	0
807	100
3	100
31	0
26	535
122	570
0	231
0	44
0	48
0	27
0	170
2	212
0	159
0	132
1	16
0	0
0	0
12	2
0	0
0	0
0	0
0	0
0	0
0	0
0	0
0	0
0	0
0	29
0	0
0	259
0	277
0	0
0	277
0	0
0	15
0	2
0	6
1427	279
0	209
0	59
0	70
0	0
0	1
0	0
0	0
2	0
0	0
0	0
0	0
2	524
0	526
0	533
2	108
0	0
0	82
0	0
59	0
0	0
1	0
75	903
0	678
2	891
6	13
58	6
2	6
0	0
160	28
0	697
0	697
0	259
0	33
0	0
0	0
0	0
0	0
0	42
253	38
0	8
196	125
25	125
0	38
0	14
0	76
0	58
1	65
0	47
2	36
1	309
1	1382
0	1330
0	0
0	0
0	0
1	0
1	33
4	36
0	36
0	35
0	16
0	21
0	1
0	0
0	0
0	0
0	0
488	2
0	0
0	0
0	0
1	7
0	35
432	35
0	4
0	0
3	1
3	1
0	0
0	0
0	0
113	1215
32	1233
1	87
0	28
3	72
3	127
0	59
0	0
9	6
2	5
0	0
0	1
0	0
5	49
0	0
1	28
148	85
5	65
0	1
0	6
0	359
32	416
3	120
0	61
1	111
0	1
0	0
0	56
0	4
0	2
0	0
0	52
0	0
2	57
0	0
1	6
75	8
0	0
0	3
238	14
0	1
0	2
0	0
0	0
0	0
0	0
0	0
19	0
177	154
0	127
0	159
0	157
1	107
0	168
3	641
8	668
4	152
0	131
0	100
0	11
3	12
2	1
0	0
0	0
0	0
0	0
0	1
0	34
0	55
405	169
1	15
0	0
1	141
0	5
0	0
0	0
0	0
0	0
120	8
0	8
0	0
0	0
0	0
0	0
0	0
0	0
0	0
0	0
0	0
0	0
0	0
2	0
0	0
0	0
2	0
6024	836
50	828
0	413
1	0
349	536
4	527
0	79
0	176
0	241
0	0
0	179
0	120
0	101
0	93
0	64
0	0
629	667
0	380
3	528
0	0
0	0
0	0
0	0
0	0
0	0
193	0
0	0
0	0
0	0
1	0
0	102
0	234
0	71
0	57
1	201
1	52
0	120
0	90
0	0
0	0
0	0
0	0
0	0
0	0
0	0
0	0
0	0
0	0
20	176
0	16
0	66
0	99
0	89
0	77
0	0
0	0
0	10
12	92
0	350
7	191
746	373
1	131
0	0
0	0
0	88
0	0
0	0
0	0
0	0
0	0
0	0
0	0
0	479
630	1414
0	340
0	0
0	76
0	306
0	1223
0	82
2	451
0	322
1	1388
3	12
0	117
0	0
0	0
0	0
0	0
0	0
0	0
0	0
0	0
0	0
0	0
0	0
0	0
0	0
0	0
0	0
0	0
0	0
0	0
0	0
0	2
0	2
0	52
1	52
0	2
341	423
21	405
0	0
0	0
0	0
16	8
0	8
0	0
17	504
0	93
0	83
0	355
0	246
0	0
0	43
0	22
0	64
0	18
0	25
0	0
32	2
0	1
0	2
0	0
3	272
28	272
5	0
0	0
0	0
258	573
0	3
0	54
1	25
0	0
0	9
12	570
0	0
0	33
0	0
3	1
0	0
0	0
0	0
0	0
0	0
22	175
0	27
0	57
4	158
0	0
0	18
0	0
0	0
1	0
0	0
1000	0
0	0
0	0
0	0
0	0
0	0
0	0
0	0
0	0
0	0
0	0
0	0
0	0
0	0
0	0
1	0
1	0
0	0
0	0
0	2
2464	51
3	43
0	0
16	0
0	897
9	4
240	1216
0	6
0	12
0	1033
0	118
0	771
0	14
16	3055
0	154
0	1555
8	2545
0	84
0	50
0	0
0	43
0	0
0	138
0	75
9	2762
0	132
1	157
0	80
1	936
60	1262
66	954
0	18
20	1575
1	1558
0	40
0	37
0	0
0	0
0	0
0	22
0	11
5	0
0	0
0	0
0	0
0	0
0	0
1	4
11	4
0	0
0	0
0	0
0	0
0	0
0	0
0	4
0	0
0	0
1	0
1813	146
3	5
0	24
1	55
18	117
0	62
0	0
0	0
0	0
0	0
0	0
0	0
0	138
0	0
0	0
3	37
0	0
0	0
0	0
0	0
0	0
27	0
8	24
0	24
93	2913
10	2913
4	408
64	28
0	15
0	0
0	0
0	0
0	0
0	216
0	0
0	0
148	0
0	0
0	0
0	0
0	0
0	0
3	266
0	0
43	23
0	14
0	14
0	0
0	12
0	0
12	59
60	155
0	40
0	11
0	47
1	93
0	0
7	559
16	546
0	3
0	16
17	367
11	367
2	0
6	478
626	478
0	0
39	429
0	429
0	21
1	0
0	0
0	0
67	140
0	122
0	13
0	5
0	0
0	1
0	19
0	0
1	61
0	0
181	67
0	0
0	0
127	25
0	14
0	13
0	6
0	3
0	0
0	0
0	0
2	1
588	931
0	832
0	251
0	0
0	0
0	0
0	0
0	0
0	0
492	132
0	0
0	124
0	0
4	63
222	65
0	0
0	44
0	0
0	0
0	0
0	0
685	0
0	0
0	0
0	0
0	0
0	0
0	0
0	0
0	0
0	0
0	108
532	490
0	227
0	0
0	276
0	0
0	0
113	645
0	645
3	189
0	81
0	0
0	51
1	74
103	3
0	3
0	506
0	506
0	21
0	506
0	506
0	21
2	181
0	506
272	398
0	370
0	3
0	32
0	20
0	1
4	13
0	0
1	2785
354	2913
19	2173
18	1711
0	181
21	92
0	0
0	0
2	5
0	5
0	1
0	0
0	0
0	0
0	0
0	0
0	0
0	0
0	0
12	58
0	29
5	20
6	25
0	0
0	0
290	2258
0	109
0	35
8	83
0	1014
0	29
80	1728
0	191
0	0
1	2324
0	70
0	29
0	79
0	1728
0	190
0	0
0	2066
0	1664
1	16
384	117
0	6
1	13
0	54
0	157
0	77
0	139
0	121
0	64
0	1435
0	3
656	2129
0	1818
0	680
403	191
0	191
4	0
1	1
6	0
0	387
0	392
1	394
0	385
0	30
0	3
10	169
0	9
3	70
0	10
0	53
0	31
0	0
12	0
0	0
684	361
0	45
0	47
4	351
0	56
1	2
0	19
0	0
0	0
0	0
0	0
0	0
0	0
0	0
0	0
69	22
4	22
0	4
2	155
0	0
0	6
2	6
0	6
0	6
0	0
0	0
0	47
1	47
0	1
0	0
0	1
0	0
0	0
0	0
4	0
15	0
0	0
0	0
0	0
0	0
0	0
0	0
3	5
0	5
0	4
0	2
0	0
105	10
0	5
2	4
0	5
0	18
0	46
0	9
0	0
0	16
0	44
0	0
0	1
0	0
0	0
0	0
9	0
0	0
0	0
0	0
0	0
0	0
0	0
0	0
0	0
0	0
4	233
24	233
40	0
0	0
0	0
0	0
3	2
0	2
0	0
1390	1464
0	1405
0	67
0	27
0	82
34	119
0	119
2	20
0	0
11	1352
2	1231
0	567
4	619
4	466
0	544
0	265
0	330
0	228
2	152
311	27
2	27
0	8
0	17
6	1255
0	0
0	0
0	540
0	651
0	654
0	652
2	36
0	632
0	149
0	512
0	566
0	13
1	654
0	657
0	610
0	14
0	559
0	0
2	478
0	482
0	123
0	39
0	104
0	4
0	115
50	1323
0	111
0	1287
0	126
0	0
0	0
0	0
0	0
0	0
0	0
0	0
0	0
0	0
0	0
0	0
0	0
0	0
0	0
0	0
0	0
0	0
0	0
0	0
0	0
0	0
0	0
0	0
0	0
0	0
0	0
10	0
0	248
0	276
39	990
167	1122
0	0
0	0
1	132
0	0
0	0
0	0
0	0
0	0
0	0
0	0
0	0
0	0
0	0
0	0
0	0
0	0
0	0
0	0
0	0
0	0
0	0
0	0
0	0
0	0
0	0
0	0
0	0
0	0
0	0
0	0
0	0
0	0
5	173
0	0
0	0
1	52
0	28
0	32
0	19
218	24
0	21
3	10
3	367
0	367
0	16
0	9
0	0
0	4
0	0
0	9
0	255
0	57
0	25
0	56
0	6
0	0
0	2
0	19
0	0
0	0
0	2
0	0
0	1806
9	834
0	1795
4	2057
0	953
0	604
7	702
0	668
0	613
3	997
0	143
0	276
3	0
0	2
0	34
0	34
0	2
0	0
0	0
0	0
0	0
0	1
0	4
0	0
0	0
0	0
0	0
0	0
0	0
0	0
0	0
0	0
0	0
0	0
0	0
0	0
0	0
0	0
0	0
0	0
0	0
0	0
0	0
0	0
0	0
0	0
41	0
288	122
0	38
0	2
0	26
0	51
0	38
0	38
0	0
0	0
0	0
0	14
0	0
0	0
0	3
0	0
0	0
3	0
4	42
1	39
0	0
0	0
0	0
4	1061
0	0
0	0
0	0
0	0
0	0
0	0
0	0
0	0
0	0
0	0
0	0
0	0
0	0
0	0
0	0
0	0
0	0
0	0
0	0
0	4
0	0
0	0
0	0
15700	1364
0	1364
1	2989
0	0
0	3
0	0
0	0
0	0
2	1166
1	1166
856	1147
1	817
1209	0
69	145
0	73
295	0
0	0
0	8
0	8
0	0
0	0
0	0
392	140
8	1
0	140
0	0
5	160
2049	1816
0	1778
2	767
7	66
0	50
0	33
0	7
0	0
0	7
0	14
0	9
0	0
0	2
0	0
0	1
0	3
0	2991
0	0
0	0
5	4
0	4
1221	12
0	0
0	0
0	0
0	0
0	0
68	224
14	177
4	220
6	51
0	39
1	272
1	403
6	209
1	180
0	17
0	0
0	1
0	9
317	23
0	19
0	16
16	383
19	382
2	34
12	67
18	12
246	1
0	0
17	1
5	1
0	0
3	1
0	283
0	292
0	298
0	283
0	289
3	202
0	1
0	0
6	11
2	11
0	5
2	2090
415	2185
5	284
5	86
0	0
0	487
0	664
3	2
127	328
0	328
0	2
0	0
1	8
1	0
0	0
0	107
0	107
1	1
1	43
0	42
0	43
0	37
0	46
0	43
0	2
0	0
0	1
0	20
0	1
0	5
0	3
0	3
0	1
6	0
0	3
0	2
0	0
0	2
0	3
0	0
3	122
0	115
0	3
0	0
0	16
0	5
0	0
7	4282
2	4052
48	2865
7	1614
25	1436
0	0
63	30
6	1261
1	1647
342	1632
7	1251
0	86
2	0
6	0
1235	146
0	140
0	6
0	0
4	0
0	0
0	0
0	0
3	0
0	0
368	135
4	77
0	131
1	1
0	0
1	0
0	0
1767	1519
0	492
0	693
0	395
0	526
0	0
1	319
0	485
398	2710
0	2007
30	2271
0	2037
0	799
0	19
74	2041
0	581
0	113
0	19
36	19
0	0
180	36
0	8
0	2
0	34
0	0
0	0
0	0
1	276
0	294
28	231
0	200
5	259
0	163
1	146
0	83
17	82
0	0
3	0
4	18
0	18
0	1
0	0
0	0
104	76
3	76
0	0
0	0
1	0
0	0
0	0
0	0
0	1
3	1
0	0
0	0
0	0
2	450
0	54
0	61
0	449
1	0
4	438
0	0
487	12
7	30
0	30
8	3
3	330
0	101
89	646
773	631
0	330
0	153
0	141
0	0
0	0
0	0
3	33420
4734	33420
0	37393
0	21453
1	4143
0	0
0	12
0	10
0	12
0	7
0	13
0	2
0	9
0	0
0	1
0	1
0	0
870	0
0	0
0	0
0	0
0	0
0	0
0	0
0	0
0	0
1	336
53	384
0	320
3	10
0	0
0	2296
0	1
1	78
917	4119
724	1852
5	1709
0	138
4	0
0	0
0	2
1	2
1	0
0	0
0	0
2	2
13	0
0	2
0	2
1	0
0	0
0	0
0	0
0	0
0	0
16	1
0	1
0	0
20	0
0	0
0	231
1	353
6	432
0	0
123	34
0	4
3	30
25	4
0	0
1	0
0	0
0	0
0	0
1	0
0	4
4	0
0	0
0	0
0	0
0	0
0	0
2	0
0	0
0	235
0	245
1	92
0	0
1	1
0	1
0	0
0	1
0	0
14	1146
0	64
18	1152
1	1
1	6
0	20
0	39
0	0
2	13
285	70
10	30
0	15
0	21
77	1390
46	1554
2	27
0	24
0	1522
0	0
0	91
31	130
1	130
618	528
0	522
31	0
0	0
0	0
0	0
0	0
0	0
0	0
0	0
139	0
0	39
4	39
101	42
0	9
0	7
0	0
502	1160
0	1151
0	301
0	11
1	0
7	102
0	0
117	98
0	25
1	41
1163	75
0	75
0	0
0	159
0	160
0	0
0	0
0	0
0	0
0	0
0	0
0	0
0	182
0	172
0	1
0	8
8	8
0	15
1	169
0	27
0	2
0	2
0	2
0	2
0	2
2	1
0	0
0	0
0	0
0	0
7	0
77	1092
0	1089
1	3
0	0
0	0
0	38
1	44
0	27
0	209
0	548
0	548
0	86
38	0
31	181
1	182
2	159
3	178
0	24
0	11
135	0
1	5
0	5
13	1155
57	1155
1	24
0	24
0	5
0	0
0	0
7	7
3	12
22	5
0	0
0	0
0	0
0	368
0	68
15	339
0	0
0	0
0	0
1	6
0	17
0	0
0	32
4	305
1	312
818	498
0	24
10	474
0	0
428	752
40	317
1	410
0	720
0	688
1	117
0	5
0	5
0	5
7001	1679
0	776
0	957
0	957
2	957
0	551
5	387
2	258
442	587
0	30
1	40
0	120
0	1
0	10
38	1689
87	1689
3	455
2	2
0	48
0	0
0	0
1	0
0	0
0	0
0	0
27	0
0	737
0	705
9	4
0	193
2	761
0	600
0	0
0	579
0	0
0	0
0	0
0	0
12	31
0	0
0	0
0	1
0	0
0	0
0	0
0	0
0	0
287	4
54	971
35	971
0	0
1	0
0	0
0	0
0	0
0	87
0	0
0	0
0	0
0	0
0	0
0	0
0	0
0	0
0	0
0	350
0	3
3	348
0	0
0	0
0	13
3925	2915
0	2911
0	2
0	0
707	74
0	0
3	73
11	0
0	1324
4	1295
0	1319
31	1300
6	61
0	7
1	5
4	632
0	6
1	385
0	535
47	88
12	87
1	9
0	4
0	0
0	0
0	0
0	0
86	0
1	0
1042	3751
48	3666
0	1740
1	1115
0	0
0	0
429	476
1	476
0	174
2	61
0	52
0	56
0	10
64	202
0	74
0	33
0	27
0	0
0	41
0	5
0	0
0	15
0	0
0	0
0	43
0	0
0	1
0	2
0	0
0	2
0	0
1	0
0	0
0	0
0	0
0	0
1	0
0	0
499	319
0	319
0	95
0	16
1	0
17	1
6	21
1	22
110	25
228	446
0	70
63	409
3	16
0	9
0	130
0	0
0	26
0	0
0	0
2059	21
0	3
0	0
0	0
0	0
6	18
53	0
219	815
0	60
1	24
0	63
10	6
0	135
41	648
0	0
35	0
21	7306
0	2404
42	7306
0	0
0	0
2	256
1	37
0	0
0	0
0	0
545	1395
32	634
0	364
0	0
0	373
1	28
2	1737
0	22
15	1774
0	45
0	123
0	0
0	4
0	79
0	0
0	0
126	52
0	10
0	7
0	35
465	2
2	0
0	0
0	232
1182	232
0	1
0	0
0	0
10	0
17	1743
0	1426
0	1159
0	1693
0	1554
0	1519
65	124
2	379
0	49
0	45
12	1640
0	1068
0	0
0	0
0	0
0	0
15	799
0	831
0	767
0	0
117	899
10	867
0	448
2	71
0	289
51	0
50	598
29	602
2	180
0	5
1	0
0	0
7	0
5	285
20	304
0	69
4	224
0	7
2	69
0	225
0	46
4	59
4	40
0	141
1	163
0	0
82	640
0	494
0	0
0	76
0	28
0	170
0	0
0	0
3	0
0	376
2	217
0	349
3	57
0	102
0	126
0	0
0	0
901	669
106	669
140	0
61	228
19	227
2	116
5	0
0	0
0	932
516	1097
1	928
3	470
0	1
0	22
0	52
0	80
0	167
0	0
1	0
0	0
11	3005
7	1786
0	0
0	2
2	1963
0	2042
0	2996
0	489
2	4
0	13
0	0
0	0
0	0
0	8
0	260
10	187
0	333
0	501
0	561
611	560
0	327
0	73
2	13
0	282
0	9
0	0
0	258
0	263
0	261
0	261
0	184
0	183
0	0
0	0
0	0
0	0
0	0
0	0
4	73
0	5
1	0
0	0
0	65
3	71
3	2
0	22
0	21
0	27
0	24
0	0
60	637
0	31
7	109
0	637
0	79
0	0
0	0
0	95
51	1412
37	1412
0	62
0	187
4	213
0	0
0	0
0	152
0	3
0	0
276	417
0	21
0	9
1	24
0	0
0	32
0	0
0	15
2	376
1	91
0	8
0	1
0	2
0	0
0	17
0	39
5	1892
2	419
3	117
9	1803
0	28
0	0
0	0
0	0
0	30
0	30
0	13
4	738
2	647
0	671
0	236
0	252
0	249
0	83
0	43
0	53
0	24
0	0
0	17
0	0
0	12
0	0
0	0
0	0
0	0
0	0
0	0
462	0
2	0
0	0
282	120
66	351
0	226
1	342
0	100
0	0
68	3
0	3
0	3
5	0
0	0
0	55
33	55
0	19
16	69
0	69
0	0
151	9
1	9
0	348
1230	611
5	82
0	584
0	30
4	20
0	4
149	0
9	501
3	501
0	161
0	8
0	12
2	0
6	0
0	0
5	4
447	581
1	122
0	290
0	127
0	143
0	128
0	302
4	521
0	305
20	0
6	435
0	38
0	0
1	156
0	51
0	111
0	172
1	403
1	70
2	65
0	86
0	159
0	0
0	0
0	0
0	9
9	53
0	102
4	141
1	148
0	72
0	15
0	442
0	442
0	278
0	396
0	344
0	35
0	375
0	124
0	45
0	310
0	12
0	936
0	932
9	936
5	932
0	309
0	227
0	34
15	0
7	5
0	2
244	0
0	4
4	0
0	1687
14	1715
0	171
1	38
0	86
919	92
0	18
0	11
0	69
0	2
1	2
7	47
0	212
0	177
0	238
0	3
0	45
3	1
0	24
0	6
0	7
0	0
0	11
0	0
0	11
0	11
727	999
0	0
3	1005
3	21
0	0
1031	2726
1	2547
2	179
79	815
10	597
1	11
12	89
5	58
10	637
2	342
21	255
0	676
0	21
0	21
0	20
0	0
0	2
0	2
0	1
0	2
0	2
0	0
0	0
5	3230
127	3241
0	0
0	104
0	72
0	22
6	133
0	19
4	28
54	265
0	265
1	62
0	351
0	520
0	347
0	464
89	79
0	15
0	75
0	97
12	0
6	27
2	27
0	16
0	0
2	0
2	3661
46	1403
3	1
1	264
0	312
0	461
0	80
1	0
1	2907
0	10
0	390
0	0
0	107
187	733
0	595
2	660
0	0
6	149
0	149
0	90
4	11
0	5
303	1046
8	435
1	647
0	187
2	346
0	391
0	382
0	146
0	239
0	236
0	128
1	131
0	0
0	0
134	419
4	261
6	161
0	48
0	8
0	159
63	56
844	2
2166	1639
322	2083
0	671
0	0
0	0
0	189
0	0
0	2
0	2
289	123
7	79
1	123
0	90
2	0
51	0
52	1085
11	1081
0	1085
0	4
0	0
4	0
0	0
0	0
0	0
0	0
30	5
0	5
622	819
0	695
29	71
0	71
0	28
0	26
0	81
0	77
0	527
0	352
0	392
0	52
0	486
1	12
3	19
0	22
1	485
0	339
0	2
0	52
0	354
0	118
14	248
0	107
0	145
0	0
419	0
0	0
0	0
0	4
0	123
16	186
0	83
0	167
0	30
0	20
0	0
181	894
2	894
0	0
1	2
0	0
0	0
0	0
0	116
0	25
0	117
0	49
0	30
0	5
0	0
0	0
0	0
355	0
274	62
0	24
0	19
0	17
0	28
0	0
0	19
0	0
0	0
0	0
0	0
0	0
18	964
2525	56
0	353
0	991
0	82
0	2516
0	2516
0	61
0	64
0	49
0	24
0	76
2	438
1929	282
2	96
0	213
0	691
32	795
0	797
0	21
0	0
0	798
0	0
0	0
8	539
57	539
1	177
360	296
0	292
0	3
0	96
4	913
574	917
2	594
0	0
0	0
10	402
777	0
2	1
2	0
5	7
0	6
0	4
0	4
0	2
4	779
3	1349
0	1228
0	1252
2	9
3	309
10	1113
468	3026
4	273
0	0
6	680
10	2075
4	3
0	3
0	1
323	345
0	254
0	99
0	14
0	56
0	0
0	0
1	1
0	119
0	152
1	84
0	82
0	92
0	23
0	7
0	14
0	5
0	10
0	0
0	0
0	0
0	1
0	1
127	613
1	451
0	208
0	205
0	881
1507	881
0	0
0	0
0	0
0	0
0	0
0	0
0	0
0	0
0	0
0	0
0	0
0	0
0	0
0	2
0	0
0	0
0	0
0	0
0	0
0	0
0	0
0	0
0	0
0	0
0	0
0	0
0	0
0	0
0	2
0	0
0	0
0	0
0	0
0	0
0	2
0	0
0	0
0	0
0	0
0	0
0	0
0	0
0	0
0	0
0	0
0	0
0	0
0	0
0	0
0	0
0	0
0	0
0	4
0	0
0	0
0	0
0	0
0	0
0	0
0	0
0	0
0	0
0	0
0	0
0	0
0	0
0	0
0	0
0	0
0	0
0	0
0	0
0	0
0	0
0	0
0	0
0	0
0	0
0	0
0	0
0	0
0	0
0	0
0	0
0	0
0	0
0	0
0	5
0	0
0	0
0	0
0	0
0	0
0	0
0	0
0	0
0	0
0	0
0	0
0	0
0	0
0	0
0	0
0	0
0	0
0	0
0	0
0	4
0	0
10	1086
27	1090
61	9
2	1090
0	0
7	921
0	0
0	0
0	0
0	0
0	0
0	0
0	0
0	199
0	92
2	1012
24	1142
0	17
0	9
1725	1297
5	35
0	13
0	782
0	423
0	0
0	0
0	0
1	0
0	671
1	432
2	976
1	0
0	0
0	0
0	0
0	0
0	0
576	0
10	3
3	3
0	1
0	0
0	0
0	0
0	0
0	0
0	0
0	0
0	132
0	138
0	33
0	27
0	32
0	16
0	1
0	0
0	0
0	0
0	0
0	0
0	2
0	1
0	0
0	0
0	0
0	0
0	0
0	0
0	2
18	2
0	0
0	0
0	0
808	128
0	127
0	0
0	1
0	0
313	46
0	46
0	0
0	0
0	0
0	0
0	0
3	7
0	7
0	0
0	0
0	0
0	3333
0	3263
0	124
9	2632
0	1244
0	39
0	300
0	124
0	66
0	34
0	0
0	0
0	0
0	0
0	0
0	0
0	0
0	0
0	0
0	0
0	0
0	0
0	0
0	0
1	126
0	0
0	0
0	0
0	0
0	0
0	0
0	0
0	0
0	0
355	64
3	64
0	0
0	0
0	0
0	0
0	0
0	0
0	0
50	444
0	0
0	0
0	0
0	0
0	0
0	0
0	0
0	0
0	0
1	2
5	2
0	0
339	212
0	163
0	29
0	110
0	0
1	32
2	1
5	0
0	0
0	0
0	0
74	61
0	61
0	0
8	8
0	8
3	0
0	0
0	0
1	202
0	19
0	9
0	140
0	5
7	183
0	0
5	0
0	0
0	0
0	14
0	154
0	120
0	155
0	73
0	32
0	29
0	3
0	1156
8	563
0	1058
79	1131
0	2
1	60
0	334
0	148
0	338
0	0
0	0
1	335
3	269
0	256
0	45
13	64
3	64
0	27
0	5
0	3
0	3
2	0
6	0
0	0
1	0
0	0
0	1
0	0
7	274
0	260
0	49
0	56
0	69
0	16
0	0
0	53
0	34
0	0
0	0
0	0
0	0
1	221
1	0
846	165
6	151
0	151
1	12
0	2
0	2
0	0
0	0
0	0
0	0
0	0
0	19
0	0
0	0
0	0
0	0
0	17
0	17
0	0
0	0
0	0
0	0
1	0
0	0
5	0
2	0
0	0
4	0
0	0
3	0
0	0
0	0
0	0
0	0
0	0
0	0
0	0
0	0
0	0
5	170
0	0
0	225
0	0
0	5
0	219
0	0
0	7
0	68
0	0
5	431
0	438
0	59
6	430
0	0
0	0
0	0
0	0
3	793
3088	1947
5	746
0	717
460	62
0	3
4	59
0	0
4	3
0	3
986	79920
1	4818
4	75603
1	3924
0	15
5	15
88	25
0	18
7	7
378	4250
121	4258
0	1260
0	523
1	399
1	0
13	23
23	468
0	1026
0	0
2	205
0	0
0	0
0	0
0	60
204	307
0	296
3	211
0	148
0	22
0	87
0	0
2	27
1	0
0	7
0	0
0	0
4	11
0	0
1	233
0	226
2	120
0	223
0	9
0	218
0	42
0	4
0	94
0	12
0	169
1	170
0	168
0	1
0	0
0	1
0	1
0	0
0	0
74	177
0	177
0	0
0	0
5	12
0	5
0	0
0	0
0	0
0	1
0	0
0	0
0	0
0	0
0	0
1	0
7	547
3	421
1	419
1	17
0	65
0	76
0	12
0	24
6	35
3	26
2	54
4	36
3	27
0	0
0	0
0	0
0	0
0	0
0	0
0	0
0	0
0	0
0	0
0	0
0	0
0	0
0	0
0	0
0	0
1	0
0	0
0	0
0	0
0	0
5	261
1	255
1	52
210	24
0	23
0	0
0	1
0	1
0	0
0	0
0	0
1	0
298	24
0	7
0	17
0	24
0	20
1759	1374
0	1292
386	1254
2	55
549	0
29	0
72	228
0	242
0	202
0	223
0	0
0	0
0	89
0	3
0	3
0	89
0	0
0	1
0	0
20	5575
368	5575
0	977
0	0
9	381
1	381
0	95
7752	764
2	441
14	323
2115	277
0	85
0	149
1	95
3	0
0	0
0	36
0	0
0	0
0	41
0	0
651	837
22	786
37	786
257	0
140	53
0	51
1156	0
0	0
208	66
0	66
5	18
4	16
4	13
0	0
0	0
0	3039
0	0
0	0
22	207
2	188
0	0
0	0
0	2
0	222
0	219
0	26
0	3
0	8
0	0
1	3
5	75
0	91
19	74
1	10
0	0
0	66
0	8
10	8
0	28
0	75
17	79
0	68
4	79
0	4
0	0
0	0
0	779
9	789
3	749
0	24
0	772
0	9
0	9
2	5671
16	5445
0	727
1	19
1	4084
0	241
8	0
11	1034
1	207
0	242
0	580
4	386
0	489
32	561
0	345
100	593
1	162
2	138
1	254
21	0
0	0
0	0
133	228
0	183
0	219
0	27
0	5
1	0
0	0
0	0
0	0
0	0
0	0
0	0
0	0
0	0
0	0
0	0
0	0
1	45
0	44
2	43
0	0
0	0
0	16
0	0
5	3
0	0
0	28
0	31
0	2
0	0
3	29
0	0
0	0
0	5
0	5
0	4
0	4
0	0
0	0
0	0
0	0
284	74
10	72
0	0
3	0
0	0
0	0
0	0
0	0
0	0
0	0
0	0
1	0
0	0
23	14
0	3
0	3
0	3
0	0
1	0
12	23
0	10
1	4
0	23
0	0
1	0
0	1
0	1
0	0
1	0
0	5
0	0
0	5
4524	608
0	0
0	0
0	0
0	0
0	0
1	0
187	145
0	135
0	78
0	1
0	4
0	9
715	312
0	297
0	281
0	271
0	287
0	41
0	40
0	0
0	0
14	0
0	21
0	21
1	13
0	0
0	0
61	27
5	27
0	0
0	0
9	109
841	629
0	520
0	0
0	0
0	0
0	0
0	0
0	0
0	0
0	0
0	0
0	0
0	0
0	0
0	0
0	0
0	0
0	0
1	7
95	841
3	834
7	0
2	0
11	0
4011	10
0	0
3	0
121	0
0	0
0	0
0	0
11	372
65	394
0	230
0	219
0	0
2	22
17	155
811	184
2	0
21	1
0	1
0	0
0	840
0	401
0	545
1	116
0	414
11	302
0	268
0	179
8	767
0	39
0	169
0	275
8	438
17	241
2	71
0	33
0	107
0	54
0	1
0	17
0	0
0	0
49	0
11	144
1	137
106	161
0	152
2	1
0	141
3	0
0	0
0	0
0	0
0	0
0	0
0	0
0	0
0	0
0	0
0	0
0	0
0	0
0	0
0	0
0	0
0	0
0	0
0	0
0	0
0	0
0	1
0	0
0	0
0	0
0	0
0	0
0	0
0	0
0	0
1987	473
0	378
23	449
657	5160
5	3823
23	3283
1	165
4	1260
3	921
0	4
12	348
51	556
2	556
0	1
1980	215
1	215
361	66
2	64
0	0
5691	1098
4	744
0	481
0	150
0	47
3	1074
2	580
0	1085
1	433
0	0
0	979
0	36
0	569
4	3
0	0
0	3
1	4931
0	4489
152	4772
16	2470
0	4322
0	0
1	1322
0	5
2	1394
14	28
21	28
0	0
0	0
0	7
0	0
70	0
1614	140
0	137
543	51
3	38
0	13
3	15
10	15
0	0
7	7
17	78
0	78
0	3243
0	3263
43	3345
4	1572
0	0
1	501
0	455
0	0
0	151
0	15
5	10
0	293
0	10
39	293
0	7
0	0
0	0
0	195
1	2472
56	2472
6	1337
0	1184
4	18
9	83
0	0
0	0
0	0
0	2
3	1150
1	355
0	193
0	233
2	1090
5	1050
0	128
0	87
2	72
3	0
0	0
0	0
10	32
1	43
0	70
0	0
2	157
0	10
0	0
0	9
0	0
717	149
0	26
0	21
3	13
0	3
0	0
0	0
0	0
0	0
0	0
0	0
0	0
0	0
0	0
23	0
0	0
0	0
0	0
0	0
0	0
0	0
0	0
0	240
0	236
0	50
0	0
0	5
0	5
0	5
0	4444
0	45
0	85
0	0
0	4
0	48
0	346
0	4
0	0
0	0
0	48
0	4
0	44
0	5
0	242
0	0
0	1
0	413
0	0
0	0
2	0
0	34
0	0
0	649
0	0
2	0
0	230
3	1077
0	0
0	0
0	0
0	0
0	0
0	0
0	1
0	0
0	0
0	1
0	597
0	420
0	419
0	0
0	1
0	342
2	4662
0	853
0	1049
0	507
0	0
0	506
0	892
2	937
2	2017
1	1594
14	3313
0	4923
0	761
0	328
0	0
0	490
0	4671
0	1287
0	2851
13	3481
0	3887
0	4337
0	877
1	231
0	0
0	0
0	139
0	148
0	0
8	1615
0	75
0	0
0	0
0	0
0	0
0	1340
2	0
0	0
0	0
0	0
0	0
0	0
0	0
0	0
0	0
0	0
0	0
0	0
0	0
0	0
0	0
0	0
0	0
0	0
0	0
0	0
0	0
0	0
0	0
0	0
0	0
0	0
0	0
0	0
0	0
0	0
0	0
0	0
0	0
0	0
0	0
0	0
0	0
0	0
0	0
0	0
0	0
0	0
0	0
0	0
0	0
0	0
0	27
0	0
0	18
0	25
0	0
0	0
0	0
0	0
0	6
0	24
0	7
0	0
0	0
0	0
0	0
0	0
0	0
0	0
0	0
0	0
0	0
0	0
0	0
0	4
0	0
1	3
0	7
0	0
0	489
0	0
0	0
0	0
0	0
0	0
0	0
0	0
0	0
0	0
1	0
0	0
9	1
0	1
0	0
38	49
0	49
0	26
0	0
0	0
194	18
4	901
0	2123
0	5
0	0
0	5
0	3
0	2
0	2
0	1
0	1
1041	2139
963	1962
1	1903
6	1911
19	0
2	0
3	0
36	0
2677	410
0	46
0	97
0	58
0	15
0	101
0	40
0	93
0	0
0	0
0	0
0	0
201	8335
8	8328
0	310
0	313
0	569
0	434
0	176
1	150
26	49
0	31
0	14
236	63
3	10
0	12
10	45
0	115
32	132
25	87
1	12
1	0
1	0
0	2
110	69
8	69
174	31
39	1355
1	1174
0	418
5	315
0	22
4	371
0	155
10	290
4	306
17	331
0	313
1	104
0	0
1	1029
0	120
0	1026
0	689
14	137
0	10
12	365
10	338
0	338
0	289
12	333
10	329
2	2
0	0
0	0
0	0
231	100
0	100
0	0
0	0
0	0
1	563
5	568
1	5
0	569
0	89
36	190
1	1
2	190
3	0
18	0
0	799
1274	1214
0	209
1	115
0	216
0	96
0	40
154	0
0	24
0	5
5	72
0	70
0	0
2	2
0	2
0	2
0	9
0	67
0	0
0	4
0	13
7	31
0	30
0	4
0	29
0	2
0	11
0	11
0	1
0	1
0	6
138	2
0	3
74	0
3	2
14	3374
0	302
0	21
0	243
0	3200
0	2923
0	369
0	170
1	1360
0	82
0	176
0	327
0	906
0	181
0	17
0	2
0	601
0	136
0	0
24	156
11	156
0	1395
0	1555
0	1469
0	78
97	1119
39	1401
1	444
0	1
0	97
0	0
0	6
0	153
1	197
146	29541
24566	50542
0	9231
11	3701
0	16577
7	79
132	503
0	504
0	43
0	0
310	1151
24	1156
0	27
0	8
527	380
6	380
1	55
1	309
0	0
0	0
8	16648
1	16820
994	19560
581	13832
676	19188
1	3727
4	877
25	142
0	1
1	140
1	375
18	392
0	34
1	49
0	8
5	87
0	5
0	0
0	0
49	462
5	215
0	193
2	464
0	182
0	91
0	8
657	1998
0	1961
0	0
3	37
0	18
0	0
3	5
1	6
0	6
0	5
7	2
4	465
1156	2434
12	1875
2	333
1	628
0	6
4	33
0	22
0	33
0	25
2	26
0	6
0	6
0	0
0	0
0	0
0	1
6	26
0	0
0	0
0	0
0	0
0	0
0	3
0	0
0	22
0	0
130	0
0	0
0	0
0	0
0	0
0	0
0	0
5	2
0	2
0	0
1	0
0	0
6290	565
2	559
591	2041
4	0
902	2041
144	876
0	112
22	865
0	140
187	66
0	18
1	6
0	59
10	26
3163	2905
0	2731
1	264
0	1176
0	219
4	1277
4	729
1	232
0	0
1	54
0	31
4	31
0	0
12	0
0	0
7	5800
0	5800
0	5730
0	4073
17	4001
0	13
0	0
0	119
1	160
0	8
0	275
0	195
0	0
13	329
0	42
0	308
0	0
0	10
7	10
0	10
0	0
0	0
222	264
0	264
7	149
16	149
0	0
2	0
0	0
0	0
0	0
0	0
452	176
0	3
0	67
0	15
5	52
0	28
0	12
0	29
0	18
0	0
0	0
39	252
0	182
0	192
22	202
2	40
1	0
631	210
0	12
0	2
0	136
1	44
0	0
0	1922
0	35
28	1961
0	1961
2	234
21	192
1	57
17	168
3	394
0	0
0	2
2	54
0	14
1	0
9	1869
8	4409
0	1865
5	78
0	3528
0	0
1	0
2	0
0	0
0	0
0	0
0	0
6	1537
0	1462
0	1406
0	1539
0	1390
0	985
0	230
0	106
2497	1976
19	1779
2	1976
7	1236
0	257
0	229
5	72
0	128
9	184
0	129
0	0
1	72
0	34
0	0
27	34
0	0
2	5
0	34
0	0
439	0
0	0
0	11
4	11
0	0
0	0
0	1
0	1
1	1
0	1
0	0
0	0
0	0
0	0
0	0
0	0
0	5
0	0
0	0
15	16
0	10
100	305
28	305
0	0
0	0
0	0
0	0
0	0
0	0
0	0
0	0
0	0
0	0
0	0
0	0
0	0
0	0
0	0
0	0
0	0
0	0
0	0
0	0
0	0
0	0
0	0
0	0
0	0
0	0
0	0
0	0
0	0
0	0
0	0
0	0
0	0
0	0
0	0
0	0
0	0
0	0
0	0
0	0
0	0
0	0
0	0
0	0
0	0
0	0
0	7
0	0
0	0
0	0
0	0
0	0
0	0
0	0
0	0
0	0
0	0
0	0
2	0
0	0
0	0
0	0
0	0
0	0
0	0
0	0
0	0
0	0
0	0
0	0
0	0
0	0
0	0
0	0
0	0
0	0
0	0
0	0
0	0
0	0
0	0
1	0
0	0
2	0
0	0
0	0
0	0
0	0
0	0
0	0
0	0
0	0
0	0
0	0
0	0
0	0
0	0
0	0
0	0
0	0
0	0
0	0
0	0
0	0
0	0
0	0
0	0
0	0
0	0
0	0
0	0
0	0
0	0
0	0
0	0
0	0
0	0
0	0
0	0
0	0
0	0
0	0
0	0
0	0
0	0
0	0
0	0
0	0
0	0
0	0
0	0
0	0
0	0
0	0
0	0
0	0
0	0
0	0
0	0
0	0
0	0
0	0
0	0
0	0
0	0
0	0
0	0
0	0
0	0
0	0
0	0
0	0
0	0
0	0
0	0
0	0
0	0
0	0
0	0
0	0
0	0
0	0
0	0
0	0
0	0
0	0
0	0
0	0
0	0
0	0
0	0
0	0
0	0
0	0
0	0
0	0
0	0
0	0
0	0
0	0
0	0
0	0
0	0
0	0
0	0
0	0
0	0
0	0
0	0
0	0
0	0
0	0
0	0
0	0
0	0
0	0
0	0
0	0
0	0
0	0
0	0
0	0
0	0
0	0
0	0
0	0
0	0
0	0
0	0
0	0
0	0
0	0
0	0
0	0
0	0
0	0
0	0
0	0
0	0
0	0
0	0
0	0
0	0
0	0
0	0
0	0
0	0
0	0
0	0
0	0
0	0
0	0
0	0
0	0
0	0
0	0
0	0
0	0
0	0
0	0
0	0
0	0
0	0
0	0
0	0
0	0
0	0
0	0
0	0
0	0
0	0
0	0
0	0
0	0
0	0
0	0
0	0
0	0
0	0
0	1
1	0
0	0
0	0
0	0
0	0
0	0
0	0
0	0
0	0
0	0
0	0
0	0
0	0
0	0
0	0
0	0
0	0
0	0
0	0
0	0
0	0
0	0
0	0
0	0
0	0
0	0
0	0
0	1
0	0
0	0
0	0
0	0
0	0
0	0
0	0
0	0
0	0
0	0
0	0
0	0
0	8
0	0
0	0
0	0
0	0
0	0
0	0
0	0
0	0
2	6
0	0
0	0
9	90
3	3
55	88
0	0
0	15
108	22
0	7
0	2
0	8
0	0
0	0
0	7
0	0
0	0
0	0
0	0
1	57
20	101
0	59
0	0
0	0
0	24
0	0
0	10
0	10
0	0
11	0
1	679
22	235
1	371
0	27
0	28
1	18
3	551
0	549
65	0
2	2
0	0
0	0
0	0
0	0
13	2
0	0
0	0
24	84
6	2739
788	6922
0	357
484	6879
1	7
0	0
0	0
9	0
6	0
0	0
0	0
0	0
1	0
3	1048
0	17
0	0
0	0
0	0
0	231
8	1023
5	25
0	0
0	0
0	0
0	0
29	6
1	2
0	6
0	2
0	2
0	0
0	0
105	0
331	65
10	65
0	1
0	0
0	0
0	0
0	0
0	0
0	0
0	0
489	14
0	14
0	0
0	0
0	0
0	0
1341	41
2	37
0	22
144	329
0	0
0	0
0	3
0	0
0	0
0	0
0	0
0	0
0	0
0	0
0	0
0	0
11	20
3	86
0	31
0	2
0	17
255	75
0	0
0	0
0	0
0	0
0	0
0	0
0	0
0	0
0	0
0	0
0	0
0	0
0	0
0	0
0	0
0	0
0	0
0	0
7	106
2	0
0	0
3	0
0	0
0	0
0	1
0	1
0	1
1	1
0	1
0	0
0	0
11	0
0	0
0	0
0	1
0	0
0	0
216	5986
0	223
6	1373
0	100
0	5620
0	181
4	1448
0	0
2	271
2	583
1	0
24	39
0	37
0	0
0	2
0	11
0	2
0	0
0	1
1832	174
0	0
1	104
0	58
0	0
0	0
0	0
0	0
0	0
0	0
0	0
0	0
0	0
0	0
294	627
0	69
3	537
0	108
0	38
0	8
0	0
2	1
0	0
0	0
10	0
0	0
0	0
0	0
2	8
0	8
0	1
0	0
0	0
1	46
23	46
0	0
0	0
9	14
0	14
0	0
0	1
0	0
0	0
0	0
0	0
0	0
0	0
0	0
0	0
0	0
0	0
0	0
0	0
0	0
0	0
0	0
0	0
0	0
0	0
0	0
0	0
0	0
0	0
48	469
0	393
0	77
0	18
2	471
3	471
0	464
0	0
0	0
0	0
0	0
0	0
0	0
0	0
0	0
0	0
0	0
0	0
0	0
0	0
0	1
0	1
0	0
0	0
0	0
0	0
0	0
597	89
0	89
0	74
0	0
0	2
0	2
0	0
0	0
0	0
0	0
0	0
0	0
0	0
0	0
5	468
43	465
0	3
0	16
1	45
0	52
0	35
1	18
1	2683
731	5461
5	4904
1	465
0	734
0	807
5	318
13	2690
0	174
2	2292
1	654
0	1053
0	470
0	374
0	0
0	0
0	0
0	0
0	0
5	0
0	0
0	0
0	0
0	0
0	0
0	0
0	0
0	0
0	0
0	0
72	58
0	0
1	0
123	35
0	55
0	0
0	0
1	36
0	0
0	0
0	1
0	0
0	1422
2	1402
0	49
0	62
0	61
0	0
0	33
0	114
0	0
0	173
0	40
298	211
2	188
0	99
0	71
0	43
4	18
0	2
1	0
0	0
750	123
0	76
0	65
0	69
0	33
0	0
0	0
0	2
0	2
0	0
0	0
0	2
0	0
86	315
0	0
0	306
0	1
12	1
0	33
0	0
0	0
0	0
0	649
0	133
1	4
212	624
0	0
0	1
0	0
0	0
0	285
0	3
0	0
0	0
692	616
8	452
0	468
0	0
0	0
4	0
0	0
0	0
0	0
0	0
7	429
0	0
0	0
1	0
0	0
0	0
3	2587
0	2542
0	2624
0	2536
0	1973
0	2454
1	2319
0	646
0	849
0	645
0	0
0	79
11	522
0	121
0	327
0	55
1	208
0	211
0	0
1	119
0	132
0	56
0	34
0	93
0	6
0	20
0	0
0	0
2	0
0	0
0	0
812	417
0	375
0	0
0	0
0	0
0	42
0	0
0	0
0	19
0	0
0	0
0	0
0	0
0	0
0	0
0	0
0	0
0	0
0	0
0	0
0	0
0	0
0	0
0	0
0	0
1	485
0	485
0	6
0	1
1	67
0	4
3	7
0	13
1	0
0	1
0	0
1	19
0	2
0	0
0	0
0	0
1	0
0	0
0	0
0	0
60	21
0	16
0	5
0	1
55	34
3	314
0	301
0	33
0	27
0	34
0	4
0	0
0	1
27	103
0	1
0	1
0	100
0	0
0	6
0	6
0	438
0	308
0	438
0	400
0	407
18	429
2	130
0	55
0	26
0	0
14	0
0	0
0	0
0	58
144	68
3	58
0	58
0	0
0	206
0	73
0	41
0	109
0	0
0	136
0	87
0	48
0	0
0	0
0	0
0	0
0	0
0	0
0	0
0	3
0	0
0	0
0	0
0	0
0	0
0	0
0	0
0	0
0	0
0	0
0	0
0	0
0	0
0	0
0	0
0	0
0	0
0	0
0	0
0	0
0	0
0	0
0	0
0	0
0	0
0	0
0	0
0	0
11	1031
0	0
0	0
0	0
0	0
0	0
23	19
0	0
6	810
5	758
4	527
30	486
0	64
0	47
0	39
0	0
0	0
0	0
0	0
158	58
0	35
0	0
0	23
0	0
0	4
143	27
0	10
0	1
0	0
0	17
0	0
0	0
3	9
4276	67
0	0
0	32
0	0
3	0
0	288
0	0
0	0
26	51
2	7
0	48
0	5
0	1
0	20
0	49
0	0
0	0
0	0
0	3
0	0
0	5
1	2
0	5
0	212
0	75
0	99
0	290
0	261
7	174
0	55
0	28
0	22
0	28
0	69
0	47
8	55
0	0
374	525
0	486
0	110
1	75
0	218
0	146
0	143
7	79
0	50
16	58
0	28
0	0
0	7
0	285
1	288
0	288
0	9
0	0
0	2
0	0
0	0
0	0
2	22
0	0
0	17
0	5
0	0
194	160
0	88
0	28
2	97
0	102
0	46
0	14
0	8
1	0
0	0
0	8
0	5
0	5
0	0
0	0
145	389
6	390
0	298
1	320
1882	1984
0	1984
0	0
7	436
28	436
0	76
0	0
0	0
0	52
1	39
0	0
2	0
64	0
52	0
0	8
0	2
0	10
92	10
0	0
40	0
20	0
0	0
55	27
0	27
0	0
0	0
0	0
35	0
0	0
147	11
0	11
0	0
0	0
0	0
0	0
0	0
0	0
0	0
0	0
0	0
0	0
0	0
1	0
0	0
0	0
0	0
0	0
0	0
0	0
0	0
0	0
0	0
0	0
2	2
1	2
1	0
7	52
21	183
3	183
0	0
94	519
23	513
0	490
0	38
0	8
0	0
0	0
0	0
7	71
0	14
0	0
0	0
984	112
0	108
0	0
0	0
11	0
11	25
4	0
0	0
0	20
237	168
0	143
0	6
0	23
0	0
13	233
0	0
0	0
0	0
20	2
0	2
0	1
0	1
0	1
0	2
0	1
0	1
0	0
1	20
1900	116
0	90
0	6
0	0
0	0
0	4659
92	5062
0	5166
0	783
0	0
0	0
0	0
0	0
0	4884
0	0
0	584
0	0
0	0
0	0
0	0
0	0
0	0
0	0
0	0
0	0
0	0
0	0
0	0
0	0
0	0
0	0
0	0
0	0
0	0
0	0
0	0
1	423
0	1116
0	916
2	1220
0	315
0	697
14	711
4	581
1	264
2	0
0	0
0	0
0	0
0	0
0	0
4033	1096
1	534
1	638
2	336
1	16
0	20
0	14
0	17
0	0
0	0
0	0
0	0
0	0
0	0
0	0
0	0
0	0
0	0
0	0
0	0
0	0
0	8
5	46
3733	746
0	169
1	2
0	106
0	0
1	58
0	0
467	504
0	0
0	0
0	0
0	0
0	0
2	0
0	0
0	0
0	0
0	0
0	0
0	0
0	0
0	0
0	0
0	0
0	0
0	0
0	0
0	0
0	0
0	0
0	0
0	0
0	0
0	859
0	859
11	72
5	749
0	705
15	230
1	1
0	0
0	0
44	3
0	3
0	0
0	0
16	58
0	58
0	57
0	0
0	290
0	257
0	296
0	9
1	53
2	68
0	61
0	0
0	3
0	0
0	35
0	33
0	35
0	35
0	35
0	33
0	24
0	5
1	0
0	427
23	427
0	0
5	0
0	0
0	0
43	37
0	37
0	0
0	0
14	1702
10	149
2	0
0	0
39	83
3	83
0	3
0	2
0	0
0	0
0	0
0	0
0	0
0	0
0	0
0	0
0	0
0	0
0	0
1	0
0	0
1	0
0	0
0	0
0	0
0	0
0	0
0	0
0	0
1	123
0	15
0	0
0	1
0	0
0	14
0	5
5	5
5	6
0	1
0	0
1	64
2	0
0	0
1	1
0	14
0	0
0	37
0	37
0	221
0	220
0	15
0	0
0	5
0	5
0	15
0	0
0	220
0	220
0	0
0	0
0	0
0	0
0	0
0	8
0	8
1	8
0	0
0	8
0	2
0	0
0	0
0	0
0	0
3	10
0	10
0	8
1	1
0	0
0	0
0	0
0	0
0	0
0	0
0	0
0	15
0	200
86	5
0	15
0	0
0	53
1	0
0	0
0	0
0	1
0	0
0	0
0	0
0	0
0	0
0	0
0	0
0	0
0	0
0	0
0	0
0	0
0	4
0	0
0	0
0	0
0	0
0	0
0	0
0	0
0	0
0	0
0	0
0	0
0	0
0	0
0	0
0	0
0	1
0	0
0	0
0	0
0	0
0	0
0	0
0	0
0	0
0	0
0	0
0	0
0	0
0	0
0	0
0	0
0	0
0	0
0	0
0	0
0	0
0	0
0	0
0	0
0	0
0	0
0	0
0	0
0	0
0	0
0	0
0	0
0	0
0	0
0	0
0	0
0	0
0	0
0	0
0	0
0	0
0	0
0	0
0	0
0	0
0	0
0	0
0	0
0	0
0	0
0	0
0	1
0	1
0	0
0	0
0	0
0	0
0	0
0	0
0	0
0	1
0	1
0	0
0	0
0	0
0	0
0	0
0	0
0	0
0	0
0	0
0	0
0	0
0	0
0	0
0	0
0	0
0	0
0	0
0	0
0	0
0	0
0	0
0	0
0	0
0	0
0	0
0	0
0	0
0	0
0	0
0	0
0	0
0	0
0	0
0	0
0	0
0	0
0	0
0	0
0	0
0	0
0	0
0	0
0	0
0	0
0	0
0	0
0	0
0	0
0	0
0	0
0	0
0	0
0	0
0	0
0	0
0	0
0	0
0	0
0	0
0	0
0	0
0	0
0	0
0	0
0	0
0	0
0	0
0	0
0	0
0	0
0	0
0	0
0	0
0	0
247	19
0	10
0	9
1	7
0	0
0	0
0	0
536	0
3	1
0	1
39	0
1	0
0	0
0	0
0	14
0	18
0	18
0	15
0	0
1	0
46	5
0	9
0	0
1	0
3	44
0	0
5	1
4	3
3	0
1	15
0	0
3	197
0	24
1	15
0	0
0	1
12	0
9	136
0	137
13	2
19	3
0	1
0	0
32	15
0	0
0	0
1002	246
1	0
16	6
0	59
26	100
0	41
0	18
0	0
670	13
0	0
0	6
0	0
1	3
0	15
0	0
0	1
0	0
0	6
1	6
0	0
2	0
0	0
0	0
0	0
0	0
0	0
0	0
0	0
0	0
0	0
0	0
0	0
0	0
0	0
0	0
0	0
0	0
0	0
0	0
0	0
0	0
0	0
0	0
0	0
0	13
0	0
0	0
181	34
0	1
0	34
0	0
9	321
6	99
12	365
8	319
0	40
0	92
0	0
0	20
0	2
1	4
2	0
0	0
0	0
0	0
0	0
0	0
0	0
0	0
0	0
0	1
0	1
0	0
0	0
0	0
0	1
0	0
0	0
0	0
0	0
0	0
0	0
0	0
0	297
0	901
3	3
0	3
0	3
0	1
0	236
0	428
0	407
0	925
0	34
0	135
0	453
0	131
0	6
0	3
0	4
0	30
0	0
0	79
14	83
1	59
0	45
0	13
4090	398
2	396
0	0
1853	0
3	0
6	233
0	9
4	9
0	145
0	13
0	217
0	1
0	284
27	288
0	5
0	12
2	0
0	0
0	0
2115	0
73	0
1441	63
0	34
0	29
983	47
1	8
0	20
0	20
0	0
0	14
76	44
0	8
0	0
4	30
3482	13793
0	13773
0	2215
7	20
0	0
0	0
0	0
0	0
0	0
0	0
0	0
0	0
0	0
0	0
0	3
1	616
0	0
0	0
0	0
0	0
0	0
0	0
0	0
0	0
0	0
0	0
0	0
0	0
0	0
0	0
0	0
0	0
0	0
0	0
0	0
0	0
0	0
0	0
0	0
0	0
0	0
0	0
0	0
0	0
0	0
0	0
0	0
0	0
0	0
0	0
0	0
0	0
0	0
0	0
0	0
0	0
0	0
0	0
0	0
0	0
0	0
0	0
0	0
0	0
0	0
0	0
0	0
0	0
0	0
0	0
0	0
0	0
0	0
0	0
0	0
0	0
0	0
0	0
0	0
0	0
0	0
1	131
0	0
31	6
0	13
3	13
0	0
0	0
0	0
0	0
0	0
0	0
0	0
0	0
0	0
0	0
2	8
0	0
0	0
845	8
1	0
0	5
12	11
7	6
0	2
0	132
0	0
133	133
0	0
0	3
0	99
0	85
0	64
0	39
0	11
0	31
0	31
5	579
2	567
1	576
0	6
0	0
0	0
1	0
0	1
7	1
0	9
22	19
0	0
0	9
0	0
0	7
0	1
0	1
0	1
13	1
0	0
0	0
15	0
0	0
5705	0
0	0
18	240
0	49
0	10
0	668
1	727
0	0
0	13
2	13
0	0
23	0
1	604
0	608
0	16
0	2
0	31
0	31
0	5
0	0
0	0
0	0
0	0
0	0
0	0
0	0
0	0
0	0
0	0
3	0
0	0
0	0
0	0
14	0
50	0
0	0
0	0
0	0
2	0
0	0
0	0
0	0
51	0
0	0
0	0
1	0
133	0
134	124
0	0
0	0
0	0
0	0
0	118
0	3
0	21
1	0
0	0
0	0
0	0
0	2
0	5
0	3
0	1
0	0
0	0
20	3
189	2022
4	1857
0	3
0	0
0	315
0	233
294	206
1	50
3	135
0	85
0	0
0	0
0	0
0	0
0	18
0	17
0	16
0	1
0	0
0	214
2	214
0	0
0	0
0	0
0	0
58	0
0	0
0	0
0	0
0	0
0	0
0	0
0	0
0	0
0	0
0	0
0	0
0	0
0	0
0	0
0	0
0	0
0	0
0	0
0	0
0	0
0	0
0	0
0	0
0	0
0	0
0	0
0	0
0	0
0	0
0	0
0	0
0	0
0	0
0	0
3	653
14	694
0	662
1	644
0	126
0	297
0	203
5	197
5	160
1	180
0	139
3	103
5	43
0	45
0	0
6	7
0	7
78	0
0	56
72	61
0	63
0	46
0	60
0	8
0	3
1	21
0	3
17	24
0	0
0	6
0	0
0	3
189	643
24	217
9	361
0	36
0	54
0	181
17640	7641
2	0
0	0
0	0
4165	7968
12	352
0	0
50	101
106	101
8	1771
31	1776
2	65
3	41
0	32
0	0
0	0
0	0
0	0
0	0
0	0
0	0
0	0
6	194
1	181
0	184
0	14
0	0
0	0
0	0
0	0
0	0
2	0
0	0
0	0
0	7
27	0
165	218
0	37
0	211
0	158
0	23
0	5
0	6
0	0
0	0
0	2
0	14
2	13
0	11
0	5
0	0
0	0
0	0
1	3
0	3
0	0
0	2
0	0
2	2
27	770
30	812
0	772
0	770
1	222
0	162
4	69
0	374
2	343
12	373
15	342
5	308
0	136
27	0
0	0
0	0
2	0
0	0
0	0
0	0
0	0
0	0
0	0
0	0
0	0
0	0
0	0
0	0
0	0
0	0
0	0
0	0
0	0
0	0
0	0
0	0
0	0
0	0
0	0
0	0
1	0
0	0
0	286
0	0
0	0
5	286
0	1
0	0
0	0
42	65
0	3
0	50
0	61
0	0
0	0
0	0
0	354
17	354
4	17
1017	4
8	114
0	0
0	0
0	0
18	658
2	134
0	333
0	70
0	616
0	500
3	603
0	0
0	64
0	143
0	0
0	106
0	120
0	0
0	31
0	0
0	0
0	0
2	3
1	3
0	3
0	0
1	0
0	4910
709	5279
1	4762
0	1208
10	1053
3	0
0	0
0	0
0	55
0	54
0	6
0	0
0	2
0	2
0	0
0	0
0	0
0	0
0	0
228	13
0	11
0	0
0	0
0	0
0	0
0	0
0	0
0	0
0	0
0	0
0	0
0	0
0	0
0	0
0	0
0	1
0	1
0	1
0	0
0	0
3	0
0	0
0	0
0	0
0	0
0	0
0	0
0	0
0	0
0	0
0	0
0	0
0	0
0	0
0	0
0	0
0	0
0	0
0	30
0	88
0	30
0	6
0	30
0	1
1	88
0	88
0	10
76	645
0	557
2490	649
0	124
0	23
0	23
37	20
0	5
3	190
0	97
1	24
1	11
0	26
0	24
0	5
0	8
0	8
0	0
0	0
0	40
0	102
0	60
0	0
0	0
0	30
1	30
0	0
0	0
0	20
0	20
21	94
0	40
7	83
0	10
0	9
0	0
0	0
0	0
649	103
0	30
0	73
0	0
0	0
0	0
129	2801
4	2801
1	2801
1	2155
0	0
3	0
0	0
0	0
1	111
708	111
0	99
1	0
891	417
0	237
4	318
0	0
0	0
0	0
0	0
0	0
0	0
0	0
9	0
0	0
0	0
0	154
0	175
2	121
3	142
2	39
0	52
1	35
0	13
0	49
0	56
2	20
0	33
0	0
0	0
0	0
0	0
0	0
0	0
0	0
0	0
0	0
0	0
0	0
0	0
0	0
0	0
0	0
0	0
0	0
0	1
0	1
0	0
0	0
0	0
0	0
0	0
0	0
0	0
0	0
0	0
0	0
2	21
0	21
0	15
0	6
0	4
0	4
0	4
0	0
0	0
0	0
0	0
0	0
0	0
0	0
0	0
0	0
0	0
12	630
0	0
0	0
18	630
13	0
0	0
6	712
0	82
0	0
0	0
0	0
78	0
7	1228
0	194
0	1077
0	55
1	1085
1616	0
0	20
0	20
0	20
0	18
0	18
1	15
0	0
0	2
0	0
0	0
0	1
0	1
1	1
0	1
0	0
4	0
11	463
1	463
0	0
0	0
5344	0
0	0
0	165
1	165
0	10
0	5
1	0
0	0
1	0
0	0
0	0
0	0
1	0
0	0
0	0
0	0
1	1
628	1
0	0
0	0
0	0
1	0
0	0
0	0
0	0
0	0
0	0
0	0
0	0
0	0
0	0
0	0
10	6
1	6
0	0
1	0
490	68
0	4
0	12
0	32
0	18
26	0
0	0
0	0
0	0
0	0
9	9123
0	232
49	1795
0	1634
0	1895
0	8909
0	0
22	1618
0	0
0	0
2	272
0	0
0	0
0	457
0	0
0	472
1	296
0	213
0	213
0	213
2	6
0	113
0	45
1	516
0	472
3	291
1	102
1	95
0	337
0	194
0	256
0	175
2196	59
0	1
7	134
0	239
0	361
0	138
1	149
2	51
0	66
0	215
13	219
0	333
6	63
105	926
2	524
24	4
0	544
4	206
0	401
0	154
112	1385
0	706
0	180
0	877
0	0
0	205
0	30
0	106
0	0
0	34
0	0
0	0
8	0
431	77
2	8
6	63
425	11
7	11
0	0
1	0
38	1037
0	1037
0	0
0	0
11	0
0	0
0	0
3	0
0	0
0	0
0	0
0	0
2	0
0	0
1	0
2	0
0	0
0	0
0	0
0	0
0	0
0	0
0	0
0	0
0	0
0	0
0	0
0	0
1	9
0	4
0	187
0	304
0	47
0	1
2	433
0	1
0	15
0	417
0	5
0	2
0	2
0	0
1	126
0	17
1	1918
0	1598
0	1921
1	1547
1	2120
0	1807
0	1684
157	896
5	101
17	538
17	106
0	0
0	34
3	0
0	0
0	0
6	0
0	0
0	0
0	0
9	0
0	0
200	182
0	176
0	0
0	0
1141	1291
0	1186
25	0
1	105
1142	99
0	83
0	89
0	0
0	7
0	3
0	0
0	0
49	3
19	3
0	3
0	3
0	0
5	0
484	42
0	3
0	10
0	34
0	8
0	0
0	0
484	4922
0	4297
0	2286
0	0
0	0
0	694
0	0
1554	15
0	15
376	103
0	32
0	24
0	26
0	17
0	7
0	4
0	7
0	4
15	566
1	420
2	38
0	0
10	27
1	155
0	9
1	20
0	8
0	0
0	0
0	0
0	0
0	0
0	2
4	5
0	0
0	0
3	0
0	3
830	7
0	0
171	71
0	0
0	63
0	44
8	50
0	48
0	13
0	11
10	74
0	2
0	70
0	3
0	61
0	751
6	784
0	95
0	18
0	34
0	2
0	0
0	0
262	157
15	0
0	0
13	157
0	0
0	0
0	0
0	0
0	0
0	0
10	3
4	0
5	3
2125	2
50	0
0	0
0	0
0	62
17	117
0	2
0	57
0	3
1	1
1	1
15	0
18	0
0	0
0	0
0	0
0	0
0	0
0	0
237	303
2	295
3	297
0	88
0	144
0	0
0	0
0	0
1589	0
7	0
2140	0
0	1503
0	1666
0	1563
0	1503
0	1439
0	1636
129	859
1	1233
0	1434
0	1586
5	104
40	610
0	554
4	192
0	30
0	547
3	23
1	120
28	119
2	49
4	3
1	51
0	40
0	5
0	6
1	18
0	3
117	147
0	145
9	80
170	771
0	761
1	778
0	6
46	361
0	361
0	336
21	19
8	116
9	52
8	52
0	17
0	17
0	19
0	33
0	33
122	0
0	45
0	0
0	63
0	0
0	61
0	0
0	61
0	0
0	38
0	802
0	787
0	10
0	0
0	590
0	9
0	53
0	20
0	0
0	81
0	25
0	0
0	0
0	0
0	0
0	0
0	0
0	7
0	0
0	0
0	0
0	0
0	0
0	0
0	0
0	0
0	0
0	0
0	0
0	0
0	0
0	0
0	0
0	0
0	0
0	0
0	0
0	0
0	0
0	0
0	0
0	0
24	130
2	27
0	51
2	126
0	3
0	12
2	6
12	70
0	7
0	5
0	1
0	58
0	60
0	0
0	0
0	0
0	0
0	0
0	0
0	0
0	0
0	0
0	0
0	0
0	0
0	0
0	0
374	5194
0	5194
3	1
0	1
0	0
70	76
0	0
0	0
0	0
2	16
1	16
288	2
0	163
0	254
0	180
1	91
42	2
0	0
179	86
2	43
0	19
0	0
0	18
0	30
639	0
5	1558
21	1558
1	1524
0	82
0	45
1	40
0	30
0	27
0	26
0	31
0	19
14	10
0	10
0	0
160	105
2	105
0	0
0	0
0	0
0	0
11	0
0	0
0	0
7882	42
0	95
0	20
0	3
0	94
0	10
0	0
0	0
2	1392
336	1751
3	791
4	690
0	368
0	88
29	262
0	24
1	25
27	270
0	3
0	23
1	22
0	95
0	0
363	0
0	0
0	0
0	24
1	24
0	0
700	23
0	23
0	0
0	0
0	2
1	2
0	0
0	1
0	0
0	1
28	0
0	0
9	0
0	0
0	0
0	0
0	0
0	0
0	0
0	0
0	0
3	0
2	0
0	0
2	884
0	884
1	38
1654	19
0	11
0	0
0	0
34	18
0	216
8	216
0	0
0	0
17	0
184	0
4	0
40705	562
0	0
0	0
1036	309
4	263
0	150
1	0
26	59
0	59
0	0
0	1
0	0
0	1
0	12
41	5431
0	5218
39	1300
41	323
1	452
0	348
0	276
12	174
0	95
197	167
0	167
0	0
0	2
5	9
349	439
0	399
1	252
2924	0
2163	4581
0	1674
1366	4493
12	2212
901	633
0	47
0	8
1	574
0	9
2	58
0	198
6	124
0	53
6	4477
6	4414
0	4497
4	4484
0	4430
0	1071
0	198
0	175
3	116
0	68
1	76
0	28
0	8
0	31
1	19
0	20
1	42
0	3
20	0
82	5613
66	5613
14988	12741
99	9843
4	5466
12	3037
0	0
0	0
0	0
0	0
0	0
0	0
0	0
0	0
0	0
0	0
0	0
225	835
2	775
1	393
2	39
0	503
0	111
6	354
11	520
0	159
0	0
0	0
10	0
0	0
19	2945
40	2947
0	83
0	523
2	235
0	33
0	27
0	32
0	25
0	21
0	3
0	1
0	0
2	124
0	124
0	109
0	95
9	28
8	4
0	5
0	2055
1	82
0	76
625	252
0	205
0	57
0	192
0	204
0	96
3	83
0	86
0	1
3	35
0	0
0	53
0	0
8	0
0	0
0	0
0	423
466	435
1	26
0	7
4	26
0	4
0	9
5	26
0	0
0	0
0	1
0	7
17	642
5	277
501	971
6	724
1180	4102
1	247
4	4102
0	8
0	6
0	7
0	4
2716	514
1	293
0	76
0	145
308	1710
0	192
1	25
0	1506
0	1
0	1
0	1
0	1
0	1
2	0
0	0
7	6
0	6
2	1968
0	2006
3	1886
4	1818
27	1045
0	1214
0	0
0	13
1037	0
0	2577
143	2674
87	1965
2	1326
0	0
0	104
0	31
0	385
0	258
75	56
0	424
6	680
1	275
2	430
13	824
114	691
0	582
8	19
0	0
9	135
0	193
0	15
0	20
0	22
0	22
0	856
0	856
0	76
11	111
0	103
2	0
4	152
11	337
24	364
4	291
0	96
0	15
0	15
3	2
2	3712
14	167
2	445
207	4205
0	416
6	585
21	74
0	136
69	625
0	0
264	618
2	206
2	412
0	431
0	423
2	68
0	425
0	9
2069	0
1975	300
1	300
0	230
1	230
0	0
0	0
0	0
0	8
0	8
5	0
0	3
0	0
0	0
0	0
0	3
0	0
180	2276
123	2196
0	548
1	313
116	591
0	556
0	229
0	214
0	0
8	77
8	77
0	0
0	0
0	0
0	3224
1304	3224
0	0
0	0
0	0
0	0
0	0
11	0
0	0
1	19
1	78
0	88
0	88
1	26
0	0
0	0
0	0
0	154
0	9
27	154
0	17
0	4
0	0
373	316
0	51
0	272
0	41
0	0
0	316
0	0
0	0
0	19
196	0
0	155
0	154
0	147
0	42
0	47
0	53
0	57
0	54
0	0
0	0
0	0
0	1206
40	1245
6810	3336
0	3223
0	1773
1	1178
0	943
19	943
0	0
7729	20
0	0
0	0
3	0
26	0
31	114
7	491
123	601
0	318
101	3967
78	3906
0	724
1	349
0	0
1	0
0	0
65	163
7	83
0	35
0	45
0	8
0	7
0	7
0	0
0	0
0	0
1	30
0	26
0	30
0	2
0	0
0	0
435	0
57	9427
0	9528
0	8589
0	9387
0	8685
0	9562
4	8559
0	2807
1	4050
0	2100
1	1639
2	1070
0	0
0	207
0	90
1	685
0	2221
1	1174
2	1375
0	2058
0	635
0	1667
0	1040
0	1028
1	654
0	1223
0	344
0	46
1	829
0	364
1	760
4	823
0	441
0	425
0	99
0	170
5	170
0	137
0	0
0	138
0	0
0	0
1	0
2	0
0	0
0	0
0	0
0	0
0	0
0	0
0	0
0	0
0	0
0	0
0	0
0	0
2	4646
0	13
0	4593
2039	4660
1	3280
5099	4562
0	2987
0	2987
0	0
0	0
2	22
0	212
0	0
0	0
0	0
0	1
1	0
0	0
0	1
1	0
4	0
1	0
0	0
0	0
2	0
0	0
0	0
0	0
0	0
0	0
0	0
0	2
0	2
301	1167
0	67
0	1068
2	753
0	358
0	435
0	165
74	778
0	145
7	361
0	358
0	367
1	89
0	5
0	85
0	28
0	49
1	25
0	20
0	19
0	19
0	16
1	5
0	0
24	0
0	48
422	718
0	147
1	156
1	303
1	16
0	103
1	0
3	201
0	194
0	92
0	89
0	104
0	106
0	46
0	133
0	4
0	89
2	287
0	283
0	13
0	3
0	0
0	0
0	0
0	6
0	6
0	3
0	0
1	0
1	0
0	0
0	0
0	0
0	0
18	1
0	1
0	0
0	0
413	5623
0	5209
19	4989
6	593
0	17
0	184
0	0
4	23
0	5
0	9
5	9
45	404
0	410
3	215
0	58
1	54
0	0
0	0
0	26
28	12
0	10
0	4
3	0
0	0
0	0
0	0
0	0
0	0
0	0
0	0
0	0
0	0
352	29
0	25
3	0
0	0
0	0
0	0
0	0
0	0
0	0
0	0
0	0
0	0
0	0
0	2
0	2
0	2
0	0
0	0
0	0
12	1807
322	1826
0	201
371	1801
0	36
0	0
0	3
0	91
0	130
0	0
1	0
0	0
0	0
0	2
0	2
0	0
0	0
0	0
0	0
0	0
0	0
0	23
0	0
0	0
0	0
0	0
0	0
3	61
0	41
0	41
0	46
0	34
0	41
0	37
0	11
0	9
0	0
0	0
0	0
0	0
0	0
0	0
0	0
0	0
0	0
0	0
0	0
0	0
0	0
0	0
0	0
0	0
0	0
0	0
0	0
0	0
0	0
0	0
0	0
0	0
0	0
0	0
0	0
0	0
0	0
0	0
0	0
0	0
0	0
0	0
0	0
0	0
0	0
0	0
0	0
0	0
0	4
2	0
1	0
0	31
0	0
0	0
0	0
0	0
0	0
0	0
0	0
0	0
0	0
0	0
0	0
0	0
1	0
0	0
0	3
0	0
0	0
0	0
0	0
0	0
0	0
0	0
0	0
3	1
7	0
0	0
0	0
0	0
1	3
0	0
0	0
0	0
0	1
3	0
6	6
0	6
0	0
0	0
0	0
0	15
0	0
1	0
2	0
0	0
0	0
6	0
7	37
0	35
0	21
0	2
0	0
0	4
0	23
0	23
0	23
0	23
0	23
0	3
0	0
1	4
0	0
0	0
0	0
0	0
19	6
0	6
0	0
0	0
32	0
0	0
0	29
0	29
0	5
0	4
0	0
0	0
0	0
0	0
0	0
0	0
0	0
0	0
0	0
16	8
0	8
0	0
0	0
0	0
0	0
24	198
0	0
8	0
0	0
8	4
0	4
0	0
0	0
0	6
0	0
0	160
0	178
0	251
0	5
0	4
0	0
0	0
0	6
3	56
0	0
5	165
0	9
0	21
0	7
0	17
12	71
0	19
0	58
1	0
0	0
0	71
2	110
0	2
0	108
0	0
0	113
0	0
0	0
0	129
0	78
0	40
0	49
1	9
0	0
0	0
0	0
0	0
1	97
1	140
10	71
0	154
0	1
0	143
0	118
0	46
0	26
0	12
0	0
0	13
0	33
0	0
0	0
0	1
0	14
0	14
0	1
0	14
0	0
0	0
0	0
0	0
0	0
0	0
12	1474
1	1450
2	1430
0	1490
0	53
2	2
0	47
0	47
0	47
0	1
0	0
0	0
0	0
0	0
0	0
0	0
0	0
0	0
0	0
0	0
0	0
0	0
0	0
0	14
23	74
3	20
0	6
0	16
0	16
0	72
2	2
0	5
0	2
0	0
0	6
0	37
0	0
0	4
0	0
0	0
0	0
0	0
0	0
6	7
0	6
0	7
0	6
0	0
0	0
0	1
0	1
482	41
3	34
0	17
0	22
0	0
23	7197
718	7196
11	0
0	140
0	503
0	2044
0	14
68	30
0	27
0	26
0	16
0	27
0	4
0	1
0	0
0	5
7	12
0	0
2	1
0	1
0	1
0	0
0	0
1	0
0	16
0	8
4	7
18	425
1	348
0	0
4	118
0	0
0	0
26	2723
0	0
0	0
0	2672
0	541
0	751
0	638
0	948
0	128
0	0
9	342
4	28
1	277
0	291
0	78
0	130
3	69
0	76
0	8
0	0
0	0
0	0
0	0
0	0
0	0
0	0
0	0
0	0
0	0
1	30
0	4
0	0
0	0
113	13
0	13
1	0
0	0
0	0
1	7
0	0
0	0
0	0
0	0
0	0
0	0
60	1281
0	1277
0	107
0	24
0	0
0	0
0	0
0	0
0	0
0	0
0	0
0	0
0	0
0	0
0	0
0	0
0	0
0	0
0	0
0	0
0	3
0	3
0	1
0	0
0	0
2	0
0	0
16	37
0	61
0	10
1	4
0	0
127	24
0	0
0	0
0	0
0	0
0	0
0	0
0	0
0	0
0	0
0	0
0	0
0	0
0	0
0	0
0	0
0	0
0	0
0	0
0	0
0	0
0	0
0	0
0	0
0	0
0	0
0	0
0	0
0	0
0	0
0	0
0	0
0	0
0	0
0	0
0	0
0	0
0	0
0	0
0	0
0	0
0	0
0	0
0	0
0	0
0	0
0	0
0	0
0	0
1	11
0	0
0	0
0	0
0	0
0	0
0	0
0	0
0	0
0	0
0	0
0	0
0	0
0	0
0	0
0	0
0	0
0	0
0	0
0	0
0	0
0	0
0	0
0	0
0	0
0	0
0	0
0	0
0	0
0	0
0	0
0	0
0	0
0	0
0	0
0	0
0	0
0	0
0	0
0	0
0	0
0	0
0	0
0	0
0	0
0	0
0	0
0	0
0	0
0	0
0	0
0	0
0	0
0	0
0	0
0	0
0	0
0	0
0	0
0	0
0	13
0	0
2076	344
1	343
0	30
1	30
1	10
2	234
0	196
0	65
0	64
0	70
0	71
2	33
3	111
0	70
0	21
0	6
0	0
0	0
332	2772
0	2691
1	124
0	288
0	0
2	345
0	0
0	0
56	0
0	0
0	0
0	0
0	0
2	14
0	14
0	14
0	14
0	0
0	0
0	11
1	0
0	0
9	0
0	0
0	0
0	0
24	0
0	0
0	0
0	0
26	2
0	0
0	0
2	1
1	24
0	24
16	0
1	14
0	14
0	0
2	0
11	23
0	23
2	2
1	15
0	15
1	15
3	0
0	0
7	4
0	1
0	3
6	3
0	2
1	0
0	0
4	0
0	1
0	0
0	3
15	3
0	0
0	1
0	5
0	5
0	0
0	1
21	2
0	2
0	0
1	2
0	3
0	4
0	0
0	89
0	88
1	91
0	25
0	3
0	3
0	0
0	0
163	65
1	0
0	60
1	13
0	8
1	13
0	74
4	74
0	38
0	7
0	3
205	31
0	22
0	23
18	30
107	5
0	0
0	0
0	0
0	0
0	0
0	0
59	45
0	45
0	4
0	2
0	1
62	7
0	3
0	3
0	0
0	0
84	37
0	33
0	0
0	1
0	1
0	1
0	1
0	0
0	0
113	2
0	2
0	2
0	2
0	0
7	18
25	18
34	0
0	0
0	1
1	0
0	0
0	12
0	0
1	0
0	12
1	0
478	509
0	31
0	0
0	31
0	0
0	0
1	14
0	0
0	14
0	0
0	0
0	0
0	0
0	0
5	0
0	0
0	0
0	0
46	321
1	313
0	250
0	48
0	35
0	24
0	27
1	11
0	11
2	7
0	76
0	210
0	16
0	27
0	201
1	187
0	16
0	13
0	0
168	272
5	272
3963	0
0	0
0	0
0	0
2	0
1	0
0	0
0	0
0	0
0	0
0	0
1	929
0	927
0	343
0	0
1	9
2	49
0	0
0	0
143	92
0	60
0	20
1	22
18	1459
0	1052
8	1421
0	142
0	173
0	42
0	0
0	0
0	0
0	0
0	0
0	0
7241	16
0	0
0	0
0	202
0	144
44	575
7	345
0	143
0	189
0	0
0	0
0	0
0	6
0	0
0	0
0	0
0	0
0	0
0	0
0	0
0	0
0	0
0	0
0	16
0	15
0	0
0	0
0	187
115	200
0	0
0	13
0	0
0	0
0	0
0	0
0	24
0	24
0	14
2	0
20	0
2	0
0	0
0	0
0	0
0	0
0	0
0	0
0	0
62	24
0	6
0	18
0	0
0	0
0	442
0	0
0	0
2	0
57	22
0	0
0	2
3	12
0	15
0	0
0	0
0	0
0	0
0	2
0	2
0	0
11	2
17	1681
0	1563
279	2616
90	1406
3	418
300	672
5	478
2	0
9	1656
1	1609
0	650
0	130
0	722
0	141
0	4
0	37
683	0
2635	1729
3	111
1	1618
0	0
0	1
0	6
0	5
0	1
0	0
0	0
0	2
0	0
0	0
0	0
0	0
0	0
0	0
0	0
0	0
0	0
0	0
0	4
0	4
0	4
0	0
0	0
0	0
0	0
0	0
0	0
0	7
0	112
0	37
0	3
0	6
0	102
0	0
0	1
0	11
0	3
0	8
53	86
0	84
2	8
0	5
0	10
0	4
2	7
0	7
0	0
0	0
1	1195
4	1065
4	1215
0	1060
0	249
18	71
0	164
36	331
0	56
0	849
1	25
1	394
0	0
0	0
0	0
0	0
0	0
92	34
19	34
6	85
6151	85
0	1
0	8
2	13
0	9
0	10
0	8
0	0
0	0
0	0
0	2
0	2
6	2
1748	282
0	182
0	94
0	32
24	62
0	36
3	1
0	1
0	0
0	0
0	0
0	0
0	0
171	984
94	981
1	345
0	323
0	17
4702	2334
0	1247
0	854
0	97
0	516
0	265
0	0
1	336
1	0
2	2
830	638
15	522
0	50
0	151
3	47
4	215
15	0
36	4
0	4
0	0
0	143
0	1
106	2010
0	0
0	2
0	0
0	0
1	0
0	10
0	8
0	9
0	7
0	2
0	0
0	56
10	56
0	30
0	0
7	2
0	1
1	3
0	3
0	0
0	0
1	0
24	0
3	0
0	0
0	0
0	0
1	0
0	0
0	0
0	0
133	27
3	22
0	1
0	1
0	0
0	3
0	86
0	84
0	55
0	48
0	55
0	34
0	36
0	0
0	0
0	16
0	0
0	0
0	0
0	0
0	2
482	60
0	48
0	12
0	0
0	0
0	0
0	0
0	0
10	266
0	0
0	0
0	0
347	176
0	23
0	7
0	7
0	24
0	42
0	0
0	31
0	132
0	69
0	0
0	0
280	2087
1	2086
0	427
0	1
387	99
0	41
0	0
0	14
0	0
18	44
0	0
0	3278
0	0
0	0
5	0
0	0
27	192
22	227
1	111
0	93
0	0
46	0
0	100
0	100
0	2
1	24
0	7
0	7
0	2
0	87
3	183
0	7
0	2
0	2
0	4
0	0
0	2
0	107
0	6
0	0
2	0
0	0
0	0
0	0
0	0
537	419
0	0
1	41
0	223
6	27
0	0
0	0
0	0
0	90
0	8
0	246
0	1
0	0
57	12
0	4
0	5
0	1
0	4
5	4
1	4
72	29
0	2
5	5
3	28
0	0
0	5
0	0
0	0
0	0
0	1
0	118
639	300
0	271
1	45
0	151
0	25
0	33
5	39
0	9
0	0
0	0
0	0
0	0
5	11
1	11
11	0
715	1379
10	1379
1	529
0	480
0	11
10	74
3	78
5	0
70	6
3	11
68	78
18	6
40	0
0	0
0	0
0	0
0	0
0	0
8	0
0	0
0	0
0	0
0	0
0	0
0	0
0	0
0	0
0	0
0	0
0	0
0	0
0	0
0	0
0	0
2	40
0	709
2	729
0	0
0	203
0	35
0	44
0	0
0	0
0	0
18	0
1	0
2	0
0	0
0	0
4	0
0	0
0	0
1	0
0	0
13	942
0	0
0	0
0	0
0	50
0	54
0	50
0	50
0	4
0	0
0	0
0	0
0	0
0	1
0	0
0	0
0	4
0	4
0	3
0	0
123	53
0	0
0	53
0	6
6	45
0	40
0	5
0	5
1	0
543	19
0	19
0	0
11	0
357	565
2	170
2	271
4	55
6	296
0	219
0	318
0	26
0	0
0	0
0	0
0	3
0	0
0	0
0	0
0	504
0	653
0	16
0	5
0	6112
0	6122
0	67
0	87
4	1709
1	1710
0	11
0	1271
0	69
0	737
0	1269
0	107
0	65
0	67
0	61
0	47
0	6230
2	9
0	1230
0	107
0	77
0	87
0	169
0	225
0	168
0	31
0	119
0	0
966	22
1	22
17	0
2	1
4	1
1	0
0	0
0	0
0	0
1	0
11	0
0	0
0	0
100	0
0	0
0	0
1	1
0	1
0	6
4	213
0	196
0	2
0	213
0	200
0	9
0	0
0	20
0	0
2	0
0	0
0	0
0	0
0	0
0	0
0	1
0	0
239	512
0	68
3	315
6	321
0	66
0	97
0	47
196	279
0	274
0	74
0	45
0	45
0	6
0	1
0	0
0	4
0	1
0	0
0	0
0	0
0	0
0	0
3	1245
6582	2392
0	1214
152	1427
0	0
0	0
0	0
0	0
0	0
0	0
0	0
0	0
0	0
0	0
0	0
0	0
0	0
0	0
0	0
0	0
0	658
2	337
0	4963
0	151
12	89
0	142
3	229
0	4869
303	7
3	42
11	3
30	52
0	41
2	45
0	11
0	26
0	1
0	0
0	1
0	1
0	0
37	2
1	0
0	29
67	29
0	0
1	7
3	6
662	181
0	91
0	129
0	0
0	0
0	0
0	0
0	0
0	0
0	0
0	0
0	0
0	0
0	0
0	121
1	249
18	292
0	79
14	38
3306	8839
3	8791
0	3377
55	104
2	91
0	65
0	0
2	0
8	15
127	0
0	0
1	426
190	1715
14	1588
0	29
3	227
0	144
81	351
0	16
1	61
0	198
36	5
21	4
12	5
0	0
0	0
0	0
0	0
0	0
0	0
15	101
1	47
0	92
0	45
0	11
0	0
0	0
0	0
734	99
5	117
4	14
0	22
0	6
0	14
0	91
0	35
0	39
0	79
0	35
0	90
0	3
0	10
0	0
0	2
0	13
0	1
0	19
0	22
0	20
0	16
96	0
2	0
187	341
0	14
1	341
54	102
65	102
26	47
0	44
0	3
0	0
0	0
1643	108
0	62
0	44
0	0
95	2
0	2
0	5
288	5
0	1
0	0
53	0
10	0
4	0
3	0
8	240
11	240
0	19
0	5
0	18
0	18
3	0
0	2
2	216
0	230
497	191
32	693
0	81
0	85
0	660
0	116
0	84
0	105
369	630
0	0
0	0
122	0
0	0
891	60
0	0
0	0
0	58
17	8
0	8
0	0
2	0
4	0
11	15
0	0
0	15
0	0
16	0
3664	676
0	676
0	0
0	0
0	0
0	0
0	0
3	590
0	0
0	42
0	9
0	42
0	11
0	0
0	396
1	10
1	590
4246	1835
1	1827
0	1203
0	279
0	0
0	0
0	0
8	120
10	120
200	404
14	399
0	0
1	22
0	17
0	1
0	0
3	0
0	0
0	0
0	0
0	0
816	809
4	806
0	797
0	430
48	4
0	4
0	120
0	113
0	867
0	878
0	105
0	111
0	122
0	39
0	0
2	0
0	19
22	0
8	1344
2	882
0	1345
0	726
0	644
0	553
0	628
0	606
0	378
0	164
0	48
11	115
0	42
1	19
0	0
0	287
26	289
0	40
0	0
0	0
559	576
0	574
0	0
59	493
1	493
0	0
4	0
0	0
0	0
180	2
94	23
0	3
0	7
0	15
0	1
0	1
0	0
6	0
0	0
0	3
0	0
1	3
0	3
0	0
1294	254
0	96
0	217
0	3
122	824
0	0
0	0
0	0
17	0
0	0
0	0
584	221
0	137
0	96
0	7
0	18
0	0
0	0
0	0
0	0
0	0
0	0
0	0
0	0
0	0
46	24
0	21
0	21
0	18
0	18
0	8
0	19
0	6
0	11
0	0
0	2
0	1
0	269
24	205
534	276
0	80
0	74
0	0
0	0
0	0
0	0
0	26
0	0
741	721
0	256
0	91
0	514
0	102
0	152
0	51
0	3
0	11
0	11
0	6
0	0
0	3
0	3
0	0
0	0
0	0
0	0
128	0
0	0
0	0
0	0
0	0
0	0
129	914
0	914
0	42
605	888
1	827
0	363
0	48
2	333
1	199
0	347
0	141
0	2
7	223
10	5
1	337
0	41
0	256
3	183
3603	762
0	762
0	0
11331	16
0	0
0	0
0	10
1	1
0	10
0	0
0	0
0	0
0	0
1	8
4	8
0	2
0	0
4	2
0	2
0	0
0	0
14	102
0	0
0	0
1	0
0	408
1	447
1	422
0	357
11	53
0	77
0	0
449	82
0	6
0	76
1	493
0	604
10	152
0	319
0	556
0	725
0	737
2	10
0	0
0	0
0	0
0	0
70	3040
21	3899
1	793
2	2771
0	2024
1	14
22	37
0	26
1	12
62	0
6	31
0	0
0	0
1	3
0	0
0	0
0	0
0	0
1	11
4	0
2	0
0	0
0	0
0	459
0	469
2	74
0	61
0	0
0	0
8	49
0	38
27	49
0	38
0	28
0	15
0	0
4	0
0	0
0	0
0	518
0	520
2	56
1	53
0	7
0	1
0	10
0	0
0	0
0	0
0	0
0	0
0	2
0	0
0	0
5	0
0	0
25	0
1149	0
810	337
9	310
0	107
0	0
1	0
0	0
4504	147
0	67
0	48
5	1
0	0
0	0
0	6
11	0
0	0
0	0
0	0
64	353
256	353
0	190
1	264
115	340
4	57
1	31
3	9
0	205
0	199
0	25
0	0
0	0
0	0
0	2
0	0
61	188
0	0
0	54
1	68
0	109
0	108
194	391
0	87
4	18
0	13
0	172
0	1
0	85
0	119
0	1
0	16
0	16
0	12
0	0
4	0
0	0
0	3
0	3
0	1
0	0
0	0
0	0
0	0
1	156
0	0
1	144
0	1
9	28
0	0
0	0
4	170
0	136
1	116
0	23
0	23
0	59
1	13
0	30
20	97
4	97
0	76
0	87
0	7
0	0
0	0
0	17
0	18
0	12
0	10
0	0
19	219
0	214
2	177
1	1
0	0
235	79
40	1723
0	72
0	1685
2	765
11	592
0	1518
1	672
0	17
4	1332
0	0
0	0
45	198
0	139
0	27
0	121
0	2
347	590
20	504
1	286
6	332
13	301
0	14
12	0
0	23
0	0
0	2
0	2
9	1
0	1
0	1
0	0
0	0
76	841
0	675
0	788
0	83
0	0
13	0
0	0
1	252
0	67
0	0
0	26
9	0
0	0
0	0
0	0
0	0
0	0
0	0
0	0
0	0
0	0
0	0
901	572
7	551
0	61
13	19
0	13
0	4
1	0
0	0
0	28
0	0
0	0
0	0
0	0
0	0
0	0
0	0
0	0
28	4
0	3
0	1
0	3
0	0
0	367
1	579
0	579
3	248
0	227
0	227
0	40
0	32
0	0
0	0
0	0
0	2
1	0
1	2
0	0
0	1
0	0
0	0
0	0
0	0
0	0
0	0
0	0
0	0
0	0
1	115
0	0
0	2
0	0
5	0
0	0
0	0
55	86
1	92
0	5
0	27
0	24
1	25
0	0
0	18
0	9
0	3
0	567
0	565
1	567
1	234
1	244
8	246
0	25
2	0
0	0
79	448
0	9
0	268
0	28
4	179
0	34
0	0
0	1
1419	304
1	141
0	193
40	813
28	754
1	523
0	394
0	134
42	57
0	605
137	567
0	227
25	16
0	16
0	0
1	7
0	3
0	0
0	0
0	3
0	7
0	0
2	6
0	6
0	0
0	5
0	3
0	6
0	1
0	0
108	3
0	0
0	0
0	2
0	158
0	1
30	333
0	253
0	9
0	290
14	15
0	15
0	2
0	0
2313	0
1	0
5	439
5	437
0	187
0	187
0	0
0	89
760	0
0	0
0	0
0	0
0	0
0	0
0	0
0	7
0	0
0	0
2	0
0	0
0	0
7	791
6	801
2	522
0	67
0	7
1	2
0	1
0	1
1	23
0	0
0	171
0	0
3	8
0	76
6	197
11	160
545	547
0	562
0	307
1	169
0	171
0	41
0	5
0	0
0	38
1	36
0	30
4	0
3	1
4	0
3	0
0	0
2	0
0	0
0	0
2	59
0	3
4	3
1	0
0	0
0	0
0	0
0	0
0	0
0	0
0	0
0	446
0	480
0	414
0	183
0	0
0	0
0	0
0	70
3	656
0	85
1	196
0	644
0	137
0	59
216	322
17	245
0	44
6	282
0	24
1	68
0	65
0	292
0	271
1	215
0	29
0	61
0	32
115	154
2	150
0	1
0	0
0	7
0	0
4	4
0	3
0	4
0	1
0	0
0	0
0	0
0	0
0	0
0	0
0	173
2473	1166
0	166
0	1
0	4
0	167
1	167
0	0
3	167
0	166
0	167
0	174
0	4
0	0
1	159
293	165
0	0
0	38
0	154
11	155
0	37
2601	486
0	419
14	160
2	49
0	17
0	2
0	1
0	1
2993	798
1	191
0	608
0	88
0	191
0	0
0	5
2	5
0	0
0	0
0	0
0	0
0	0
0	0
0	0
1	0
0	0
0	0
0	0
0	0
115	807
8	785
0	533
0	35
0	120
0	44
0	46
0	0
0	0
0	0
0	0
0	4
0	0
0	2
1	257
0	5
0	3
2	257
0	5
0	126
0	126
0	0
0	0
0	2
0	0
0	0
133	7
0	5
0	1
0	0
0	1
2	0
0	0
0	0
0	0
2	0
0	0
0	1
0	1
1	0
0	0
0	0
0	0
0	0
0	16
0	16
3	33
0	132
0	126
0	0
4	5
0	0
0	0
0	0
0	0
387	1140
0	319
0	23
0	322
0	7
0	123
0	1133
0	11
0	1
0	273
0	1
1	2
0	2
0	2
0	2
0	0
0	0
0	0
72	14991
0	14
2	14
0	0
170	46
1	6
0	12
2	6
0	0
0	0
0	0
0	3
0	31
0	0
207	331
31	330
421	136
1	44
0	31
0	35
0	0
0	22
0	8
0	33
370	33
0	7
0	14
0	0
2	70
1	68
0	2
5	0
0	0
0	1
0	1
0	1
0	0
0	0
0	0
0	0
0	0
10	52
51	52
0	0
0	0
0	0
0	0
0	0
0	0
4	21
0	21
0	15
7	0
7	45
0	45
0	0
0	0
0	0
0	0
0	0
0	0
2	0
120	488
0	488
0	0
48	0
0	0
0	0
0	0
0	0
0	0
493	287
0	278
2	91
0	0
0	0
0	0
0	0
0	0
274	1688
10	664
6	1284
60	1079
1	201
0	0
0	0
0	0
79	37
1	41
0	11
0	8
0	22
0	2
0	0
0	0
0	0
0	0
0	0
1	817
0	173
0	15
3	638
0	243
0	299
2	540
2	586
0	350
0	773
2	213
0	455
0	252
0	595
0	578
0	686
0	153
2	0
0	0
0	0
38	10
0	10
1	4
0	4
0	2
0	26
0	2
341	201
1	200
0	5
0	0
0	5
0	0
0	0
0	0
0	196
0	0
0	0
0	0
28	244
74	45
1	29
0	16
1	14
0	6
0	0
0	0
1	0
0	0
0	0
0	0
0	0
0	142
4	142
2	129
0	4
0	0
0	7
0	0
0	0
0	0
0	0
0	0
0	1
1	8
0	8
489	81
0	81
0	87
0	13
0	74
0	67
0	0
0	40
919	40
0	0
0	0
0	0
0	0
746	19
1	19
0	8
0	8
0	0
0	0
0	0
0	0
0	0
0	0
0	0
0	0
0	7
0	0
0	0
180	7
0	0
0	0
0	0
0	532
0	582
0	580
0	232
0	44
0	38
9	1330
545	1347
9	1019
0	758
0	1339
0	313
3	264
1	63
0	75
0	73
2	24
0	10
1	71
1	75
0	0
0	13
0	13
0	141
0	375
11	346
20	148
0	368
0	0
10	0
0	0
0	0
0	0
1	5
9	3641
0	387
36	3613
0	0
343	144
0	144
0	0
0	190
0	174
0	188
0	103
0	6
9	45
0	13
0	0
0	1
0	0
0	3
0	3
0	0
0	0
0	0
0	0
0	0
0	0
0	0
0	0
0	0
0	0
0	0
0	29
0	0
0	1
0	0
0	0
0	0
0	0
0	0
0	0
0	0
0	1
0	29
0	0
0	0
0	0
0	0
0	0
0	0
0	0
0	0
0	3
0	3
0	0
0	0
0	0
2	303
0	0
0	0
0	0
0	0
1	12
0	6
10	414
0	16
0	0
1	224
0	17
0	0
0	0
0	7
0	13
0	5
0	1
0	3
0	2
0	2
0	0
0	0
0	0
0	0
0	0
0	0
0	6
0	0
0	0
0	0
0	0
0	249
0	17
0	0
0	7
0	5
0	381
0	17
0	0
0	0
0	0
0	0
0	0
0	191
0	0
0	7
0	5
0	381
0	1
0	0
0	0
0	0
0	0
0	0
5	426
0	0
0	7
0	0
0	2
0	0
0	0
0	0
0	0
0	0
0	6
0	0
0	0
0	0
1	66
0	0
0	6
0	0
11	220
0	0
0	3
0	0
0	225
0	15
0	0
0	6
0	6
0	4
4	362
0	62
0	0
0	11
0	0
0	6
1	2
0	0
2	120
0	4
0	0
0	2
0	3
0	0
6	233
0	3
0	39
0	0
0	7
0	34
0	38
0	0
0	0
0	0
0	1
0	0
0	0
0	0
0	0
0	0
0	0
0	0
0	9
0	0
1	73
0	2
0	0
0	6
0	34
21	265
0	12
0	0
0	6
0	0
0	0
0	0
0	0
0	58
0	0
0	42
0	3
0	0
0	0
0	0
0	0
0	0
0	0
0	3
0	0
0	15
0	15
0	23
2	175
0	9
0	0
0	7
0	7
0	5
0	0
0	39
0	0
0	2
0	0
0	0
0	0
0	0
5	110
0	0
0	11
0	0
0	474
0	76
0	1
0	425
0	32
0	34
0	3
0	3
0	5
3	304
0	0
0	39
0	0
0	2
0	0
0	0
0	0
0	0
0	0
8	27
0	0
0	0
0	11
36	543
0	44
0	1
0	0
0	427
0	34
0	36
0	5
0	0
5	21
0	4
0	3
0	0
0	0
8	10
0	0
9	9
0	8
0	0
0	7
0	62
0	16
0	18
1	0
0	0
0	0
0	0
0	106
0	0
0	0
0	0
0	0
0	0
0	13
0	0
0	0
25	463
1	35
0	0
0	0
0	0
0	5
0	0
0	0
0	0
0	0
0	0
0	0
0	0
0	8
35	598
0	1
0	2
0	6
0	0
0	4
0	1
0	0
2	132
0	9
0	0
0	3
0	0
0	0
0	0
0	0
0	0
0	0
1	4
26	274
0	16
0	6
0	0
0	12
0	0
2	48
0	0
0	10
0	0
0	181
0	182
0	9
0	7
0	0
4	500
0	14
0	2
0	0
11	25
0	0
0	2
0	0
0	0
0	19
0	0
0	0
54	117
0	0
0	0
0	1
0	0
0	0
0	0
0	0
0	0
0	0
0	0
0	1
0	195
0	23
0	0
23	428
0	2
0	3
0	1
0	0
0	23
0	0
0	0
0	0
0	0
0	0
0	0
0	0
0	0
0	0
0	0
155	0
0	0
0	0
0	0
0	0
119	1324
1	1246
0	699
766	206
0	194
14	630
23	630
0	15
1	171
0	632
0	13
2370	1508
28	865
0	559
0	0
1	16
0	216
0	399
15	832
24	832
0	1
0	1
0	0
0	0
0	0
0	0
0	0
0	0
63	6550
284	6550
25	3270
79	226
2	0
0	0
0	0
0	0
55	67
1	67
0	0
0	0
0	0
0	0
0	0
4	20
0	0
0	0
0	0
0	0
14	248
21	264
3	264
0	114
0	72
0	67
0	62
0	0
0	21
0	0
0	0
0	0
0	0
0	0
0	0
0	0
0	0
0	0
0	0
0	0
0	0
0	0
0	0
51	1398
0	0
0	0
0	0
0	0
0	0
0	0
581	491
0	482
0	21
0	0
0	0
0	0
0	0
0	0
0	1
0	0
0	23
0	54
0	368
0	18
0	11
0	309
0	297
0	300
1	29
0	36
0	11
2	78
0	76
0	0
0	116
4	299
0	174
1	6
0	0
0	9
0	107
0	17
0	55
0	215
0	6
0	0
3	546
0	600
1	336
2	2807
38	2842
0	2842
1	2787
3	2763
3	626
0	64
1	45
0	0
0	372
0	0
0	0
4	494
1	0
0	8
0	0
0	0
0	0
0	2
0	0
0	0
0	0
0	0
0	0
0	0
59	5217
0	91
0	691
1	936
0	0
3	4887
2	340
0	677
0	945
3	5490
12	0
0	0
0	0
0	0
0	0
0	0
0	2
0	2
0	0
11	949
1	917
0	818
0	244
0	790
0	732
0	186
19	409
1	262
0	292
22	261
6	18
0	271
0	47
0	44
0	43
126	52
0	1
0	1
0	4
0	2
0	12
0	11
547	1092
0	379
0	399
2	339
2	200
0	324
0	0
0	0
0	0
0	0
0	0
0	0
0	0
0	0
0	0
0	0
0	0
0	0
0	0
4	0
0	0
2	68
0	52
0	13
4	10
2	68
0	15
0	11
1	0
0	0
0	0
0	0
0	0
0	0
2	39
0	0
0	0
0	0
0	206
0	24
0	22
0	1
0	29
0	37
0	37
0	37
0	29
0	32
0	38
0	38
0	29
0	205
0	37
0	28
0	36
0	28
0	37
0	28
0	0
0	1
0	1
0	0
0	0
11	2
0	2
0	2
0	2
1	2
0	0
0	0
0	0
0	0
0	0
0	0
0	0
0	0
1	0
0	0
0	0
0	0
0	0
0	0
0	0
0	0
0	442
46	442
14	442
2	5
4	4
0	5
0	0
0	0
0	0
0	0
0	0
0	0
0	0
0	0
1	0
0	0
0	0
0	0
0	0
0	0
1	162
1	162
5	54
0	14
5	0
61	330
0	19
0	63
0	330
1	41
0	55
0	14
16	0
11	0
0	0
0	0
0	0
491	115
0	3
0	11
0	16
0	82
0	0
0	10
0	3
156	226
1	213
0	55
0	29
5	1
0	30
0	1
0	0
0	0
1	33
0	0
0	0
0	2
2	3
0	1
0	55
1	304
0	0
0	0
0	0
0	0
0	15
313	296
0	0
0	0
0	0
0	0
0	0
1933	248
1	88
1	27
0	157
0	0
3513	6978
37	6765
55	6983
0	4695
10	6435
0	1661
865	852
0	164
0	74
0	4
1	832
0	0
0	59
2365	956
0	779
0	261
0	3
0	200
0	0
1	19
0	0
3	1838
17	2609
4	897
0	866
0	60
24	291
0	142
51	520
5	456
1	224
2	228
2	210
0	243
0	0
0	0
0	56
0	0
0	0
0	0
0	0
0	0
0	0
0	0
0	0
0	0
0	0
0	0
0	0
0	0
0	0
1	9
0	0
0	0
0	0
0	0
0	0
0	0
0	0
0	0
0	0
0	0
0	5
25	277
0	25
1	3
0	0
0	0
0	0
0	0
0	0
0	0
0	0
0	0
2	84
0	53
1	72
0	11
1847	50
1	13
0	0
0	0
3729	466
0	242
11	462
2	196
0	234
0	143
0	0
302	4
0	4
33	1
0	1
0	0
0	0
0	0
0	0
0	0
0	0
0	97
0	179
2	26
0	185
0	12
0	24
0	120
2	89
0	8
0	3
0	87
7	10
0	22
0	10
0	36
0	26
828	296
2	215
2	185
0	52
45	166
0	120
0	42
0	338
0	335
0	424
1	242
94	241
0	317
1	78
0	151
98	186
0	12
0	65
0	43
0	0
0	35
0	15
451	694
7	395
3	359
3	171
276	693
77	693
0	9
0	11
0	11
0	0
0	7
0	0
0	2
0	2611
124	2635
0	2507
0	318
1	27
0	923
2	35
0	25
0	4
0	135
0	82
4	0
131	10123
263	9852
1	9338
0	33
188	2558
0	9
0	0
0	84
0	56
2	2
1	6
0	6
0	15
0	908
1	903
0	7
0	1
1	7
2	7
16	20
0	49
0	83
76	0
7	1
0	1
0	0
0	0
0	13
0	13
0	11
19	1751
0	49
0	20
0	13
0	36
16	1688
0	78
0	47
0	14
2	77
29	0
2	120
0	164
0	0
1	62
0	84
0	22
82	297
6	297
0	0
5	0
378	828
34	626
0	220
0	12
2	456
3	1630
4	1603
4	1563
0	26
0	50
0	310
0	4
3	1143
0	40
0	1044
1	67
9	692
0	594
8	430
15	312
0	312
0	303
0	106
0	197
0	13
0	1
17	6719
21	6817
2	6748
3	513
92	1906
0	465
8	682
6	354
62	396
5	148
3	978
1	736
0	79
0	424
2	217
1	144
0	56
3	0
59	19
0	19
0	0
0	46
433	54
0	8
330	196
0	180
0	64
0	27
5	14
0	13
5	27
0	21
28	1903
11	0
0	78
3	603
0	0
0	421
0	176
99	1798
0	0
2	0
0	0
0	0
0	0
0	0
0	2
0	0
2	341
0	357
0	381
0	14
0	20
0	380
0	13
0	19
0	17
1	237
2	16
0	0
11	0
0	0
0	1
0	1
0	1
0	1
0	1
0	1
0	1
0	1
0	1
0	1
0	0
0	0
0	0
0	0
0	0
0	0
0	0
2	99
5	99
1397	111
0	11
0	0
0	2805
1343	5631
36	2558
0	3556
4	275
0	3550
0	314
2	1293
0	709
7	1481
39	404
9	320
0	141
0	279
2	1
8	1
0	0
0	0
243	0
1	0
9	10
0	2
0	8
0	9
0	0
0	0
0	2
0	0
0	0
0	0
1	13
0	8
0	0
0	0
0	0
0	150
0	137
907	260
0	211
0	228
0	234
1	187
3	163
0	172
0	164
0	181
0	152
0	164
0	172
0	157
0	155
0	143
0	173
0	162
0	164
0	164
0	165
0	171
0	150
0	137
0	163
0	142
0	156
0	156
0	162
0	0
0	46
0	62
0	62
0	41
0	0
2	9
0	14
0	0
0	0
0	2
0	3
0	0
0	0
0	0
1	66
0	0
0	0
0	0
0	229
1	460
0	491
3	490
0	57
0	21
0	22
1	0
0	11
0	0
0	0
0	0
0	3
0	0
0	0
0	3
0	0
0	3
0	0
0	0
0	0
0	0
0	0
0	0
0	0
0	0
0	0
35	347
0	346
0	25
0	31
1	9
0	5555
28	8168
706	9697
2	5037
115	8133
31	8128
139	8112
112	8089
27	7120
8	14
7	4801
1	685
0	0
0	0
0	0
0	0
0	0
1	0
0	0
0	0
0	0
0	0
0	0
1	0
0	0
0	0
12	0
0	0
9	0
36	0
18	0
0	0
29	0
0	2
1140	905
3	898
0	60
5	0
0	0
0	0
0	0
1	2
11	30
1	35
14	723
165	723
2	16
0	0
0	0
135	3582
0	3582
0	0
0	0
23	1300
0	405
0	627
0	1178
0	0
0	57
0	23
0	23
19	606
0	405
0	169
0	16
0	0
0	0
0	0
0	0
0	0
0	0
0	2
0	2
0	1
0	1
0	10
0	325
0	57
0	16
0	532
0	398
0	16
0	0
0	0
0	0
0	0
0	0
0	0
0	2
0	2
0	1
0	1
0	11
0	274
0	57
1	23
0	23
0	14
0	606
0	405
0	169
0	16
0	0
0	0
0	0
0	0
0	2
0	2
2	1
0	1
0	11
0	0
0	0
0	0
0	0
0	0
0	0
0	0
0	0
0	0
0	0
2	832
0	772
2	730
0	800
1	719
3	718
2	294
0	110
0	51
0	29
0	19
0	12
0	1
0	2
0	10
0	10
0	0
0	0
0	0
0	2
0	261
0	197
0	252
99	189
198	292
1	26
0	0
413	3194
0	3169
0	123
0	2598
0	2783
0	3
0	44
353	0
0	0
2	0
1	0
0	0
0	2
0	2
0	2
0	2
0	0
0	0
0	1
953	23
0	0
0	1
0	22
1	4
0	7
0	0
0	0
63	15
0	0
0	15
0	7
0	8
0	625
0	39
0	974
0	0
30	974
4	3
0	0
32	165
1	0
4	0
0	165
19	29
0	1
0	29
0	0
0	0
0	8
13	2123
15	2108
2	49
2	92
0	39
0	303
0	0
0	71
0	14
1	0
0	79
5	79
0	2076
19	37
0	1715
0	0
0	39
96	327
0	2
2	0
0	0
0	84
0	325
0	0
0	0
0	0
0	0
0	0
0	0
388	334
0	145
0	35
0	0
0	0
0	0
0	0
2	191
0	165
0	2
0	0
0	46
0	2
0	0
0	0
0	87
0	0
0	0
0	4
0	0
0	0
0	0
0	0
1	0
0	0
0	0
0	0
2	0
1111	3083
0	2485
0	1260
57	1398
0	13
0	149
1	1356
0	136
0	321
0	0
0	50
0	147
113	90
0	29
0	28
0	29
5	28
0	23
0	2
71	45
0	0
0	45
0	0
0	259
0	327
1	178
0	305
0	286
0	213
0	219
0	169
0	182
2	6
0	0
2	115
0	109
0	8
0	3
0	9
0	0
0	21
0	0
0	2
0	0
0	0
0	0
0	0
0	0
0	0
0	10
0	202
283	210
0	9
2	30
0	28
0	59
0	59
0	59
0	59
0	72
0	59
0	59
0	67
0	54
0	44
0	15
1	53
15	0
177	6437
3	492
0	216
7	4736
0	5985
6	5007
0	4402
0	598
0	0
0	2337
0	2170
0	2073
0	1865
0	1697
2	840
0	1065
0	1232
0	1069
0	171
0	145
0	356
0	92
0	0
0	390
0	18
0	62
0	62
0	330
3	373
0	37
0	173
2	94
330	215
0	215
0	181
0	0
0	1
0	0
20	641
0	641
1	48
0	195
0	6
1	138
48	0
0	4
0	5
0	5
0	4
0	2
30	1678
2	1570
3	979
36	246
5	129
0	0
0	0
0	0
0	0
0	367
8	364
12	169
0	171
0	51
0	2
0	55
0	145
0	4051
27	2962
0	3951
0	4046
6	2104
0	367
0	1323
3	185
2	0
0	198
9	55
1	190
0	138
0	7
1	11
1	107
1	74
0	146
6	167
0	18
0	51
2	40
0	20
0	19
0	0
0	14
0	0
0	0
0	22
0	23
0	0
1	8
0	12
0	15
0	232
357	234
0	1
1	24
0	122
0	1
0	2
0	105
0	80
0	119
0	120
2	113
0	109
0	238
0	234
0	29
0	0
0	2
0	3
76	178
8	219
6	83
11	147
3	222
0	196
0	75
0	221
0	214
2	103
0	18
0	80
0	110
57	195
0	5
0	166
0	86
0	4
0	16
0	4
0	0
0	22
2	26
0	8467
0	8821
14	427
2	2387
1	703
9	276
0	300
3	466
0	329
4	319
1	183
1	1
397	1496
0	22
0	458
0	1080
5	761
0	143
0	402
9	148
11	86
0	177
0	25
50	44
0	44
0	32
88	0
0	104
1	121
1	104
2	76
5	84
0	0
4	33
109	4388
1	40
0	209
0	4203
0	324
1	414
0	385
1	478
63	134
3	134
35	0
15	0
0	0
0	0
11	373
0	373
0	333
10	754
0	32
0	1559
0	1725
0	83
0	0
2	134
172	169
0	117
0	98
5	139
0	2
0	0
0	20
1	5
0	65
428	48
0	8
0	12
0	28
0	0
7	46
3	46
0	0
0	103
0	0
0	0
0	0
1	151
2	156
0	26
0	12
0	97
0	107
0	109
0	129
5	33
0	9
0	36
0	15
0	0
1	86
394	86
0	655
4	655
0	169
0	19
0	8
0	14
0	8
0	12
0	2
7	0
2	0
0	0
0	0
0	0
0	0
1	0
0	0
15	19
0	19
0	0
1	425
13	1134
2	1067
28	222
0	185
13	198
0	113
0	3
0	55
35	380
0	37
3	91
1	304
0	76
0	64
1	84
1	8
0	124
0	17
0	3
0	0
0	0
0	0
11	1727
0	0
1	186
0	118
0	1660
1	1673
0	17
0	33
0	21
0	25
0	10
1	7
0	24
245	2498
4	1308
0	1147
0	994
0	892
0	717
0	0
1	400
0	348
0	57
0	115
0	226
0	8
0	189
0	186
0	4
0	6
0	0
0	22
0	1
0	10
0	0
18	2
0	0
0	2
0	2485
535	2491
1	91
11	0
88	27
0	27
0	20
0	15
0	7
0	0
0	0
0	7
195	0
1	0
0	0
89	34
0	13
0	0
0	2
0	0
0	20
0	0
0	1
8	6
0	6
0	1
0	1
1	0
0	0
0	0
0	0
8	2
0	1
0	1
0	0
0	0
0	0
0	0
192	0
0	0
2	33
0	33
3	0
0	0
0	0
0	0
0	0
0	0
0	0
0	0
0	0
0	0
0	0
5	2
41	332
0	0
7	17
0	281
1	256
0	25
1	13
0	0
2	0
853	543
0	464
0	254
0	179
0	39
0	96
0	39
3	11
0	102
0	44
0	35
0	94
0	1
0	0
9	13
0	4
1	9
16	4
0	0
0	0
0	0
0	0
0	0
0	0
367	2
2	0
9	0
135	4
0	0
0	0
0	0
0	0
0	0
0	0
0	0
0	0
0	0
0	0
0	0
0	0
0	0
0	0
0	0
0	0
0	0
2	0
18	2222
0	0
96	2
0	0
0	2
0	0
0	0
0	0
3	0
14	0
16	18
0	4
0	0
0	0
0	14
0	5
0	5
0	0
0	0
0	0
5276	1554
0	74
0	1121
0	460
0	820
0	8
0	0
406	0
60	2
0	2
496	90
0	89
0	11
0	1
0	0
0	0
0	0
0	59
0	52
0	24
0	12
0	13
0	23
0	30
0	0
0	16
0	4
0	0
17	12
0	0
0	0
63	0
292	172
0	114
0	143
0	137
0	0
0	96
0	12
0	3
1	3
64	0
2043	296
0	0
0	0
0	24
0	0
0	0
3	260
0	0
0	0
0	0
0	0
0	0
0	0
0	0
0	0
0	0
0	0
0	0
0	0
0	0
0	0
0	744
0	743
0	61
0	81
3	43
0	49
0	33
0	5
0	5
0	28
0	0
0	0
0	0
0	0
0	0
0	0
0	0
1	0
0	0
0	0
3247	8
0	15
0	15
389	9806
95	9517
51	1982
91	1267
0	0
0	0
0	0
0	0
0	0
0	0
0	0
0	0
0	0
0	0
342	203
3	202
0	211
0	0
0	0
0	0
2	73
0	0
0	0
0	0
1	15
0	0
0	0
0	0
0	0
0	0
0	0
0	0
0	0
0	0
0	0
1	0
2	0
9	1211
0	1211
0	141
164	4215
215	4243
27	1633
0	1459
0	1081
12	1079
0	189
1	458
6	345
0	49
12	0
9	20
0	0
0	0
0	0
0	5
0	0
0	5
0	0
0	0
0	0
0	0
0	0
0	0
0	0
0	0
0	0
0	0
1	0
0	0
0	0
0	0
0	0
0	0
0	1
0	0
0	0
0	0
0	0
0	0
0	0
0	0
0	3
0	0
0	0
0	0
0	0
0	0
0	0
0	0
0	0
0	0
0	0
0	0
0	0
0	3
0	4
0	4
0	0
0	0
0	0
0	0
0	0
0	0
0	0
0	0
0	0
0	0
0	1
0	0
0	0
0	0
0	0
0	0
0	0
0	0
0	0
0	0
0	0
0	0
0	0
0	2
0	0
0	0
0	0
0	0
0	0
0	0
0	0
0	0
0	1
0	0
0	0
0	0
0	0
0	0
0	0
0	0
0	0
0	0
0	2
0	0
0	0
0	0
0	0
0	0
0	0
0	0
0	0
0	0
0	0
0	0
0	0
0	0
0	0
0	0
0	0
0	0
0	0
0	4
0	2
0	0
0	0
6	1
0	8
0	0
0	0
0	0
0	2
0	2
0	0
1	0
0	0
0	0
0	0
0	0
0	0
0	0
3	0
0	6
0	0
0	4
0	6
0	0
0	0
0	0
0	0
3	0
0	0
0	0
0	0
0	0
0	0
0	0
0	0
0	0
0	0
0	0
0	0
0	0
2	0
0	0
0	0
0	32
0	0
0	0
2	579
0	0
0	0
0	0
0	0
0	0
0	0
0	0
0	0
0	0
0	0
0	0
0	0
0	0
0	0
0	0
0	0
0	0
1	15
0	0
0	0
0	0
0	0
0	0
0	0
0	0
0	0
0	0
0	0
0	0
0	1
0	0
0	0
0	0
0	0
0	0
0	0
0	0
0	0
0	0
0	0
0	0
0	0
0	0
0	0
0	0
0	0
0	0
0	0
0	0
0	0
3	0
0	0
0	0
0	0
0	0
0	0
0	0
0	0
0	0
0	0
0	0
0	0
0	0
0	0
0	0
0	0
0	0
0	45
0	0
0	0
0	0
0	0
0	0
0	0
0	0
0	0
0	0
0	0
0	0
0	0
0	0
0	0
0	0
1	0
0	0
0	0
0	0
0	0
0	0
1	2
0	2
0	2
0	0
0	0
2	0
0	0
0	0
0	25
0	0
0	0
0	0
0	0
0	0
0	0
0	0
0	0
1	0
0	0
0	0
0	0
0	0
0	0
0	0
0	0
0	0
0	0
0	0
0	0
0	0
0	0
25	0
0	0
3	0
0	0
0	0
0	0
0	0
0	0
0	0
0	0
0	0
0	0
0	0
0	0
0	0
0	0
0	0
0	0
0	0
0	0
0	0
0	0
0	0
0	0
0	0
0	2
0	2
15	4
0	4
0	0
0	0
0	0
0	0
0	0
103	1305
13	1237
3	1218
1	41
1	123
0	167
0	0
0	38
83	210
0	210
0	0
0	16
0	18
22	35
2	28
0	12
905	47
2	10
0	12
0	35
3	0
611	87
0	65
0	16
0	5
0	6
0	0
602	310
0	14
2	120
2	153
0	88
0	153
0	133
0	33
0	61
0	146
11	216
0	211
0	0
0	18
0	14
0	3
0	14
0	3
0	6
194	121
0	102
0	50
0	58
0	27
0	27
0	24
0	1
0	6
0	5
0	0
0	0
0	0
1219	167
1	0
0	92
12	85
0	18
0	0
0	0
3	10
0	0
0	0
0	0
0	0
0	0
1	0
0	0
2	2
2	0
0	2
0	729
4	722
0	686
0	613
0	500
0	529
1	74
0	263
0	2
0	0
3	22
0	18
0	28
0	0
0	0
3	0
3	0
1	191
0	7
0	0
0	0
0	0
0	0
0	0
0	4
0	0
338	17329
17	27006
0	0
0	0
0	0
15	61
0	59
0	1
0	1
0	2
0	2
0	0
0	0
0	0
0	0
0	0
0	0
0	0
0	0
0	0
0	0
0	0
0	0
0	0
0	0
0	0
0	0
0	0
0	0
0	0
0	9
0	5
0	5
3	7
1354	1128
0	1043
55	666
1	0
0	0
1	2576
1	2563
1	101
0	81
2	15
0	20
0	9
2	0
0	1
0	1
179	374
15	75
0	311
1	200
16	119
0	0
1	6
1	2
9	8
3	174
0	105
0	171
0	1
1	0
320	172
0	0
0	0
0	0
0	53
0	0
0	0
0	65
0	4
2	4
0	0
0	0
0	0
27	0
0	0
0	0
0	0
0	0
0	0
0	39
0	33
0	11
0	0
0	15
0	0
0	0
0	0
0	0
297	0
0	0
0	0
0	2
29	1471
0	49
0	0
12	1469
2	4
0	0
4	10
3	51
12	51
0	0
0	2
0	51
0	2
0	1
0	1
0	1
0	0
0	0
0	0
0	0
0	0
0	0
0	0
0	27
2	886
1	907
0	43
5	11
0	1
16	901
0	907
0	896
0	4
0	4
2	28
0	0
0	0
0	901
0	4
3	563
0	563
0	0
0	0
0	7
0	0
17	287
1	299
2	18
7	311
0	286
0	235
0	180
0	206
0	197
0	238
0	208
0	200
0	192
0	241
0	252
0	203
0	215
0	206
0	217
0	230
0	238
0	4
0	8
0	15
0	4
2	121
0	0
0	0
0	0
0	0
0	0
0	0
0	0
0	0
0	0
0	0
0	0
0	0
0	0
4	0
0	0
0	0
7	177
343	455
6	431
0	6
0	5
0	4
0	0
0	0
3	62
0	221
0	0
0	0
0	0
0	0
0	0
0	0
2	181
0	38
0	68
0	45
7	0
0	27
68	71
0	26
0	36
2	0
0	8
0	0
0	0
0	0
0	0
0	0
0	0
0	0
0	0
0	0
0	0
0	0
0	0
0	0
0	0
0	0
0	0
0	0
1	171
0	169
0	151
0	114
0	109
0	19
1	51
0	18
0	17
0	9
1	2
0	0
0	0
0	0
0	0
0	0
0	0
0	0
0	0
3	153
0	0
0	0
0	0
0	0
0	0
0	0
0	0
0	1
0	0
0	0
0	0
0	0
0	1
0	0
374	170
0	169
0	35
0	0
0	6
3	0
0	10
0	19
1	66
130	185
2	45
0	113
0	102
0	8
5	63
0	6
0	0
1	0
0	0
21	932
4	930
0	27
0	402
0	101
0	0
0	0
0	0
3	0
0	0
0	0
0	0
0	0
0	62
0	363
4	419
0	0
1	32
37	194
4	130
0	0
0	0
135	873
1	873
0	0
0	0
2	0
0	0
0	0
0	0
0	0
0	0
0	0
2	0
0	0
0	0
0	0
0	0
0	0
0	0
0	0
0	0
0	0
0	0
0	0
0	0
0	0
0	0
0	0
0	0
0	0
0	0
0	0
0	0
0	0
0	0
0	0
0	0
0	0
0	0
0	0
0	0
0	0
0	0
0	0
0	0
0	0
0	0
0	0
0	0
0	0
0	0
0	0
0	0
0	0
0	0
0	0
0	0
0	0
0	0
0	0
0	0
0	0
0	0
0	0
0	0
0	0
0	0
0	0
0	0
0	0
0	0
0	0
0	0
0	0
0	0
0	0
0	0
0	0
0	0
0	0
0	0
0	0
0	0
0	0
0	0
0	0
0	0
0	0
0	0
0	0
0	0
0	1
0	0
0	0
0	0
0	0
0	0
0	0
0	0
0	0
0	0
557	562
0	100
1	1
0	157
2	306
23	334
1	251
0	0
11	0
1	1
37	5
9	126
0	15
0	2
0	122
0	46
0	1
0	3
0	5
19	63
0	4
0	59
1	6
0	7
0	2
0	0
0	2
0	10
12	19
0	10
0	11
0	22
6	13
11	3
170	82
0	60
4	22
0	15
7	512
24	592
0	474
0	510
0	453
0	231
1	196
0	216
0	0
294	1270
10	512
68	662
7	939
36	2535
0	1976
0	1931
4	2477
6	1497
5	216
1	452
0	528
0	86
0	227
0	256
7	190
152	623
0	623
0	391
0	88
0	54
0	0
14	79
0	7
3	0
0	0
0	4
0	4
0	0
0	0
0	0
0	0
0	1
0	1
85	495
0	14
0	12
0	493
0	0
3	5
0	0
0	5
0	4
0	0
17	0
0	0
0	0
0	0
0	0
0	0
0	0
0	0
0	0
0	0
0	0
0	0
0	0
0	0
0	0
0	0
0	0
0	0
0	0
0	0
0	0
0	0
0	0
0	0
0	0
0	0
0	0
0	0
0	0
0	0
0	0
0	0
0	0
0	0
0	0
0	0
0	0
0	0
0	0
0	0
0	0
0	0
0	0
0	0
0	0
0	0
0	0
0	0
0	0
0	0
0	0
0	0
0	0
0	0
0	0
0	0
0	0
0	0
0	0
0	0
0	0
0	0
0	186
8	147
0	49
0	157
0	142
2	144
0	73
0	26
2	142
0	65
0	162
3	20
0	11
0	6
0	63
0	6
0	3
0	3
119	34492
82	35376
0	5128
444	10226
0	3190
97	6593
2	4628
0	2044
0	2169
4	1140
1	735
0	358
17	65
0	0
0	0
5	0
0	0
0	0
1	325
0	382
0	86
6	348
2	310
0	365
0	356
1	0
0	17
0	355
0	95
0	3
0	0
0	6
0	9
0	38
0	1
0	102
0	64
0	1
0	66
0	13
0	17
0	10
2	6
0	5
3	1051
1	1033
10	1052
0	1056
0	195
1	148
3	100
0	83
5	60
0	44
0	2
0	1
0	0
3	0
4	2
0	0
0	2
0	0
2	0
0	0
0	0
0	0
0	0
0	0
0	0
1	0
0	0
6	6196
3	5687
0	6282
0	5753
0	4588
117	4361
30	3246
10	3274
3	643
0	844
0	269
5	79
0	56
0	33
0	20
0	0
0	13
0	33
0	16
0	0
0	0
0	0
0	0
0	33
0	0
0	0
0	0
0	16
0	0
0	16
0	4
0	16
594	8
1	8
0	0
0	742
3	742
0	392
0	397
0	41
0	89
7	333
0	0
0	161
0	8
0	43
0	0
0	5
0	5
0	5
0	4
1	0
0	0
2	0
20	1116
1	591
0	937
0	1041
0	73
0	50
0	92
0	24
0	0
1293	670
6	602
0	0
0	161
1	36
10	417
0	198
1	83
0	59
0	28
5	292
0	22
0	118
0	47
2	121
0	133
0	38
0	88
0	24
0	29
47	2808
11	2808
0	0
0	0
0	0
8	36
0	0
0	0
0	0
0	0
0	0
0	0
0	0
0	0
0	0
0	0
0	0
0	0
0	0
0	0
0	0
0	0
0	0
0	0
0	0
0	1
0	0
0	0
0	0
0	1
0	0
0	1
0	0
0	0
0	0
0	0
0	0
0	0
0	0
0	0
0	0
0	0
0	0
0	0
0	0
0	0
0	0
0	0
0	0
0	0
0	0
0	0
0	0
0	0
0	0
0	0
0	0
0	0
0	0
0	0
0	0
0	0
0	0
4	292
0	88
0	0
0	0
0	0
0	0
0	0
0	0
0	254
0	0
0	0
0	0
0	0
0	0
0	0
0	0
0	0
0	0
0	0
0	0
0	0
0	0
0	0
0	3
0	0
0	0
0	0
0	0
0	0
0	0
0	0
0	0
0	0
0	0
0	0
0	0
0	0
0	0
0	0
0	0
0	0
0	0
0	0
0	0
0	0
0	0
0	0
0	0
0	0
0	0
0	0
0	0
0	88
0	0
0	0
0	0
0	0
0	0
0	0
0	254
0	0
0	0
0	0
0	0
0	0
0	0
0	0
0	0
0	0
0	0
0	0
0	0
0	0
0	0
0	4
0	0
0	0
0	0
0	0
0	0
0	0
0	0
0	0
0	0
0	0
0	0
0	0
0	0
0	0
0	0
0	0
0	0
0	0
0	0
0	0
0	0
0	0
1	5
0	0
0	0
0	0
0	0
0	0
0	0
0	0
0	0
0	0
0	0
0	0
0	0
0	0
0	0
0	0
1	0
0	0
0	0
0	0
0	0
0	0
0	0
0	0
0	0
0	0
1	1
0	1
0	1
0	0
0	0
0	0
0	0
0	0
0	0
0	0
0	0
0	0
0	0
0	0
0	0
0	0
0	0
0	0
0	0
0	0
0	0
0	0
0	0
0	0
0	0
0	0
0	0
0	0
0	0
0	0
0	0
0	0
0	0
0	0
0	0
0	0
0	0
0	0
0	0
0	0
0	0
0	0
0	0
0	0
0	0
6	0
0	0
0	0
0	0
0	0
0	0
0	0
0	0
0	0
0	0
0	0
0	0
0	0
0	0
0	0
0	0
0	0
0	0
0	0
0	0
0	0
0	0
0	0
0	0
0	0
0	0
0	0
0	0
0	0
0	0
0	0
0	0
0	0
0	0
0	0
0	0
0	0
0	0
0	0
0	0
0	0
0	0
0	0
0	0
0	0
0	0
0	0
0	0
0	0
0	0
0	0
0	0
0	0
0	0
0	0
0	0
0	0
0	0
0	0
0	0
0	0
0	0
0	0
0	0
0	0
0	0
0	15
32	17
1294	1690
16	1690
22	3647
0	830
0	3944
4	3944
2	545
0	321
17	611
0	447
0	223
0	0
0	0
7	0
0	0
0	0
0	0
0	0
4	28
4	261
1016	820
0	293
0	401
5	77
0	77
0	77
0	77
0	15
0	6
1	13
0	7
0	3
0	3
0	0
0	0
276	635
1	12
5	13
0	49
22	589
18	385
0	79
205	212
0	10
1	182
0	5
1	1
0	0
0	101
0	0
0	0
12	0
1253	304
0	21
0	285
0	248
290	106
4	29
0	85
0	37
1123	637
0	235
29	434
4	222
0	161
0	57
0	33
81	48
0	0
0	1
0	44
0	12
0	3
2	3
10	30
0	30
0	0
206	44
1	43
0	1
913	3303
41	1971
0	18
7	0
40	0
274	39
0	39
0	0
0	1284
4	1191
1	1246
0	1698
1	1286
0	1626
4	1290
0	778
1	1168
0	214
0	0
1	95
0	174
1	216
0	62
11	202
0	84
2	71
0	10
0	0
1	23
1	25
1	51
0	15
0	103
0	104
1	43
0	25
247	418
0	20
4	211
0	301
1	0
0	0
0	0
1776	306
9	296
0	0
0	0
0	0
0	0
0	0
0	0
0	0
0	0
0	0
11	346
13	344
1	46
0	4
0	0
0	87
0	95
0	113
130	4581
0	21
0	1301
0	146
2	4401
20	132
0	430
2	1141
10	1343
0	877
0	954
4	661
0	658
0	884
0	13
199	12340
0	23607
0	23603
4	21969
0	15966
0	15704
0	21695
215	25247
0	16357
0	25770
0	13589
1	3680
22	303
16	286
1	69
13	0
1056	1470
0	780
4	1212
0	0
0	190
0	190
0	76
0	47
0	0
0	0
0	0
0	0
0	0
6	0
35	399
0	399
0	118
0	0
0	0
0	0
2	0
0	5
0	0
0	0
0	0
0	0
574	124
0	45
0	0
0	79
2	4
0	4
3	18
2	72
17	67
0	185
0	977
387	60
0	56
3	4
0	0
361	976
0	6
0	1
0	6
0	7
0	8
0	7
0	4
0	0
0	0
0	1
0	1
1798	7930
7	7077
10	297
41	2256
0	0
0	0
0	0
3	1
0	1
0	0
0	0
0	0
0	0
1	213
35	402
0	78
0	177
1	155
0	78
0	98
4	35
0	219
0	357
0	372
0	390
0	363
0	374
0	13
0	21
0	24
1	269
0	275
1	11
1	14
23	4883
184	5273
14	3902
4	758
3	4790
13	5217
25	4711
0	31
0	31
0	31
0	31
1	9
0	2
0	1
1	0
0	0
0	860
24	860
1	680
0	32
0	720
0	661
3	5
0	428
1	44
0	560
0	41
1	43
2	60
7	0
0	0
24	2827
0	29
0	9
11	180
6	2833
2	720
1	7
0	2551
11	34
0	368
0	2838
32	2919
0	2971
0	2666
0	2263
0	2416
0	34
0	500
1	0
1	0
32	1100
42	1598
0	497
0	214
0	901
0	77
0	206
4	489
2	586
2	632
0	691
0	73
1	222
13	113
6	267
430	501
14	242
58	925
0	738
0	263
0	280
0	366
2	422
7	240
2	303
0	214
0	19
14	591
0	275
0	484
0	10
1	446
0	32
0	46
2	94
4	93
0	7
0	93
1	65
0	10
0	11
0	0
0	0
0	0
0	0
38	2023
0	1847
1	151
0	151
0	150
0	150
0	1925
0	185
0	404
0	314
0	1290
0	53
0	89
0	97
6	910
3	916
0	909
0	910
0	763
0	1014
0	566
0	36
2	475
3	109
0	248
1	134
0	94
33	0
0	0
0	0
0	0
0	0
0	0
0	0
0	0
0	0
103	849
26	897
1	66
992	3881
0	1581
1	2266
6	1705
0	1418
1	44
192	169
0	10
1	23
0	98
0	16
8	250
0	42
8	150
0	335
1	374
3	115
2	73
6	84
9	38
0	0
0	0
0	2
0	2
0	2
0	0
0	0
0	0
10	1238
0	1219
0	1180
0	1114
0	1056
1	747
31	940
0	52
7	110
2	20
2	745
18	2274
446	2274
0	428
319	73
0	73
174	71
0	71
0	2
4	2
2	0
0	46
0	46
0	40
0	3
0	0
0	0
0	8
0	2
0	8
0	8
0	1
0	2
0	0
0	0
0	0
0	0
0	37
2	42
0	29
0	1
0	2
0	3
0	8
0	13
0	11
0	6
0	1
35	265
0	265
7	7
0	7
2	283
0	249
50	265
6	429
662	1754
3	1505
6	1057
0	786
1	876
10	345
7	1184
72	697
5	675
1	456
1	291
0	150
1	428
45	54
4	448
0	26
0	0
0	1
0	1
4	0
0	0
0	0
0	0
0	0
0	0
0	40
0	0
0	0
0	0
1	0
0	0
0	0
0	0
0	0
0	0
0	0
0	0
0	0
0	0
0	0
0	0
0	0
0	0
0	0
0	0
0	0
0	0
0	0
0	0
0	0
5	0
0	0
0	0
0	1
0	0
0	0
0	0
0	1
1	0
0	0
0	9
0	9
0	0
0	1
0	0
0	0
75	46
0	0
0	0
0	0
0	46
3	1
0	0
1	1
274	228
0	8
0	27
0	193
2	121
6	1
0	1
418	446
0	444
0	11
0	116
0	0
1	240
0	240
0	240
0	107
0	22
76	0
0	0
0	0
0	0
0	0
26	117
0	12
270	284
0	246
0	4
1	11
0	46
0	6
0	0
3	0
0	0
452	0
11	0
191	1384
0	1337
7	345
32	5
0	0
0	0
421	221
1	183
0	135
0	0
1	69
1	48
0	0
10	133
2	4
1	122
0	0
0	9
0	13
0	0
246	0
4	911
0	911
0	306
0	0
121	20
0	17
0	8
0	5
0	5
0	5
0	5
0	211
0	0
0	2
321	293
1	280
3	227
0	31
0	0
0	3
0	24
0	16
0	16
0	5
0	3
1595	2015
0	396
0	264
0	0
0	1022
0	1146
0	1162
6	10
0	3
0	7
0	1
0	0
479	411
24	411
0	0
369	82
4	80
1	10
0	3
0	13
0	387
91	446
0	30
0	32
0	3
0	4
1	4
0	0
339	155
51	155
10	155
3	3
0	0
0	0
0	0
0	0
0	0
0	0
0	0
2	772
0	0
0	0
0	0
0	0
0	0
0	0
0	0
0	0
0	0
0	0
0	0
0	0
0	56
0	472
0	172
0	466
0	0
35	46
0	0
0	45
0	32
0	86
1	0
0	0
0	2
3	1
1	3
0	3
1	2
0	0
3	3
1	75
0	72
0	16
0	0
0	14
0	2
0	4
0	71
769	196
0	194
3	33
14	9
88	428
2	413
0	335
217	404
13	383
26	253
2	18
0	29
0	0
213	0
0	0
770	21
0	0
0	0
0	21
0	4
0	6
1	0
0	0
0	0
0	0
0	0
0	0
0	298
0	0
4	298
11	0
517	298
13	298
0	51
376	19
0	0
0	0
2	76
62	1640
3	6
1	397
0	1422
6	119
0	21
604	168
0	164
0	0
0	0
0	0
0	3
0	464
1	466
0	5
2	0
1	7
3	24
0	431
0	158
11	0
0	0
0	973
0	623
0	979
2	114
0	682
89	1370
0	1388
0	125
7	141
0	123
0	0
0	0
1	2
0	2
0	2
103	5
0	2
0	5
0	0
11	6
0	6
0	2
0	0
0	0
0	0
0	0
1	7
0	7
0	9
380	292
0	250
0	0
1	43
709	15
0	13
0	1
0	0
0	0
0	0
741	1007
2	1005
0	0
8	0
0	222
12	222
11	54
8	64
0	35
0	8
0	8
0	6
0	6
0	0
0	32
0	16
1	0
8	0
0	22
0	0
0	0
0	0
0	0
0	3
0	4
0	18
0	12
0	0
1	4
0	0
0	0
0	0
0	0
0	0
1	0
0	0
0	0
0	0
0	0
20	176
6	176
0	17
89	99
2	92
0	8
1	3
0	3
0	0
0	1
0	1
0	0
0	0
3	1
2	0
1	37
7	7
537	41
4	3
0	0
2	0
0	0
2	63
103	63
0	4
0	4
0	9
0	4
5	5
0	0
1	0
395	6
0	6
0	0
0	0
0	0
0	0
0	0
0	0
0	0
0	0
0	2
0	2
0	2
0	2
0	0
14	2
0	0
0	0
0	2
0	0
0	0
20682	5940
10	0
3	5940
2	4309
313	4562
0	4546
2	851
0	201
36	17
0	3
0	17
0	17
2	6
0	0
0	0
0	0
0	0
0	0
0	0
0	0
0	0
0	0
0	0
0	0
49	3
0	3
0	0
3	6
0	6
0	6
0	6
0	0
0	0
0	0
301	66
892	66
0	0
4	7
47	8
0	2
0	1
0	0
0	0
39	47
0	5
0	47
30	0
0	0
0	0
0	0
0	0
0	0
0	0
0	0
0	0
0	0
0	0
0	0
0	0
0	0
0	0
0	0
2	0
31	1088
54	989
31	632
0	126
0	0
15	0
0	0
137	3
0	3
0	0
0	0
0	0
0	5
3	203
0	0
3	0
477	207
0	0
5	26
390	67
6	0
0	103
0	105
0	61
1	53
1	65
0	57
0	67
0	0
0	0
0	30
0	0
0	341
0	341
0	86
0	205
44	4983
1	4983
7	147
0	0
0	0
0	0
0	0
1103	7
0	0
0	0
0	5
0	181
0	108
0	97
13	160
0	0
0	0
0	9
1	0
395	67
0	6
0	56
109	349
24	349
0	2613
124	2609
1	2432
0	4
0	4
14	1
0	1
0	1
10	6
0	0
0	6
1	0
0	0
0	0
0	0
0	0
202	100
0	100
0	4
860	0
0	0
23309	12849
9	5770
2	597
46	11154
6	9107
2	8605
58	7407
6	3702
3	6768
0	0
0	0
0	106
0	0
0	514
0	514
50	514
3	10
32	10
9	15290
0	15060
14	7533
5	14118
9	7445
0	10514
7	1734
0	2996
2	7
0	7
0	3
5499	714
3	218
3	656
2	0
0	550
354	11429
1	246
0	1216
0	9695
2	8604
0	10120
0	424
2	4051
0	0
3	81
0	89
0	23
6	23
4	37
0	70
0	0
0	0
0	2
8534	40
0	0
0	0
637	739
1	711
0	0
0	40
0	0
0	0
0	0
8	3620
57	3810
0	1006
0	268
0	195
0	187
0	54
132	2104
0	888
2	1876
1	447
7	224
0	0
1	0
0	0
0	12
13	12
0	2
0	8
0	0
0	0
0	0
0	0
0	0
0	0
0	0
0	0
0	0
0	1
0	1
0	1
0	0
0	0
0	0
0	0
0	18
4	223
0	3
0	2
1	39
0	224
0	4
8	5
0	4
73	49
0	30
0	10
0	0
7	0
56	548
13797	2
0	0
2193	548
0	0
0	0
0	0
0	0
0	0
0	0
0	0
0	0
0	0
0	0
0	0
0	0
0	0
0	0
0	0
0	0
93	0
0	108
0	0
0	0
60	0
0	0
1	225
12	234
3	74
0	0
0	5
0	0
0	2
0	2
0	2
0	12
0	10
0	7
1	0
0	3510
0	89
0	160
0	0
0	1790
0	0
0	935
0	6
0	6
0	6
0	5
0	2
0	0
0	0
0	7
0	5
0	0
0	2
0	2
0	2
0	12
0	3510
0	89
0	160
0	0
0	0
0	935
0	1
0	1
0	0
7	3
0	2
0	0
0	0
0	2
0	0
57	1029
26	1029
1	22
0	155
0	98
0	2443
350	3070
18	3095
0	14
0	0
23	7
2	3
0	3
2174	1287
0	1170
7	1273
1	986
5	0
1	0
22	534
37	3213
9	121
72	3183
197	38
0	2
0	20
0	3
2	22
3	927
1515	927
0	31
0	32
0	20
0	7
0	9
1	553
0	556
2	346
4	204
0	184
0	9
0	11
0	9
0	9
0	2
31	905
0	905
0	671
0	538
1	2
0	2
0	478
33	548
2	397
0	0
0	0
0	0
636	197
0	172
0	189
0	38
1	4
1	21
0	42
0	42
0	16
0	32
0	24
0	15
0	3
0	24
4	0
0	0
0	0
0	0
0	0
26	659
5	648
0	77
0	92
0	21
0	11
0	0
18500	592
11	592
1	551
34	542
4	521
0	59
2	204
0	0
0	14
0	1
5	1
7	3983
912	4635
36	563
6	15
11	18
0	6
0	0
0	7
0	3
2	2
0	2
2	635
0	789
0	751
391	2314
0	1910
1	2134
755	40
31	11258
0	10754
7	10794
0	11374
7	10747
14	10622
163	10738
0	1631
9	157
0	59
2	2
1	2
4	0
0	0
297	1469
0	1502
0	1491
0	779
0	491
0	0
1	27
0	0
0	0
0	0
10	0
0	0
0	0
0	0
0	0
0	0
1005	1388
22	635
17	1032
0	0
0	0
0	0
0	0
0	0
0	0
0	0
0	0
0	0
0	0
0	0
0	0
0	0
1	0
388	279
0	263
0	10
0	49
0	6
0	0
0	13
0	2
0	0
0	0
0	0
0	0
0	0
0	1
0	0
0	0
0	6
0	6
0	0
0	8
0	7
0	22
0	43
0	402
0	77
3	10
0	25
1	284
0	60
0	28
0	3
0	398
0	36
0	399
0	11
0	5
1	74
0	367
3	9
0	321
0	401
0	231
0	152
0	0
0	18
1	50
0	0
485	40
0	37
0	0
21	0
0	0
0	3
0	0
0	0
10343	12368
2	12146
0	4802
0	1410
2	217
0	0
57	447
0	22
10	445
192	35
0	26
0	0
4	0
359	735
1	570
0	27
0	15
2	165
0	0
0	0
1	0
0	0
0	0
0	465
0	0
0	0
0	0
0	151
0	0
0	0
0	0
0	0
0	0
0	0
315	0
0	0
93	1585
0	423
0	122
0	340
4	1440
0	979
0	997
0	998
0	813
0	361
0	78
79	84
0	78
0	83
66	13
0	0
0	0
0	0
0	8
0	0
0	0
10	28
0	28
0	0
0	2
6	0
0	6
0	4
0	93
0	0
1	215
0	4
0	0
0	0
0	212
0	0
0	0
0	0
0	0
0	0
0	0
6	311
0	3
9	311
0	48
0	0
210	0
0	0
0	0
0	0
0	0
0	0
0	0
0	0
0	0
0	377
31	377
0	9
0	0
200	25
0	25
0	5
0	6
0	1
0	1
0	1
48	2
265	20547
0	14766
0	6245
1	1109
0	9281
0	14210
29	3634
0	4179
0	0
357	0
268	0
0	0
879	0
262	0
1	2222
23	0
15	11202
214	11210
2	54
17	52
0	143
0	151
0	22
0	8
0	8
0	2246
0	2898
1	3647
19	9887
1220	10889
2	991
3	2937
0	0
0	0
933	1680
153	1448
23	1484
1	38
11	47
0	0
0	0
0	0
0	0
0	0
0	0
0	0
0	0
0	0
0	0
0	0
0	0
0	0
0	0
35	22
0	22
0	1
6	78
1	58
0	30
3	31
12	280
0	11
0	2180
1	25
0	0
0	0
0	96
1	250
5	295
0	0
0	0
0	0
0	0
0	0
0	26
0	0
0	0
0	0
782	423
1	120
15	311
10	8
0	8
0	8
0	0
0	0
0	0
5	2
0	1
0	1
0	0
0	0
0	0
4	0
0	0
0	0
1341	241
0	200
0	57
0	32
341	18
0	16
2	13
0	14
0	14
0	0
0	3
0	0
0	0
0	0
0	0
0	0
114	355
3	20
7	53
13	173
0	0
1	4
0	1
2	10
0	176
0	0
0	0
0	0
0	0
0	0
0	0
881	0
6	45
0	22
0	12
0	16
0	4
0	2
22	59
0	59
1117	15
0	45
0	45
214	1098
0	882
4	515
0	66
1	92
0	93
0	91
0	2
0	0
1581	542
2	418
0	101
0	122
0	124
4	21
3	21
0	6
0	2
0	0
5	0
0	7
7	7
0	0
32	1647
14	1610
0	1566
0	107
1	0
0	0
0	0
0	0
0	0
0	0
0	0
0	0
0	0
0	0
0	0
0	3
19	8
0	8
0	0
0	0
0	0
0	0
0	0
0	0
0	0
0	0
0	0
0	0
0	0
0	0
0	0
0	0
0	0
0	0
0	0
0	0
0	0
0	0
0	0
0	0
0	0
0	0
0	0
0	0
0	0
804	22
0	8
0	6
0	6
0	6
0	6
0	5
0	0
0	0
0	0
0	0
0	0
0	0
0	0
0	0
0	0
6	0
0	0
0	0
0	0
0	0
0	0
0	0
0	0
0	0
0	21
0	20
0	4
0	2
8	2
0	0
0	2
0	2
0	0
0	1
0	0
0	0
0	0
0	0
0	0
47	118
1	165
0	142
0	0
0	0
0	15
0	32
0	0
0	26
0	0
0	0
0	0
0	0
0	0
304	4682
0	0
0	0
0	0
0	0
0	0
0	0
0	0
0	0
388	222
5	222
0	0
0	0
0	0
0	0
0	0
10	155
0	89
0	0
0	0
0	0
0	0
0	0
0	0
0	0
0	0
0	0
0	0
0	0
0	0
8	319
0	0
0	0
0	0
13	1889
26	1876
10	1494
1	1310
0	567
0	0
0	0
0	1
0	0
0	0
0	0
0	0
1	82
0	308
0	0
0	0
0	0
0	0
0	0
0	0
0	0
0	0
0	0
0	1
0	0
0	0
0	6
0	0
0	0
0	0
0	0
0	0
81	0
0	0
0	0
0	0
0	0
0	0
0	0
0	0
0	0
0	0
0	0
0	0
0	0
0	0
2	352
0	355
0	65
0	0
0	0
0	0
0	0
0	0
0	0
0	0
0	0
0	0
6	113
2146	773
0	768
6	575
0	159
0	0
5	13
0	0
0	13
0	0
20	84
0	81
0	8
0	69
0	22
0	2
0	9
0	61
0	33
0	25
3	8
0	0
0	27
0	34
0	18
0	0
285	56
0	56
0	0
0	0
0	0
0	0
0	0
0	0
0	0
0	0
0	0
0	0
0	0
105	21
0	21
0	11
0	0
0	6
0	0
0	0
0	0
0	0
3	0
0	0
0	0
0	0
0	0
0	0
0	0
0	0
0	0
0	0
0	0
0	0
0	0
0	0
0	46
0	39
0	43
0	15
0	7
1	7
0	6
0	1
2	7
0	0
0	0
395	359
138	375
27	215
1	16
2	146
153	376
0	4
0	185
19	329
0	0
0	0
5	1
0	1
2	384
0	1
0	374
0	10
0	13
0	33
1	377
0	63
0	3
3	299
0	256
0	5
0	24
0	62
0	19
0	15
0	190
0	0
0	0
0	0
0	0
0	0
2284	137
2	121
0	0
0	0
0	8
2	0
2	0
460	0
0	0
38	1876
2	1857
3	1154
0	159
0	63
0	114
0	15
5	596
0	675
0	681
0	681
0	0
1	74
0	32
0	0
0	2
4	567
126	3
11	3
0	0
0	0
0	0
0	13
2	13
207	1800
0	0
60	1172
0	270
0	1695
0	0
8	1116
1	1132
22	754
0	0
0	0
0	0
0	0
0	0
0	0
23	11
1	11
234	12
0	1
3	12
0	12
0	2
0	0
0	0
0	0
0	0
0	0
0	0
0	0
0	0
162	48
28	47
8	47
5	110
0	117
0	122
1	105
0	0
0	0
0	0
446	2874
0	2191
0	287
0	0
5	1266
0	0
0	1470
1	2191
0	0
0	0
0	0
0	0
0	0
1	2
0	2
0	9
0	3
0	1
0	8
1	4
96	27
3	11
0	2
0	1
0	8
0	0
1	17
1	13
0	4641
0	4641
0	0
1	0
1699	14
0	0
0	0
0	0
0	0
0	0
0	0
0	0
0	0
0	0
0	0
0	0
0	0
0	0
0	0
0	0
0	0
0	0
0	0
0	0
0	0
0	0
0	0
0	0
2253	0
0	0
0	0
0	0
0	0
0	0
0	0
0	0
0	0
0	0
0	0
40	0
0	0
0	0
0	0
0	0
4	0
0	0
0	0
1597	76
11	66
0	0
0	0
0	0
0	0
0	0
0	0
0	0
0	0
0	0
0	0
13	785
0	0
0	0
0	0
0	0
0	0
0	0
0	0
0	0
0	0
0	0
0	0
0	0
0	0
0	0
0	0
0	0
0	0
0	0
0	0
0	0
0	0
40	60
259	378
3	236
0	336
0	0
0	0
0	0
0	0
1	13
17	24
0	21
0	18
0	0
11	10
0	0
3	10
0	2
0	0
1	44
0	34
0	48
0	0
723	0
0	0
0	0
362	2
24	0
0	0
0	0
0	0
0	0
0	0
0	0
0	0
0	0
0	0
0	134
0	133
0	78
0	56
0	5
0	6
0	0
0	0
0	0
0	0
0	0
0	813
0	312
0	0
476	814
7	561
0	0
2	583
2	503
1	461
0	60
0	40
1	81
0	0
0	0
20	22
703	15
0	0
0	129
7	149
0	86
11	83
0	26
0	11
0	23
1	12
0	11
0	4
0	16
0	0
0	3
0	5
94	2
86	0
0	0
0	0
0	0
0	4
0	0
7	0
0	0
2	4
0	4
0	0
2	2848
0	521
0	291
7	2833
0	155
0	1016
0	456
0	0
0	83
2	0
2	2530
3180	6
0	0
0	0
0	0
0	0
0	0
0	1
0	1
329	2834
0	211
0	2795
1	99
1116	199
0	90
763	6
1	53
935	299
0	175
0	125
0	31
0	3
0	0
0	0
0	0
0	0
0	0
0	0
0	0
3	664
0	487
0	617
0	500
0	285
0	397
0	338
0	30
0	35
0	8
0	5
0	0
0	0
0	0
0	0
1	0
1054	354
0	169
0	0
0	105
0	219
53	0
0	0
0	0
0	0
0	0
4	13
1	13
1992	1511
0	123
0	1393
1	64
0	37
99	827
0	0
0	827
14	0
0	0
0	0
0	0
79	10
0	6
0	0
0	0
376	79
0	73
1	0
0	0
0	0
1	31
0	17
170	211
0	16
0	93
0	15
0	0
0	0
0	0
0	112
0	24
0	24
0	35
0	94
1	85
0	55
345	313
3	184
1	200
17	171
2	1
0	16
7	16
0	3
5	632
1	540
0	367
0	362
0	162
0	18
0	14
3	231
0	33
4	32
0	0
0	28
0	3
0	1
0	0
0	0
0	0
0	0
0	0
0	0
0	0
982	173
0	147
0	163
0	0
0	0
1	35
0	39
0	31
1	33
0	31
0	28
0	0
0	0
105	692
4	692
0	0
0	0
0	0
0	0
0	0
0	0
0	0
0	0
0	0
0	0
0	0
0	0
1	3
1	1329
1	9764
2	611
91	10035
0	330
0	381
0	1292
0	0
0	0
0	0
68	113
0	94
0	71
0	52
2	22
0	13
0	26
0	14
3	2
0	2
0	0
0	0
0	0
0	0
138	14
0	14
0	4
953	19
2	19
0	0
2	0
0	4
0	5
0	1
0	1
0	0
2079	1365
0	0
0	1205
0	396
0	0
0	214
0	129
0	0
0	2
6	2
0	0
0	0
0	0
0	0
0	0
0	0
0	0
4	966
0	0
0	0
0	0
0	0
8	0
0	0
0	1
50	8
0	7
4859	5954
14	5628
37	5885
1	4954
0	2132
0	2132
0	0
29	22
1	867
0	867
0	0
15	1442
26	1504
11	1344
0	253
0	140
0	2
0	0
2	43
0	43
0	0
0	0
0	0
0	0
0	0
0	0
0	0
0	0
0	0
0	0
0	5
0	0
0	0
0	8
0	236
0	0
0	18
0	0
0	0
0	0
1	259
0	259
0	187
0	183
0	23
0	3
0	8
0	96
0	0
0	0
0	0
0	0
0	0
0	0
0	0
0	0
0	0
18	4
0	2
0	1
0	0
0	0
0	1
0	2
0	0
16	624
0	362
0	0
0	4
1	4
1	4
0	5
199	5
27	6
0	6
0	1
0	1
0	1
0	0
0	0
0	2
2	52
0	0
0	25
0	36
0	39
0	25
362	52
5	108
0	109
0	103
0	3
0	37
0	2
0	8
0	0
0	0
0	0
0	0
4	148
0	0
31	0
2	42
192	84
0	502
0	2
341	42
66	109
0	74
0	2
0	5
1	0
0	47
0	1
114	11
0	0
0	1
0	0
0	0
0	0
1	2
73	0
0	0
3	0
0	0
0	0
0	0
0	0
0	0
0	0
3762	8160
1	7421
0	368
0	0
19	588
0	568
0	725
1	491
0	0
0	0
0	0
1	3
1	5
1	4
3	71
35	69
6	1065
0	999
10	1062
0	1059
0	57
1	705
1	129
0	27
0	34
0	40
0	0
0	15
0	0
0	35
0	35
0	13
1	6
1736	169
0	165
0	0
0	9
0	12
0	0
0	0
0	0
0	0
0	0
0	0
0	0
0	0
0	0
10	9
0	9
0	0
0	8
2	8
0	0
0	0
0	4
0	4
3	3
0	3
0	3
0	3
0	0
0	9
0	11
0	13
64	10
0	3
0	0
0	3
0	9
0	9
1	13
0	3
0	3
0	0
0	0
0	0
0	0
0	0
44	219
0	193
0	125
0	31
0	44
161	33
0	23
0	14
0	8
12	319
0	214
0	128
0	58
1	124
2	201
0	0
0	0
0	0
0	0
1	0
0	193
0	189
0	193
0	4
1	3
0	0
0	0
0	1
0	0
0	0
0	0
0	0
0	0
0	3
0	3
0	0
0	0
0	0
0	0
2	1
0	1
282	76
0	76
3	0
73	0
0	1
1	1
0	1
0	0
0	445
95	450
0	118
0	8
0	41
0	41
0	5
0	0
0	0
0	0
0	0
75	22
0	20
0	5
0	4
0	0
1	1
0	1
0	0
0	0
0	0
0	0
0	0
0	0
0	0
1381	2540
1	1775
1	1376
0	615
0	0
0	0
2716	1440
0	152
0	251
0	70
0	5
0	0
0	179
0	574
2	628
0	2
0	0
0	514
0	0
0	0
0	0
29	568
0	473
1	548
0	556
0	17
0	0
1	0
0	275
178	2520
1	271
4	2288
199	2403
399	12
4	1
0	6
0	11
0	0
0	0
0	0
0	0
0	0
0	20502
0	5
0	0
0	0
0	0
0	0
0	0
86	816
0	725
0	753
0	17
1	36
1	2198
32	2218
0	127
0	127
0	83
0	898
0	0
0	135
0	0
0	0
313	19
0	13
0	0
0	0
0	0
0	0
0	0
0	0
0	0
0	0
0	0
0	0
0	0
0	0
0	0
0	0
0	0
0	0
0	0
0	0
0	0
0	0
45	156
0	156
0	0
0	0
0	0
0	0
0	0
0	0
0	0
0	0
0	0
0	2
0	2
3	1
0	2
0	0
0	0
0	0
0	0
2	583
0	20
0	71
2	574
0	267
0	340
0	0
0	0
0	0
0	0
0	0
0	0
0	20
0	0
0	0
0	0
0	0
0	0
0	0
0	0
0	0
0	0
0	0
2	0
0	0
0	0
0	0
0	0
0	0
0	0
0	93
0	93
0	0
0	0
0	0
0	0
0	0
0	76
0	20
0	0
0	33
0	120
92	134
0	0
0	128
0	128
0	79
0	0
0	0
0	0
0	0
0	0
0	0
0	0
0	0
0	0
0	0
0	0
0	0
0	0
0	0
0	0
0	0
0	0
28	0
7	4
0	4
1	0
0	2
0	3
0	0
0	0
1	0
0	0
17917	129
0	99
0	8
0	8
0	0
1	0
0	0
34	0
12	0
0	0
0	0
0	685
0	22
0	0
0	0
0	1
0	0
3	1
0	22
0	670
6	21
0	0
0	14
0	2
8	30
0	14
1	34
91	1621
0	4
0	105
2	1623
0	4
0	1621
0	491
0	481
0	0
1	809
334	1459
0	615
0	329
0	0
0	32
10	113
19	101
0	81
63	1
0	0
0	0
0	0
0	0
0	8
0	8
0	0
0	1
0	705
0	0
0	0
1	0
2346	3884
0	0
0	0
0	46
2	3884
0	0
348	214
1	206
0	0
9	435
0	470
4	409
0	75
0	19
0	64
0	460
1	1377
0	222
0	15
0	29
0	14
0	16
411	772
11	315
41	22
0	0
0	2
0	0
1	0
0	0
0	4
0	0
0	0
0	0
0	0
0	0
0	0
7	0
0	1
0	0
0	0
0	0
0	0
0	0
0	0
0	0
0	0
0	0
0	0
914	3806
0	117
0	3
107	3096
1	33
0	0
0	18
6	109
0	3
0	0
0	0
0	0
0	152
1	194
0	0
3	225
0	1394
0	0
0	0
242	49
0	5
0	35
0	46
0	11
0	0
0	0
532	853
0	831
2	599
0	170
0	18
0	22
0	0
17	0
24	0
0	40
0	0
5756	275
0	0
2	248
0	0
0	3
0	20
0	0
21	149
2	92
132	186
2	87
1802	2542
0	1016
0	308
40	879
2	912
10	47
2	57
4	64
25	0
0	95
0	0
0	0
0	0
0	0
112	0
0	0
0	28
676	127
0	42
0	1
1	25
0	64
0	59
0	75
0	82
0	0
0	0
48	1
1698	25
0	0
0	0
16	286
0	0
0	280
0	21
0	55
0	66
0	109
0	0
0	0
0	0
0	0
1293	16
0	0
0	0
0	0
0	0
0	0
1	44
1146	457
3	101
0	81
9	219
0	152
3	55
0	48
0	9
14	154
0	0
0	62
1	243
0	0
360	3228
2	3050
0	480
0	0
0	439
0	0
0	18
12	119
0	747
25	785
4	479
1	812
0	0
0	0
13	2553
5	1053
568	5584
55	4205
0	206
0	0
0	2271
5	0
15	0
0	0
406	858
0	589
0	344
0	112
0	54
2	54
0	0
0	1
0	18
0	12
0	0
0	0
228	46
0	7
1	39
0	6
0	14
0	1
2	0
0	0
42	896
1	896
0	110
0	110
0	92
0	2
0	2
5	11
0	0
0	0
0	3
2	3
0	1
0	3
0	0
0	0
0	0
2	0
246	20
0	4
0	7
0	10
0	19
0	0
0	0
0	0
0	0
0	0
0	0
0	0
0	0
0	0
0	0
0	1
5	586
4826	5759
14	5646
7	2646
12	5232
0	0
1	2
0	2
0	0
0	0
0	0
0	0
0	0
0	0
0	0
0	0
52	86
76	86
0	0
0	165
0	123
0	0
0	164
0	0
5	0
4	154
1	22
0	98
133	251
0	1
0	249
0	42
0	0
0	96
0	0
0	0
0	0
0	0
0	0
0	0
0	0
1	7919
387	7919
5	198
0	52
12	22
0	0
0	2
0	2
0	0
0	0
0	0
1404	2312
0	434
0	316
0	693
0	291
0	877
0	278
1	352
0	407
2	207
0	0
1	0
0	0
0	0
0	0
11870	20808
12	19558
15	19198
0	4589
0	2452
2	799
2	76
0	359
33	9
0	0
4	0
0	0
0	0
1	0
7656	998
0	650
1	561
0	566
0	234
0	0
0	0
0	0
0	0
0	1
0	1
0	0
0	0
0	3
0	0
0	0
0	0
0	3
0	0
0	0
0	18205
21	18208
31	18136
59	18281
0	0
59	2669
0	1882
0	0
0	1695
1	1204
2	440
0	0
0	0
0	0
0	0
0	0
0	0
0	0
0	0
2	21
0	0
0	0
0	0
0	0
3	0
0	5
0	0
0	0
0	2
0	0
594	48
0	34
0	10
0	5
0	13
3	1468
0	12
1	6
0	0
0	6
5	0
10	181
0	227
4	348
0	159
0	275
0	17
0	2
0	17
0	15
0	5
0	0
0	5
0	0
0	4
0	0
0	0
0	0
3	0
0	0
0	0
0	0
0	1
0	0
0	168
3	601
0	579
0	36
2	30
0	1
13	0
0	0
0	0
151	2878
2	2833
10	2669
0	0
0	221
0	113
0	95
0	171
0	41
0	78
4	0
0	0
0	0
0	0
1	1
0	0
1291	5333
1	599
6	4911
0	15
0	597
0	1026
1	162
1	0
0	0
31	7850
55	7850
0	0
0	0
0	77
0	1
1	1
0	76
0	0
0	0
0	0
0	0
8	39
0	17
0	10
0	28
103	97
0	87
2	18
0	2
187	120
0	0
2	114
0	44
0	0
0	1
0	0
5	416
0	418
21	383
0	0
7	58
0	24
9	644
0	41
0	0
0	1
0	18
516	469
0	0
0	3
0	3
0	3
0	0
0	1
0	3
1	3
0	0
1	0
0	0
37	1820
2	1820
0	129
0	0
0	0
0	0
0	0
0	0
0	0
0	0
0	0
0	0
0	0
0	0
0	0
1	0
0	0
0	10
1	238
0	4
0	231
0	0
0	0
0	0
0	0
0	0
0	2345
1	2361
0	2343
0	2343
0	114
0	16
0	8
0	0
0	2309
6	178
0	2325
0	2309
19	171
0	25
8	117
0	9
2	107
6	0
0	46
0	0
0	0
0	0
0	0
0	0
0	0
0	0
0	0
0	0
0	0
0	0
83	2
0	2
4	2
0	2
7	352
1	352
4	64
0	0
0	0
386	1518
0	1511
0	283
0	297
0	0
0	0
481	12
0	11
0	0
0	0
129	0
1	37
0	5
31	37
0	0
0	1
0	0
0	0
0	0
79	50
5	48
0	20
1	16
0	3
1	2
0	0
2	76
2	152
37	187
1	101
209	946
9	880
1	142
0	349
0	0
2	2
0	99
0	0
0	0
0	0
0	0
0	0
0	0
129	584
0	82
13	604
16	576
1	2281
16	2563
10	2514
5	2564
0	2419
6	2537
0	2409
0	2202
69	212
3	0
27	17
41	6
3	6
0	212
0	0
0	0
0	0
0	0
963	208
4	208
0	0
0	0
0	1
0	0
0	0
0	0
0	0
0	0
0	0
0	0
0	0
0	0
0	0
0	0
0	0
0	0
0	0
0	0
0	117
0	113
0	114
0	65
0	38
0	1
0	0
0	0
0	1
0	5
0	5
0	0
0	0
0	0
0	0
0	0
0	0
0	0
0	0
0	0
148	66
0	60
0	67
0	27
0	27
0	30
0	3
0	2
0	0
8	0
1	0
0	0
0	0
3204	2230
0	1002
1	620
0	882
256	95
0	44
0	54
0	82
0	0
0	0
0	0
2809	108
0	108
0	0
0	0
99	0
1	223
0	0
2	0
0	0
364	2980
0	0
0	0
13	28
568	38
0	0
0	0
472	449
0	411
0	162
0	121
0	0
355	28
1	26
0	6
0	0
0	0
0	0
1	3
0	0
0	0
48	0
0	0
0	0
0	0
0	0
0	0
4680	38
4122	4
0	0
1770	5136
44	4553
31	4213
0	4289
7	99
123	1237
0	481
1	220
4	17
32	2
1	0
0	0
0	0
0	0
0	0
247	166
4	98
0	20
0	5
0	67
0	6
0	4
0	4
0	0
0	0
1	2
0	1
1	2
3	1
276	43
0	10
0	32
0	3
0	0
0	14
0	14
0	14
0	0
1	8
0	0
0	0
0	0
50	738
413	735
0	170
0	28
0	10
0	18
0	8
0	3
0	13
0	3
0	1
141	7
0	7
0	2
0	0
0	0
0	0
0	0
0	0
0	0
0	0
0	0
5	0
0	0
0	0
0	0
0	0
0	4
0	0
0	0
0	0
0	0
0	0
0	0
0	0
0	0
430	8
0	0
13	0
0	0
2684	540
0	534
4	38
0	35
0	0
0	35
1	28
0	29
0	6
3	0
0	0
0	0
275	618
0	239
2	262
0	216
4	55
0	54
0	0
0	569
0	579
3	555
0	10
0	3
0	100
0	7
1	7
0	41
3	45
0	12
0	3
0	0
0	0
0	0
0	0
39	471
1	158
0	162
0	278
0	46
0	42
0	68
0	0
0	0
4	6
0	11
326	0
2	0
18	0
0	0
0	0
0	0
0	0
946	15
0	7
0	0
1	8
0	0
0	0
0	0
5	0
114	0
2727	54
0	0
11	30
0	0
330	0
457	22
8	908
0	63
54	41
0	20
0	85
5	41
1	15
9	35
1	7
0	0
0	4
2	0
8240	1105
5	197
576	237
0	185
0	180
0	13
1	25
2	43
0	6
1	36
11	34
0	0
0	42
0	0
1	29
1	32
0	12
0	0
0	1
0	1
1	1026
13	1714
0	1450
0	58
0	601
162	601
443	83
0	136
26	135
0	0
436	57
1	57
0	1
0	0
0	0
0	0
0	0
0	0
0	0
0	0
0	0
0	0
0	0
0	0
0	0
0	0
0	6
0	0
0	0
0	0
0	0
0	0
346	0
2	29
5	19
0	2
28	14
0	0
0	0
0	0
0	0
0	0
0	0
0	0
0	0
0	0
0	0
0	0
0	0
0	0
0	0
0	0
0	0
0	102
0	102
0	93
0	69
0	50
0	0
3	90
15	92
0	5
32	12
2	91
4	57
0	107
7	63
0	0
0	14
0	0
0	0
0	59
0	0
0	44
0	9
0	0
0	0
0	0
0	95
0	0
0	0
0	0
0	0
0	0
0	0
0	0
0	0
0	0
0	0
0	0
0	0
0	0
0	0
0	0
0	0
0	0
0	0
0	0
0	0
0	0
0	0
0	0
0	0
0	0
0	0
0	0
0	0
0	0
0	0
0	0
0	0
0	0
0	0
0	0
0	0
0	1
0	1
0	0
0	0
0	0
0	0
826	1669
2	1666
9	1664
0	255
4	107
13	17
0	0
1	3
0	0
344	1071
0	1071
0	1093
1	1072
0	1045
0	1050
0	1074
0	1074
0	1014
0	569
0	593
1	64
0	0
0	0
0	18
0	20
0	34
0	10
0	17
0	3
0	0
0	0
0	0
0	0
0	0
0	0
55	776
10	776
1	208
0	0
0	0
0	0
0	0
0	0
0	0
0	0
0	0
0	4
1069	435
0	3
0	399
4	29
0	38
0	18
0	29
0	0
0	414
2	23
0	113
0	10
0	51
0	0
0	0
0	0
0	0
0	0
0	0
0	0
0	0
2	0
912	20
0	19
0	0
0	1
3	0
0	0
0	0
45	0
7	0
500	59
0	54
0	87
0	134
2	141
5	140
2	44
1	3
0	1
0	10
2	2
0	0
1	4
0	0
0	3
0	4
0	0
0	3
0	0
4	164
0	164
0	56
0	31
0	17
0	3
40	11
0	10
0	1
0	5
0	5
0	2
3857	1203
2	0
0	109
9	254
1	1006
0	257
1	181
0	91
0	386
3	87
0	314
0	332
0	319
0	122
0	0
1	0
0	686
11	724
0	105
1	167
0	2
0	0
0	0
0	0
52	66
0	60
0	66
0	28
0	2
0	110
0	0
0	0
0	0
0	0
7	1
0	1
0	0
0	0
0	0
0	0
0	0
3	0
0	13
1	35
0	0
13	4861
101	3434
4	3366
0	133
32	4908
1	951
0	0
0	0
0	0
0	0
0	0
0	0
1	0
0	0
0	0
0	0
0	0
148	12
0	11
0	1
0	1
0	0
0	0
1	33
0	63
2	63
0	0
1	5
0	8
0	0
0	0
0	0
0	0
0	0
1085	4
0	0
0	2072
5	2217
0	0
0	2
7	1106
12356	2
0	1049
0	0
2	777
1	402
114	445
0	154
1	443
1344	19
0	9
0	8
61	1096
0	1125
0	1107
0	125
3	592
0	608
18	384
0	0
0	49
1	28
0	0
0	0
0	38
7	54
0	21
2	0
0	0
0	0
1	0
5	6
15	0
0	54
0	0
4	41
1	41
0	0
0	11
0	2
0	0
0	1
496	943
0	864
0	941
0	926
0	428
0	21
6	22
0	0
0	0
0	0
3	0
0	94
0	1586
0	660
0	662
74	1566
26	1566
0	0
0	662
0	662
19	1358
16	1586
0	2
0	2
0	6
0	7
3	1
7	2363
4	0
0	0
6	361
0	413
1	0
2	9590
1	8845
1	9235
49	301
1	871
13	668
10	7210
0	0
0	7156
2	802
28	6079
19	5274
1	727
0	1
0	1
0	1
0	0
1	0
0	0
82	1906
47	1906
537	0
0	8
0	8
7	0
0	0
2302	6
0	0
0	0
9	0
0	0
0	0
13802	266
0	166
0	30
27	0
0	1
0	1
1	0
2	30
5	30
0	0
0	0
0	0
0	0
0	0
0	0
0	0
1	0
0	0
0	0
0	2
0	2
0	0
0	0
0	0
14	7217
0	7294
16	7651
8	2076
1	1169
3	1893
0	2242
21	2162
2	905
7	1801
0	6601
3	3271
5	5508
0	964
0	0
0	2162
0	0
0	0
0	0
0	0
3	383
0	383
62	378
9	360
11	320
4	6
0	0
0	0
3	197
20	659
8	589
2	281
0	135
6	100
3	49
0	0
0	0
0	16
0	38
0	37
0	23
0	0
0	0
0	0
0	0
0	0
0	0
0	0
0	0
0	0
0	0
0	0
0	0
0	0
0	0
0	0
0	0
0	0
0	0
0	0
0	0
0	0
0	0
0	0
0	0
0	0
1	3647
0	3647
456	5209
53	4878
5	5016
79	3502
14	955
37	121
0	0
0	0
0	0
0	0
0	0
1	161
19	163
0	6
0	8
2	0
28	20
4	0
2	1
0	23
2	9
0	2
243	132
0	0
0	61
0	99
10	156
0	129
0	101
1	130
0	112
0	24
0	27
0	8
53	0
188	195
0	0
0	52
0	23
0	0
10	20
0	0
0	3
0	11
0	9
0	8
1	0
32	173
0	156
0	24
0	21
32	2107
9	1716
0	2531
0	1995
1	1541
0	1008
3	1522
77	2482
6	995
10	1316
4	908
53	840
0	217
1	218
7	245
3	261
0	178
0	42
215	0
697	0
0	494
5	479
0	405
0	525
0	488
0	486
0	602
5	607
0	64
0	8
0	8
3	54
0	57
0	47
287	0
0	0
1	377
2	340
4	338
0	336
0	95
0	336
0	18
1	201
15	201
0	0
4	3
0	1
0	2
0	0
0	24
0	24
0	24
0	1
0	1
0	0
0	1
0	0
0	0
10	0
0	447
0	706
0	657
0	679
0	18
1	87
0	46
1	69
0	36
0	0
0	13
0	7
0	0
251	5896
0	5664
2	5871
0	7
0	599
5	488
6	600
3	381
0	82
1	23
0	0
0	0
0	1305
21	1389
0	1169
0	1167
0	41
0	185
1	206
1	94
0	3
0	7
7	0
0	4
0	33
1	31
0	35
0	3
0	4
0	2
0	605
0	605
0	604
0	604
0	607
0	604
0	604
0	604
0	604
0	604
0	604
0	604
0	604
0	113
0	23
0	19
0	18
0	21
2	19
0	0
0	0
0	0
0	0
0	1
0	13
1	45
0	44
0	45
0	6
0	0
43	702
31	1260
13763	5123
0	4
5	3942
0	0
0	0
0	0
0	0
0	0
0	0
0	0
0	0
0	0
0	4
1	3
0	1
0	0
0	631
3	39
0	635
0	72
0	36
0	1
0	79
8	290
0	17
2	33
2	3
221	840
5	840
0	0
53	1307
2	1249
0	1154
0	164
1	48
0	74
0	284
0	132
0	58
0	118
0	401
1	130
1	424
727	6565
7	6591
9	2501
0	2103
2	3
1	109
40	2851
0	187
1	566
0	708
1	974
0	364
16	643
0	549
0	108
3	132
0	237
0	377
2	254
3	64
4	3136
5	3113
1	3314
0	602
0	287
1	2305
0	175
2	438
0	578
4	200
3	1007
0	883
0	296
3	308
7	0
274	20
0	8
0	20
0	0
0	0
0	0
0	690
0	154
81	1411
0	1076
0	36
0	144
0	690
1	1075
3	87
0	0
0	60
0	100
0	26
1	55
4	90
0	98
1249	352
0	187
0	165
0	58
12	53
12	53
3	527
10	481
2	566
0	636
0	706
0	614
0	43
5	423
0	82
0	525
0	30
0	3
2	124
8	227
0	210
0	86
71	421
2	186
2	173
3	71
1	137
0	84
0	27
0	10
1	3
0	29
0	57
0	34
626	2863
0	2863
0	0
0	0
0	0
7	400
0	376
3	336
0	96
0	22
0	22
117	439
1	439
0	203
0	191
0	161
0	182
7	35
0	180
0	34
0	115
0	0
0	141
0	1
4	6
0	59
0	26
0	75
0	9
0	47
0	125
0	335
0	228
0	821
5	844
0	806
0	78
0	622
0	83
1	93
0	111
0	119
0	128
0	32
0	67
0	34
0	1
0	18
2	35
0	21
0	18
3	20
2	2
0	3
2	2303
50	1365
5	2409
9	2877
55	3771
1	4
35	58
0	8
0	8
2	50
0	4
0	5
0	5
2424	621
51	1565
34	1434
41	1268
0	6
0	768
17	964
5	792
22	763
44	8576
1	42
249	10480
1	9166
0	10097
3	706
1	0
0	0
72	2001
29	2021
0	42
0	1696
1	1314
0	316
0	396
3	27
0	756
0	712
0	111
0	452
5	164
0	506
0	374
0	408
0	330
0	222
0	10
0	246
191	33
0	25
0	2
2	6
0	17
0	15
0	16
0	1
10	130
26	807
0	657
19	637
13	733
0	10
3	731
0	138
0	790
0	694
1278	127
0	106
0	21
42	518
2	534
0	565
2	564
13	135
0	109
0	985
0	1021
0	990
0	1021
4	85
7	464
1	31
5	15
1	3
0	18
0	0
0	0
0	0
426	1260
7	1215
0	700
0	37
8	130
0	124
0	4
0	17
0	10
5	107
0	14
8	658
165	662
0	585
2	660
1108	14834
6	14834
2	7880
39	81
0	75
0	13
0	0
4	0
16	393
1	415
0	283
15	302
0	0
0	0
2	0
0	8
0	8
0	8
0	0
0	0
0	0
0	2
0	1
0	0
0	2
0	1
0	0
0	0
0	0
4	4518
0	4525
0	1570
0	615
0	235
3	498
1	458
0	92
0	82
16	100
0	0
0	0
0	263
14	256
1	104
0	0
0	16
0	59
0	0
0	0
0	0
0	0
0	0
0	4
0	4
0	2
0	0
0	0
0	0
0	10
0	10
0	2
0	0
4	1
0	0
0	0
0	0
0	0
0	0
0	0
0	0
0	0
1	0
0	0
0	0
0	0
0	0
0	0
0	0
0	1
0	1
0	1
0	0
0	0
0	0
0	0
0	0
0	1
0	0
0	0
0	0
0	5
0	5
0	4
0	2
0	0
0	160
2	163
0	1
2	3
2	0
422	66
0	2
0	13
0	17
0	33
0	22
0	17
0	16
0	17
0	0
11	118
10	1453
504	4818
11	4135
2	82
4	1456
0	793
4	524
0	439
0	387
4	17
1652	1136
0	340
7	0
1	50
0	80
0	411
19	407
1	322
0	147
2131	10
55	0
0	556
342	557
8	133
5	108
1	0
1	0
432	3683
28	3683
5	31
0	14
0	24
0	1
0	2
0	7
5	6
0	6
0	1
0	0
0	0
0	45
4	3
0	0
0	45
0	11
0	0
0	0
0	1
0	0
0	0
0	0
0	0
0	0
0	0
0	0
894	618
6	618
10	56
28	1257
10	1226
0	362
0	1223
1	1230
0	0
25	1731
1993	2752
6	2799
71	2463
3	1643
1	1482
7	958
1	930
0	744
81	573
63	186
0	5
1	5
0	0
0	0
2	0
0	0
0	0
2	2
0	2
6	71
1	71
0	66
0	8
0	0
1	0
695	30
0	20
2	0
101	29
0	11
0	18
4	0
264	197
3	12
0	181
1	38
0	10
0	2
0	2
0	9
1	33
0	40
1	81
0	0
0	32
2006	1178
12	1178
0	0
0	26
7	4
107	8
0	8
0	2
0	0
228	432
0	157
0	5
0	12
1003	0
6	0
0	0
166	2130
1	2130
0	64
0	277
0	0
1	265
1	4675
0	198
0	164
0	203
0	200
42	263
0	14
0	43
0	18
0	88
5	0
4657	4488
310	327
1	327
350	385
0	375
11	76
16	59
2	43
1	320
0	320
0	7
0	0
0	39
0	284
0	112
0	247
0	16
0	0
0	48
0	24
0	0
37	33
0	33
3	0
4031	0
164	359
0	360
0	189
5	1
0	0
5	603
0	517
0	190
3	73
3	215
0	80
0	36
4	34
0	0
353	2005
3	461
0	15
3	1544
0	0
5	8
38	1187
0	1179
0	11
0	17
0	186
0	1
0	14
0	79
0	101
0	106
1	127
0	47
2	46
1	84
0	40
2	50
0	13
0	3
0	24
1	3
412	1066
5	731
0	657
6	42
0	0
2	1724
0	1724
0	298
0	143
3	1
0	0
0	2
2	0
0	2
7	0
36	1413
2	1552
20	880
1	297
0	522
0	95
0	195
0	1308
0	274
0	87
0	147
0	652
19	26
1	26
0	10
0	86
1	86
0	22
2	9
0	0
3	768
13	803
0	785
3	773
2	784
0	15
0	158
0	0
0	56
13	95
0	95
0	95
0	0
0	2
0	26
1	26
5	26
0	3
4	2185
0	2131
53	2190
0	313
0	24
1	69
0	0
0	115
0	10
1752	1334
0	297
27	1288
148	805
0	32
4	352
0	557
0	395
2	224
0	163
0	0
0	68
1	147
0	26
0	0
425	4
5044	0
11	0
9	0
28	3104
51	3104
12	613
13	557
0	3
0	1
0	3
0	0
0	0
0	0
16	9
0	12
0	12
0	7
0	10
0	9
0	5
0	6
12	2
0	0
0	4
0	3
1342	127
0	127
879	1792
0	995
3	1724
2925	54
0	0
1611	739
0	0
0	53
0	159
4	101
0	125
0	123
2	175
0	261
0	115
0	2533
3	2522
0	2427
0	2621
0	2632
1	359
0	9
3	62
0	0
0	9
0	1
12	0
2	1008
344	1535
7	366
24	606
5	331
0	0
64	34868
0	34868
0	3448
6	3203
0	3586
8002	6262
62	5691
21	5863
0	1071
0	126
3	208
6	312
0	280
0	0
0	0
0	0
0	13
0	18
0	0
0	43
0	47
0	45
0	11
0	24
0	41
0	1
0	46
3	27
0	39
0	15
1	5
0	4
0	4
0	17
0	0
0	4
21	1511
11	1535
7	1496
0	135
0	99
2	26
0	24
0	3
0	0
507	157
0	0
0	63
0	4
12	51
13	0
261	20290
26	2165
0	15674
13	17408
0	0
0	0
4	5196
22	5016
0	549
0	0
0	0
109	1456
18812	2192
1	388
0	736
3	8
911	52
0	44
6403	66
0	0
0	1
9	1006
0	12
0	711
0	3
2	793
0	276
0	21
0	9
0	10
479	3528
0	950
13	2957
510	198
3	119
5	76
1422	836
0	808
0	8
0	9
0	0
1	82
0	0
0	0
0	0
0	0
0	0
0	0
0	5
0	3
7	5
0	0
0	0
1	0
0	0
26	0
0	0
0	0
374	76
0	0
0	30
0	52
0	47
0	0
0	0
0	0
0	2
0	1
0	23
0	0
30	810
0	530
0	15
1	617
0	147
0	192
0	478
0	181
0	88
0	0
0	0
0	23
0	92
288	1554
1	125
0	82
0	106
0	72
0	106
3	118
0	0
1	936
0	303
0	347
0	159
0	590
0	115
1	170
0	56
0	1604
0	1619
0	1619
30	1567
0	1510
0	533
0	127
0	17
0	0
0	34
0	0
0	0
0	14
0	0
0	0
0	0
0	0
653	0
0	3
0	3
0	3
0	0
619	227
0	207
0	16
2	156
0	34
0	0
0	15
3165	1322
14	1071
0	213
0	0
0	162
1	0
1	9
156	120
0	10
0	11
0	2
0	105
0	37
0	13
0	0
2	0
1629	2092
0	619
45	1185
2	0
3	50
0	876
0	0
0	56
9	0
23	18
362	105
0	0
0	47
0	0
0	8
0	1
0	1
0	0
0	18
0	24
0	15
0	0
2	1444
1	911
0	1398
0	1356
1	1300
0	180
0	11
0	32
1	3
3	50
2	220
0	17
0	66
53	387
26	285
0	35
0	10209
296	10175
3	8002
0	265
21	1728
19	1057
2	696
0	1016
4071	1137
1	158
1	982
1	671
0	0
17	0
724	9892
2	19
8	12
20	255
3	5
0	232
297	9808
0	100
0	46
5	628
0	0
727	65
0	67
4	28
2	30
0	0
379	395
0	227
5	205
8722	5800
2	330
4	45
0	1337
1	346
1	1209
3	0
3	652
1	1209
0	691
4	2271
529	1282
0	604
41	669
0	63
0	464
658	5871
4	351
2	87
0	94
2	5457
3	5163
0	4298
61	6184
8	1207
2	1241
0	2852
1	158
3	2525
4	2272
50	1806
0	92
0	0
6	301
0	0
0	12
29	5302
30	5651
90	2131
0	716
2	375
3	374
0	332
13	333
0	17
0	39
0	42
0	5
1	64
0	95
0	25
0	163
0	22
1778	3019
0	2165
1	1283
1	263
0	0
0	0
0	0
0	0
0	51
0	43
0	52
0	52
0	39
11	199
0	10
0	7
14	186
0	28
0	174
0	45
1931	4868
15	4471
1	1311
223	1490
0	460
0	285
0	0
0	512
0	0
314	158
3	158
0	34
0	35
0	4
0	2
8	0
18	33
0	25
4	11
0	3
0	4
0	3
0	4050
1282	4050
10	14088
0	15169
26	5080
0	733
0	15489
9	5330
0	2641
4	1898
361	1867
1	0
68	760
6	60
1	301
0	284
2	90
6	262
6	224
18	157
0	220
0	33
1	0
0	2137
0	0
0	13
0	1422
0	13
0	0
876	4149
298	2905
2	1560
0	297
1778	1571
8	1320
0	394
10	625
0	1290
2	1304
5	155
54	887
5	846
0	119
6	89
0	50
0	36
0	0
0	0
0	0
0	0
0	0
0	0
0	0
0	0
0	0
0	0
0	0
0	0
0	0
0	0
0	0
0	1
0	0
0	0
0	1
0	0
0	0
0	0
0	1
0	0
0	0
0	0
0	0
53	138
0	0
0	0
0	0
0	0
0	0
0	0
0	0
0	0
0	0
0	0
0	0
0	0
0	0
0	0
0	0
0	0
0	1
0	1
0	0
0	0
0	0
0	0
0	0
0	0
0	0
0	0
0	0
0	0
0	0
0	0
0	0
0	0
0	1
0	1
0	1
0	0
0	0
0	0
0	0
0	0
0	0
67	1146
98	1146
0	11
2	10
5	2
3	0
0	0
0	3
0	1
46	80
0	77
0	76
0	75
0	40
0	0
0	36
0	2
0	22
1	174
0	137
0	40
0	39
0	5
0	150
1	11
0	0
0	33
0	10
0	10
0	6
0	36
0	13
2971	1340
0	43
14	523
0	232
30	229
3	539
142	4130
16	4045
0	330
1	13
1	403
0	328
3	0
2	2509
225	2509
2	742
36	0
0	0
10	83
0	84
0	3
1	1
0	0
79	617
0	357
6	596
0	77
0	11
0	0
69	15
1	11
3	17
0	2
73	1750
7	1748
1	1748
5	1728
0	1326
79	378
2	340
0	1
0	68
0	230
1	118
1	52
43	1609
0	1351
0	891
7	229
0	0
0	0
0	0
0	0
0	0
0	0
376	292
2	192
0	73
0	3
0	38
0	19
157	74
0	74
38	653
0	653
0	45
1	658
0	681
0	515
15	551
0	321
0	352
0	0
0	6
0	1080
59	5622
0	5612
37	5118
1	430
0	517
1	319
2	365
0	321
0	262
13	107
0	104
0	103
1	1
0	0
0	0
2	1
0	1
0	0
13691	6600
8	6598
1	0
0	0
0	0
0	0
16	0
0	0
1	1
0	0
0	0
2267	1334
0	1249
0	101
1	83
0	38
0	561
3	265
836	25
2	0
0	19
0	0
0	0
1	2
6	312
0	11
0	11
0	3
0	6
0	305
0	0
6	1849
0	1849
0	1328
4	42
0	0
3349	28
0	0
0	243
1	243
0	0
0	7
0	7
0	4
0	7
0	2
0	0
0	0
0	166
1	0
1	169
1	108
0	5
0	7
0	6
0	0
24	0
597	545
0	545
756	3031
0	3031
31	2307
0	0
0	91
0	3
0	0
12	0
0	20
2	559
0	102
0	2
1	0
2	544
2	35
0	0
0	0
1	1
0	3
0	3
0	0
133	293
79	290
0	1
8699	0
0	0
0	0
0	0
9	1636
14	1594
0	1615
0	1613
71	843
0	0
0	0
13	0
1	0
36	0
0	0
0	0
0	0
0	0
0	33
0	0
8	33
0	25
0	0
133	149
2	93
9	116
0	115
18	57
0	74
12	0
54	96
0	1
2	89
0	12
1	12
0	0
0	28
55	232
0	3
0	99
1	18
0	7
0	115
1	10
6	96
34	146
1	146
0	8
0	2
0	3
0	3
12	900
2	885
1	840
0	37
0	0
0	0
0	2804
125	2804
0	1386
0	0
0	0
0	0
1164	101
0	101
0	0
0	0
0	0
0	0
0	0
0	0
0	0
0	0
0	0
0	0
0	0
0	0
0	0
169	4325
79	4325
0	0
0	0
0	0
0	0
0	0
0	0
0	0
0	0
563	618
12	632
0	0
0	443
0	56
0	13
108	57
2	0
1	224
9	268
0	216
0	41
411	0
0	0
1142	230
0	230
8	2
4	2
0	2
0	2
0	1
0	1
0	0
456	8797
38	8797
0	0
0	0
0	1
0	1
0	0
0	0
0	0
2	1138
1245	1170
34	32
0	13
1	9
0	13
2	9
11	11
0	138
1	515
4	479
0	268
7	300
3	305
0	43
9	160
427	160
28	358
0	121
0	63
0	243
0	9
0	10
0	26
0	25
0	17
0	6
2	19
0	114
1	118
0	100
0	102
0	90
0	51
0	24
0	3
1	59
3	96
4	97
0	51
0	33
3	3
0	12
6	555
61	572
0	72
0	29
9	269
0	1644
25	1644
0	146
0	187
0	143
0	15
0	0
0	9
37	396
0	302
0	205
0	246
2	268
0	298
0	0
0	27
28	325
13	219
0	1538
0	1561
0	1499
1	1319
2	75
629	180
7	4700
106	4569
7	4338
1	1690
0	211
0	241
0	430
0	119
0	213
0	187
0	293
0	226
0	0
11	200
0	0
0	0
0	0
0	0
0	0
0	0
0	0
1	589
4	559
1	448
0	571
0	76
0	93
0	1
0	31
0	11
29	4209
0	4707
95	4325
39	4369
0	302
0	234
0	885
0	66
0	567
0	347
0	38
0	413
0	540
4	591
8	543
51	344
1	5
4	5
0	4
0	6
0	5
0	9
6	13
0	2
4	0
0	0
0	1
0	1
0	13
0	461
0	2
0	0
0	0
0	102
0	515
0	469
26	557
2	250
0	57
2	105
2	215
0	55
8	0
3819	40
5	40
124	1187
0	1185
6	146
0	2
11	12
0	9
2	3
0	0
8	1144
0	19
1	776
5	0
0	90
0	442
0	49
0	23
19	2
1	952
0	659
0	1
1	1
0	1
0	1
20	211
2	171
2	169
0	77
0	27
0	24
7	28
0	5
3	30
5	27
0	16
0	0
38	0
0	0
0	0
0	0
20	1181
0	1181
0	0
0	0
0	335
6	335
0	0
23	87
0	60
0	27
0	0
0	0
4	1553
3	43
0	0
0	0
0	0
0	0
1	1417
0	1433
0	1481
0	1460
3	1449
0	117
0	65
0	2
0	0
0	0
326	7
0	1
0	0
0	2
0	2
1558	2
0	0
0	0
0	2
0	0
0	0
0	0
0	0
16	97
1	26
0	4
0	72
0	35
0	24
0	0
0	0
0	0
0	0
0	0
0	0
0	0
0	0
0	0
0	0
0	0
0	0
0	0
0	0
0	0
0	0
1	266
9	411
0	6619
0	6591
52	2289
7	0
3	46
0	3
29	46
0	0
0	0
0	0
0	0
9	0
0	0
0	0
0	0
0	0
5	53
0	687
79	27
0	28
0	9
153	3361
226	3361
0	0
2	779
21	1037
0	319
1	568
1	46
2	238
49	331
5	51
14	159
10	735
0	740
0	166
0	744
0	3
0	9
4	1741
3	1741
0	1
0	0
0	0
1	0
0	0
0	0
0	39
24	39
5	27
0	4
41	32
0	32
0	5
22	16
0	6
0	16
1392	288
0	230
0	21
0	49
0	13
237	13
0	0
0	0
0	14085
0	0
0	0
207	14042
3001	15593
8	15552
0	0
510	157
0	157
0	0
0	0
1	0
0	0
3	0
76	174
0	0
0	100
0	1
0	170
0	3
0	5
0	0
8	0
0	0
0	2
0	0
0	0
0	0
0	0
0	0
4	0
0	0
0	0
1	0
0	0
1	0
2	2
184	196
0	0
0	194
0	0
179	160
2	253
0	199
0	8
0	3
2	0
0	0
0	0
4	3850
25	3847
7	521
0	46
1	199
0	33
3	5
0	0
2133	446
20	444
0	0
0	0
0	0
0	29
0	29
0	20
0	20
0	0
5	0
0	0
0	0
0	0
7	584
1	584
3	139
0	0
0	33
2	139
2	7
0	0
468	54
0	18
0	36
73	42
0	38
17	38
6	652
1	617
0	602
0	613
0	291
0	465
0	126
0	344
4	27
0	64
0	5
0	15
0	42
0	42
2	0
0	18
0	11
10	0
4	10
0	1659
4039	2456
2	26
0	1921
0	190
0	193
0	194
0	97
0	183
0	189
0	196
0	192
0	177
1	184
0	52
0	14
0	21
36	4
0	4
0	0
0	0
0	0
0	0
0	0
12	288
121	1143
9	1174
0	173
0	300
13	75
3	99
2	459
0	11
0	10
0	10
0	0
0	0
0	0
0	0
0	0
0	0
0	0
0	0
31	155
0	128
0	137
12	107
0	17
0	24
0	0
0	0
10	7
2	7
0	603
0	12471
0	12467
1	0
0	783
466	12447
1124	609
25	597
59	608
0	609
1433	0
1	8
0	5
0	4
0	11
0	12
0	4
0	2
2	0
0	1
0	1
0	1
0	0
0	0
7	149
0	149
0	0
0	0
0	0
0	0
0	0
0	0
0	0
0	0
0	0
0	0
0	0
0	0
0	0
0	0
0	0
0	0
0	0
0	0
0	0
0	0
0	0
0	0
0	0
2	0
0	0
0	0
0	0
0	0
83	1885
0	1705
9	1522
0	1572
0	0
0	0
0	0
0	184
316	110
2	41
0	55
0	66
0	26
0	13
0	10
0	7
0	9
37	0
0	0
3	669
0	0
0	557
0	338
0	264
0	11
0	10
0	0
1	0
0	135
63	7943
1	0
43	7362
2	8077
17	6486
1292	973
0	890
0	846
0	190
12	28
0	75
4	0
7	264
672	264
1	264
0	0
204	34
0	34
1	29
16	29
2	4
45818	1312
3	405
19	692
4	4
0	5
0	4
0	5
0	3
0	3
0	3
3	0
25139	468
2	466
86	26
1	9
822	1060
4	4
0	654
0	616
0	320
0	255
0	0
0	602
1	604
0	57
0	2
0	2
0	0
50	0
0	98
0	109
0	93
0	48
3	52
0	35
0	42
0	45
0	0
5	3
3	0
0	0
12	127
1	118
0	15
0	17
0	4
0	9
0	9
0	0
11198	31222
0	17307
5	6443
2	0
0	0
5	0
20517	33992
0	0
8	0
3	0
1	0
1852	29506
3	4260
3	126
0	155
41	154
3	14
0	0
0	1
0	1
0	0
0	0
0	0
0	0
0	0
87	2
1	0
6	0
0	183
0	149
0	296
896	397
0	115
1	393
0	55
0	0
0	0
2349	1331
0	161
0	24
41	1146
212	2711
17	2205
3	2508
1	67
0	131
1	214
0	92
0	123
0	332
11	129
1	0
1	0
0	0
29	0
0	0
0	0
9	0
1	0
8	47
1	888
1	579
0	523
2	146
0	897
0	817
0	696
0	905
0	209
0	107
0	21
0	172
1	199
0	269
3	272
0	276
27	276
0	3
2	6
0	0
0	0
13965	4489
1	3733
15	3891
6	2045
0	3499
86	3734
3	2795
0	3869
3	50
1	1589
3	1623
1	351
0	0
312	30
0	13
0	0
0	0
1	17
0	0
0	0
10	130
34	130
0	0
494	31930
23	28536
7	30959
4	7250
0	3268
0	5500
0	0
7	0
0	13
0	11
0	7
0	5
0	6
0	0
9	6
19	6
1	351
1	353
0	43
0	8
0	52
0	51
0	34
0	22
0	2
0	11
0	10
0	13
1	8
0	0
196	2628
1	111
0	128
8	682
17	230
5	2200
2623	2572
0	0
0	2095
2	91
1	97
0	0
0	349
0	765
1	16
2	314
1	0
2601	1326
0	1326
6	95
2518	104
0	104
79	1007
0	430
11	831
4	137
1	187
7	29
0	0
0	151
0	151
0	0
0	0
0	0
0	0
0	0
0	0
0	0
0	0
0	0
5	0
0	0
0	2
0	0
0	0
0	0
0	0
0	0
0	0
0	0
0	0
0	214
3	2
260	215
0	46
0	7
0	6
0	200
0	37
0	5
0	10
1123	294
0	0
0	0
4	286
2	0
0	0
0	5
0	6
127	77
0	45
0	3
0	3
0	0
0	34
0	28
0	58
0	2
0	0
0	0
1	0
7	101
0	85
0	99
0	2
0	152
373	245
12	115
0	19
4	21
0	4
0	4
5	58
0	55
0	0
0	0
117	277
427	275
2	90
0	82
0	36
0	21
0	10
0	1
0	0
0	0
0	0
0	0
8	1300
0	1184
3	22
9	527
0	1129
14	431
0	1154
0	188
0	19
0	155
879	2
0	12
1	419
0	412
5	117
0	32
3	4
2	23
0	7
0	1
10	2336
0	2315
11	2476
0	2153
0	375
2	487
0	362
0	145
9	48
10	85
0	52
1	0
281	4
21	0
61	0
5467	624
18	425
0	616
11	0
1	30
1	27
2	23
0	15
0	8
0	3
0	134
0	109
0	113
3	93
0	18
0	28
0	7
2	0
0	0
0	35
9	51
0	35
0	24
0	22
0	12
0	13
0	3
0	1
1	741
15	741
0	433
0	0
0	0
0	0
0	0
0	0
0	0
919	532
5	2
1	1
0	518
0	3
0	125
4	22
16	0
0	0
0	0
0	114
0	0
0	2866
0	2869
0	985
0	962
0	0
5	8
0	2875
0	6
0	553
0	6
0	6
0	5
0	73
0	5
0	31
0	55
0	0
0	56
0	56
1	6
0	0
0	0
0	4
0	0
0	6
0	1
0	209
0	0
0	0
0	107
4	110
2	107
0	110
0	0
0	7
0	208
0	6
0	17
4339	0
0	0
191	265
0	0
0	265
102	55
1406	66
10	1354
0	4
61	1358
0	46
1115	227
0	168
0	226
0	6
0	6
0	0
24	6
1	101
0	107
3	107
0	0
0	4
0	0
6	2
0	0
0	6
0	2
0	0
0	0
0	0
0	0
0	0
0	7
0	7
9	0
0	0
0	0
0	0
0	0
0	0
0	0
0	0
0	0
0	0
0	0
0	0
0	0
0	0
1	0
0	0
0	0
0	0
0	0
0	0
0	0
0	0
0	0
0	0
0	0
0	0
0	0
0	0
0	0
0	0
0	0
0	0
0	0
0	0
0	0
5	0
0	0
0	0
0	0
0	0
0	0
0	0
51	0
61	4
132	62
11	56
6	25
224	7
17	7
0	0
0	0
0	0
0	0
3	0
0	0
0	0
0	0
1	0
20	0
0	0
46	0
5796	1975
0	1923
1	316
1	52
3	224
0	7
0	278
0	269
0	278
0	0
0	9
0	80
0	17
0	7659
575	7913
0	1335
0	314
1934	0
0	0
0	0
94	335
1	94
14	306
0	166
0	36
0	122
0	75
0	37
0	14
3	98
0	124
4	74
0	65
0	97
1	50
1	27
1	12
6	38
0	1
0	4
0	12
0	8
1	14
0	50
11	2116
0	1937
12	258
22	236
2	164
3	2019
1	27
4	119
2	9
0	10
0	1863
0	0
24	3
0	3
0	0
0	0
13	191
5	180
0	37
0	0
0	0
0	0
2	3
2	4
1584	0
0	0
0	20
0	0
0	20
0	0
0	0
0	3
0	0
0	0
0	0
0	0
1438	6041
28	2087
8	4081
1	1034
5	3508
1	456
4	2652
3	2156
30	979
9	198
11	780
0	556
0	475
12	313
2	43
1	57
0	494
0	215
3	304
1	387
0	33
0	141
0	349
0	32
0	42
0	98
0	80
0	73
0	128
0	116
0	34
0	0
21	227
0	227
0	0
0	0
0	0
0	76
293	76
0	0
0	0
0	0
15	15
0	15
0	0
0	5
0	2
0	0
0	203
173	1888
223	1817
12	1888
0	1806
0	4312
0	9602
28	3349
12	8628
17	1075
4	3545
0	6109
0	7875
1	7757
0	2638
0	6021
0	9360
0	3232
25	4829
0	3651
33	4637
0	2851
0	2304
0	2459
10	2272
0	2984
1	2744
21	1963
12	1061
1	3201
0	1247
31	2185
0	5225
0	194
0	5
7	125
2	1619
18	3202
10	3253
69	3278
0	0
2	25
1	28
0	26
1	19
11	18
2	240
0	67
0	202
0	101
1	25
1	35
0	281
0	20
5	151
0	43
5	106
0	35
0	115
0	32
2	2
0	55
1	2
0	53
0	37
401	159
0	115
0	59
0	53
0	23
0	15
0	22
0	8
0	9
0	2
0	1
0	0
2	38
25	29
1	29
0	18
1537	4680
0	2200
0	1254
3	113
0	0
181	2251
0	594
2	1463
5	1714
0	144
2	1121
0	429
0	505
0	0
0	0
3	0
0	0
0	0
0	0
0	0
0	0
0	0
0	0
0	0
0	0
0	0
0	0
0	0
0	0
0	0
0	0
0	0
0	0
0	0
2	0
0	0
0	1
4	1
0	0
0	0
0	0
0	0
0	0
5	0
0	354
5	354
0	352
3	172
0	23
0	0
1925	826
8	822
5	317
3	24
0	3382
14	1688
25	3412
21	3376
0	2567
1	0
0	0
0	0
0	0
0	0
0	0
0	0
0	0
0	0
0	0
11	400
1	191
250	2962
2	2947
0	0
0	0
37	0
50	3420
130	3420
48	3235
0	90
3	90
0	0
0	2
0	1
0	0
0	3
0	3
0	3
0	3
0	3
0	3
0	3
0	1
0	1
0	0
0	0
0	311
1	219
0	316
0	158
0	251
8	8899
0	10273
65	871
5	9619
0	353
1114	1994
130	1994
0	0
0	1
0	1
0	0
2	0
0	0
0	0
0	0
0	0
0	0
0	0
0	0
0	67
0	0
0	0
0	0
0	0
0	0
0	0
0	0
0	0
0	0
0	0
0	0
0	0
0	0
0	0
0	0
0	0
0	0
0	0
0	0
0	0
0	0
0	0
0	0
0	0
0	0
0	0
0	0
0	0
0	0
4	254
1	250
0	124
0	248
0	40
0	6
0	215
0	0
0	0
0	0
0	0
0	0
127	0
0	0
203	178
0	136
6	42
0	1
0	336
7	414
6	616
2	94
15	1064
8	3171
3	131
3	311
0	3017
0	88
0	191
6	820
0	19
2	28
0	63
51	146
0	146
0	33
2	4
0	95
0	0
220	226
0	0
0	42
2	197
0	123
0	0
0	0
0	0
3	0
1	2
0	2
0	1
0	0
0	0
0	214
7	284
0	268
0	146
0	120
2	13
2	8
0	7
1	0
3	0
0	0
0	0
0	0
0	0
0	0
0	0
0	0
0	0
0	0
0	0
0	0
1750	182
0	79
0	58
0	0
0	87
0	0
746	410
0	410
0	3
0	10
0	14
0	88
0	0
0	10
0	0
0	0
0	0
0	653
9	617
0	650
2	0
0	184
1	184
1	1
0	0
0	0
0	0
143	41
0	39
0	38
23	245
0	3
0	244
0	18
3	0
1	215
0	533
360	801
3	248
2	0
376	839
0	162
0	4
0	604
0	75
1	51
0	96
0	89
0	51
309	4
0	4
0	2
1	198
1	133
0	53
12	2301
166	2255
0	262
1	678
18	595
5	560
5	550
1	433
1	199
1	203
4	171
531	2522
0	0
2	2518
1	1132
5	309
34	2507
16	1396
293	10531
4	9452
11	10210
14	8857
0	588
0	0
5	7
0	0
0	0
0	0
0	0
0	0
0	0
0	0
0	0
2454	1621
32	1621
22	6937
8	7203
54	4544
133	2806
0	82
0	262
3	811
0	428
47	0
3	2029
7	887
14	1514
5	1723
2	454
0	204
0	380
0	40
0	86
0	263
3	21
10	191
0	31
0	60
9	5
0	14
8	1
0	8
43	48
0	0
3	0
0	48
3	1
0	0
0	0
0	0
0	0
0	4
0	0
0	4
0	2
3	3
0	1
1	0
0	0
0	0
11	4076
4	3620
0	1477
0	915
0	84
0	795
2	217
2	535
21	361
0	200
109	5689
88	5689
4	777
0	24
0	28
7	822
0	817
11	787
0	0
0	3
0	27
0	142
0	106
2	4
0	4
0	40
148	42
5	229
11	229
0	71
2	38
55	0
0	0
0	0
0	0
136	866
0	164
2	866
0	176
0	106
33	84
0	80
0	42
0	15
6	16
0	8
0	0
17	0
0	0
71	612
4	11
0	0
2795	1092
0	830
2	671
16	991
3	849
0	244
0	0
0	0
0	0
0	0
0	0
0	0
76	0
0	0
226	556
0	178
1	7
3	255
0	0
0	123
0	115
5671	2971
0	520
0	146
3	2971
0	363
0	59
0	155
0	0
0	1
0	0
536	0
175	228
0	123
16	24
8	162
0	68
1	2
0	104
2584	1
0	0
0	0
0	1736
0	1701
1	1361
0	946
0	77
0	8
0	5
0	190
0	11
0	47
0	1
0	6
0	7
0	0
1002	69
94	69
0	0
0	146
28	0
0	0
0	0
0	0
0	0
0	0
0	0
877	108
0	107
0	104
0	7
0	3
7	4
0	0
0	0
0	3
0	3
0	0
0	0
0	0
0	0
0	0
0	0
0	0
0	0
0	0
0	0
644	2
0	0
1	0
0	0
179	379
0	379
10	355
0	91
2	80
5	283
0	89
1331	124
0	20
3	68
5	103
2	12
0	9
0	4
0	0
0	4
0	0
2	4
0	0
0	4
0	0
59	374
4	777
389	1151
0	2351
0	2356
0	53
50	2344
0	688
0	10
3	688
0	692
28	611
7	130
0	25
0	0
2	24
4	24
0	0
0	0
0	0
0	0
0	0
0	0
0	0
0	17
0	0
0	0
9	0
0	0
0	0
0	0
0	0
897	260
0	231
0	84
0	0
0	54
0	0
0	0
1	0
0	0
2	0
0	943
5392	943
253	424
0	69
0	20
51	367
0	298
0	85
0	30
12	85
1	90
23	45
0	12
0	4
0	7
0	27
0	0
0	28
0	1
0	4
0	17
0	0
0	0
0	0
0	5
0	5
0	0
0	0
0	0
0	0
0	0
0	0
0	1
0	0
573	451
0	165
0	142
0	220
0	43
11	1
1	0
0	1
0	1
70	659
9	651
0	234
0	93
0	35
1	42
0	0
12	0
14	120
0	35
0	85
3	35
0	31
0	18
0	20
0	0
4	0
80	0
1	1606
0	1500
0	272
2	157
44	102
0	0
53	105
2	128
24	1099
589	1101
0	80
0	73
0	0
0	0
0	0
0	0
0	0
0	0
0	0
0	0
0	0
18	354
0	48
1	51
31	332
0	4
1	1153
0	4
0	3
1	0
2043	1150
0	0
0	0
0	0
0	0
1	6
0	0
0	0
0	6
0	6
0	0
3	0
0	0
0	0
277	292
0	289
0	18
0	27
2	1
76	574
0	21
4	169
0	0
0	21
0	535
0	40
0	8
0	58
0	25
0	31
0	0
0	0
0	0
0	0
0	0
0	0
29	18
1	16
1880	20
55	15
0	0
3	1175
136	387
1	380
6	1251
71	742
0	29
2	259
225	2008
0	100
2	23
0	259
13	1775
0	423
30	1452
0	31
0	364
0	11
0	433
0	527
0	85
0	120
0	38
0	5
92	2243
8	0
5	1541
1	337
25	2294
4	1452
3	61
0	12
0	0
0	3
1	4
0	1
8475	4234
1	3712
4	899
0	0
0	0
0	0
1386	73
0	0
0	34
0	63
0	0
2	590
2	366
0	500
0	61
8	514
0	18
0	71
1	80
0	5
0	5
1	3
0	0
0	1320
36	1368
165	1271
5	725
0	0
1	8
0	0
0	232
0	243
1	237
157	269
0	0
0	5
0	7
0	2
0	0
0	0
0	14
0	39
0	162
0	0
0	0
0	0
0	0
0	0
7	0
0	0
0	0
0	0
5	17
0	29
124	34
0	22
0	0
0	0
0	0
0	0
0	0
0	0
2	137
649	632
1	574
0	324
0	96
0	0
1	0
1	0
126	16
0	8
0	8
0	0
67	0
0	0
12	883
6	277
0	693
15	415
0	0
123	0
0	0
23	55
1	55
0	0
0	0
0	14
0	26
87	26
0	0
11	150
0	187
2	298
1	260
0	10
1	4
3	1347
20	1331
63	1322
0	1094
1	575
2	343
1	46
0	0
0	0
0	0
0	0
280	34
0	30
0	28
0	20
0	20
18	23
0	19
0	9
0	5
0	6
0	6
0	4
0	0
0	0
0	0
0	0
0	0
53	40
2	37
0	0
1	0
0	142
2	3
0	0
0	3
0	0
0	0
0	0
0	0
0	6
0	6
2	2
0	0
0	122
0	538
1	12
2	90
0	552
0	91
0	41
0	13
0	9
0	462
0	8
0	18
0	389
0	417
0	18
0	13
1	10
0	236
0	28
0	0
2069	49
0	45
0	0
0	0
0	0
132	6335
7155	6980
91	2607
0	0
0	96
2	158
1	1364
0	782
0	305
0	1402
20	0
49	615
6	555
2	21
0	32
6	118
0	47
0	52
0	61
0	0
110	1599
4	1550
54	1492
1	33
0	748
0	929
1	25
1	469
0	0
0	300
0	84
0	318
10	131
0	76
1	4
0	11
0	25
11	25
0	1
0	2
0	12
0	10
1	4
0	6
0	0
0	0
392	4
0	0
0	30
4	38
0	26
0	26
0	2
0	158
2	62
2	160
0	111
0	108
0	131
21	372
9	418
0	53
2	6761
0	6761
6	2288
23	1206
0	538
1	371
1	686
0	43
0	0
41	0
81	19
5	142
0	19
19	1175
0	996
0	354
0	259
0	297
11	1144
4	258
24	546
0	807
0	323
39	307
33	161
19	215
4	9
32	165
0	4421
0	533
0	1638
0	4453
0	795
0	74
0	215
0	304
0	230
0	97
0	177
0	177
0	0
0	169
692	0
1200	75
2	28
0	53
0	0
28	1517
132	1510
1	1083
2	823
1	129
0	180
15	3874
0	168
2	2221
2	3114
0	2524
0	269
14	54
0	657
0	107
26	2572
3	372
0	415
0	580
0	535
34	609
4	586
0	268
7	504
4	216
5	424
5	184
0	123
20	262
5	109
0	70
16	0
0	9
0	9
0	4
0	6
0	15
14	18
1	17
28	2562
0	2534
0	1695
0	1684
4	2255
9	1745
4	325
0	233
0	233
2	97
0	84
0	413
0	21
0	42
0	408
0	20
0	313
0	0
0	0
0	4
0	388
0	383
3	54
0	19
0	169
0	11
0	0
0	148
0	173
0	212
0	185
0	167
0	201
0	13
2	59
0	24
34	83
0	59
26	124
2	20
0	94
0	12
18	85
4	18
1	5
2	86
12	1515
0	1703
20	1646
2	1590
0	236
2	112
0	78
0	69
0	139
0	58
0	75
3	30
0	15
0	41
0	37
0	32
4	3
0	5
0	5
0	0
0	0
0	0
0	0
0	0
11	131
17	774
6	2156
0	4
0	97
27	2156
0	109
0	64
3	62
0	64
1	58
0	1
0	0
134	0
0	0
13	22
0	15
8	1513
16	4
0	3
65	5001
0	5080
13	5120
0	4688
1	3153
0	1433
6	632
16	812
0	30
0	0
0	0
0	0
34	955
57	955
0	30
0	61
1	68
2	0
0	0
6	0
562	1082
0	787
0	550
18	328
0	194
0	91
0	0
0	0
0	0
22	1856
0	14
3	22
3	29
0	1806
61	2212
3	2062
77	1791
0	1194
0	671
19	781
0	729
0	225
0	164
0	103
0	60
2	41
0	39
2267	0
0	0
0	6
0	6
3	0
0	0
0	0
0	0
0	0
2255	360
95	360
189	1587
0	1383
0	0
0	462
8	252
0	254
0	567
0	119
0	576
8	453
0	350
0	467
0	332
4	533
0	1
10	157
0	2
1	95
0	89
0	92
189	418
0	373
0	161
0	20
0	8
0	211
0	34
0	34
0	0
0	0
0	4
0	0
9	1851
30	2085
0	607
0	673
0	243
0	242
0	632
7	519
0	44
2	68
0	170
53	361
14	278
0	170
14	128
1	30
1	93
0	1
0	1
0	0
10	844
0	864
0	0
0	0
0	787
0	807
0	169
3	664
0	809
0	785
0	36
0	41
0	79
0	6
0	125
389	2412
110	2461
185	2135
0	601
13	0
0	0
2	427
0	421
0	499
0	229
0	439
0	361
0	343
1	449
4	104
0	81
0	86
0	2
2	95
0	93
0	9
0	9
0	0
4	121
0	108
0	4
2	2
1	6
0	157
0	177
0	161
0	1
0	18
29	0
0	113
0	23
0	0
0	16
0	5
0	15
0	11
2	0
0	0
6	61
0	7564
0	18831
238	34538
74	26285
2	32117
82	15488
2	1700
6	6631
8	1661
39	5167
14	311
1	102
889	0
5	59
1	52
3	8
0	0
0	1
0	94
0	1714
1	89
1	1714
1	643
2	444
0	145
0	151
0	1
0	66
35	223
4	28
0	175
0	995
3	145
285	649
8	599
0	50
129	557
10	1560
7	126
2	646
5	260
0	0
0	142
0	75
0	0
0	765
0	0
0	0
0	0
0	0
6	0
0	0
0	0
0	0
0	0
2	0
0	0
0	0
0	0
0	0
0	0
0	0
0	0
0	0
0	0
1	0
0	0
0	0
0	0
0	0
0	0
0	0
0	0
0	0
0	0
0	0
0	0
0	0
0	0
0	0
0	0
0	0
0	0
0	0
0	0
0	0
0	0
0	0
0	0
0	0
0	0
0	0
0	0
0	0
0	0
0	0
0	9
0	9
2	9
0	0
0	0
0	0
0	3
0	0
3	15
3	15
0	0
0	0
31	8
0	2
0	8
0	2
1074	20
1	17
1	0
0	3
0	10
0	126
1	126
2	12
0	4
0	86
0	87
0	1
1	162
0	4
0	6
0	3
0	12
0	3
0	11
0	0
1599	0
0	0
0	666
0	745
0	788
0	576
0	399
1	88
0	36
2	306
0	84
0	196
1	171
0	40
0	127
0	2
1	2
0	0
0	2
0	0
219	1182
5	1163
0	120
0	57
0	123
0	28
1	72
0	73
2	236
2	34
111	223
25	244
0	59
0	0
0	0
0	0
1079	991
0	991
1	479
1	0
0	504
666	462
0	457
1	25
13	23519
131	24954
3	2890
0	266
0	4559
0	3724
1	3172
45	1769
1	7527
0	164
0	3206
1	1
0	1
448	1802
1	1195
0	225
4	282
0	309
0	528
0	9
8	227
0	137
0	479
0	0
3	0
0	0
0	0
2	76
0	0
13	255
0	10
1	10
0	1
3	15
0	0
0	62
0	11
0	9
0	244
0	89
0	4
0	0
0	252
0	206
0	351
0	273
0	194
6	290
0	271
0	240
0	185
0	277
1	138
0	59
0	182
0	174
16	46
0	46
0	1173
0	1146
4309	0
4	1198
1	416
7	816
5	1139
1	214
12	861
0	81
133	6298
0	235
0	6143
0	101
0	90
0	301
0	257
0	825
1	1079
1	28
0	144
0	123
0	4996
3	4793
0	1466
0	4970
0	4839
0	1419
0	1464
0	55
0	105
0	4967
2	2319
1	117
0	4941
0	101
0	4990
0	66
0	108
0	4765
0	151
0	33
0	81
0	343
0	0
0	104
0	94
248	2374
0	8870
614	9476
52	1988
4	858
0	711
2	753
0	685
0	701
11	595
4	123
0	111
0	85
0	43
0	39
102	529
22	348
1	419
4	159
3	13
0	13
0	12
0	8
0	87
0	206
0	185
0	140
0	130
0	143
0	174
0	18
0	0
1	70
0	0
0	0
0	0
0	0
7	1615
0	0
0	0
0	0
0	0
0	1
0	0
0	0
6	1
22	510
0	25
2	422
0	2
1	437
0	47
0	0
0	0
0	0
98	28
0	28
0	506
0	805
0	748
10	737
0	799
0	9
2	467
0	595
0	31
0	61
0	56
0	129
0	92
0	39
0	34
0	56
2008	58
0	36
2	36
2	34
143	0
0	0
0	29
0	29
0	43
1	432
3	36
1	28
0	42
4	66
22	71
0	410
0	0
0	0
2	0
0	221
0	40
100	497
6	497
6	23
0	24
0	23
0	18
0	1
2	1
341	1394
0	503
0	3
0	684
0	1199
0	0
0	50
3	1184
0	3
0	7
0	6
0	7
0	7
0	3
0	0
0	0
0	0
0	0
0	0
0	0
0	0
1	13
0	0
0	0
666	873
0	796
0	864
0	166
1	2
0	8
0	23
0	53
0	16
0	0
0	0
63	3284
0	3230
0	70
0	25
1	68
441	898
25	875
0	0
0	0
0	0
0	0
0	0
3	648
2	0
0	0
0	110
0	0
2	23
0	0
0	0
0	336
3	331
1	30
7	201
0	0
1	91
0	62
0	1
48	23
0	14
620	1080
0	1073
4	1023
0	292
0	0
0	0
0	0
0	0
0	0
0	0
0	0
0	0
0	0
0	2
0	2
0	1
0	2
0	2
0	2
0	2
0	0
0	0
0	0
0	0
0	0
0	0
0	0
0	0
0	0
0	0
0	0
0	0
3	5
0	0
0	0
0	0
0	0
0	0
1	9037
0	8063
0	8050
1	98
0	3176
0	139
1	220
20	2395
2	8206
0	719
0	770
0	262
0	211
0	8078
0	7897
0	201
0	670
1	419
0	0
0	152
0	1484
0	281
0	589
0	0
0	211
0	716
0	0
0	1
0	0
0	0
4	122
0	101
0	30
1	58
0	19
7	0
0	0
1	0
0	0
0	0
1	0
0	0
0	0
0	0
0	0
5	10
0	10
20	636
0	20
0	648
0	5
0	245
0	0
0	0
39	0
40	288
168	288
154	273
0	153
0	0
0	22
4	12
0	40
0	13
3	20
4	13
0	11
0	0
0	10
0	36
0	37
0	20
0	0
0	0
0	0
3954	0
7	2
1	2
684	86
0	84
0	0
0	0
0	0
0	0
0	0
0	0
0	0
0	0
0	0
0	0
0	0
0	0
0	9
0	0
0	21
0	13
0	2
29	8
0	4
0	0
0	6
685	658
0	1
0	0
0	0
0	0
6	0
0	0
3	0
0	0
0	2
0	18
0	20
0	20
0	0
0	0
0	1
0	15
0	19
0	21
3	0
43	9
0	8
0	1
0	0
0	0
12	64
0	64
0	0
0	0
0	0
0	0
43	173
0	174
8	63
192	104
0	69
0	0
0	0
22	19
0	0
0	0
0	0
15	6
0	6
0	6
0	0
0	0
0	0
1	0
0	43
743	51
0	32
0	36
0	20
0	0
0	0
0	0
0	0
45	2431
0	2057
110	518
23	232
0	46
20	166
0	0
863	279
0	279
0	2
399	95
3	97
0	7
0	0
0	115
0	109
0	82
0	0
0	5
0	171
3	214
0	207
0	60
0	192
0	20
0	68
0	1
0	78
0	0
0	0
0	6
1426	389
0	125
0	302
0	342
0	375
0	368
0	38
1	5
1	0
2	0
12	0
0	0
0	0
0	0
0	0
0	0
42	0
0	0
0	0
219	41
0	36
10	15
0	0
0	0
0	0
0	0
0	0
0	0
0	0
0	0
37	0
0	656
0	679
0	55
0	21
0	0
1	5
0	4
1	0
0	0
0	1355
2	1381
5	855
1	873
10	551
8	294
27	406
0	84
0	69
3	365
2	316
0	204
0	10
0	146
0	45
0	0
0	41
0	20
538	0
0	0
0	0
0	0
0	0
4	0
0	0
0	0
0	0
0	0
987	109
0	103
0	0
0	25
0	9
2	583
0	583
0	99
0	24
2	65
1	55
2	1
0	0
0	2
0	2
5979	1267
96	1221
0	0
13	0
0	0
1297	7394
502	6847
59	6865
3	178
1	894
3	256
0	0
0	0
3	0
0	0
0	0
0	0
0	1505
0	0
40	0
28	1970
0	215
12	1839
0	1349
0	639
3	38
0	0
2	0
70	0
7	0
0	0
36	2082
14	628
0	2087
0	1988
13	2043
0	1312
0	0
1	5
0	0
54	918
0	0
0	181
0	0
1	9
1	75
0	7
0	5
0	82
0	74
25	0
0	1
3	1
302	35
9	33
8	9
15	10
1397	0
386	189
0	159
0	116
0	46
513	314
0	312
0	49
0	0
0	148
0	157
0	0
0	0
1	0
0	0
1069	0
0	0
0	0
4	243
0	279
0	147
0	72
6	284
0	275
0	109
0	99
0	96
0	31
0	31
0	15
326	1452
0	1445
0	1448
0	0
8	189
0	188
0	185
0	185
0	190
0	190
2	11
1	2
0	2
0	0
0	0
0	0
0	0
1176	0
0	0
0	113
0	188
36	173
0	30
0	0
0	0
0	99
0	668
52	668
0	0
0	1
270	190
0	5
0	190
0	0
0	0
93	145
0	142
4	76
0	703
168	750
0	10
0	28
0	8
0	174
0	120
0	0
2	49
1	0
0	0
0	0
0	0
0	0
0	0
0	0
0	0
1	9
0	9
0	0
2	809
0	17
0	0
0	2
0	4
0	1
0	792
0	78
1	155
36	4488
0	4774
0	4532
0	4373
0	6
0	74
4	4297
0	4102
0	4117
0	480
0	0
2	675
0	364
0	0
0	2941
0	191
0	31
0	805
0	133
0	538
0	129
0	1963
0	272
0	0
0	0
0	1
0	1
0	1
0	1
0	0
0	0
0	0
0	0
0	0
0	0
0	0
1	1989
0	1393
69	2004
0	2012
0	589
28	654
1	16
0	19
0	11
0	14
680	417
0	306
0	103
0	357
0	88
0	60
0	91
0	357
0	55
1	32
0	86
0	39
0	13
221	77
0	65
0	79
0	37
0	12
0	34
5	50
0	0
0	6
0	14
0	29
0	0
0	17
0	0
39	16
0	12
0	1
0	3
4	4
691	9507
250	7733
10	4631
3	5431
16	1102
11	7739
7	7731
78	7725
178	14
0	0
0	2
0	0
0	8
1	4
0	0
0	352
0	352
6	352
2	77
1	37
0	622
94	622
0	10
1	9
6	9
688	512
0	174
1	17
1	5
0	506
2	61
0	37
0	67
0	55
0	64
0	55
0	2
2	92
0	4
223	272
0	271
0	8
0	0
13	149
0	0
0	0
0	0
0	0
0	0
0	0
0	0
0	0
9	2229
4	2001
2	194
1	1733
0	7
0	84
0	14
78	496
0	496
0	0
200	297
0	28
0	2424
0	2391
0	32
2	329
1	378
11	2459
17	372
0	383
5	2157
4	3693
3	3504
1	3689
0	3449
18	2116
0	1944
14	1338
5	405
0	0
0	18
0	2
0	0
0	1
0	1
0	34
0	53
0	9
0	53
0	6
0	4
186	157
0	33
0	2
0	10
0	0
0	0
0	0
0	9
0	1
5	120
5	0
0	0
0	0
1	0
853	106
2	45
4	63
6608	37
0	0
2	35
0	0
279	188
3	131
6	154
0	0
0	20
0	40
0	38
0	0
0	0
36	18
0	12
0	0
0	0
0	6
0	0
3	33
0	389
0	400
0	0
0	2
1	60
0	3
0	51
0	49
1364	1651
1	1651
0	0
10	73
0	14
36	73
0	0
0	0
20	0
0	0
0	0
0	0
0	0
0	105
81	12
0	12
0	14
0	14
0	9
0	0
0	0
0	0
0	0
0	1
9	1
0	0
0	0
1433	770
0	37
0	73
0	28
0	283
0	44
0	687
0	88
0	37
92	0
65	690
1	673
2	250
61	19
21	113
0	33
0	36
3	31
0	101
0	29
0	29
0	0
0	0
0	0
0	0
0	0
0	0
0	0
0	0
0	0
0	0
0	0
0	9
0	0
0	0
0	0
0	0
0	0
0	0
0	0
0	0
0	0
0	0
0	0
0	0
0	0
0	0
0	0
0	0
0	0
0	0
0	0
0	0
0	0
0	0
0	0
0	0
0	0
0	0
0	0
0	0
0	0
0	6
0	6
0	1
0	0
0	0
0	0
0	0
0	0
0	0
0	0
17	2
0	0
0	2
0	0
0	20
0	20
0	1
0	19
0	1
0	0
142	385
0	96
4	241
0	16
0	0
0	5
0	14
0	16
0	2
0	4
32	384
0	282
0	9
0	1
2	23
0	0
0	12
1	14
0	14
0	14
0	3
0	12
0	3
2	9
0	0
4	2
1	280
12	284
0	60
2	15
0	1
67	60
0	2
1	0
0	0
0	0
0	0
0	423
0	0
0	0
0	423
0	0
0	35
0	16
129	57
0	57
2	1
19	3
0	0
0	3
0	3
0	0
0	0
0	0
0	2
0	2
0	0
0	0
0	2
6	53
0	53
0	35
0	35
0	25
0	2
0	0
0	11
0	7
0	0
12	6
0	5
472	48
0	48
23	243
6	241
0	47
0	0
0	0
0	1
0	1
0	0
0	0
0	0
0	0
1113	3021
0	902
3	773
0	9
737	163
5	5
0	2
0	2
0	2
0	154
0	0
0	0
0	0
2364	64
0	61
33	0
0	0
3344	381
6	296
0	91
0	138
0	0
0	0
0	0
0	81
2	0
9	15
0	0
9	15
610	1775
0	523
19	1417
3	558
0	1123
0	3
3	8
1	8
0	6
0	0
0	2
0	0
15	3
0	3
4010	433
0	433
0	0
0	0
2	0
3	0
0	0
635	129
0	0
0	129
26	1010
2	1058
0	13
1	5
0	62
0	76
0	76
0	98
0	25
0	12
0	3
0	0
0	13
0	12
0	12
3	2
0	2
0	5
0	21
1	21
361	20
0	14
0	2
0	0
2	543
8	530
1	477
0	91
0	0
0	31
0	131
0	319
0	96
0	18
52	2
0	2
0	0
1	0
0	0
0	0
0	0
0	6
0	296
0	6
602	308
0	6
0	0
7	0
0	0
0	0
0	0
0	106
0	2375
0	97
0	97
0	5
0	0
0	0
0	0
0	0
0	0
0	0
0	0
0	0
0	0
24	1271
1403	2522
0	0
133	279
1	93
0	0
0	0
5450	3558
20	3556
0	0
0	53
0	0
0	0
0	0
0	0
0	0
26	0
0	0
0	0
0	0
0	0
208	8
1041	262
0	0
0	0
0	0
0	0
0	8
0	7
0	0
0	1
4	0
0	0
0	1
0	1
0	0
0	0
0	0
0	0
0	0
0	0
0	0
0	7
0	8
0	0
0	0
0	0
0	0
0	6
0	6
0	0
0	0
1	115
2	117
0	15
0	40
0	43
0	1
0	24
0	5
0	7
0	7
0	0
0	39
0	39
0	8
0	1
0	0
0	30
358	42
0	34
3	31
0	37
0	8
0	8
0	8
0	2
0	0
0	0
0	0
1143	7003
40	7022
0	1559
0	579
0	461
6	54
2	1218
224	1227
10	1204
0	605
0	184
0	0
0	0
1	184
0	762
0	908
60	779
1	0
0	3
0	21
26	120
0	13
0	5
0	4
0	0
0	86
0	6
0	21
0	1
0	5
0	0
0	5
0	3
0	0
0	0
447	0
0	0
13	18
0	1
0	13
0	6
0	3
367	93
0	71
0	52
2	23
9	2
0	2
0	2
0	0
0	0
0	2
0	2
0	2
0	0
0	0
0	0
0	0
0	0
0	0
0	0
0	0
0	0
0	0
0	0
0	0
0	0
0	0
0	2
0	1
1	270
0	10
0	269
563	318
0	139
0	107
0	140
1	76
0	73
0	19
0	29
150	595
0	595
0	3
1	0
0	0
0	0
311	3205
0	2847
0	596
3	593
0	654
0	578
0	228
0	222
0	0
0	36
21	41
0	0
0	0
0	0
0	0
2	0
0	0
0	0
0	0
0	0
0	0
0	0
0	0
2	0
0	0
3	19
0	18
0	18
0	0
0	1
11001	2
397	120
5	112
0	0
0	3
0	12
0	3
0	25
0	25
0	7
0	9
0	0
0	1
0	0
0	0
0	0
0	0
0	0
3	0
0	0
0	0
0	0
1176	10
0	0
0	0
0	0
385	952
0	0
96	157
0	2
0	2
1	38
0	3
9	148
0	2
158	167
0	38
0	69
0	0
0	0
0	0
0	0
0	0
0	0
0	0
0	0
0	0
0	0
0	28
0	0
0	0
0	0
0	0
0	0
0	0
0	0
0	0
0	0
0	0
0	0
0	0
0	0
0	0
0	0
0	9
0	0
0	11
0	11
0	0
0	309
3	320
24	308
0	50
0	13
0	20
0	0
0	1
0	24
0	24
0	0
0	2
0	21
0	0
0	0
0	19
24	2
0	0
0	0
0	0
0	0
0	0
0	0
124	611
0	611
2	71
0	348
0	0
0	702
0	730
5	775
0	557
157	886
15	786
5140	880
0	845
0	685
0	791
0	0
164	29
2	28
0	23
0	15
0	8
2	8
0	1
0	0
0	0
0	0
0	0
0	0
0	0
0	0
2	15
0	32
0	34
4	68
1	61
0	0
0	19
0	0
0	0
0	0
0	0
1	1058
0	0
1	0
0	0
0	0
229	115
0	110
0	115
0	5
1	114
0	103
0	0
0	0
1589	656
0	415
15	443
0	13
0	35
0	386
1	74
0	0
0	0
0	0
0	0
0	0
0	0
0	0
0	0
0	0
0	8
0	0
0	0
0	0
0	0
0	0
0	0
0	0
0	0
0	0
0	0
0	0
0	0
0	32
0	33
0	32
0	33
0	0
0	1
635	0
0	0
146	53
4	48
0	48
0	5
0	6
0	4
0	0
132	8641
0	5829
36	6593
0	2604
1	475
223	18
65	455
0	41
0	414
1	253
58	2022
5	2095
0	389
21	402
6	113
0	223
4	179
166	0
0	0
1	6
0	0
3	6
0	385
0	8
0	14
0	392
0	7
0	7
0	5
10	13
0	0
0	0
0	47
0	11
0	256
0	7
0	23
0	0
0	0
1	0
0	0
0	0
0	4
0	44
0	57
0	59
0	58
0	51
13	58
66	58
669	651
4	435
0	260
0	192
0	118
0	80
0	0
0	0
27	8
0	8
0	0
0	0
0	0
0	0
0	0
6	0
0	0
0	5
0	5
0	1
3844	89
0	50
0	35
81	174
0	156
1	86
0	85
0	66
1	6
4	18
2	0
118	272
11	272
0	4
0	0
0	0
0	2
0	9
0	12
0	21
2	22
0	0
0	0
0	0
0	0
0	0
384	31
0	0
0	0
0	20
0	0
0	1
0	20
43	27
47	0
0	0
0	0
0	0
0	0
0	0
0	0
0	0
0	0
0	0
0	0
3	0
479	138
0	28
0	8
0	0
0	38
1	113
0	115
14	284
0	279
0	220
0	11
0	0
0	18
1	3
0	13
1	1
0	6
0	18
0	0
0	3
0	10
0	3
0	0
0	0
0	0
0	0
748	407
6	252
0	47
3	0
7	132
0	0
0	0
764	1687
36	1632
0	519
39	339
24	304
1	110
0	0
0	0
0	0
0	0
0	0
0	0
0	0
0	0
0	0
0	0
0	0
0	0
0	0
0	0
0	0
0	0
0	0
0	0
0	0
0	0
0	0
0	0
0	0
0	0
0	0
0	0
0	0
0	0
0	0
0	0
0	0
0	0
0	0
0	0
0	0
0	0
0	0
0	0
0	0
0	0
0	0
0	0
0	0
0	0
0	0
0	0
0	0
0	0
0	0
0	0
0	0
0	0
0	0
0	0
0	0
0	0
0	0
0	0
0	0
0	0
0	0
0	0
0	0
0	0
0	0
0	0
0	0
0	0
0	0
0	0
0	0
0	0
0	0
0	0
0	0
0	0
0	0
2	0
0	0
0	0
14	230
0	43
3	116
0	220
3	8
0	0
0	39
0	44
1	44
0	9
0	0
0	0
115	646
33	656
0	329
0	252
0	0
0	0
136	65
0	37
0	0
0	0
2	28
0	3
0	1
2	1
0	0
0	0
0	0
0	0
0	0
0	0
0	0
0	0
0	0
0	0
0	0
0	0
0	0
0	0
19	203
1	216
0	211
0	4
0	11
0	6
0	1
15	0
95	18
3	3
0	0
0	12
2	0
0	8
146	24
0	0
0	24
0	0
0	0
0	0
0	0
105	13
0	11
0	7
0	3
0	0
0	0
0	0
0	0
0	0
0	0
0	157
397	160
13	254
0	254
1734	104
3	104
0	1
2	476
0	0
34	0
0	0
0	0
0	0
0	0
0	0
0	0
0	0
0	0
0	0
0	0
1	1709
138	1709
0	0
0	0
37	30
3	17
0	29
0	0
0	0
0	0
0	0
2973	1153
0	0
0	1036
0	1060
3	395
0	48
0	88
0	0
0	0
0	0
0	0
0	0
0	0
0	0
0	0
0	0
0	0
0	0
0	0
0	0
0	0
0	0
0	0
0	0
0	0
0	0
0	0
0	0
0	0
17	204
0	6
0	115
0	107
0	210
0	169
0	52
0	0
0	0
0	0
0	0
0	0
0	0
0	0
0	0
0	0
0	0
0	0
0	0
0	0
0	0
0	0
0	0
1	1
0	0
1	785
0	796
1	13
0	33
0	6
2	42
0	6
0	0
0	0
0	0
0	0
0	0
0	0
0	0
0	0
0	0
0	0
0	0
0	0
0	0
0	0
0	0
0	0
0	0
79	914
0	815
0	915
16	839
0	338
0	19
0	20
1	79
0	110
0	213
0	0
0	3
0	21
0	0
0	0
0	0
0	0
0	0
0	0
0	7
0	0
0	0
0	0
0	0
0	0
0	0
7	0
0	0
0	0
0	0
0	167
0	323
0	333
0	0
0	0
0	0
0	0
1	47
0	0
477	231
0	230
1	33
0	0
0	0
10	21
0	17
0	17
0	4
0	2
0	0
0	0
0	0
0	0
0	0
0	0
0	0
340	90
0	90
0	7
0	1
0	1
0	0
0	0
0	0
0	0
27	395
0	0
0	0
0	0
1	0
0	0
0	0
0	0
0	0
0	0
0	0
0	0
0	0
0	0
0	232
0	237
0	2
2	14
0	5
0	0
0	4
0	4
0	0
2	5
0	1
2	3
0	5
0	3
2	5
0	0
2	0
0	0
0	0
0	0
18	0
0	0
0	0
0	0
0	7
0	6
0	0
0	0
0	0
0	1
0	0
0	1
0	0
0	0
0	0
0	0
3	0
0	0
0	1
0	1
0	0
0	0
0	0
0	0
0	0
0	0
0	3
0	3
0	3
0	4
0	3
1	3
0	3
0	3
0	0
0	1
0	0
0	0
0	0
0	0
0	0
0	7
271	27
5	26
0	6
0	6
0	10
0	79
0	0
166	199
0	79
0	0
0	0
0	0
0	212
3	214
0	72
0	49
0	22
0	35
0	12
0	1
0	0
0	0
0	0
0	0
0	16
0	16
18	25
0	21
0	0
0	0
0	0
0	0
0	0
0	0
0	0
0	0
0	0
0	0
0	0
0	0
18	85
526	87
1	38
0	0
0	0
0	0
0	12
0	0
0	0
0	0
0	0
0	1
0	0
0	0
0	0
0	0
0	0
0	0
0	0
0	0
0	0
0	0
0	0
0	0
10	0
0	0
0	0
0	0
0	0
0	0
0	0
0	0
0	0
631	78
0	78
0	0
644	158
7	47
0	132
0	66
0	0
26	2926
0	810
85	3245
594	4087
1	2924
0	1546
1	359
33	1346
1	348
9	98
1	0
28	217
3	78
201	85
0	14
0	12
0	5
0	0
1669	51691
2	21364
0	37711
0	46498
3065	51418
0	46340
0	47756
0	8352
9	0
1	2377
3	18846
3	1862
0	0
2	0
0	0
0	0
0	2
42	2
1	4
0	0
1	184
54	558
101	80
1	80
0	16
0	0
35	0
0	0
0	0
0	0
0	0
0	0
0	0
0	0
0	0
0	0
0	0
0	0
0	0
46	470
4	436
3	71
7	117
490	57
1	57
0	0
379	19
0	19
0	3
17	79
0	56
0	2
0	2
16	25
0	4
0	67
2	17
0	5
0	5
0	4
677	1556
0	1385
0	1232
3	423
2	81
0	94
1	48
0	149
1	253
0	220
16	13
5	13
0	0
0	103
3	0
0	0
179	31
0	0
0	31
0	0
0	0
9	0
0	242
0	266
0	266
0	206
0	193
0	219
0	190
0	23
0	170
0	156
0	156
0	0
0	0
0	0
0	0
0	0
0	0
1	0
0	0
0	0
0	0
0	0
0	0
0	0
0	0
0	0
0	0
0	0
0	0
0	0
0	0
0	0
0	0
0	0
0	0
0	0
0	0
0	0
0	0
0	0
0	0
0	0
0	0
0	0
0	0
0	0
0	0
0	0
0	0
0	0
0	0
0	0
0	0
0	0
0	0
0	0
0	0
0	0
0	0
0	0
0	0
0	0
0	0
0	0
0	0
0	0
0	0
0	0
0	0
0	0
0	1434
0	1639
4	1167
2	1635
0	41
14	1079
0	1060
0	418
9	102
0	9
0	4
0	2
0	2
0	2
0	0
0	2
0	0
0	0
5714	4954
37	4955
0	30
3	345
2	338
23	321
0	73
1	5
0	1
1	9
0	0
0	0
2	15
0	0
0	0
0	0
358	255
0	247
0	16
0	0
0	0
0	0
1	0
0	0
0	0
0	0
26	160
0	154
0	13
0	16
0	0
0	0
2	16
88	18
0	7
0	11
0	2
0	1
0	0
0	59
0	59
0	59
0	46
0	65
0	56
0	53
0	53
0	0
0	13
2	0
2	0
199	863
0	197
0	623
0	206
0	322
2	263
0	82
0	0
24	3944
0	4022
0	4022
1	3239
0	182
8	73
0	139
3	97
0	0
0	78
0	381
0	257
0	0
4	6
0	0
0	0
33	60
0	60
0	0
0	4
0	0
0	0
0	7
0	19
0	0
3	23
0	23
0	2
5	278
0	0
0	0
2	0
0	0
4	0
1142	0
0	0
4783	2
0	0
0	0
0	0
0	0
0	0
0	0
0	0
0	0
0	0
0	0
49	425
0	180
64	338
2	402
0	45
0	116
0	123
0	241
5	245
0	47
0	57
0	5
0	0
0	0
0	15
0	15
1	13
0	0
256	1188
4	1144
3	965
3	19
2	50
0	28
0	71
0	41
0	0
0	0
0	135
451	1499
0	240
0	1259
2498	916
0	638
1	358
3	0
3	191
0	193
0	13
0	0
3	980
0	902
0	69
0	114
0	965
0	11
0	414
0	429
0	86
0	132
0	55
0	17
0	5
2	1159
65	706
1	1131
0	1174
210	640
0	542
1	659
0	76
0	3
1	329
0	17
0	37
0	86
0	9
0	8
0	52
0	94
0	88
0	91
0	83
0	103
0	23
0	44
1	45
0	60
0	6
0	7
0	1357
0	0
0	0
4	971
2	797
0	218
0	279
0	315
0	535
5	548
337	101
19	221
3	180
0	33
0	8
0	955
0	1286
0	1741
605	1730
17	385
0	1274
0	1100
0	8
0	56
0	891
3	55
0	78
0	188
0	21
0	56
0	7
0	91
0	2
11	33
0	105
0	96
0	188
0	322
0	52
0	219
0	56
0	93
0	435
0	392
0	435
0	83
0	0
0	0
2107	8035
0	3225
19	3850
7	6221
0	1294
5	735
0	0
0	0
0	0
0	0
86	901
8	204
393	29
0	704
0	3
0	0
0	520
0	0
0	0
0	0
0	0
5	35
0	35
122	201
3	201
0	0
0	0
0	0
0	0
0	0
0	0
10	2569
8	2432
0	2569
0	2419
0	168
0	1452
0	0
0	0
1	0
0	9
522	9
0	0
22	6
0	6
0	1
0	0
0	0
0	1
0	0
0	1
0	0
0	0
0	0
0	0
0	0
0	0
0	0
0	0
0	0
0	0
0	0
0	0
0	0
0	0
0	0
0	0
0	0
0	0
0	0
0	0
0	0
0	0
0	0
0	0
5	54
0	56
0	18
0	16
0	18
0	10
2	37
0	46
0	56
0	7
0	3
0	7
0	0
0	12
4	22
0	8
0	10
0	0
3	1923
0	16
409	2221
1	787
1	9
0	0
0	0
0	0
475	107
0	103
1	1103
0	27
0	21
0	9
21	1070
0	213
0	871
0	133
0	23
0	34
0	0
0	13
0	499
4	23
0	0
0	137
0	158
0	159
0	5
0	13
0	13
0	23
0	4
0	3
0	0
0	9
0	19
0	17
0	0
2	0
0	0
0	0
0	0
0	3
0	18
0	18
10	18
0	1
0	1
0	0
0	0
0	0
0	0
0	0
0	0
0	6
0	6
0	0
0	241
0	281
0	273
0	167
0	22
0	22
0	11
0	0
0	0
0	0
0	0
0	46
0	17
2	0
0	0
13	184
0	6
120	703
55	670
7	670
0	670
0	380
3	407
9	344
0	7383
1	661
0	7
2	603
0	852
2	286
0	8
0	8
0	33
4	89
0	848
0	1
0	2
0	5
2	831
0	16
0	846
2	760
0	7327
0	294
0	0
0	1
1	10
0	6
2	50
0	7396
0	7396
0	4686
0	183
0	99
0	0
0	945
8	1505
0	721
1	1174
0	466
0	0
824	360
0	68
1	225
0	244
0	158
0	45
2	1703
1	361
1	16
0	22
12	1703
0	0
0	76
0	0
4	0
50	140
30	178
0	142
0	66
0	98
0	90
0	0
0	0
0	0
0	0
0	0
0	0
0	0
0	0
0	1
0	1
0	1
0	1
0	0
0	0
0	0
0	1
0	0
0	0
0	0
0	0
0	36
0	38
0	18
0	22
0	13
0	10
0	4
0	10
105	1534
0	18
0	102
0	212
0	145
0	1192
0	0
0	0
0	0
0	0
0	0
0	0
0	0
0	0
95	278
0	168
0	205
0	25
10	221
0	221
18	168
0	12
1	3
0	2
2	2
0	0
0	1
0	0
0	0
2	0
0	9
0	7
0	0
0	0
0	4
1557	146
2	0
0	0
0	0
0	0
0	0
0	0
0	0
0	0
1512	214
0	176
0	50
0	0
2	27
0	295
0	2760
3	2664
2	2527
0	123
0	0
4	53
4	18
0	17
0	11
0	1
2	0
0	0
5	99
0	47
0	33
0	86
0	14
0	18
0	17
0	9
0	13
0	20
0	1134
5	3
0	3
3	1134
0	5
0	9
0	9
0	1296
0	0
0	0
0	0
0	0
0	0
0	0
0	0
0	0
2844	4662
0	3917
2	3917
4	3762
859	374
7	374
0	0
0	0
0	0
0	11
0	11
172	49
0	0
0	48
0	28
0	1
0	2
0	2
0	2
0	2
0	0
0	0
0	0
0	0
0	0
0	0
0	0
0	0
0	0
0	0
0	0
0	0
0	0
0	0
0	0
0	86
0	0
0	7
0	9
0	6
0	0
0	0
0	0
0	0
0	0
0	0
0	0
0	0
69	0
0	171
6	171
0	147
0	92
0	11
0	2
0	1
0	0
0	1
0	1
0	0
0	0
145	110
0	42
0	57
4	8
0	3
0	53
0	6
0	0
0	11
0	13
0	3
2	0
25	295
0	281
0	182
0	161
2	110
2	23
0	6
0	3
0	3
0	21
7	15
0	11
3	22
1	26
0	3
28	21
0	1
0	3
0	1
0	1
0	1
0	1
5	1
0	0
1	32
0	0
0	0
0	0
15	22
0	21
9	16
0	0
9	0
29	60
0	21
228	39
4	6
882	24
1	11
0	0
0	0
127	2
0	2
10	2
0	0
0	0
3	0
0	917
0	0
1	1029
0	20
0	0
0	16
0	0
74	91
0	827
0	978
1	310
136	20
0	3
0	3
0	20
0	7
0	1
1	1
0	0
1	0
0	0
0	0
0	0
0	0
0	0
1	0
0	0
0	171
1	0
0	5
0	1008
0	1044
0	1394
0	1356
0	7
1	9
1	132
0	0
0	0
1709	630
4	0
0	0
1	653
3	653
0	0
1410	0
0	0
0	0
0	0
0	0
0	703
0	0
0	0
314	3
3	3
0	0
0	1110
10	1107
0	937
0	295
4	549
0	915
0	1138
0	529
0	779
10	165
0	394
0	795
1	9
0	62
0	622
33	210
47	18
2	5
0	18
0	0
0	2
940	1478
1	102
27	1376
3	110
0	20
2	0
84	66
4	84
0	1499
0	25
0	67
2	26
1	164
0	0
2	89
18	152
0	1561
0	0
0	113
0	27
7	1588
0	1394
18	1571
1	368
0	292
3	188
21	585
2	6
0	19
0	150
0	0
0	5
0	0
285	703
47	213
87	302
1	383
0	335
0	146
0	0
0	756
0	0
0	328
0	180
10	135
3	204
11	521
0	3
0	0
0	0
0	3
0	3
0	0
0	3
2	3
0	3
0	3
0	1
1848	292
1	290
0	0
0	0
0	0
0	0
18	848
0	829
46	95
7	1
335	429
0	5
0	958
0	1069
1	1089
9	1073
2	158
1	506
0	538
0	22
0	0
1393	480
0	3
1	99
0	20
0	90
1	0
0	0
0	0
0	0
0	0
0	0
0	0
0	0
1	1
0	0
0	3
0	0
0	0
2	0
0	0
0	0
0	0
0	0
0	118
2	118
0	7
2	4
2	2
33	0
328	416
0	0
1	3
0	3
3	771
0	838
1	33
0	12
0	42
0	82
0	321
2	28
0	25
0	0
0	0
0	23
0	1222
0	0
8	1208
58	1204
1	179
0	34
12	178
0	16
0	0
1	17
0	17
0	17
0	17
0	17
0	15
0	0
0	17
6	309
449	4881
1	410
1	4512
33	1454
3	2726
8	8
0	420
0	2517
11	4
25	6
5	678
0	543
0	14
1	46
89	252
2	417
0	4
0	205
0	94
0	271
0	21
29	1542
20	1542
0	6
0	0
0	10
0	22
0	4
0	0
0	0
0	0
0	387
2	9
0	635
0	0
0	0
0	0
0	0
0	0
0	0
0	10
4	2449
0	2413
0	89
0	610
0	603
0	29
0	1093
0	498
0	9
0	9
0	9
0	8
0	8
0	0
5	0
0	0
0	0
0	0
0	0
0	0
0	0
0	0
0	0
0	0
1	0
0	0
0	0
0	0
5	0
0	0
0	0
0	0
156	1499
0	1989
0	111
268	7220
0	7264
0	172
0	0
0	0
505	80
7	45
4	45
22	0
0	44
2	0
5	0
48	80
0	0
1	0
0	41
0	41
3	329
0	1
0	0
0	81
0	43
0	68
0	29
0	79
0	0
0	30
0	39
1	0
0	0
0	0
0	6
0	0
0	0
0	1
0	0
2	235
7	531
942	1581
0	0
0	381
1	814
0	0
0	555
6	662
31	667
0	25
1	258
0	4
0	5
0	2
0	0
1	12
0	0
0	0
108	0
0	0
0	0
0	0
0	0
0	117
15	117
19	0
0	0
0	0
22	36
0	36
0	2
0	2
0	2
746	7
0	7
16	0
0	2
0	0
0	0
0	0
0	1
0	0
0	0
0	0
0	0
0	0
1	2
0	0
0	0
8	399
0	399
0	397
0	400
0	397
0	399
4	108
6	36
3	80
0	33
0	0
0	0
0	8
1	8
0	1
0	6
0	1
0	0
0	0
0	2
1338	406
1	27
6	218
0	42
5	235
0	22
0	2906
239	3240
0	333
0	107
0	623
2	2865
1	429
0	0
0	260
0	116
1	692
1	149
0	0
2	598
3	598
0	74
9	1553
0	1328
24	1062
0	279
0	0
0	363
1	364
25	877
9	876
0	82
0	84
0	31
0	2
0	0
0	161
4593	2299
0	357
0	609
68	1312
0	1590
0	65
2	18
0	0
0	5
0	5
0	5
0	0
0	0
0	0
0	2
0	3
0	3
0	3
0	0
0	0
0	0
0	0
0	0
0	0
0	0
0	0
0	0
0	187
1	0
0	0
0	0
0	3
0	3
1	3
0	1
0	1
0	0
0	0
2	0
43	27
0	27
1	27
0	0
0	0
0	0
0	0
0	0
0	0
0	0
0	0
0	0
0	2
0	2
0	0
0	0
0	35
0	35
0	36
0	0
9	0
0	0
1	4
0	6
0	818
0	833
4	326
1	390
0	392
0	81
0	3
0	0
0	2
0	4
0	1
0	0
4	131
0	39
0	94
0	461
0	0
0	0
0	0
0	0
0	0
0	0
1871	95
71	95
2	0
19	0
20	379
0	379
0	27
0	6
0	0
0	32
0	20
0	1
0	0
0	0
204	55
0	55
7	1563
0	0
0	0
0	0
0	0
0	0
0	0
6	5
6	8
1	3
0	0
13	343
0	343
0	197
0	0
92	191
0	47
0	35
538	132
0	21
0	13
2	13
0	12
4	261
21	241
1	227
0	171
0	12
0	16
10	4
0	273
0	70
2	13
0	13
6	288
0	57
4	85
0	30
6	118
1	54
0	1
0	69
0	52
0	29
0	0
1	16
1	40
1	64
2	49
0	6
1	2
0	1
0	0
0	0
0	0
0	0
0	0
91	60
0	13
0	9
0	25
0	24
0	8
80	1205
74	1239
3	89
0	0
0	0
0	0
37	5595
5	4132
4	1641
24	4059
0	52
5	306
50	354
0	65
0	273
0	60
1	114
0	31
1	304
0	50
0	94
0	28
3	161
79	263
0	76
0	76
2	147
2	138
0	0
0	20
0	20
0	2
0	0
0	0
0	1
0	1
0	0
0	0
0	0
2	0
0	0
0	0
87	42
0	35
0	19
1	11
0	5
2845	259
0	2
0	251
0	106
0	20
0	34
0	7
0	0
0	0
0	0
0	0
0	0
0	0
0	29
0	0
0	0
0	0
1	0
0	0
0	0
18	10
0	9
0	8
7	42
2	38
26	3
0	3
4	1
0	1
1	0
123	877
101	86
0	86
1	18
9	0
370	1885
6	1878
0	0
781	51
0	34
0	17
0	12
0	1
6	4
0	0
0	0
0	0
0	0
0	0
0	0
0	0
0	0
0	21
0	11
0	0
0	0
0	0
0	0
0	0
6	0
0	19
1	16
4	7
0	12
0	0
0	0
5	0
3	20
0	25
0	16
0	9
17	0
60	8
0	8
0	0
1	8
0	0
9	8
0	0
1	4
0	0
0	0
0	0
0	0
0	0
0	0
0	0
0	0
0	0
0	0
0	0
0	0
0	0
0	0
0	0
0	0
0	0
0	0
0	0
0	0
0	0
0	0
0	0
0	0
0	0
0	0
0	0
0	0
0	0
0	0
0	0
0	0
0	0
0	0
0	0
0	0
0	0
0	0
0	0
0	0
0	0
0	0
0	0
0	0
0	0
0	0
0	0
0	0
0	0
0	0
0	0
0	0
0	0
0	0
0	0
0	0
0	0
0	0
0	0
0	0
0	0
0	0
0	0
0	0
0	0
0	0
0	0
0	0
0	0
0	0
0	0
0	0
0	0
0	0
0	0
0	0
0	0
0	0
0	0
0	0
0	0
0	0
0	0
0	0
0	0
0	0
0	0
0	0
0	0
0	0
0	0
0	0
0	0
0	0
0	0
0	0
0	0
0	0
0	0
0	0
0	0
0	0
0	0
0	0
0	0
0	0
0	0
0	2
0	0
0	0
0	0
0	0
0	0
0	0
0	0
0	0
0	0
0	0
0	0
0	0
0	0
0	0
0	0
0	0
0	0
0	0
0	0
0	0
0	0
0	0
0	0
0	0
0	0
0	0
0	0
0	0
0	0
0	0
0	0
0	0
0	0
0	0
0	0
0	2
0	2
0	0
14358	14377
16	3748
0	2272
0	1160
3	1692
4	5021
0	449
0	3999
0	0
0	0
0	0
0	0
0	34
1	34
47	1
0	1
0	0
0	0
0	0
0	1
0	0
0	0
0	0
0	0
0	0
0	0
0	0
0	0
0	0
0	0
0	0
0	0
0	0
0	0
0	0
0	0
0	0
0	0
0	0
0	0
0	0
0	0
0	0
0	0
0	0
0	0
0	0
0	0
0	0
0	0
0	0
0	0
0	0
0	22
0	22
0	0
0	0
1	14
0	14
0	0
36	0
19	36
0	36
5	5
0	0
0	5
0	18
0	16
60	0
0	0
13	7
0	0
0	0
1	0
279	106
0	99
6	0
6	0
82	0
0	1
0	2
0	2
0	15
0	3
0	13
0	0
0	0
0	0
0	4
0	4
0	13
6	16
0	1
1	0
0	3
0	0
125	21
0	18
0	3
134	2
17	2
0	2
0	0
3	1
0	0
0	0
0	0
44	1
7	2
0	1
69	2
141	1
0	0
73	0
0	72
0	72
0	30
0	72
1	1
1	90
0	90
0	18
0	0
0	0
0	0
0	0
0	0
0	0
0	0
0	0
0	0
0	0
0	0
0	0
0	0
3	0
0	0
0	0
0	0
4	213
0	213
0	157
0	0
0	0
0	0
0	0
0	0
0	0
0	0
0	0
0	0
0	0
0	0
0	0
0	0
0	0
0	0
0	0
0	0
23	22
0	6
0	15
0	16
0	0
0	0
0	0
0	0
0	0
0	0
0	0
0	0
0	0
0	0
0	0
0	0
0	0
0	0
0	0
0	0
0	0
0	0
0	0
0	0
0	0
0	0
0	0
0	0
0	0
34	0
0	0
0	0
277	0
10	0
60	611
10	489
0	142
0	131
2	51
0	0
0	0
0	0
0	0
0	0
0	0
0	0
0	0
0	0
0	0
0	0
0	0
0	0
2	1
0	1
0	1
0	0
0	0
0	0
0	0
0	0
0	0
0	63
0	201
0	168
5	196
1	196
0	137
0	30
0	2029
288	1993
1174	1587
33	144
0	117
0	69
0	50
0	38
0	1
0	0
0	0
0	0
4	0
1	0
0	0
0	0
0	0
0	0
0	0
0	61
0	25
0	47
0	53
0	5
2989	217
0	207
19	0
0	9
23	4
3	10
5877	7641
1	1581
11	8143
79	8158
595	578
0	0
0	0
164	409
2	46
0	407
1	1
0	12
5	2712
1	2703
0	16
0	5
0	1
0	1
1	100
0	0
2	1064
1	118
0	0
0	134
1040	5267
0	3131
204	4584
0	1491
0	1491
1	1496
63	3075
2	90
1	0
0	0
0	0
0	39
0	40
66	11
12	9
0	0
0	0
0	8
0	3
0	8
0	0
0	0
0	0
0	0
0	0
0	0
0	0
0	0
0	0
0	0
0	0
0	0
0	0
0	0
0	0
0	0
0	0
0	0
0	0
0	0
0	0
0	2
0	0
0	2
0	2
0	2
0	0
0	0
20	0
0	0
0	0
0	0
0	0
0	0
619	44
1	44
2	26
1397	816
0	103
0	778
0	107
0	131
0	0
0	23
0	20
0	13
0	11
0	8
0	7
0	0
0	46
0	59
0	328
0	321
8	376
3	297
2	45
80	35
26	35255
4106	40625
157	26387
8	11994
55	2180
2	2157
0	1661
1	1671
0	987
0	517
0	507
0	485
0	460
0	449
0	473
0	457
0	457
0	447
0	16
0	43
1	3
39	315
0	289
1	172
0	49
0	1
0	1
0	1
16	200
0	198
0	163
0	29
0	19
66	67
0	20
0	47
0	1
0	7
0	0
0	24
0	20
0	14
0	0
0	0
0	0
0	4
0	4
0	0
0	0
0	0
0	963
0	3666
0	3663
4	125
5	251
0	1478
0	4
2	337
0	0
0	3107
42	9
1	32
0	29
0	0
0	3
1	1
0	1
91	9
52	2617
18	2688
105	3031
238	3081
2	48
0	104
0	127
0	679
0	67
0	1731
17	436
2	390
0	92
1	164
0	17
0	383
0	152
0	6
0	6
0	5
0	4
0	4
0	1
0	331
1	331
0	300
4	312
0	334
7	320
0	72
2	2
574	2973
158	2973
0	985
0	1007
41	1012
3	1012
0	962
0	62
3	63
0	51
1	410
2	140
0	49
0	94
0	55
0	0
2	291
57	3361
23	3326
0	23
1	27
1	901
0	306
0	719
0	833
0	778
1	863
4	867
0	341
0	8
0	189
0	188
0	121
0	102
0	168
0	4
2	110
0	79
1	118
0	121
0	59
0	72
0	40
0	58
3	41
0	53
0	3
1	182
39	11
0	11
0	0
14	745
0	662
0	138
0	330
0	0
0	0
0	0
183	546
0	0
0	515
0	46
1	59
2	11
0	48
0	33
0	1
0	0
0	1538
0	1514
2	1490
1	52
0	92
3	194
42	1464
19	1470
0	0
0	158
0	836
0	16
0	105
0	17
2	12
0	1
0	0
2	53
0	105
0	33
0	226
0	0
2	71
0	41
0	87
0	52
0	11
1	1168
1	1167
11	1426
2	1313
0	733
0	628
1	237
14	0
2	634
8	622
3	511
0	7752
976	7752
0	307
0	441
18	428
0	509
1	509
4	188
20	44
19	726
0	0
0	9
0	26
0	30
3	3
0	8
0	9
0	700
0	219
0	50
11	53
0	0
0	0
2	15117
7	0
3	0
0	18314
107	17111
1	14102
4	8409
1	8440
0	0
0	6706
0	1250
0	926
5	2307
6	3855
121	4944
3	1873
22	758
0	16
0	1
0	15
186	574
103	574
0	13
1	13
0	10
0	10
0	0
0	0
0	0
0	0
0	1731
329	0
132	2977
0	421
11	1411
0	1201
0	2716
0	804
0	1225
0	0
0	0
0	0
0	0
0	0
0	0
3	1080
0	792
7	892
0	1080
0	1080
1	841
1	1064
0	1170
8	1029
7	861
1	838
2	1004
0	443
10	535
1	27
9	1404
0	1368
0	1368
0	1183
0	227
2	1192
0	1186
2	1302
2	14
234	312
1	345
6	5680
0	255
0	87
0	45
0	121
0	108
0	53
14	1491
0	2314
66	860
211	818
29	469
0	358
3	308
14	280
1	8541
0	8641
21	8257
7	8563
3	8516
0	8845
0	8641
0	1386
12	5463
8	5203
0	296
2	545
0	101
0	80
45	96
0	62
0	577
0	342
49	75
0	310
0	26
114	26
0	10
1	10
0	6
0	301
0	301
2	1
2	281
0	221
0	387
0	4
0	28
0	9
0	23
0	259
30	154
2	154
0	74
0	49
0	35
0	323
0	412
1	386
0	95
0	24
0	43
4	97
0	8
0	19
0	22
0	69
0	17
0	15
0	14
0	14
0	1488
0	1535
0	1488
0	52
0	1482
0	69
0	9
0	0
0	0
0	0
0	0
0	0
110	995
33	995
2	878
0	878
0	13
0	1
5	11
2	778
0	147
198	1301
239	1301
584	0
0	337
0	828
0	527
0	29
0	562
0	540
0	19
0	0
0	84
0	37
11	1783
0	1791
2	1251
6	678
0	1228
43	1143
0	729
0	75
0	253
3	308
0	182
0	16
11	15
4	2
0	0
0	0
0	0
0	0
0	0
0	0
0	2
0	0
0	0
0	0
0	1
0	4
0	3
0	0
0	0
0	0
0	0
0	0
0	0
1	1090
0	1036
0	1067
0	118
0	46
0	28
0	4
0	27
0	3
27	6
1	20
0	29
0	37
0	34
0	20
7	104
0	104
30	0
0	0
0	0
0	0
0	0
1626	174
3	40
0	174
5	798
0	572
3	467
0	665
0	424
2	398
0	435
0	487
1	88
4	348
0	190
0	79
9	91
0	188
0	78
0	0
0	0
0	0
0	0
141	635
460	635
0	31
1	37
0	37
0	29
0	7
0	2
0	1
0	2
19	1492
28	1509
77	1514
70	1409
6	0
0	0
0	36
0	36
0	36
0	36
0	0
0	0
0	5
0	0
0	0
0	0
0	878
123	885
16	752
0	13
1	0
2	133
2	772
0	125
2	2122
0	0
61	2179
23	3217
1	1379
1	2536
4	2175
0	2597
0	515
0	1231
0	889
35	727
0	1
0	1
2	519
13	1466
0	698
24	1729
1	1492
18	870
1	1039
2	852
309	2377
73	1216
0	2043
1	1513
24	1126
57	1970
0	1951
7628	16254
0	16181
22	540
56	768
4	768
0	0
6	63
0	1318
0	1318
0	1189
4	112
3	225
2	102
0	167
4	104
69	6682
9	5415
8	5993
1	5101
2	4522
3	6010
21	3725
0	0
108	1167
29	2113
30	829
17	150
206	2205
1	1150
0	1454
0	439
0	333
0	153
10	178
0	84
0	241
0	108
0	281
4	150
0	178
1	45
2	91
2	78
0	59
0	67
0	68
0	68
1	67
0	15
0	7
0	6
0	1
0	0
1	5
0	2
0	1
2	194
0	130
2	230
12	249
0	73
0	69
8	32
152	590
6	442
28	119
14	791
0	76
1	5
0	5
0	976
0	1053
7	1055
0	1054
0	981
0	157
0	235
2	36
0	66
10	82
0	19
16	0
1	596
22	2473
0	2431
0	2234
1	2364
9	2414
0	2237
0	260
0	386
0	176
0	178
1	172
5	219
0	11
2	50
9	400
0	0
0	216
0	228
0	171
2	47
3	9
9	1
0	0
0	0
54	0
4	0
1	833
0	822
2	770
30	861
0	449
0	469
0	5
1	55
3	1
3	0
0	1
0	1661
46	2367
0	1656
0	2251
0	187
0	437
0	0
0	582
2	661
0	546
0	699
0	528
0	577
2	590
0	382
0	3
0	17
0	9
3	47
1	39
0	24
0	10
0	8
18	29
1	195
0	364
0	138
0	249
2	276
0	181
9	2488
1	1994
0	2007
3	1912
10	1898
0	259
213	684
0	703
0	717
0	41
0	0
0	27
0	0
0	0
0	0
0	0
252	2577
4	2073
0	1110
1	250
0	71
0	71
0	71
0	0
0	0
0	67
0	0
0	1
0	0
0	62
0	52
0	739
0	717
0	722
8	730
6	669
1	709
0	702
0	51
0	31
0	0
1	0
0	0
0	0
10	192
1114	236
0	69
0	196
6	203
8	163
9	160
0	15
0	80
0	0
1	50
0	0
0	0
2	17
0	16
636	27
0	0
0	0
0	0
0	0
0	0
21	969
0	887
2	891
0	851
1	120
0	0
0	0
0	1129
0	2
211	5614
1	13
0	687
0	0
0	1858
0	1137
0	1433
0	1558
1	1546
0	1551
0	815
0	0
0	0
0	1128
0	875
10	4211
0	132
1	402
56	551
2	90
9	152
616	56
0	28
0	45
0	14
0	5
0	8
33	744
0	626
0	37
0	1
0	233
0	544
0	431
0	29
2	385
0	0
0	0
0	7
0	7
0	0
0	0
0	0
0	0
0	1
7	33
1	28
0	27
0	0
7	1123
0	730
5	1073
7	946
1	173
40	661
0	937
12	552
0	0
13	829
0	887
88	1341
20	1070
5	983
6	1323
2	440
4	1354
0	197
6	802
23	472
0	450
3096	4089
0	3533
65	3119
0	3509
2	3438
0	4034
0	0
12	3679
3	3662
3	3958
5	268
0	186
0	690
0	260
0	275
9	496
1	508
1	518
0	0
14	12
1	11
0	14
0	14
0	6
0	484
15	458
2	435
0	151
0	10
0	7
0	7
0	0
0	0
56	0
0	0
0	0
0	0
2552	1873
1	1184
0	1184
50	1666
0	0
76	2
2	766
51	770
0	14
0	380
0	77
0	93
1	4
0	0
0	0
2	10
0	10
0	0
0	0
0	0
0	0
0	0
0	0
0	0
0	0
0	0
0	0
0	0
0	0
0	0
0	0
0	0
0	0
0	0
0	0
0	0
0	0
0	0
0	0
0	0
0	0
0	0
0	0
0	0
0	0
0	0
0	0
0	0
0	0
0	0
0	0
0	0
2	746
23	1582
0	1260
0	1126
0	1095
0	795
0	0
0	146
0	84
0	0
0	0
0	10
8	0
0	0
8	791
3	2322
4	734
5	2024
8	2205
1	799
0	1949
8	379
0	125
0	312
1	520
0	1927
0	363
3	242
0	503
0	1944
0	535
38	965
1	263
0	684
7	692
2	580
9	417
3	627
16	512
5	728
0	0
0	0
3094	9042
4	6940
72	3042
2	1574
0	1442
0	7937
0	923
0	828
5	363
0	97
2	252
11	0
90	9685
0	7260
0	6859
0	6271
2	8078
3	1191
0	7134
31	3058
0	0
40	4433
81	13812
248	13904
29	13767
27	4366
1	15
5	624
0	3637
6	2209
0	59
5	863
0	6
0	5
0	4
0	5
0	4
0	2
0	0
16	11926
124	11056
0	3188
38	2858
6	1281
5	1727
0	0
0	0
0	966
1	920
3	368
0	920
1	575
1	642
292	25
0	5
0	6
0	0
0	16
0	7
5	1070
1	543
33	919
0	1004
0	107
0	0
0	85
0	0
0	18
1	772
0	748
0	772
0	9
0	748
3	0
0	0
0	0
0	0
5	683
6	45
15	19
2	3
2	645
1	108
0	9
0	14
0	13
0	14
0	1
0	5
0	13
0	13
0	10
0	13
0	13
0	13
0	13
0	13
0	1
17	186
0	126
0	1
0	0
0	0
40	93
0	84
1	58
0	85
0	9
1	87
0	22
36	0
41	1534
0	1116
19	1388
1	1
0	1436
11	482
0	1242
0	1437
4	285
0	420
1	796
0	206
0	98
0	72
17	40
0	6
0	2
0	0
0	15
0	18
0	3
0	3
2	0
277	333
0	242
0	75
0	94
0	216
3	273
0	0
0	105
4	1
1	330
3	303
0	294
0	305
0	333
0	301
0	27
0	315
5	134
1	140
2	7
0	15
0	60
0	13
5	86
0	0
0	66
0	0
3	6120
104	5128
0	3460
0	2494
0	995
0	2530
0	1381
0	4661
4	5159
0	2164
0	2529
5	63
0	4298
0	3976
0	1647
14	2326
0	61
0	61
3	61
0	59
0	35
2	5
0	2
0	0
0	0
0	0
0	4
0	0
0	0
0	1
0	0
0	1
0	0
0	1
0	4
0	1
0	0
0	3
0	3
14	1006
2	1006
0	999
0	939
0	330
1	80
0	145
0	169
0	128
0	73
0	0
0	9
0	16
0	0
0	0
0	0
0	0
0	1
0	0
0	0
12	0
1	24
0	24
0	0
0	0
0	0
0	0
0	0
0	0
0	0
0	0
0	0
0	0
0	0
0	205
50	211
0	180
0	1047
8	1083
0	253
1	557
0	0
2	136
0	173
0	77
1	0
8	192
0	182
0	94
0	0
0	17
4	54
0	49
0	18
0	14
0	1
0	6
3	0
62	2152
0	2181
0	2236
0	260
1	286
0	2179
0	358
0	2168
0	1
0	6
2	107
4	42
0	22
0	5
0	24
0	3
0	12
2	14
0	28
0	26
10	0
2	734
0	569
0	537
0	546
0	14
3	388
3	345
0	637
0	23
5	590
0	10
0	28
0	0
1	36
0	96
0	478
0	6
0	2
0	446
0	74
0	0
0	0
4	0
0	0
250	1
1	1
2	0
0	0
0	0
0	0
0	0
0	0
0	0
0	0
0	159
0	328
0	1763
3	1784
0	58
0	329
2	759
0	464
1	1669
0	1486
0	517
1	246
0	2
2	787
3	1
0	250
0	809
0	145
0	145
1	36
0	85
0	23
3	23
0	0
0	31
1	13
0	12
0	9
0	8
0	21
2	13
0	23
0	1
0	19
0	19
0	14
0	1
0	0
0	0
0	6
0	0
0	3
0	0
0	2
0	2
0	0
2	0
216	3039
5	2978
3	2096
2	4
0	298
0	78
0	70
0	19
0	1356
3	275
0	1
0	1
0	1
0	1
0	1
14	7
0	1
0	1
0	7
0	7
0	7
0	7
0	7
0	5
0	0
0	0
1	176
1	0
100	697
0	696
1	150
1	6
0	0
0	0
0	6
0	6
0	2
0	2033
0	2
0	0
0	0
212	2546
1	2078
0	36
11	301
0	50
36	527
0	20
0	0
49	342
0	280
0	251
0	280
2	321
0	131
0	24
1	0
50	2502
38	2295
4	1656
0	642
0	342
0	1458
0	949
0	1156
0	1466
4	1766
2	2084
0	794
3	365
0	293
0	545
0	1990
0	273
0	1994
0	1050
0	1985
0	1995
3	1660
0	1365
0	527
0	61
1	256
0	97
0	25
10	38
0	37
0	21
0	24
0	4
6	5
1	5
2	16813
9	6751
3	10386
72	4934
3	16385
32	14838
1	8952
3	7623
18	9536
1	13767
0	15264
2	13882
3	12163
0	6257
1	20
2	3852
0	5074
6	2060
0	22
0	149
0	2
1	12
0	147
1	4
0	129
0	3
0	97
4	5
0	1
0	80
0	10
0	0
0	0
0	0
0	0
0	0
0	0
0	0
0	0
0	0
0	0
0	0
0	1
0	1
0	1
0	0
0	0
0	0
0	0
0	0
0	0
0	0
0	0
0	0
4	0
0	0
0	0
0	0
0	0
0	0
0	0
0	0
0	0
0	0
0	0
0	0
0	0
0	0
0	0
0	0
0	0
0	0
0	0
0	0
0	0
0	0
0	0
0	0
0	0
0	0
0	0
0	0
4	136
0	18
0	90
0	54
0	0
2	100
2	26
0	0
0	0
0	2
0	1
0	1
0	1
0	2
0	1
0	1
0	0
52	1784
1	1784
0	200
3	1552
0	0
0	0
0	0
1	0
31	600
0	179
0	554
0	20
0	2258
0	10
6	477
0	0
0	136
0	50
0	234
1	5
0	207
0	0
485	2106
0	350
0	1094
0	173
0	31
0	74
0	277
0	10
0	150
0	27
0	92
0	114
1	1542
18	34
84	208
0	332
1	142
0	30
4	974
0	10
0	35
43	169
0	31
0	0
0	0
0	0
16	1099
0	1080
0	676
6	77
0	134
0	20
0	22
0	0
0	31
0	24
3	0
0	0
0	0
0	0
0	0
0	0
14	2949
90	2870
0	2514
0	2643
0	72
0	92
0	693
0	491
0	2552
0	0
0	0
0	0
0	64
425	1465
0	1194
0	316
0	283
0	289
0	184
0	36
0	126
0	313
0	125
0	125
0	97
0	68
0	70
0	26
0	21
0	3
0	0
0	0
0	157
1	25
0	0
0	150
0	148
0	156
0	65
0	0
0	0
0	148
0	160
0	36
25	32
0	32
0	3
200	3400
0	0
0	234
0	3063
0	921
0	1152
0	1142
0	669
6	926
0	175
0	0
0	0
0	0
0	0
0	0
0	6
0	0
1	6
0	2
0	0
0	2
0	6
0	6
0	0
0	0
0	0
0	0
0	0
0	0
0	0
0	0
0	0
0	0
0	1
0	3
0	2
0	0
0	1
0	1
0	0
0	0
0	0
74	13
0	13
0	0
10	0
0	26
0	26
0	24
0	26
0	24
0	0
0	0
0	1
1	158
2299	410
2	53
11	124
0	0
0	215
0	0
0	0
0	0
0	0
0	0
0	0
0	0
0	0
0	0
0	0
0	0
0	0
0	0
0	0
0	1
0	0
0	0
0	1
0	1
0	1
0	0
0	0
0	0
0	0
0	0
0	0
0	85
10	85
2	66
0	7
0	0
12	0
0	140
0	10
0	3
24	140
0	53
0	7
0	0
0	20
0	0
0	135
0	0
0	59
0	46
0	41
0	0
0	7
0	55
9	391
1	352
0	310
0	310
0	332
0	310
0	317
0	286
0	286
0	327
0	315
0	325
1	262
2	261
0	236
0	298
0	36
0	294
2	0
0	326
0	283
0	70
0	0
0	47
0	77
0	196
0	0
2	118
0	64
0	59
1	26
0	0
5	666
0	607
0	635
0	267
0	191
0	37
0	18
0	31
1	45
2	13
0	43
2	26
0	9
1	0
1	1
1251	1275
229	1527
1	938
18	414
0	357
0	0
4	0
0	0
0	0
0	0
11	0
0	0
298	127
0	14
0	111
2	0
2	110
0	78
0	0
159	0
0	98
0	2
1	64
0	64
0	57
0	53
0	5
1	6
39	773
0	734
0	734
0	773
0	464
0	339
0	164
0	7
0	153
0	142
0	132
0	52
0	1323
44	1187
258	1300
8	1329
0	970
3	830
29	832
0	94
0	93
2	47
0	0
1	1
0	1
0	0
0	1
0	0
0	0
0	0
0	0
0	0
0	0
256	114
0	112
0	26
0	6
0	0
0	0
3	0
0	18
0	18
0	11
0	16
0	12
0	0
0	0
0	0
1	197
0	31
0	3
0	35
1	6
0	3
0	189
0	7
1	8
0	0
1	3
0	5
0	18
4	18
0	10
1	0
0	0
0	0
0	0
2	17
40	17
1	3
256	12
0	8
0	11
0	0
3	1
1	1
4	2067
0	2105
0	109
1	28
14	90
124	408
0	267
4	262
0	251
0	166
0	62
0	0
0	0
10	0
0	325
0	317
0	313
0	316
0	128
0	155
0	130
0	7
0	8
4	38
0	18
0	6
0	27
0	0
0	19
0	10
1	509
2	483
0	543
8	473
0	87
0	96
2	186
0	77
0	21
0	91
2	102
0	40
0	90
4	883
0	843
2	882
66	585
0	492
0	503
0	29
0	27
7	24
0	5
0	47
0	53
0	12
3	3
0	0
0	46
0	39
0	43
0	7
0	41
0	35
0	3
0	3
0	0
0	0
0	0
0	0
0	3
0	0
0	0
0	0
0	0
0	0
0	0
0	0
0	0
0	0
0	0
0	1
0	0
0	0
0	0
0	1
47	44
0	15
0	48
0	6
0	139
9	142
1	120
0	111
0	42
0	13
0	44
0	11
4	36
0	35
0	0
0	0
0	0
0	8
0	0
0	0
0	0
0	0
0	0
7	425
0	84
0	44
46	421
0	0
0	0
0	0
428	33
0	31
0	8
14	0
68	37
0	37
0	8
0	0
0	0
0	0
2	390
0	384
0	13
0	6
1	7
0	0
2	0
0	0
0	0
0	0
0	0
5	139
0	0
0	137
0	3
0	11
10	267
0	269
0	274
0	269
0	84
2	51
3	202
0	163
0	22
4	152
1	2
3	70
0	54
0	47
0	30
0	45
0	18
0	41
0	41
0	12
3	0
0	0
0	0
0	0
0	0
0	0
0	0
45	0
0	0
0	0
6	257
2	265
0	14
196	8
0	4
0	0
0	0
167	14
0	7
0	14
5	0
0	7
0	7
0	0
0	0
0	0
0	0
0	0
0	0
0	0
0	0
0	0
0	0
0	0
0	0
60	47
0	0
0	0
0	0
221	47
0	0
0	6
218	18
0	17
4	1
18	0
14	39
0	39
0	3
0	5
7	0
0	0
0	41
0	43
0	37
2	12
0	14
0	40
1	4
0	33
0	30
0	25
0	1
0	4
0	21
0	22
0	22
0	95
0	87
0	0
0	85
0	8
35	564
1	646
9	600
2	396
5	14
7	60
0	23
0	160
0	0
0	0
0	0
1	892
0	810
0	201
0	784
0	204
0	855
0	30
3	5
0	151
1	163
0	88
0	30
0	27
1	28
0	30
2	1148
53	1298
0	1285
0	1285
72	2043
79	2220
7	671
115	1047
52	864
0	175
0	0
2	8442
519	9138
21	7134
2	3723
6	3011
2	365
72	0
5	59
0	59
0	5
0	5
0	0
0	77
15	295
0	295
2	106
0	5
0	246
0	3936
4	29
0	24
1	28
0	20
323	3846
1	770
4	1564
295	4714
0	2228
3	152
3	115
1576	2009
22	88
66	1557
14	209
0	19
0	825
1	566
7	1556
0	1422
0	1554
8	572
0	110
5	441
2	453
0	0
0	0
0	23
0	0
0	16
0	13
0	13
0	6
0	1
0	0
20	0
39	52
0	52
46	50
1	66
50	966
0	13
4	98
2	966
0	97
1	147
1	224
0	174
1	119
0	44
0	89
1260	89
0	13
45	4
18	1145
1	36
11	4
11	1133
2	37
0	325
0	135
0	98
2	20
133	142
0	6
0	21
0	43
0	0
0	13
0	1
2	7
0	11
0	15
2	10
0	70
0	19
25	2314
24	1291
5	1388
16	1001
0	646
0	0
27	1583
178	102
0	12
0	89
0	16
197	0
0	3460
0	5656
102	5642
0	5624
3	8779
4	3466
0	5839
5	5653
1	1052
4	592
0	0
1035	1695
0	1508
0	90
0	227
0	200
0	0
0	602
0	0
3	4
0	4
0	0
28	0
9	922
0	923
4	920
0	417
0	402
41	1045
0	241
0	12
1	232
0	191
8	448
0	162
0	323
2	374
0	20
1	61
0	0
271	448
4	402
0	46
0	0
0	0
0	0
0	58
0	536
3	510
1	630
3	3805
0	386
0	336
0	67
0	355
0	399
10	331
0	169
0	161
1	166
1	4330
14	4108
31	2545
0	661
10	10
0	815
3	2644
38	61
3	2619
4	2530
0	2530
0	369
0	290
0	158
1	36
1	184
68	177
7	181
0	179
0	179
2	179
1	177
0	180
0	77
0	2
0	6
0	3
0	26
0	0
0	1
0	1
0	0
2	18
0	16
0	18
0	0
3	5929
51	5945
16	5795
0	4818
1	1435
3	655
3	928
0	529
0	257
2	462
0	351
13	2333
0	330
0	541
0	157
0	50
1	50
0	0
0	33
0	3
0	17
0	0
9	15
19	387
0	3
13	0
0	0
0	374
1	110
0	145
5	13
0	13
0	13
52	52
0	7
0	45
14	50
0	24
1	42
0	10
0	50
0	2
0	4
2	87
0	19
0	74
0	76
0	69
0	5
0	24
0	86
6	120
0	95
0	103
0	25
0	76
0	0
0	11
0	0
32	380
0	13
0	368
0	10
0	7
1	0
3	15
0	7
0	14
0	11
0	8
0	5
0	0
0	42
6	151
0	40
0	103
0	33
0	52
0	39
0	28
7	220
0	139
0	95
0	29
0	0
0	0
8	184
0	161
1	82
0	144
0	112
2	0
0	0
0	0
0	0
0	0
0	0
0	0
0	0
0	0
0	0
1	10
0	4
2	4
1	11
0	3
0	0
0	0
0	0
0	5
0	3
0	0
0	4
0	3
0	0
0	0
0	0
0	0
0	0
0	0
0	0
0	0
0	0
0	0
3	0
24	56
0	0
0	56
0	0
0	0
0	0
0	5
0	5
0	1
0	5
0	5
0	0
2	3
48	74
1	74
0	32
0	1559
677	1617
0	877
21	205
0	428
0	10
0	11
0	10
0	6
0	10
0	10
0	10
0	7
0	10
0	10
0	7
0	10
0	11
1591	1378
0	0
4	775
1	697
0	805
4	473
13	1561
24	5913
0	3038
0	5459
0	5419
2	276
0	37
0	42
0	54
0	30
0	22
0	391
0	2
64	972
1	964
3	957
0	635
0	635
1	623
3	264
20	349
0	252
0	59
3978	792
9	790
0	0
357	5
7	5
314	1419
1	102
0	37
0	1340
0	18
0	39
0	29
0	44
0	41
0	0
0	0
0	106
659	198
0	63
0	3
0	0
0	0
0	3
0	0
0	0
0	0
0	3
0	32
0	32
0	32
0	6
0	2
0	2
0	23
0	0
0	6
45	568
4	249
1	109
0	213
0	141
0	11
0	243
36	33
0	167
0	286
13	275
1	100
19	57
0	97
0	117
1	24
0	46
0	64
0	23
5	1096
46	1170
0	1170
1	1041
0	49
0	137
0	184
0	0
1	72
0	0
0	18
0	3
0	120
0	884
11	824
0	378
22	830
0	7
0	180
7	12
0	1
0	7
0	7
0	7
0	7
0	1
0	2
0	43
0	37
0	1
0	0
0	69
6	71
0	53
1	12
0	8
0	0
2	8
0	0
1	0
215	8
8	5182
0	4796
0	4828
0	5215
0	35
1	363
0	52
0	127
29	1186
0	501
8	1898
0	342
0	451
0	1240
0	15
0	15
0	15
179	1829
23	1829
0	138
4	82
2	91
0	110
24	88
9	91
22	154
0	0
2	36
0	7
0	0
0	1
155	225
172	246
2	0
9	27
158	0
3	33
28	287
0	101
0	77
2	258
1	201
0	242
0	216
1	36
0	16
0	211
2	1091
0	1043
2	57
0	21
0	970
0	20
0	24
0	76
0	100
1	25
0	52
0	63
1	98
7	49
0	49
0	0
0	2
2	2
0	2
0	0
0	0
0	0
0	0
0	0
0	0
0	0
0	0
0	0
0	0
1	0
0	0
0	0
331	140
0	140
110	457
5	438
25	171
0	43
0	0
0	0
0	0
0	0
0	0
1	7
0	9
0	4
0	2
0	0
2	30
0	134
96	134
8	27
36	0
62	180
147	2388
4	2236
0	53
0	335
1	0
1	356
0	0
0	0
0	0
0	2431
0	1625
718	2706
0	2046
2	568
1	830
0	1729
0	837
0	106
1	0
0	44
5	224
92	591
2	1
7	0
0	590
33	3
692	3
0	0
0	5306
4	5542
0	4486
0	681
29	1797
0	602
9	213
9	4467
13	4423
0	333
1	115
4	255
0	222
1	35
2	204
1	244
251	7551
82	7070
0	1290
0	245
0	194
0	302
1	0
9	0
0	68
0	199
0	200
0	198
0	101
0	66
0	1
0	0
60	0
0	10
0	6
0	10
0	0
0	0
0	0
1	0
0	0
337	81
0	0
4	81
0	15330
16	1238
2	2404
0	3601
1807	18876
25	4746
32	4323
0	1142
70	2008
1	4023
1	6
1	4023
0	0
0	0
0	0
0	1
482	1607
28	1607
0	314
0	0
0	0
0	12
7	39
1	40
0	40
0	305
14	1
29	5
0	0
6	0
5	54
4	54
0	0
0	0
0	0
0	5
10	6
0	6
2	20
4	20
0	20
0	20
8	20
0	7
0	5
0	9
0	9
0	5
0	0
0	0
0	0
0	0
0	0
0	0
0	0
4	154
2	154
0	0
2	84
0	52
0	120
0	10
0	116
0	104
0	2
0	8
0	1
0	0
83	4
0	0
0	0
0	0
0	0
0	0
0	0
0	0
0	0
0	0
0	0
5	468
1	401
1	273
0	183
0	50
0	26
0	11
0	57
0	20
0	31
0	60
2	37
18	431
1	25
0	201
0	373
0	304
0	127
0	77
0	18
0	61
1	12
0	7
0	8
2	2848
2	2824
0	2823
0	2740
0	2824
0	1478
2	824
0	307
10	367
58	294
0	257
1	58
0	0
0	0
8	0
0	0
0	0
353	0
386	2959
0	2260
3	1390
0	56
0	772
2	804
12	772
0	447
0	555
0	507
3	206
14857	7790
21	5947
0	1678
1	1776
194	11
0	1
2	8
2	0
64	9
0	2
0	7
0	252
0	276
0	280
0	288
0	288
0	0
0	244
27	633
2	627
0	157
0	5
0	21
0	66
0	41
0	49
24	1255
196	1257
0	406
4	1245
1	620
1	441
0	97
0	22
0	4
4	0
0	570
0	470
1	568
0	6
0	241
7	1700
0	1611
0	359
0	76
0	183
0	94
2	226
2	223
0	251
7	142
0	31
149	826
8	514
1	464
0	382
2	164
0	112
0	231
1	8
3	76
2	1505
0	18
17	90
0	115
1	1505
0	0
0	67
6	2
0	0
1498	794
0	384
0	117
0	79
0	124
0	0
0	199
0	67
0	8
10	642
26	667
0	157
0	23
3	11
0	7
6	7
0	4
0	6
8902	211
70	205
2	0
167	4
46	7
0	7
5	105
89	199
0	194
0	59
53	230
13	310
4	296
5	332
7	334
0	0
0	1
0	0
15	59
0	144
1	105
0	130
0	121
4	115
0	107
0	75
0	20
0	20
0	112
0	0
0	0
46	5
0	2
1	4
14	46
2	46
1	51
10	0
0	2
0	2
0	0
0	3
0	2
0	0
0	0
0	0
0	0
0	0
0	4
0	4
0	4
0	0
0	0
12	0
0	0
0	0
0	5
0	7
1	6
0	7
0	3
0	1
0	1
0	0
0	0
0	0
0	0
0	0
0	0
0	0
0	0
0	11
0	0
0	0
0	0
0	0
0	0
0	0
0	0
0	0
21	114
4	184
96	239
0	71
0	43
1	70
0	234
2	284
0	279
0	243
0	15
0	67
4	44
0	0
0	0
0	0
0	0
0	0
0	0
0	0
0	0
0	0
0	0
0	0
0	0
0	0
0	0
0	0
0	0
0	0
0	0
0	0
0	0
0	0
0	0
0	0
0	0
0	0
0	0
0	0
0	0
0	0
0	0
0	0
0	0
0	8
4	124
0	590
0	604
0	610
2	100
0	180
0	159
0	0
1	30
0	455
0	1
0	1
0	0
0	0
1	5
0	5
0	1
0	0
0	0
0	0
50	10
0	5
0	5
2393	1552
3	1548
0	633
31	402
160	406
0	92
4	289
5	41
10	0
0	41
0	41
0	0
1	0
5	6
1	6
24	6
0	6
0	6
0	6
0	1
0	28
0	1
0	31
0	0
0	1
0	1
0	2
0	0
0	2
0	29
0	29
0	2
0	1
2584	694
1	694
0	0
388	29282
2	25682
7	6323
1	140
8	5485
0	11
333	27029
8	1044
4	357
0	15
0	540
0	0
0	0
0	0
0	0
0	0
0	0
0	0
0	0
0	0
0	0
0	0
0	0
0	0
0	0
0	0
0	0
0	0
0	0
0	0
0	0
0	0
0	0
0	0
0	0
0	0
0	0
0	0
0	2
0	2
0	0
0	0
0	0
0	0
0	0
0	0
0	0
0	0
0	0
0	0
0	0
0	0
0	0
0	0
58	0
0	0
0	0
0	0
0	0
0	0
0	0
0	0
0	0
0	0
0	0
0	0
0	0
0	0
0	0
0	0
0	0
0	0
0	0
0	0
0	0
0	0
0	0
0	0
0	0
0	0
0	0
0	0
0	0
0	0
0	0
0	0
0	0
0	0
0	0
0	0
0	0
0	0
0	0
0	0
0	0
0	0
0	0
0	0
0	0
0	0
0	0
0	0
0	0
0	0
0	0
0	0
0	0
0	0
0	0
0	0
0	0
0	0
0	0
0	0
0	0
0	0
0	0
0	0
0	0
1	27
0	0
0	0
0	0
0	0
0	0
0	0
0	0
0	0
0	0
0	0
0	0
0	0
0	0
0	0
0	0
0	0
0	0
0	0
0	0
0	0
0	0
0	0
0	0
0	0
0	0
0	0
0	0
0	0
0	0
0	0
0	0
0	0
0	0
0	0
0	0
0	0
0	0
0	0
0	0
0	0
0	0
0	0
0	0
0	0
0	0
0	0
0	0
0	0
0	0
0	0
0	0
0	0
0	0
0	0
0	0
0	0
0	0
0	0
0	0
0	0
0	0
0	0
0	0
0	0
0	0
0	0
0	0
0	0
0	0
0	0
0	0
0	0
0	0
0	0
0	0
0	0
0	0
0	0
0	0
0	0
0	0
0	0
0	0
0	0
0	0
0	0
0	0
0	0
0	0
0	0
0	0
0	0
0	0
0	0
0	0
0	0
0	0
0	0
0	0
0	0
0	0
0	0
0	0
0	6
0	0
0	0
929485	8667
0	0
0	0
0	0
0	0
0	0
0	0
0	6
0	5
0	0
0	0
0	0
0	0
1	0
0	0
0	0
0	0
0	0
0	0
0	0
0	0
0	0
0	0
0	0
0	0
0	0
0	0
0	0
0	0
0	0
0	0
0	0
0	0
0	0
0	0
0	0
0	0
0	0
0	0
0	0
0	0
0	0
0	0
0	0
0	0
0	0
0	0
0	0
0	2
0	2
0	1
0	0
0	0
7	92
0	92
0	0
641	49
0	49
0	0
0	0
0	0
0	0
0	0
0	0
0	4
0	0
0	4
0	0
0	8
0	8
0	6
0	0
0	0
0	0
0	0
2	102
8	94
0	25
0	0
0	4
0	0
3430	524
4	483
0	3
0	11
0	11
0	0
2	129
48	167
0	3
0	1
0	157
0	2
0	0
0	0
0	0
0	0
0	0
19	0
0	1026
1699	2388
0	420
3	218
3	1739
12	2241
0	0
0	0
0	0
0	0
2	5
0	1
0	4
0	4
708	7
6	7
0	34
1	28
0	32
0	0
0	0
21	577
41	3242
0	4215
0	878
13	4248
2	211
0	0
1	252
24	6338
203	6313
1121	5627
3	629
0	629
0	19
96	19
0	0
0	0
44	35
0	35
0	0
0	34
0	31
0	13
0	16
0	16
0	16
0	16
0	6
0	6
0	3
0	1
0	0
0	0
16	0
64	353
0	15
3	257
0	302
0	0
0	0
0	0
0	0
0	0
906	212
1	138
0	39
0	1
0	52
41	55
3	4
3	10
1	32
0	28
7	31
27	7
2	72
240	407
0	49
0	8
0	359
2	41
0	41
4557	119
0	105
0	99
0	101
6	1115
1	73
27	172
0	1044
0	1044
0	17
6	1033
5	28
25563	23064
11	6172
0	3738
14	6604
0	4246
139	6144
3	4270
3	767
0	682
1	663
0	627
0	664
0	617
0	615
0	443
0	270
0	0
1	84
0	215
2	232
5	175
0	154
0	125
0	124
0	161
0	117
2	128
0	70
1	65
0	76
0	55
0	5
0	27
0	20
1	0
0	0
0	0
0	0
0	0
4	0
0	0
2885	1150
0	181
1	0
1	430
1	630
0	386
0	349
1	213
0	42
0	0
243	598
0	74
0	534
0	5
0	5
1	3
28	0
0	3
1	0
0	0
0	0
0	0
0	535
9	644
0	67
0	211
0	78
0	33
0	39
0	13
0	28
0	14
0	0
0	0
246	2055
0	469
0	1006
2	33
3	1123
0	74
1	588
431	33
1	17
339	0
2	871
0	919
0	25
3	740
0	23
1	6
0	15
0	37
0	161
0	73
1	148
1	49
0	45
0	47
0	70
3	77
0	96
26	31
0	31
0	0
259	676
1	55
2	621
0	0
0	0
174	732
0	385
0	369
0	371
4	195
0	256
0	279
0	34
256	1991
1	613
17	1774
6	772
0	22
0	603
30	1136
17	888
8	676
3	884
0	204
0	209
13	193
6	235
2	228
3	42
0	15
2	18
0	23
0	8
0	17
0	7
0	4
0	5
0	9
0	0
0	0
0	25
0	410
0	382
8	408
3	307
0	237
0	121
5	216
0	214
0	21
0	38
0	6
120	139
53	133
0	2
0	0
0	14
0	0
0	6
0	4
0	1
0	4
0	3
0	0
0	2
0	2
0	9
2	9
0	0
0	31
838	413
1168	421
0	0
1	3
97	0
0	31
0	737
0	698
0	466
7	644
0	475
2	39
0	37
0	101
0	21
0	11
478	148
0	101
13	25
0	47
0	0
5	179
185	179
3	532
5	532
4	1463
0	284
12	1143
1	1188
0	66
4	657
0	87
0	137
0	619
0	23
0	552
0	252
12	396
0	421
13	441
7	46
2	66
116	7320
141	6429
11	4492
1	2570
0	646
1	885
0	2059
0	315
0	1831
582	2295
72	1403
105	2294
3	1996
19	1351
1	1972
121	3981
24	3981
0	129
159	1891
1	1891
0	382
0	156
0	3
4	3
0	3
535	2116
5	1949
1	291
13	233
1	216
1	0
94	0
786	584
2	584
0	176
0	131
533	280
0	278
0	27
1	6
672	0
2	0
0	0
347	228
0	16
0	224
0	235
0	0
0	25
0	0
0	69
0	0
0	1
0	0
3	88
13	197
194	199
0	58
0	55
0	0
9	172
37	880
30	894
13	29
0	37
7	97
0	856
0	868
2	166
27	113
0	0
2	669
0	0
0	0
0	3
0	3
2	20
0	1
0	1
0	1
0	0
0	14
9	14
4	103
29	397
3	397
12	103
0	16
1	197
0	925
0	3
1	926
0	908
0	924
5	229
0	4
0	3
0	6
0	3
0	0
0	236
19	171
1	967
0	43
4	53
0	74
0	332
0	95
0	48
1473	0
22	424
0	49
5	37
9	98
1	413
0	141
0	22
2	0
103	62
0	0
0	23
0	9
14	3697
141	3967
73	2271
8	2491
83	0
0	154
0	154
0	60
3	43
0	1
5	0
174	644
0	7
0	7
0	0
0	0
0	0
0	592
1	0
0	0
23	301
0	1
0	300
0	96
0	1
0	5
0	5
0	5
0	6
0	11
0	300
0	236
0	26
0	8
0	29
0	5
0	6
0	6
0	2
0	0
0	1
2	3
0	1
0	2
0	0
0	0
145	1466
0	1397
0	1412
0	1476
0	38
62	5
0	0
0	10
0	0
0	0
0	0
0	0
0	0
0	0
0	0
0	0
0	0
0	0
0	0
0	0
0	0
0	0
0	0
0	0
0	0
0	0
0	0
0	0
0	0
3	0
0	1
0	1
0	1
0	0
0	0
1	0
0	3
3	5
0	3
8	5
5	3
0	3
0	0
7	272
20	234
0	207
0	82
0	6
0	7
0	5
0	7
0	3
1	424
1	417
0	424
0	88
0	92
0	48
2	40
0	5
0	35
8	34
1	14
0	9
1	10
66	246
2	248
2	22
0	0
9	0
0	0
0	0
0	0
0	0
0	0
0	0
0	6
0	6
0	0
0	0
0	6
0	0
0	0
0	0
0	0
0	0
877	6
0	0
0	0
0	0
0	0
0	0
0	0
0	0
0	0
0	0
0	0
0	0
0	0
8	45
2	271
2	254
0	173
2	128
6	9
0	7
1028	699
4	699
0	256
0	29
0	12
0	4
5	35
0	2
0	0
0	0
0	0
0	26
0	0
0	0
0	0
6	457
0	390
0	154
2	0
0	0
0	0
0	0
0	0
0	0
0	0
3	106
0	106
0	4
0	10
0	9
0	9
0	0
685	693
0	693
0	163
3	955
0	954
9	735
6	151
0	92
0	87
0	0
1	32
0	10
0	13
0	0
0	0
0	0
4	0
1	1530
0	1533
2	981
0	708
0	700
24	769
1	720
4	71
0	0
0	0
0	4
0	0
0	0
0	53
0	55
0	13
0	14
0	1
0	0
1	0
1	0
0	0
1	0
0	0
2	0
0	0
0	1
0	1
0	0
0	0
0	0
0	0
0	0
10	5
0	5
0	0
0	0
0	1
0	0
0	3
1	0
1	0
0	0
3343	74
4	74
0	0
3	0
0	5
322	54
0	23
0	0
0	14
0	15
0	15
0	12
0	0
0	0
0	0
1	0
0	0
0	0
0	0
0	0
1	0
0	0
0	0
0	0
7	0
0	67
0	0
0	0
0	0
0	0
0	0
4	0
0	0
0	0
11	138
0	138
0	0
0	3
0	0
0	0
2	0
0	0
0	0
0	0
0	2
0	2
0	0
0	0
0	0
1	49
1	57
360	59
0	21
0	1
0	1
0	1
0	1
0	25
0	25
0	7
0	0
0	1
0	1
0	0
2	0
0	0
0	0
47	0
1	1
37	1
0	0
0	15
0	29
0	29
40	0
7	0
5	353
1	3
85	353
0	2
52	722
28	171
1	175
9	693
0	66
5	83
0	175
0	13
912	319
0	74
3	257
0	12
0	41
3	15
0	15
0	0
0	2
0	764
99	3041
0	2226
0	2261
6	1169
0	2301
0	491
0	976
0	286
0	0
426	462
0	462
1	10
16	96
5	94
0	7
681	3359
1	2095
0	3213
0	555
0	110
0	793
0	774
76	1909
5	1821
43	1863
2	13
19	1239
0	4
1	81
0	0
0	247
0	81
0	4
4	191
0	77
7	92
0	78
2	16
0	16
32	0
1807	3909
1	3909
0	0
234	0
0	0
1512	207
0	205
0	2
8	1296
122	1384
0	389
0	0
48	0
0	0
2097	12
212	0
1024	83
1	77
0	0
0	0
0	28
0	26
0	22
0	24
0	2
0	0
0	0
1	99
17	1211
5	1097
0	16
0	0
3	862
5	9662
1	9888
42	9923
0	534
0	62
0	0
0	594
0	2096
0	273
0	219
0	43
17	88
0	18
0	42
0	381
0	21
0	13
2	508
1	494
0	0
0	39
2	7
0	0
0	0
2	15
1	99
0	227
0	432
74	811
0	65
0	166
3	175
0	17
0	67
0	410
2	41
0	16
0	126
1	41
0	26
0	50
3	299
14	1929
3	32
0	2032
0	211
0	0
3	1548
1	385
0	169
0	10
0	123
0	165
754	1788
0	1414
3	1254
1	178
1	499
6328	126
4	1789
269	1789
0	0
1	5
0	5
10	285
17	3059
5	2938
5	374
0	37
1	993
0	241
0	7
12	455
10	448
2	6
0	8
288	4126
166	2299
3	1329
4	2665
0	0
0	0
59	0
0	424
118	761
2	827
0	658
0	7
0	7
0	72
0	72
0	0
2	12
0	15
3	0
5	0
0	0
1278	191
4	10
4	158
0	82
0	0
0	0
1943	6
5	6
0	312
319	312
1	153
0	0
1926	0
1	0
1278	1175
9	1104
0	216
1	38
1	54
0	5
0	5
0	0
8941	3611
15	1492
9	1676
29	1058
2	1356
4	367
1	14
3	22
5	17
1	7
0	3
1	2
2	2
0	0
0	0
0	0
0	0
0	0
0	0
37251	2
8	16
0	16
0	13
0	4
0	0
10	0
0	0
2	0
2	0
26	11
0	0
0	9
0	2
0	0
29	709
0	660
2	720
2	49
2	150
3	152
0	145
0	7
0	99
0	33
1	27
0	3
0	17
0	0
1	94
2	96
0	84
0	4
0	24
35	219
0	0
0	29
0	5
0	218
0	0
0	0
0	0
0	0
0	0
0	0
0	0
0	0
0	0
0	0
0	0
0	0
0	0
0	0
0	0
0	0
0	0
0	0
0	0
0	0
0	0
0	0
0	0
19	0
0	12
0	0
0	0
0	0
11	8
0	0
0	0
0	98
38	132
0	101
0	0
0	0
5	108
0	92
0	16
0	0
0	0
0	0
0	0
0	0
0	0
0	0
0	0
0	0
0	0
0	0
0	0
0	0
0	0
0	0
0	0
1	75
0	1
0	0
0	0
0	0
374	18
8	16
71	1153
0	897
0	1153
3	846
0	0
0	0
1	2
0	2
0	0
0	0
0	19
0	1
0	0
0	1
0	0
0	3
0	0
0	46
0	123
0	129
0	94
17	9035
0	8925
0	8944
0	9015
1	990
0	0
0	0
0	0
0	0
0	0
0	0
200	14
0	4
0	12
0	0
0	0
0	0
0	0
0	0
0	0
0	0
0	43
0	43
0	43
0	43
0	42
0	26
0	15
0	0
0	0
7	53
0	0
0	0
0	0
2670	2173
6	2169
0	0
0	0
2843	78
0	13
0	68
2	0
1	30
0	371
1	370
0	320
0	40
0	9
0	7
0	31
0	286
1	30
0	17
0	5
320	1754
5	1754
0	1063
0	319
0	38
0	31
2	31
2	0
0	0
7	0
0	0
0	0
0	0
0	52
520	61
0	10
0	3
183	43
2	6
0	7
4	1
1	17
0	21
0	0
0	28
5	18
0	11
0	8
0	1
1098	4368
4	4368
0	0
0	1479
19	805
0	0
257	621
1	20
25	610
0	7
0	23
0	193
0	141
1	86
0	0
0	12
0	0
0	9
0	8
0	12
0	0
0	0
0	0
0	0
0	0
0	0
0	0
1	1
0	1
0	0
0	1074
0	1135
0	992
22	805
0	39
3	130
0	56
0	53
0	29
0	42
0	241
43	0
0	3326
2	3326
1	3
1	4
0	36
0	0
3	0
0	0
256	688
0	706
0	240
0	0
0	0
0	0
1	210
0	22
0	0
0	88
0	0
0	0
0	0
0	0
1	30
3	0
0	0
0	0
0	0
0	0
79	7
0	2
0	5
3	9
0	9
0	7
0	0
0	1
0	1
0	0
0	0
0	0
5	2
0	4
0	7
0	9
0	0
0	0
0	8
0	7
0	14
8	0
467	16
13	0
5	48
18	68
3	3874
7	3484
0	673
2	3728
0	3902
0	2115
20	3513
5	1762
2	1344
0	1491
88	3188
0	140
0	1100
0	323
0	1
0	63
15	299
0	0
0	2473
0	0
0	0
2	614
2	614
26	614
17	0
0	8
0	8
18	249
0	249
0	0
0	0
0	0
0	0
0	0
0	0
0	0
3	4190
0	2285
0	15
0	127
0	357
0	1402
0	165
0	2312
0	1039
0	1253
12	917
3	1041
6	27
0	39
0	716
0	4046
0	1060
2	214
0	1111
0	0
0	0
0	0
0	1021
0	0
0	19
4	22
0	17
1	19
0	19
0	12
0	3
1	4
0	1
0	2
0	0
0	0
1	3
0	0
0	0
0	0
1	29
0	0
0	0
0	0
0	2
4	0
1604	9876
0	8299
0	7086
0	2224
0	875
1	2237
77	1195
0	1065
0	1065
0	1065
1	1064
0	988
0	823
0	257
0	105
0	40
2	0
0	0
0	10
0	9
0	10
0	0
0	0
0	2
0	6
1	0
0	0
1	94
8	84
0	5
720	677
0	68
0	663
0	21
0	0
0	105
0	84
0	61
0	29
0	91
1	155
1	141
0	146
0	150
0	7
0	19
0	0
0	1
0	3
1	3
0	0
0	0
0	0
0	0
0	113
59	128
0	0
0	16
0	15
0	0
1	0
0	0
0	0
0	0
0	0
0	0
0	0
0	0
0	0
0	0
0	0
0	0
0	2
0	2
0	2
0	0
0	0
0	0
0	1
0	0
0	4
2	30
0	30
0	3
0	218
0	218
103	78
0	0
0	0
0	123
109	149
0	0
0	7
0	28
0	0
0	17
0	0
0	13
0	0
0	40
0	6
0	6
0	33
4	71
0	0
0	71
5	73
2	18
0	0
1	0
0	0
0	108
0	0
0	159
1	523
0	424
0	108
0	391
0	487
0	376
0	487
0	576
0	679
4	985
454	807
0	353
0	326
0	35
0	124
0	5
157	23
1	0
0	23
2	19
0	0
0	0
0	0
0	0
272	3110
11	3115
42	405
0	0
0	1
2465	0
0	0
0	0
0	0
2	2
7	47
633	146
0	116
0	55
0	0
0	0
0	67
0	0
0	0
1	3
0	3
0	0
5	608
0	494
0	0
0	262
10	0
25	198
0	61
0	0
0	0
0	0
5	290
4017	312
1	0
0	37
0	65
3	62
0	61
0	6
1	2
0	9
0	2
0	2
0	0
0	3
0	2
0	0
0	0
0	0
0	0
0	0
0	1
0	1
0	0
0	0
1	0
0	0
0	0
16	11
54	416
2	311
0	343
0	307
1	236
0	197
0	55
1	4
1	51
0	29
0	0
128	681
4	626
9	331
0	627
3	327
4	11
0	0
0	28
0	0
0	321
572	312
3	223
1	139
0	27
0	215
17	342
0	316
0	55
0	46
0	262
0	45
0	68
0	9
0	1
0	1
0	1
2	6
0	44
96	1450
1	1429
0	772
0	119
0	0
1	3
0	3
0	3
0	310
0	176
0	179
0	179
0	2
0	179
0	0
0	1
0	0
0	0
0	8
0	0
0	3
0	9
0	1
0	1
0	1
0	16
0	1
0	262
0	27
0	13
0	115
0	265
0	30
1	233
0	12
0	165
2	69
0	7
0	0
1	0
1	25
0	0
0	0
0	0
0	0
0	173
0	192
0	0
0	0
0	0
0	59
0	176
7	174
0	6
0	2
1	77
0	0
0	0
1	150
7	150
0	2
0	0
0	2
24	566
0	562
0	20
0	67
0	29
0	0
0	0
0	0
0	0
0	0
0	0
0	0
0	0
0	0
0	0
0	1
0	0
0	0
0	0
0	0
0	0
43	0
1075	534
0	27
0	445
14	46
0	99
0	0
0	42
0	394
1	716
7	1107
0	1125
21	1208
0	832
0	261
0	75
0	0
0	0
18	48
7	83
0	83
0	0
0	0
0	0
692	163
0	163
0	15
0	0
0	0
30	570
0	346
0	344
0	225
0	57
1	65
8	17
3	18
469	63
0	0
0	10
23	55
69	1
0	1
0	0
0	0
0	0
0	1
0	1
0	1
0	1
63	341
50	341
5	1
46	214
0	214
0	6
0	2
0	8
3	383
50	332
0	136
0	13
2	74
0	159
0	20
0	101
0	204
0	207
0	118
0	59
3	10
0	10
0	10
6	7
0	0
105	416
2	416
0	43
0	1
0	2
388	90
0	90
24	0
0	8
0	10
0	50
9	50
0	1
0	1
2	5
0	0
2	0
0	7
0	39
48	39
0	0
0	0
0	0
0	0
0	0
40	1088
0	875
0	1054
4	839
5	877
0	20
0	120
0	38
6	235
0	0
0	1126
2	1062
4	946
2	219
0	0
0	278
24	208
3	74
0	31
0	0
56	8
0	8
0	0
31	1432
3	1293
3	720
4	413
3	393
0	418
0	477
0	11
0	1
0	1
2	18
70	18
6	437
0	443
0	0
5	189
0	13
0	0
6	325
0	325
0	7
0	7
0	0
0	0
0	0
0	1
0	0
1	1
0	4
0	4
1	2
1	1
0	0
439	113
2	111
0	224
4	224
0	106
0	0
0	851
0	490
0	767
17	877
0	886
0	0
0	17
0	6
0	0
0	1
0	1
0	1
0	0
1501	10
5	41
1	41
0	0
0	0
0	0
1678	311
0	306
0	198
0	191
0	191
0	0
1	110
0	0
0	0
0	30
0	0
0	0
0	0
0	0
2	370
12	27
0	0
0	0
0	0
0	0
0	0
0	0
51	64
0	5
0	35
0	44
0	0
0	4
0	223
0	218
1	205
0	223
0	61
0	185
136	6867
2	6835
1	2447
0	1767
0	3
0	3
0	597
13	544
8	672
762	572
21	605
0	3
0	195
3	211
0	29
1	2
0	2
0	0
0	0
0	0
0	0
1	0
0	0
4	0
0	0
0	0
0	0
0	0
2	0
1	0
0	0
0	0
0	0
0	0
0	0
0	0
0	0
0	0
0	0
0	0
0	0
753	0
2	0
68	138
0	88
0	8
0	48
0	0
0	4
0	0
0	0
0	10
76	10
0	10
0	0
0	0
0	0
2	0
0	0
502	3
0	3
0	0
0	0
0	0
0	0
0	2
0	2
0	0
359	103
0	43
0	14
0	5
0	35
0	41
0	37
0	0
0	0
0	0
0	0
3	4
0	4
5	8
1	846
428	958
1141	978
0	851
0	852
0	855
0	859
0	865
6	0
3042	3303
1	2599
0	3327
6	426
3	407
1	267
121	49
0	41
15	12
0	69
0	0
0	0
16	12
0	11
2	1
11	61
0	1
0	32
7	51
0	0
0	0
0	0
0	1
0	6
0	0
4	522
0	2
0	3
0	0
0	0
0	0
0	0
0	0
1	0
42	549
2	173
7	18
0	18
0	0
0	0
0	0
0	71
44	86
0	35
0	54
0	0
0	14
7066	2407
0	266
0	2297
0	0
0	0
0	188
0	69
0	0
0	0
0	0
2754	75
1	0
0	37
0	0
0	0
0	0
0	0
0	3
0	3
0	3
761	110
0	38
1	0
0	75
283	0
820	879
1	0
3	879
0	0
6	246
2841	207
29	207
1	2
0	0
0	0
76	2339
5	2288
5	483
6	241
0	168
5	46
0	5
4	5
0	5
0	2
4	8
4	237
0	10
0	81
8	9
0	47
1	68
0	5
0	1
1	0
0	2
0	0
3	148
3	2
0	2
0	1
0	0
0	1
14039	36735
28	27479
19	22866
1	16313
0	11095
0	0
0	0
0	0
0	0
0	0
10	0
0	0
0	1
0	5
0	1
0	0
0	5
514	326
0	30
0	258
0	26
0	30
0	71
178	0
0	0
0	0
0	0
0	0
0	11
196	7
0	3
0	4
0	1265
5	1252
0	569
0	412
0	108
0	2
0	0
0	0
1	0
0	0
0	0
0	0
0	0
0	0
0	0
0	0
313	57
0	11
2	26
0	50
975	989
0	8
0	0
0	33
0	74
0	160
0	788
2	14
0	4
0	0
0	84
0	84
0	84
0	50
0	50
4	0
0	0
6	1
0	1
0	1
3	0
5	1
0	1
0	0
0	2
0	0
0	0
2	0
0	0
2	263
1	0
0	4778
1	4812
7	1467
2	1924
0	1395
12	654
0	981
0	793
0	189
0	671
0	537
0	714
3	126
0	33
0	68
0	378
0	0
1	54
6	45
6	88
1	0
0	228
0	0
3	55
0	19
2	15
2	89
6	86
0	0
0	0
0	67
0	0
0	0
0	0
0	0
0	0
0	139
0	0
0	0
0	0
0	0
0	0
0	0
0	0
0	0
0	0
0	0
0	0
0	0
0	0
0	0
0	0
0	0
0	0
0	0
0	0
0	0
0	0
0	0
0	0
0	1
1	612
54	613
4	20
0	499
1	0
0	0
0	0
0	0
0	0
0	0
0	0
0	0
0	0
0	0
0	0
124	16
6	19
4	7
0	1
0	0
2	1
0	1
1	0
2	756
51	756
0	40
0	0
0	1
3	0
74	0
0	0
0	0
0	1
4	3
0	0
0	2
0	0
0	0
0	0
0	0
0	0
0	0
0	0
1	141
0	147
0	140
0	180
0	183
0	180
0	188
1	105
0	146
1	111
0	70
0	93
0	90
0	33
6	69
0	69
0	32
1	26
0	71
0	75
0	70
0	62
0	22
0	63
0	21
0	25
0	29
0	17
6	50
0	33
2	37
0	23
0	23
0	8
0	8
0	0
0	14
0	14
1	5
7	1
2	1
15	455
0	559
0	57
0	601
0	246
0	28
0	31
0	0
0	0
0	0
0	0
235	0
0	0
0	0
0	0
0	0
0	0
1	0
0	0
0	0
0	0
8	87
0	0
0	11
0	11
0	10
0	0
0	0
5	1
0	4
0	0
0	0
0	306
0	375
3	367
0	65
0	4
0	258
0	0
0	0
1	0
0	23
737	637
0	626
0	6
0	0
0	77
0	1
0	0
2	76
0	0
0	61
0	0
0	76
0	54
0	41
0	76
0	71
0	3
0	8
0	39
7	0
6	133
2	132
0	1
0	0
0	0
1	8
0	0
0	8
0	0
0	60
0	62
1	0
0	9
0	9
0	0
1	0
571	273
0	19
0	48
0	74
2	53
3	2
0	21
0	21
0	146
2	0
0	0
0	0
0	229
0	0
10	0
28	242
0	258
0	232
0	231
0	48
0	44
0	3
0	7
0	3
0	9
0	0
0	22
0	14
0	8
0	1
2029	350
0	266
0	53
0	0
0	71
0	3
0	1
0	0
0	3
0	1728
0	0
0	0
9	659
21	673
0	85
7	14
0	0
18	0
0	0
0	0
0	0
0	0
0	0
0	0
0	127
1	26
2257	1404
0	41
0	481
0	1109
0	4
0	8
0	0
119	18
0	14
0	4
0	0
24	0
0	0
0	5
0	5
0	0
0	0
0	0
0	0
0	0
0	0
1	73
0	62
0	11
0	10
1	5
2	5
0	5
0	3
0	0
0	3
0	2
0	3
0	0
0	0
0	0
0	0
0	0
0	0
0	0
0	0
0	558
0	14
0	1094
0	362
0	4
113	1206
0	20
0	1073
3	414
0	90
0	250
0	63
1	170
0	119
0	76
0	84
0	0
1	0
0	0
0	0
0	0
0	1
0	0
4	17
0	0
0	0
0	0
0	0
159	0
0	0
0	0
1341	1389
4	1323
0	914
0	746
1	89
0	0
0	0
0	0
0	0
0	0
0	0
0	0
0	0
0	0
0	0
38	197
0	197
0	0
0	0
0	0
0	0
0	0
0	0
0	0
0	0
0	22
0	0
0	0
12	93
1	7
0	1
0	2
0	0
0	16
0	84
0	4
0	54
0	0
0	9
0	6
0	28
521	1704
44	1609
0	38
0	147
0	277
0	105
0	7
0	103
0	16
0	66
94	29
0	16
0	21
0	0
0	0
0	0
0	4
0	0
0	0
0	500
0	0
0	0
0	0
0	0
0	0
0	0
2	12
20	44
0	0
0	19
0	0
0	2
0	1
0	27
0	0
0	0
2	142
4	126
0	115
0	103
2	117
0	32
0	46
0	24
0	2
638	240
19	240
0	16
0	14
0	0
0	1101
401	2363
2	2363
4	274
0	103
0	0
303	957
0	106
0	24
0	23
0	0
3	132
0	0
0	0
0	0
0	0
4	838
0	0
0	0
0	0
0	0
0	0
0	0
0	0
0	0
0	0
0	0
0	0
0	0
0	0
0	24
0	24
30	0
0	21
0	0
0	0
0	24
0	0
0	0
0	0
0	1
0	0
0	0
16	10
137	10
36	866
4	852
0	0
3	785
0	0
2	14
14	133
0	157
0	149
0	70
0	14
0	19
0	29
0	8
5	1013
0	31
2	880
1	109
0	11
0	44
3	54
0	102
0	95
2	23
0	369
1	120
6	44
0	96
0	28
0	49
0	114
0	0
1	137
31	453
0	70
0	426
0	23
0	43
0	143
2	145
0	17
0	46
0	61
5	13
3	1395
646	1504
0	66
0	0
0	71
0	18
0	39
0	7
3	230
0	165
0	86
0	67
37	17
0	40
2	3
0	0
5	27
0	0
0	0
0	0
0	27
0	0
0	192
0	475
0	600
0	0
2	34
194	632
0	600
0	0
0	86
0	0
0	67
0	1
0	2
0	2
0	2
0	2
0	2
0	2
0	2
0	2
0	0
4	6018
0	5814
0	5768
0	5768
0	5768
30	5388
37	5783
0	5768
1	5768
3	5276
17	5474
74	5630
0	3155
2	748
0	1652
2	946
0	786
1	584
0	432
0	0
0	37
1	22
0	0
0	12
4	8
0	0
0	137
0	0
0	0
2993	836
0	160
0	79
0	281
2	221
0	14
0	394
0	0
0	0
0	0
0	0
0	0
0	0
0	0
0	1
0	0
0	0
9	228
5	132
0	215
0	0
0	8
0	3
0	1
0	0
0	0
0	0
0	0
0	0
0	0
0	27
0	0
6	8
6	191
0	213
0	173
0	207
0	181
0	57
0	3
0	32
0	32
0	4
0	501
0	0
0	0
0	7
0	1
0	1
0	0
0	6
0	1
0	0
0	56
0	56
0	0
0	0
555	977
413	1035
0	802
0	759
24	375
0	202
0	0
4	38
14	0
0	0
0	0
0	0
0	1429
9	1429
0	101
0	101
0	101
0	101
0	101
0	101
0	101
7	94
0	5
0	43
1	0
0	15
0	15
70	778
0	0
1	2
8	0
0	0
0	0
0	2
162	1840
0	1832
0	0
1	6
0	0
0	0
0	0
0	0
0	0
0	1
0	0
0	0
0	0
0	0
0	0
0	0
0	0
0	0
0	0
0	0
0	7
0	0
0	0
0	0
0	0
0	0
0	0
0	0
0	0
32	9
1	9
0	0
0	11
0	11
0	7
0	8
0	0
0	0
0	0
0	0
37	0
1	0
0	0
2	0
0	0
0	0
0	0
0	1
37	1
0	1
0	0
0	0
28031	0
5	316
3722	0
229	33
0	0
0	0
1	13
0	34
0	0
0	1
1	1
0	207
0	255
5	204
0	246
0	159
6	167
0	0
0	0
0	0
0	0
74	198
0	198
0	0
0	0
0	0
0	0
0	0
0	0
0	0
0	64
0	64
0	1
0	0
0	1
24	0
0	0
0	0
0	0
0	0
0	57
0	0
1	57
0	57
146	1136
7	1227
123	979
0	511
0	575
0	589
0	16
0	49
3	1
0	0
0	0
3	15
0	19
415	795
701	413
25	801
21	298
0	19
0	0
0	1
0	0
0	208
7	0
0	1
0	8288
0	1189
2	583
0	5125
0	0
0	0
175	8492
0	295
1	1111
0	0
0	0
2	89
2	13
0	3
157	8
0	5
4	0
2	0
297	0
736	199
0	199
9	7
0	0
11	796
0	655
0	152
0	125
2	1248
3	1248
2	54
0	1248
0	91
0	101
0	0
0	9
0	2
0	0
0	0
6	261
10	226
0	41
0	39
2	282
2392	234
0	235
2	109
0	0
767	315
0	312
0	69
0	1
0	11
38	1545
0	109
0	1371
0	212
0	138
0	14
0	96
9	40
0	40
0	0
10	11
2	0
5	674
0	674
10	664
0	0
0	37
6	365
687	365
0	24
0	226
4	6
0	10
0	226
0	227
0	27
0	24
0	0
3598	5197
45	4640
1	3415
41	3412
83	1670
14	175
0	0
7	26
0	188
0	0
0	0
1	764
0	0
0	1
0	0
3	0
0	0
0	0
0	0
0	0
0	0
0	0
0	0
0	64
0	0
0	0
0	0
0	9
0	0
0	1
0	0
0	0
10	0
1	0
0	0
1	0
0	0
0	0
0	0
0	0
0	0
3	0
3	855
1	543
0	644
0	792
2	0
0	0
3	72
0	0
0	1
1	45
86	3295
324	3548
0	201
0	506
0	0
0	0
4474	14
7	0
0	0
0	0
2	102
908	102
8	0
0	11
0	1077
0	994
3	441
18	1048
7	25
0	2
0	8
0	0
0	54
0	331
1	47
0	324
4	307
1	0
283	219
7	219
0	63
0	189
0	189
667	220
186	129
0	0
0	1
0	30
113	2
1	16
0	3
260	166
0	19
0	9
0	0
0	13
1494	0
2	0
4	10
48	21
3	91
0	52
6	0
0	0
0	0
0	0
113	220
0	186
0	201
0	4
0	17
0	46
2	36
0	0
0	0
0	0
0	0
0	0
0	0
0	0
0	0
0	0
0	0
0	0
0	0
0	0
0	0
0	3
209	3
31	659
4	659
0	94
0	0
0	14
0	14
11	0
0	0
84	3679
151	5537
22	6155
1194	6041
0	634
30	3388
0	0
0	0
0	0
0	0
3	63
0	63
0	4
0	0
0	3
2	3
0	0
5	448
0	206
2	367
1	2
0	218
0	0
0	0
0	654
0	654
7	31
318	655
0	0
555	66
0	48
1	29
3	37
48	21
15	2562
5	2494
43	386
27	151
0	0
0	0
0	0
110	19
5	19
0	0
113	70
0	27
0	21
0	10
0	2
0	2
1	10
0	0
0	0
1	2
0	0
0	0
0	0
18	1
0	1
2	18
0	935
5	938
0	18
0	2
0	0
1	15
0	18
0	0
3	346
3	547
4	638
54	695
4	388
0	609
14943	1666
4	562
2	877
0	440
3	439
0	1
5	0
0	1
0	1
39	444
0	428
6	32
0	67
0	103
0	32
0	10
0	43
0	0
0	36
0	19
0	25
0	46
0	0
0	0
4	95
32	95
21	49
16	38
0	1
0	1
0	664
0	602
1	487
5	547
10	452
1	45
0	37
0	3
0	11
0	11
0	10
0	11
0	0
0	1
49	439
346	551
0	125
0	307
0	37
0	63
0	15
0	0
0	12
0	0
0	9
0	9
0	0
0	1
0	7
0	0
0	0
0	0
0	0
0	0
10	2179
19	2197
0	2149
59	781
3	728
15	100
0	28
0	0
0	0
0	229
5421	0
142	6095
0	6095
1857	2
2044	186
0	57
0	43
0	0
0	0
0	8
0	79
0	1
0	0
0	0
0	0
0	0
744	934
0	88
0	155
1	172
0	56
0	860
538	198
0	198
0	160
15	99
18	25
0	66
0	23
0	35
0	0
2	594
0	542
0	799
122	879
1	172
0	69
1	50
0	39
2	23
0	30
2	1
0	0
0	1
0	0
3	1
23	213
0	97
0	185
0	39
0	1
0	547
0	22
0	31
0	40
2	101
0	1
0	93
3	7
0	0
0	0
0	3
0	0
0	0
0	295
0	119
235	4938
0	12
0	1087
2	4548
0	0
0	1037
0	1029
1	991
0	1738
0	1279
0	81
0	71
0	348
0	225
0	0
0	0
5	0
1	0
198	1797
0	522
0	776
2	1789
0	580
0	494
2	1774
0	756
0	2
0	96
0	95
2	0
0	0
0	0
0	0
1	1
0	66
0	0
0	0
104	74
0	19
0	55
5	85
0	25
1	23
0	89
0	57
0	39
0	29
1768	123
0	60
1	64
0	6
0	1
0	50
8	51
0	43
0	13
0	13
0	0
0	0
0	1
0	181
0	179
0	193
0	142
0	55
0	20
0	28
2	23
0	16
0	0
0	0
17	5018
14	214
0	183
0	4299
0	751
0	4729
4	795
0	320
2	186
0	185
3	0
4	482
2528	748
42	748
17	653
1	0
0	685
2	68
0	0
0	0
1	0
1	0
0	0
0	0
4	1511
0	1503
0	1444
0	1406
0	1470
0	84
33	84
0	73
0	37
0	7
4	0
0	21
0	0
0	0
0	0
931	12
1533	0
2	275
0	1370
0	1370
0	275
0	481
0	1370
0	480
29	1429
268	1753
0	535
0	1348
0	483
0	293
671	1564
10	1300
8	644
426	72
0	22
0	48
0	0
0	0
0	1
0	3
0	1
3	3
0	3
0	3
0	1
0	1
0	3
2	0
0	0
0	3
0	173
0	204
0	1
0	6
0	6
0	31
0	3
0	0
0	4
0	3
0	6
1	145
9	98
3	40
0	10
35	908
0	806
0	665
29	791
1	486
1	39
63	792
10	788
0	221
1	92
0	224
0	224
0	4
0	96
9	112
0	5
0	4
0	15
8	1780
60	1691
14	73
0	16
0	1776
0	140
19	0
0	0
76	30
1	30
5	67
73	79
13	15
0	12
0	16
0	25
3524	0
145	1475
1	1308
0	1472
1	1246
0	470
0	28
0	141
0	195
0	12
298	73
0	56
1	17
0	13
0	14
0	13
2421	708
0	303
0	386
0	234
0	35
85	194
2	194
0	31
0	11
0	15
0	54
5631	1604
2	1600
0	0
0	0
0	0
0	2450
0	2853
0	0
4	2888
0	2173
33	2851
14	2956
0	0
0	102
0	2507
0	1617
60	2851
0	0
0	2922
0	2207
0	1976
0	3
37	2852
0	5
0	0
1	2852
78	2855
57	2861
1	0
0	59
0	76
0	2916
0	2198
0	165
0	0
137	2854
0	0
0	0
54	2852
518	2853
0	0
0	0
2	0
4	0
0	0
48	3
0	3
303	0
0	0
104	1
255	10
5	32
261	41
286	7
6	2
282	8
332	7
104	3
124	1
0	0
0	0
160	0
239	0
285	0
59	0
90	0
320	0
146	0
135	0
319	0
35	3
165	81
0	78
0	0
0	6
0	6
0	4
232	0
1	0
0	0
6	23
0	23
3	107
11	17205
0	0
202	17072
276	17098
27	17231
0	217
149	17261
0	105
48	17265
0	180
227	17098
0	0
0	0
309	17098
2	0
54	17424
0	327
20	17208
3	136
248	17079
50	17317
4	231
62	17225
0	172
217	17087
0	0
191	17081
157	17097
2	1
5	1
1	0
432	17098
265	17057
35	17327
0	229
23	0
6	1699
0	18986
0	18234
60	17433
2	17080
2	349
267	18791
9	640
43	1560
11	2899
0	1522
0	633
28	2810
2	2818
2	2812
0	0
9	1053
10	1055
0	1055
0	1032
0	589
0	73
0	0
0	24
0	7
0	0
6	946
0	909
361	1402
0	580
0	205
0	305
18	1492
0	2082
0	2597
0	2694
50	4418
86	4137
2	972
0	2048
69	3344
4	1382
0	513
0	1164
0	116
0	450
0	1264
0	88
86	114
0	1
0	9
0	13
0	0
0	19
0	17
0	8
0	7
0	103
0	102
0	46
0	6
0	0
0	5
0	17
0	13
0	0
2	0
0	0
0	0
4488	1018
215	2004
1	1429
0	1444
0	0
0	0
0	2
0	2
80	87
2	107
1	27
0	1
0	9
0	0
0	137
0	165
169	1050
11	191
0	262
0	93
6	1012
0	328
0	6
0	6
0	6
0	0
0	41
0	6613
3	7176
1	98
0	291
1	4328
0	486
0	196
1	403
0	450
0	9
0	290
0	6568
0	363
2	133
2	862
5	7038
1	110
2	173
6	387
0	0
1	218
0	487
0	528
81	536
0	65
1	24
0	53
0	0
0	0
10	0
1	22913
0	0
50	24285
0	1800
45	15899
0	4683
4	5753
0	15413
9	3882
0	0
0	0
455	10
0	0
0	0
14	12
8	12
0	0
0	0
2	5
0	0
0	0
0	1
17	2308
0	2211
0	1027
0	124
0	45
0	45
0	45
0	45
0	38
0	21
1	58
6	1
0	0
0	1
0	6
491	850
13	846
4	101
1	0
0	17
0	191
0	0
5	13
0	4
0	10
1	10
0	1
0	0
0	0
10	0
2	1294
0	1294
0	616
1	123
5	50
0	3
0	0
0	0
0	0
1	0
0	0
0	0
0	0
0	0
0	0
0	0
1499	90
1	23
2	71
3	0
4	8
8	67
0	35
0	7
0	0
0	35
0	0
0	17
0	1
0	11
0	12
0	12
158	0
0	0
0	0
0	0
0	0
0	0
0	0
0	0
0	0
0	0
7	0
1	3
0	3
0	0
0	0
10	0
27	221
0	221
0	25
0	8
0	17
0	36
0	0
0	0
0	0
0	0
0	0
71	412
0	307
0	161
0	16
0	68
0	63
0	2
0	7
0	11
1	99
0	7
14	8
0	8
0	452
0	450
0	439
0	0
0	444
0	0
0	1
0	1
0	1
0	0
19	709
1	160
0	708
1	374
0	20
0	33
0	46
0	48
0	42
0	4
0	60
0	0
60	0
0	0
0	0
0	2
1	2
115	1367
0	2915
45	2518
0	2636
0	1643
0	388
0	30
0	0
0	0
0	0
0	0
0	0
0	0
0	0
0	0
0	8
9	180
0	180
0	4
0	0
862	256
0	253
0	234
32	218
0	70
0	18
5	36
246	365
0	0
122	2
205	135
0	114
0	86
0	0
0	15
0	6
0	0
0	0
0	0
0	0
0	0
0	0
0	0
0	0
0	0
0	0
0	0
0	0
0	0
0	0
0	0
0	0
0	0
0	0
0	0
0	0
0	0
0	0
0	0
0	0
0	0
0	0
0	0
0	0
0	0
0	0
1	0
0	0
0	1
0	1
0	5
646	5
317	72
0	70
0	0
1	0
34	6
5	6
0	0
0	0
0	0
9	169
0	0
0	169
0	0
0	0
0	0
0	7
0	0
0	0
0	0
7	1
2	976
4	976
2	1
0	0
7	0
3	0
0	417
0	270
0	332
0	658
0	669
0	45
0	33
9	6
0	7
0	7
0	0
0	0
0	0
0	0
0	0
82	31
0	31
0	20
0	0
113	24
0	20
0	2
0	7
0	5
0	0
0	4
0	0
0	4
86	38
0	22
0	5
0	15
0	1
0	0
1	0
0	0
0	0
0	0
5	0
0	0
0	0
401	0
9	8
0	285
0	2
3686	670
54	790
0	598
145	636
0	557
0	56
1	591
0	586
0	599
0	21
0	0
35	1280
0	1094
0	424
0	119
1	228
2043	56
32	54
0	45
7	1351
1	482
4	460
122	745
9	42
0	1057
0	0
0	0
0	0
1	0
0	0
0	0
0	0
0	0
0	0
0	19
0	0
411	357
0	27
0	91
0	235
0	235
1	188
5	165
2	96
0	105
0	154
0	0
0	0
12	64
0	0
0	0
0	0
0	0
0	3
0	678
0	665
4	400
11	413
0	217
0	104
0	102
0	23
0	7
2	5
0	0
0	0
0	0
0	0
0	0
0	0
0	0
0	0
0	0
0	0
0	0
8	18003
17	18094
0	4
0	0
0	0
0	0
0	0
0	0
0	0
22	70
1	60
2	54
3	58
4	0
0	0
0	305
15	305
0	21
0	0
0	0
0	0
2	59
0	1
12	90
0	0
0	37
0	29
0	0
0	27
0	1
7	8
0	0
0	0
0	14
0	28
0	7
0	2
64	137
1204	145
0	42
0	11
0	11
0	38
0	65
0	0
0	0
0	0
0	0
0	0
0	0
0	0
0	0
0	0
0	6
118	98
30	98
0	0
0	0
2	13
0	0
0	0
0	0
0	0
0	0
0	0
0	28
189	74
0	22
0	14
0	0
0	45
0	31
0	14
0	14
0	0
0	1
0	0
0	1
0	0
0	0
0	0
1	54
0	60
1	60
0	42
2	40
0	0
0	0
0	26
0	48
0	42
0	30
0	21
0	0
543	275
1	50
0	106
0	101
0	77
0	0
165	108
0	7
0	19
3	105
30	0
1	0
0	15
0	15
0	3
0	13
0	0
0	0
379	242
1	246
1	166
0	0
686	182
8	185
3	13
0	101
0	0
2	0
0	0
0	0
10	0
0	0
0	0
0	0
0	0
82	241
0	219
0	228
0	44
19	0
5	0
0	0
0	0
1	0
0	0
0	0
0	0
0	0
0	0
0	0
0	0
0	0
0	0
0	0
0	0
0	0
0	0
0	0
0	0
0	0
0	381
0	346
0	203
19	382
0	111
0	1
0	0
362	1379
0	1135
0	1412
0	1197
0	57
0	190
0	0
1	189
0	52
3	680
0	343
302	680
0	0
0	0
0	0
0	0
0	0
0	0
0	0
0	0
175	35
0	35
0	51
0	0
22	25
0	39
0	0
288	41
1	41
2	0
0	0
0	0
240	62
0	62
0	0
0	0
0	0
88	432
0	2
0	57
0	0
0	16
0	31
1	354
51	2
24	235
7	29
3	224
0	0
0	0
0	0
0	0
0	0
0	0
0	6
3	6
0	0
0	1
8	0
0	1
0	6
3	0
0	0
0	0
0	0
0	0
1	0
0	0
899	6
0	0
31	0
0	0
0	0
0	0
0	0
0	0
0	0
5	0
0	0
1028	175
0	175
0	0
1	5
0	1
0	4
0	0
20	1063
23	1039
81	1065
2	59
0	219
6	45
0	265
6	28
0	275
0	273
0	0
0	0
0	0
0	0
0	0
0	0
0	0
0	0
0	0
0	0
0	0
0	0
0	0
0	0
0	0
0	0
0	5
0	5
0	1
0	1
0	0
272	6
0	6
35	1104
602	1121
27	9
0	211
0	6
0	0
0	9
0	0
650	366
0	18
0	291
2	25
0	73
0	0
55	2170
2	2170
0	2020
0	76
3	5366
32	5359
0	5335
0	82
0	30
3	0
0	0
0	0
1151	1385
1	1966
0	1922
0	11
0	49
9	33
7	1678
0	14587
0	14581
23	14584
12	0
4	5496
15	10064
4	5636
0	7075
5	10101
0	0
0	102
0	443
82	385
0	344
0	187
0	0
1	806
0	826
0	570
0	463
1	30
0	13
31	0
29118	29546
0	1436
54	28963
0	233
1	2054
0	0
0	0
0	3088
3	11586
2777	25
0	19
1	0
1	561
0	561
0	0
0	3816
0	202
0	118
19	3815
0	1037
0	0
4	1493
0	1321
6	1534
0	1208
0	103
0	0
4	350
1	63
0	18
0	52
71	21
0	18
0	3
0	0
0	0
42	4543
0	4318
0	0
4	48
0	48
0	0
0	0
0	0
0	0
0	0
4	0
33	0
37	5
0	5
0	0
2317	2748
0	2870
1	1142
0	1191
14	1196
1	267
0	2566
0	1031
3	348
4	3
1	4
17	4
0	0
0	0
0	0
1	0
0	8
0	8
3	8
6	0
804	97
0	80
0	66
164	308
6	293
0	27
85	886
80	928
0	199
4	245
0	157
98	42
3	1270
19	1270
0	0
0	102
0	73
0	97
2	90
0	0
86	0
1	0
47	13
2	13
0	12
0	12
440	244
7	194
0	9
1	50
22	16
0	6
0	0
0	0
0	0
0	0
0	1
2	1
0	0
0	0
0	0
0	7
0	8
0	0
10	16
27	16
0	0
0	0
677	391
0	391
0	391
0	108
0	0
3298	1309
0	282
0	1056
0	65
0	176
12	591
1	235
0	942
1	611
0	83
0	20
0	62
0	83
0	59
0	0
0	60
0	0
0	5
0	2
0	3
0	3
0	3
0	0
0	0
0	0
0	0
0	2
0	2
0	1
0	1
0	0
0	0
0	0
0	0
0	0
0	0
0	0
0	0
0	0
0	0
0	0
5	389
0	0
424	2346
0	1815
2	1842
0	1830
4	54
0	0
0	137
1	0
50	2391
0	143
0	295
0	2389
0	0
0	17
0	0
0	27
0	0
0	0
0	0
0	0
0	0
0	0
0	0
0	0
0	0
0	0
0	0
0	0
2130	1684
8	1628
0	2
0	1441
0	302
3	81
0	366
0	0
0	0
0	0
0	5
0	0
39	0
0	0
0	122
4	1829
2	2101
0	1605
0	1527
0	1275
1	1610
1	1600
0	1308
1	1300
0	1115
0	527
0	243
0	2
1	40
2	26
11	4141
0	1893
0	3704
11	4070
2	2814
0	2470
0	1865
0	2064
2	198
0	692
0	548
0	618
0	615
0	585
0	599
0	0
26	0
0	0
0	0
0	0
0	9
0	3
0	0
0	0
0	0
0	0
0	0
0	0
58	0
1	1060
0	0
0	986
0	3
0	1241
0	951
1	79
0	0
0	80
0	4
752	1282
0	1051
0	817
0	848
0	3
0	2
0	0
0	1067
0	1248
2	161
0	978
0	982
0	1019
8	18
0	1261
0	83
0	0
0	23
3	76
0	26
0	779
0	214
0	163
0	176
0	73
0	43
0	0
0	0
0	0
0	3
3	14
0	14
0	0
0	0
0	0
0	0
2	2
0	0
0	0
0	0
0	0
1	13
6	13
0	1
0	0
0	0
0	0
0	0
0	3
0	0
0	0
0	3
0	0
0	1
0	0
0	0
0	0
48	0
0	877
0	824
0	0
0	670
0	11
0	765
0	10
0	11
0	7
0	449
0	9
0	200
0	481
0	35
0	33
0	2
0	1
0	11
0	7
0	740
0	727
0	11
3	1
0	0
0	0
8	0
0	665
2	0
40	0
0	42
0	9
0	9
0	0
0	0
0	4
22	1431
27	953
3	1140
0	584
0	27
0	1093
0	992
0	994
1	995
0	0
0	501
0	504
0	0
1	0
0	0
0	292
18	292
0	115
0	0
0	0
0	0
0	0
0	0
0	2
0	2
0	0
0	0
0	0
0	0
0	0
0	0
0	0
0	0
19	711
88	716
0	160
0	97
0	39
0	4
0	57
0	55
0	6
0	0
0	7
0	83
26	83
0	29
0	2
0	0
0	0
0	0
0	0
0	0
0	0
0	0
0	0
0	0
0	0
0	0
0	14
0	14
0	3
1	0
0	0
5	0
0	0
0	0
0	0
0	0
0	0
0	0
0	0
0	0
0	0
0	0
0	0
0	0
0	0
117	0
1	0
0	0
0	0
0	0
0	0
0	0
2748	1771
12	20
7	141
3	139
0	0
0	593
0	0
46	1766
0	94
0	0
0	0
0	0
659	2
161	164
12	162
0	104
0	3
196	7
0	3
0	4
1	4
0	11
0	11
0	9
0	0
0	0
176	0
146	31
0	7
917	1043
0	882
0	147
3	2
0	0
339	133
5	49
8	67
0	92
3	2652
22	2670
0	2666
0	1967
0	677
0	22
0	27
0	23
0	5
7	173
0	173
0	2
12	460
3	400
0	97
1	60
4	87
20	67
0	31
0	0
8	0
526	483
7	477
0	0
0	10
0	0
0	0
0	9
0	0
0	0
0	0
0	8
0	0
0	0
0	0
0	0
0	0
433	5
1	0
0	0
3	5
437	18
0	0
0	18
69	845
0	120
2	254
0	524
0	162
0	67
0	21
0	545
13	8
0	8
1	0
0	0
0	0
0	0
2	0
0	0
0	0
0	0
0	0
0	0
0	0
0	0
0	0
0	0
0	0
0	18
0	981
284	3188
1	33
0	716
0	630
3	716
0	1012
0	3184
0	564
0	58
0	12
1	527
0	43
0	635
0	573
0	0
0	23
0	735
0	15
0	748
0	29
0	28
0	67
0	730
0	48
0	50
0	610
0	145
0	148
2	620
3	81
0	579
0	636
0	40
10	62
4	540
3	264
0	4
0	7
0	610
0	43
0	26
0	65
0	0
0	80
0	41
5	710
0	165
0	187
0	135
0	150
0	968
0	6
0	15
0	113
3	62
0	159
0	89
1	545
0	16
0	524
0	213
0	0
0	0
0	1
3	4
0	0
0	4
0	0
0	0
0	0
307	293
0	295
0	295
0	0
0	0
0	0
0	0
0	0
0	42
1	52
0	25
0	9
0	11
0	12
0	12
0	15
3	16
6	25
0	25
0	18
0	25
0	4
0	4
0	12
0	204
0	199
0	199
1	192
4	195
0	90
0	0
456	396
0	65
2	197
0	29
0	212
0	17
0	0
0	0
0	0
0	0
125	10
0	10
0	0
0	0
0	0
0	0
0	0
144	0
762	0
0	0
0	0
425	479
0	479
0	67
0	56
2	108
0	37
0	0
0	0
0	0
455	0
420	36
0	12
0	37
0	0
0	456
38	456
18	37
15	440
2	44
9	79
6	1804
66	1845
0	1060
8	0
0	0
6	0
0	3
0	3
0	3
0	57
231	742
3	685
0	32
0	35
0	0
2	33
1	434
0	454
0	141
33	428
374	194
0	71
0	2
0	2
0	0
0	0
0	1
0	0
0	0
0	0
0	4
0	0
11	841
3	9
68	784
0	0
0	0
0	1
0	81
1	19
1	38
0	74
0	573
0	0
0	0
901	148
1	148
0	0
0	0
0	0
0	0
37	11
2	11
0	0
3	13762
0	13762
0	0
0	0
0	0
0	0
77	3122
32	1299
838	3122
4	997
7	372
1074	754
0	366
0	0
0	63
2	382
0	59
0	6
0	0
0	0
0	0
12	0
480	313
0	309
1	52
0	134
0	18
2910	6
0	0
0	4
0	0
0	0
61	84
2	84
0	0
0	50
1	0
0	0
1	0
0	0
164	320
2	183
0	79
0	53
0	306
0	40
0	147
0	0
0	0
0	0
73	1067
3	921
0	167
0	1924
0	146
443	2349
24	386
0	2035
0	2047
46	2245
8	2231
0	90
0	65
0	84
0	82
0	56
0	40
0	56
0	19
0	6
0	9
0	0
95	666
0	609
9	454
0	606
41	19
0	19
317	1275
51	1243
0	0
0	32
0	0
0	3
0	2
0	3
0	0
0	0
456	400
0	390
0	7
0	8
0	5
0	0
8	19
0	19
991	116
4	102
44	68
0	0
2	0
13	0
12	95
1	102
2	29
717	36162
11	34988
76	7879
11	7391
3	7826
6	62
0	2
0	2
157	62
0	0
377	70
0	45
0	25
0	0
304	231
4	231
0	231
0	3
0	21
0	9
0	19
0	19
0	20
1	38
0	0
0	0
0	0
0	0
183	0
0	0
0	0
0	0
0	0
0	0
0	0
0	0
0	0
0	0
0	0
0	0
0	0
30	20
0	0
0	0
0	0
0	0
0	0
0	0
0	0
0	0
0	0
207	4
0	0
0	0
475	0
0	0
0	0
5	0
0	0
870	232
0	232
11	3741
791	663
47	4285
3	579
0	386
0	155
2	3824
0	144
0	3870
0	81
0	83
2	3465
0	105
0	43
2	43
0	520
0	114
1	562
0	131
1	570
0	118
1	583
0	131
3	556
0	576
0	0
220	1
0	0
3	1
6	0
0	0
8	0
266	168
0	168
0	168
2	0
0	0
0	0
0	0
0	102
0	102
0	98
0	99
0	13
0	85
0	82
0	0
36	1071
0	1048
0	871
0	66
0	47
0	105
2	13
0	42
1	41
0	213
0	87
0	51
0	47
0	0
0	0
0	37
0	9
0	0
155	166
2	160
0	165
9	0
0	0
0	0
0	0
0	0
0	0
0	0
0	0
0	0
0	0
0	0
0	0
0	0
0	0
0	0
0	0
0	0
0	0
0	0
0	0
0	0
0	0
0	0
0	0
0	0
0	0
0	0
0	0
24	0
8	16396
0	0
9	0
0	0
1362	6795
12	23
22	86831
0	482
2	87
38	86745
333	90095
45	88276
171	92742
20	10140
1	79481
0	5454
1	5845
0	2349
0	2353
2	78173
1	1379
114	247
1	151
0	147
0	145
0	4
0	0
1	7
0	0
147	0
108	210
51	0
0	0
1	5
0	5
0	5
0	0
0	0
0	0
2	0
0	0
1	0
0	0
0	0
1	6
0	312
0	1
0	1
0	310
0	2
0	0
0	0
0	12
25	5
2	5
0	2
0	0
0	0
0	0
0	0
0	0
0	0
0	0
0	0
0	0
0	0
0	0
0	0
0	0
0	0
0	0
0	0
0	0
0	0
0	0
0	0
0	0
0	0
0	0
0	0
0	0
0	0
0	0
0	0
0	0
0	0
0	0
0	0
236	869
5	863
0	20
0	19
416	393
0	391
0	0
0	0
0	1
0	0
151	13
0	12
0	0
0	0
0	0
0	0
2	6
0	0
0	4
0	6
0	6
0	1
0	0
0	0
117	2177
4	2177
0	1921
0	727
0	609
0	85
1	228
0	0
3	3
0	0
11	0
6	1
3	80
0	143
0	6
0	6
0	1
0	142
0	0
0	0
11	0
0	0
0	0
0	898
106	1510
0	637
8	496
0	1044
0	895
0	900
0	0
0	0
1	502
0	0
0	0
0	0
33	70
0	45
0	62
0	40
0	39
1	64
0	20
0	21
0	0
0	0
0	0
0	0
0	0
0	0
3	12
0	0
0	2
0	0
1220	126
0	42
0	0
4	72
0	0
0	1071
10	566
1	1059
0	1041
0	0
0	0
0	0
0	0
0	23
0	0
1	2
0	0
0	0
0	0
0	0
0	0
0	0
2	0
0	3
0	0
0	0
25	4
126	169
1	164
2	150
0	33
1	10
0	4
0	0
0	0
4	11
0	3
0	0
0	0
0	1
0	0
0	2
0	0
0	5
0	0
0	0
0	0
0	0
0	0
0	0
0	0
0	0
0	0
0	0
0	0
0	0
699	0
0	0
0	0
0	0
0	0
0	0
0	0
0	0
0	0
5	56
0	0
0	0
0	0
0	0
1149	230
0	6
2	163
0	91
0	135
0	129
0	0
0	25
0	60
0	34
0	31
0	3
0	2
0	0
0	0
0	0
0	0
0	0
0	0
0	0
0	0
0	0
0	0
0	0
0	0
0	0
0	0
0	0
0	3
0	3
0	0
0	0
44	249
0	249
0	176
0	31
8	533
0	533
0	40
17	810
0	155
0	467
0	0
0	0
0	49
432	134
0	1
0	12
0	16
0	8
0	32
0	57
0	0
1	0
0	0
0	0
29	48
0	48
5	931
0	917
9	936
13	115
1	54
0	88
0	35
0	74
0	0
0	0
3	15
0	5
0	0
0	318
0	291
0	191
0	80
15	0
9	90
24	505
0	469
0	507
0	505
0	3
0	0
0	0
0	0
0	0
0	81
0	243
0	257
0	581
0	567
2	52
0	76
0	48
0	2
0	53
0	25
0	267
0	7
0	53
0	7
0	9
0	2
0	24
1	0
0	6
0	17
0	7
0	106
0	648
4	653
0	38
1	599
6	38
0	40
11	633
0	22
0	82
0	0
0	99
0	2
0	0
0	47
0	114
0	148
0	188
1	188
0	137
6	193
0	106
0	21
0	14
0	2
0	36
0	24
0	23
0	14
0	1
33	3391
109	3498
1206	3451
17	3420
8	493
187	42
0	39
0	0
0	370
7	459
3	58
0	33
0	4
0	97
1	295
0	8
0	5
0	1
125	2
0	36
1	87
0	19
0	78
0	8
0	81
1	18
0	0
30	0
10	173
6	928
10	140
0	0
107	1690
10	1436
2	228
4	559
0	212
0	133
0	6929
0	6558
91	8033
2	4934
0	640
0	6551
9	2096
0	874
5	2892
17	2335
0	1754
0	1549
3	739
0	108
2139	7141
0	2400
27	7071
0	2355
18	4082
9	1713
10	1252
5	664
0	17
20	3248
0	2399
0	1188
0	93
0	517
0	512
0	0
0	0
0	0
0	0
0	0
0	0
0	0
0	0
0	0
0	0
0	0
85	481
0	78
11	422
0	29
1	389
4	4362
8	4190
2	521
44	4286
1	207
0	200
0	690
0	230
0	364
1	219
1	107
0	551
1	743
61	3664
3	3661
43	1517
0	540
0	197
0	191
0	543
0	29
13	394
0	360
0	355
2	244
0	480
0	438
32	592
3	313
1	349
8	405
0	36
7	391
0	291
0	0
0	2
0	2
0	2
0	0
3	0
1	302
6	2060
0	123
0	47
4	677
0	1649
5	1423
0	593
0	273
0	118
0	438
0	506
0	517
0	235
0	341
0	138
8	1
0	122
0	34
3	117
0	116
0	57
0	83
0	83
0	34
0	31
0	17
0	6
1	232
1	266
0	206
4	12
0	22
3	0
0	0
0	0
0	9
0	15
0	17
0	15
0	15
0	15
0	15
0	14
0	17
0	15
0	17
365	10422
1	0
15	961
5	3195
1	1569
4	9244
0	3002
3	1408
5	258
23	243
0	230
0	27
0	7
1	2
0	43
2	25
0	20
44	0
0	11
1	10
0	11
0	6
0	0
0	40
0	3
0	0
85	250
6	104
0	157
0	0
0	160
1	160
0	128
0	54
0	107
0	88
0	9
0	0
0	7
0	4
0	30
0	3
0	7
0	5
0	1261
5	1189
1	162
0	97
0	0
6	359
0	142
0	7144
4	5634
53	7267
11	1570
0	45
0	218
0	712
0	323
0	129
13	1052
0	1065
0	332
0	41
2	60
0	55
4	35
0	1
0	89
0	49
0	24
0	40
1	10
0	10
10	29
0	30
1	30
0	0
0	0
0	0
0	0
0	0
1381	168
3	0
0	72
3	90
0	40
0	0
1	2305
0	2305
0	0
0	61
0	48
0	2250
0	64
53	1127
18	1127
0	366
0	409
3	274
0	426
7	170
0	207
0	34
2	78
0	34
0	67
0	0
2	18
0	0
0	0
0	10
0	10
17	5
0	0
5335	163
0	109
2	1
0	54
2	92
2	383
0	531
0	527
0	374
0	230
98	242
0	543
0	364
0	262
4	264
1	0
65	454
0	235
1	334
0	102
1	318
10	273
0	375
0	298
2	195
22	232
0	324
0	55
73	889
5	865
0	0
0	31
2	127
0	453
1	402
200	472
0	344
0	282
0	271
1	34
0	12
94	0
21	2575
0	292
0	169
1	2433
0	95
0	31
0	1
1	435
0	294
0	1000
0	86
0	6
32	21
0	21
2	390
19	401
0	390
1	401
0	38
1	30
721	180
0	108
0	123
0	143
0	63
0	54
0	25
0	29
0	0
143	1133
1	1082
0	172
0	650
0	101
1	203
0	119
0	163
0	157
0	108
221	395
4	341
0	22
0	24
0	35
0	19
3	10
512	1294
3	439
31	1203
0	826
5	224
1	120
2	120
0	70
0	0
0	0
2	486
2	435
0	464
0	56
0	24
0	42
35	4633
10	5444
34	4083
4	811
0	290
6	41
0	249
0	344
27	1274
0	3
0	5
0	10
0	2
2	25
1	11
0	54
0	11
0	15
1	19
2	1292
0	50
146	0
14	2
2	60
4	58
0	0
9125	90
7	32
0	525
4	568
25	774
0	351
0	488
0	545
2628	3396
26	3396
4617	2691
3	1559
2	1732
0	1811
0	7940
288	8172
714	8569
0	7943
0	1747
10	645
0	513
0	8
11	675
19	0
37	0
1296	1125
0	1091
0	1002
0	53
0	116
0	39
0	19
0	0
0	0
1	4480
1818	6633
2	828
0	370
8	1155
2	473
0	143
0	239
2	0
1850	0
0	0
0	0
0	0
0	1
0	0
0	0
143	117
0	68
0	49
0	0
659	1184
30	812
10	1166
3	1013
792	355
2	143
1	288
1483	560
1	26
0	293
0	171
0	40
0	33
22	2
0	0
1	0
0	14
0	16
1	14
16	16
0	9
0	0
2	2892
0	3657
7	393
77	6466
7	2868
4	4186
6	5577
0	5137
0	1124
1	2302
348	2252
43	2252
0	0
1	98
0	0
2	0
0	0
0	0
1433	2097
30	2097
0	929
3	285
0	693
19	1176
10	1025
0	457
0	71
0	198
1	398
0	50
0	61
0	299
3	85
0	4
0	1
0	4
0	4
0	0
0	0
2	461
0	47
0	458
0	461
0	178
0	186
0	336
0	143
0	476
0	342
0	21
0	343
0	147
0	16
0	167
0	101
0	35
1	392
42	575
0	50
0	355
2	32
0	94
0	52
0	520
0	51
0	44
0	144
0	64
0	0
4919	39391
0	36803
2	12382
18	14380
2	916
5	1285
240	1664
0	1578
0	369
2	148
0	59
0	0
8	0
0	0
0	0
0	0
0	0
0	0
2	110
0	6
0	109
157	546
8	354
2	271
0	247
0	102
0	75
12	575
0	1680
4	1873
39	1776
0	1821
1	1231
5	783
1	269
0	405
3	293
0	86
2	97
164	450
0	405
0	287
0	22
0	82
0	5
0	121
0	336
2	338
0	335
0	332
1	335
0	306
0	329
0	1
0	33
0	108
0	3
0	2
0	2
7	1048
0	725
0	942
2	39
0	91
0	34
2	186
0	62
6	42
0	0
2	35
1	3
0	126
7	29
170	736
4	24
1	0
0	707
1	18
3	4
0	4
0	4
163	644
0	642
0	643
0	642
1	136
0	189
2	1
0	0
3	613
0	709
8	604
145	1596
15	927
7	479
9	665
1	166
0	203
1	542
0	1249
0	41
1	276
4	1148
3	17
0	10
1	679
1	401
0	28
0	67
0	2
4	2221
2	2003
26	1999
17	1781
1	227
3	179
0	194
1	274
0	17
1	60
7	192
0	103
0	20
3304	469
0	143
0	162
0	0
0	164
0	0
0	0
9	104
0	0
0	104
1	22
0	0
0	0
0	0
1	0
0	0
983	121
0	26
0	67
1	82
1	21
0	80
0	78
4	73
0	64
0	3
0	5
4	123
6	123
23	1569
1	1243
1	1335
122	1545
1	250
0	58
0	343
0	185
0	52
1	0
1	1
14	9
0	10
745	0
29	98
0	6
1	95
0	64
0	1
0	11
0	69
0	11
0	47
0	46
0	23
0	18
0	10
0	0
0	0
13	707
0	724
5	526
0	77
0	34
17	0
0	10
0	0
1	0
4	1529
0	106
1	1436
2	1288
0	1173
1	1474
0	107
0	1362
0	0
310	1089
2	994
0	98
0	0
0	0
2329	8073
69	5332
465	6957
0	2716
0	666
0	7259
4	7259
7	7207
0	6988
1033	0
1	377
0	566
2	495
0	418
0	201
0	124
0	138
1	37
0	171
0	106
0	38
13	89
3	99
0	44
4	186
356	1428
0	357
0	188
12	22
4	204
0	198
0	94
0	827
2	57
0	115
54	188
2	127
0	0
0	0
33	618
1	607
1	286
0	473
0	351
0	262
0	167
4	138
0	313
0	145
0	1
0	1
0	1
0	0
0	0
10	0
576	0
741	461
0	347
0	59
0	355
2	229
2	302
2	52
37	64
59	2236
129	2842
0	2085
19	2085
1	445
0	5
0	0
0	24
0	5
0	5
0	0
0	0
0	0
0	0
0	2
0	2
0	0
0	0
5758	425
1	167
0	72
1	186
51	801
8	801
5	3
0	170
0	100
0	17
0	0
0	0
8	0
1325	514
0	168
0	280
1	66
133	1
0	1
0	0
0	1899
0	1904
0	1908
1	1983
0	1718
0	37
0	1740
0	1811
0	9
4	1668
0	1058
1	95
0	78
0	253
1	995
2	18
1	1108
0	30
1	1001
0	33
0	166
0	548
0	747
2	55
0	31
0	98
0	454
0	0
0	34
0	20
0	67
0	0
0	285
0	54
1	288
0	15
1	443
0	20
1	1
2	1
45	4534
1	3694
0	2385
0	155
2	3852
1	4029
0	102
1	340
8	1029
0	153
6	52
0	1
2	727
0	428
14	190
190	1480
0	1480
0	167
0	223
3	1190
0	283
0	156
30	75
0	162
0	228
0	30
10	287
0	26
0	1026
6	288
6	1204
6	397
5	1195
0	83
0	21
0	285
0	109
3	90
0	212
0	59
0	304
23	111
0	470
1	2
0	2
0	14299
13	229
0	12811
0	6879
50	7820
0	8147
3	14175
0	152
0	203
1	227
0	313
1	1086
0	0
0	795
0	641
7	580
29	12300
16	3004
0	1563
24	26
0	26
1	6
0	5
0	3
0	0
0	0
0	58
0	0
0	0
3	489
79	1591
0	1600
15	1105
0	0
4	110
0	35
0	37
11	1
0	26
0	117
14	117
0	8
3	3
13	4911
10	4924
842	9910
3	5511
1	2837
6	1174
74	1174
2	230
3	762
1	2185
2	2715
0	2712
0	668
2	280
0	0
14	193
0	5
1	42
0	42
3	41
0	10
1	25
0	39
6	36
0	51
26	126
16	207
9	128
6	102
1	22
2	43
32	6
71	2283
0	1763
284	1384
12	857
0	1751
0	1721
8	2283
0	2238
1	1766
0	1338
0	1506
2	1243
0	323
33	102
116	888
5	377
0	442
7	981
0	775
17	862
0	222
0	85
2	360
0	132
5	444
0	416
0	7
0	16
1	111
0	27
1	7
0	13
0	13
113	575
2	313
12	184
0	267
2	375
122	2200
443	2117
108	2377
21	1207
376	2051
466	2053
2	32
30	238
77	295
0	29
0	100
0	96
29	181
0	181
0	57
82	299
39	299
10	117
0	111
0	100
0	1
0	0
6319	2
471	0
142	0
511	4
1295	9677
0	9677
2	349
0	791
1	451
7944	7676
0	7674
2	301
1	318
0	303
2	64
1	0
0	0
0	0
0	11
33	304
0	293
0	36
1614	1402
4	1504
0	1446
0	1345
0	1516
0	1499
0	456
0	1245
1	354
7	1016
2	213
0	219
9	227
10	101
0	95
2	71
1	208
1	199
0	117
0	55
3	4
0	0
0	0
0	237
540	403
0	68
0	0
3	339
1	0
8	393
0	0
123	823
5	56
2	114
0	16
0	29
0	761
0	0
774	35366
3	36992
23	37034
94	35912
3	9471
429	227
0	14
0	0
1	1
0	9
0	231
0	65
2	695
555	1251
18	285
13	978
1	16
0	16
0	15
0	0
0	0
0	0
0	0
4	4
1	0
0	0
0	0
0	0
0	0
0	0
0	0
0	0
0	0
0	0
0	0
0	0
3	21
0	0
0	0
0	0
0	0
0	0
0	0
7	0
0	9
0	0
0	0
0	0
0	0
0	0
0	0
0	0
0	25
9	2
1	660
13	659
335	0
15	0
11	465
202	6527
425	6641
1	0
139	3889
0	3162
230	3647
0	431
0	84
0	741
6	395
0	201
0	192
5	84
3	33
0	26
0	0
1	85
0	16
0	15
0	37
0	48
0	12
0	0
0	0
0	10
0	1
0	0
0	20
0	0
0	33
0	16
0	0
0	23
0	0
0	7
0	9
0	0
0	15
20	717
33	992
13	430
0	161
0	339
0	200
0	49
0	222
0	0
0	0
0	1065
12	1246
0	66
0	554
0	1026
0	1036
3	127
0	24
1	1262
2	377
2	1116
0	188
0	96
0	0
0	296
0	1
1	170
0	2
1	192
0	51
49	460
44	463
0	9
0	52
0	84
0	114
0	32
0	93
0	73
0	55
1091	5
2	129
4	60
24	128
0	96
0	307
2	339
0	295
0	261
0	248
0	293
1	66
0	0
1	158
0	4
0	31
0	61
0	0
317	1653
127	1502
5	210
10	149
116	0
637	233
2	184
57	235
0	21
3561	368
2	182
0	320
10016	0
43	3137
0	148
0	3113
9	3227
4	2409
0	2590
36	2630
5	2265
0	2628
0	783
1	37
2	37
53	543
48	2744
110	2788
5	2585
840	0
183	335
0	0
0	0
0	0
0	0
68	443
2	322
2	166
0	130
5	66
0	230
0	159
0	84
788	42
1	164
19	3903
72	3903
0	103
0	151
0	67
4409	3003
11	552
54	2943
314	0
12	354
6	354
0	18
0	45
7	0
1	0
0	4
879	196
2	13
3	90
0	53
0	59
0	90
435	271
14	202
0	69
1878	14377
0	3958
11	806
1	3236
1	3465
1	9311
74	23
2	20
3	14
0	11
1	19
0	0
7191	138
5	132
3	0
1	656
0	0
155	135
0	0
0	0
0	0
0	0
0	0
18	22
0	0
0	0
6	0
3	371
3	354
0	91
2	279
19	20
0	4
0	0
0	23
0	22
0	0
8	2
0	0
0	2
0	0
0	0
0	0
0	0
0	0
6	68485
0	0
118	68663
1	18181
6	57508
1	30165
6	27709
0	10624
5	27272
25	25
0	25
0	1
0	321
0	17
0	320
0	406
1	394
10	306
3	278
0	27
0	4
347	566
1	522
0	321
0	87
4	59
7893	2015
1	1971
0	124
0	0
15	9871
7	9527
0	769
2	594
2	555
0	0
3	52
0	286
0	436
0	2
0	613
2	538
0	613
1	553
0	2
309	673
11	403
2	415
0	401
589	1086
0	1055
29	825
0	349
0	588
2	17
58	2328
1	2328
0	56
0	0
28	1168
0	264
0	111
2	1515
5606	2110
1	1788
0	5
1	1230
1	1403
1	1377
0	1459
9	1484
0	1252
2	1279
0	21
1	0
1093	4
0	20
0	22
0	22
0	0
5	1173
6	1103
12	581
3	669
31	639
0	350
8	319
1	173
1	201
2	307
1	493
1	1542
193	1578
6	70
5	67
1	67
0	11
0	50
0	55
1	126
1	81
0	131
0	128
0	0
0	0
16	203
3	215
11	179
7	183
0	0
9	37
3	400
0	8
0	11
0	366
0	153
0	252
0	157
2	362
0	69
6	303
0	379
0	347
3	379
0	369
0	203
25	58
2563	3738
2	771
0	2486
0	228
2	178
0	282
0	335
0	29
0	503
0	146
2	1090
0	1
4	1
0	1
0	0
0	0
0	0
0	0
0	0
0	0
0	0
11	677
5	752
5	783
2	39
0	745
0	6
1	6
0	3
0	0
0	1
0	1
0	0
0	0
0	0
0	0
0	152
8	152
7	134
2	7
0	20
0	0
0	1
0	0
23	53
0	5
18	53
683	7994
2	7998
7	285
0	98
1091	558
0	344
0	151
4	363
0	159
0	48
3	38
0	0
213	7686
0	437
1	669
0	754
281	6992
0	6535
1	1128
0	225
0	1
2	1
0	0
0	150
65	336
1	186
0	0
0	0
0	0
323	13
2	17
15	10
0	0
0	0
0	17
6	17
0	0
0	0
0	3
0	0
0	0
1	11
0	0
0	0
0	0
0	0
0	0
0	0
1	0
0	0
0	1
0	1
0	0
0	0
0	0
0	0
0	0
0	0
0	0
0	3
0	6
0	4
0	0
0	6
0	0
0	0
0	0
0	1
0	1
0	1
0	44
0	0
0	0
0	0
0	2
0	2
0	2
0	2
13	2
0	2
0	0
0	0
0	0
2	0
0	0
0	0
0	0
0	0
0	0
0	0
0	0
0	18
0	13
0	17
0	1
0	0
0	0
0	0
0	0
18	6
0	5
0	6
0	2
0	0
0	0
0	0
0	0
0	0
0	0
0	0
0	0
0	0
0	0
0	0
0	0
0	0
0	0
0	0
0	0
0	0
0	0
0	0
0	0
281	1072
1	1071
0	359
3	359
10	79
9	50
0	0
0	29
0	31
0	3
0	0
0	0
0	0
0	0
0	0
0	0
0	0
0	0
0	0
1	15
0	0
0	0
0	0
200	284
2	284
0	0
0	0
1488	0
0	0
0	0
0	0
0	0
0	0
0	0
0	0
0	0
0	0
0	0
0	0
0	0
0	0
0	0
0	1
0	1
0	1
0	1
0	0
0	0
0	0
0	0
0	0
0	0
0	0
0	0
0	0
0	0
0	0
0	0
0	0
0	0
0	0
0	0
0	0
0	0
0	0
0	0
0	0
0	0
0	0
0	0
0	0
0	0
0	0
4	0
0	0
0	0
0	0
0	0
0	0
0	0
0	0
0	0
0	0
0	0
0	0
0	0
0	0
0	0
0	0
0	0
0	0
0	0
0	0
0	0
0	0
0	0
232	0
1326	2
1	5
0	0
2	0
0	0
0	1
0	14
0	15
0	0
0	15
0	5
0	0
0	0
1	0
0	0
0	0
0	0
0	0
0	0
0	0
0	0
0	0
0	0
0	0
0	0
0	0
0	0
0	0
0	0
0	0
0	0
0	0
0	0
0	0
0	0
0	0
5	21
0	481
2714	460
1	158
0	22
4	22
0	0
0	0
0	0
0	0
0	0
0	0
0	0
0	0
0	0
0	0
0	69
0	43
0	0
0	0
0	0
0	0
0	0
0	0
0	0
0	0
0	0
0	0
0	0
0	0
0	0
0	0
0	0
0	0
0	0
0	0
0	0
0	0
0	0
0	0
0	0
0	0
0	0
0	0
0	0
0	0
0	0
0	0
0	0
0	0
0	0
0	0
0	0
0	0
0	0
0	0
0	0
0	0
0	0
0	0
0	0
0	0
0	0
0	0
0	0
0	0
0	0
0	0
0	0
0	0
0	0
0	0
0	0
0	0
0	0
0	0
0	0
0	0
0	0
0	0
0	0
0	0
0	0
0	0
0	0
0	0
0	0
0	0
0	0
0	0
0	0
0	0
0	0
0	0
0	0
0	0
0	0
0	0
0	0
0	0
0	0
0	0
0	0
0	0
0	0
0	0
0	0
0	0
0	0
0	0
0	0
0	0
0	0
0	0
0	0
0	0
0	0
0	0
0	0
0	0
0	0
0	0
0	0
0	0
0	0
0	0
0	0
0	0
0	0
0	0
0	0
0	0
0	0
0	0
0	0
0	0
0	0
0	0
0	0
0	0
0	0
0	0
0	0
0	0
0	0
0	0
0	0
0	0
0	0
0	0
0	0
0	0
0	0
0	0
0	0
0	0
0	0
0	0
0	0
29	1482
0	1482
0	2
0	0
0	0
0	6
0	0
0	0
720	4524
7	4490
3	3060
0	694
0	238
0	8
0	34
0	0
1	124
0	130
0	90
1	0
0	0
3800	110
0	106
0	52
0	44
15	2738
1	0
0	0
0	0
0	0
4	9
0	9
0	0
0	0
6	52
0	118
0	72
28	11
0	43
0	22
0	0
0	0
0	0
0	5
0	6
0	0
0	1
0	0
0	0
0	0
0	0
0	0
0	0
1521	693
0	0
0	0
0	286
0	461
40	630
0	114
0	226
4	0
2	0
0	0
0	0
0	0
0	0
0	72
0	69
0	13
0	9
0	3
2995	844
0	684
0	623
2	134
65	134
0	123
0	25
0	25
0	0
0	0
0	0
0	0
52	1475
0	0
0	0
0	0
0	0
14	253
26	443
0	388
0	317
0	13
0	20
0	0
0	53
3	73
1	4
0	2
0	65
153	66
2	64
0	0
38	871
7	871
0	0
0	222
7	8
0	8
0	0
0	0
0	0
0	437
12	437
0	40
0	2
0	2
0	0
0	0
0	0
0	0
0	0
0	0
1	0
0	0
0	0
0	6
0	6
0	4
0	6
0	4
0	28
0	32
0	28
0	10
0	0
0	0
0	0
0	3
0	7
0	5
0	4
0	4
0	0
0	5
0	4
0	4
0	6
0	6
0	6
0	6
0	0
0	0
0	0
0	123
46	1915
7	156
35	283
0	32
49	0
0	0
5	1783
31	2
0	2
0	2
0	0
0	0
0	0
0	0
0	0
0	0
0	0
0	0
0	0
0	0
0	0
233	4538
5	165
0	4498
0	736
0	895
0	0
1698	975
0	933
0	554
0	75
0	1
0	0
0	1
0	0
1	2
226	268
7	233
0	38
5	69
0	34
0	0
0	1
0	21
4	752
42	901
0	795
0	0
0	184
0	13
0	186
0	10
0	19
0	0
19	739
0	0
1	0
0	0
263	140
0	96
0	100
0	102
0	100
0	0
1	1
1	1
0	56
0	99
0	100
0	97
0	96
0	99
0	101
0	99
0	5
0	20
0	16
0	36
0	29
3	63
0	116
7	32
0	27
1	35
2	35
0	0
0	84
0	0
3	0
2	2
0	2
0	0
3	0
3977	463
3	405
0	0
35	44
1	44
0	44
0	0
0	0
0	0
0	0
0	0
9	85
0	85
0	0
0	0
7	0
0	0
18	774
0	0
0	0
20	0
182	20
0	0
2	8
0	9
0	11
0	0
3271	1939
0	0
7	1939
0	0
328	88
15	88
0	0
0	0
8	771
0	772
2	733
0	771
3	29
1	12
0	2
0	0
0	0
18	200
0	158
0	120
0	0
0	451
69	451
0	24
0	23
0	0
0	1
283	0
0	0
12	0
80	25
0	15
0	0
0	9
0	9
0	0
7	2892
0	0
184	60
0	0
0	50
26	49
0	0
0	0
0	0
80	1
0	0
0	0
0	0
0	0
0	1
0	0
206	170
2	56
0	13
6	170
0	23
0	0
0	0
1	0
0	0
0	0
0	0
10	0
0	0
0	0
0	0
13	0
3	0
0	0
5	0
0	0
1	0
0	0
0	0
0	0
0	0
1	1896
0	1
0	2025
0	1923
7	1835
0	0
0	0
0	11
0	34
0	45
0	450
0	2
0	119
0	260
0	1312
0	271
0	246
0	4
0	99
0	147
0	102
0	1242
0	177
0	381
1	255
0	1250
0	1246
0	1285
0	457
2	1290
0	520
0	380
0	308
0	251
0	265
0	189
0	194
0	18
1	168
8	200
2	267
0	6
0	364
1	144
0	75
0	479
0	0
0	299
1	0
0	0
0	0
0	0
0	0
0	0
0	0
0	0
1	287
0	3
2	315
0	7
0	300
575	301
0	293
1	34
0	0
1	0
0	0
0	0
0	0
0	0
0	0
57	281
0	253
0	84
0	18
0	0
0	49
0	120
0	1
0	37
0	7
0	0
0	0
0	609
0	608
0	30
0	26
0	27
0	11
0	9
0	0
0	0
0	0
0	1
0	0
0	0
69	26
0	11
0	24
0	8
0	16
0	2
0	12
0	2
0	2
0	2
0	0
0	0
0	0
1	0
0	0
0	0
2	95
1860	2292
0	34
0	972
1	6
0	978
0	0
3	1890
0	41
19	46
2	46
0	11
0	34
0	24
4	1
1480	2
0	0
141	695
1	687
401	338
0	216
619	324
0	27
1	557
0	18
0	32
1	13
2963	37
7	37
24	0
6	0
0	0
84	404
6	404
0	0
0	169
0	275
2	281
0	24
0	160
7	0
0	13
8	13
11	136
2	52
0	111
0	8
1	24
0	13
3	14
0	0
0	0
1	0
74	0
0	0
0	0
0	0
0	0
0	0
2	2
0	2
0	0
68	303
0	5
0	37
0	142
0	158
0	9
0	175
29	1432
0	0
0	1396
0	286
0	11
0	60
0	113
0	29
0	0
0	0
53	214
0	190
4	188
0	3
0	0
299	3
0	3
0	0
8	1073
0	12
0	144
0	1043
0	9
0	0
0	0
3	53
0	213
164	584
0	39
0	24
0	4
0	19
0	352
0	28
346	296
0	296
0	3
0	0
2	0
0	0
0	0
0	0
0	0
0	0
1	0
112	8
0	5
6	5
0	0
0	0
0	0
0	0
0	0
2576	18
0	0
0	0
0	0
0	0
0	0
0	0
0	0
0	0
0	0
46	100
1	100
0	98
0	25
0	25
0	1
5	12
0	4
0	4
0	0
5	560
8	526
1	545
0	332
0	263
0	224
0	138
0	20
0	17
0	29
0	0
0	1
0	0
0	1
0	0
0	5
32	0
0	0
0	0
105	533
1733	235
18	133
0	235
0	0
2	138
0	397
0	388
339	1651
0	1290
0	1616
0	1533
0	1509
0	1616
0	1616
16	398
1	147
0	26
2611	337
0	108
0	61
0	0
0	0
0	0
0	0
12	34
2	33
0	0
0	0
0	0
0	0
0	0
0	0
1	167
0	140
0	167
0	107
0	2
0	0
0	0
0	0
0	0
0	0
0	5
0	5
0	5
0	0
0	0
1	1
0	0
0	0
1	0
0	0
0	0
0	0
0	0
0	3
0	0
0	0
0	0
0	0
0	0
2	0
0	0
2	1
0	1
0	1
10	410
12	410
0	35
0	174
0	376
0	42
90	67
0	67
0	0
0	7
0	6
0	0
0	6
0	0
0	0
0	0
3	0
9	7
19	7
0	534
12	543
0	42
0	44
0	18
0	9
0	0
0	1
145	1
102	37
0	87
0	87
40	37
22	0
0	0
44	0
73	1
0	1
0	0
0	0
0	0
0	0
0	0
179	249
1	253
0	224
0	0
0	11
0	1
0	1
0	0
0	0
0	0
0	1
0	1
0	0
0	0
0	0
0	0
0	0
0	0
0	0
0	0
0	0
0	0
0	0
2	0
0	0
0	37
0	34
0	37
0	0
0	1
0	320
3	307
0	301
0	314
2	102
2	79
4	64
112	116
0	83
0	0
0	22
0	0
0	0
0	0
0	0
0	0
0	0
0	0
0	0
0	0
0	0
0	0
305	105
0	0
0	0
0	105
0	78
0	92
0	0
0	28
0	0
1	99
0	106
0	0
0	5
0	1
0	0
0	149
0	67
0	3
0	158
0	5
0	0
0	15
0	13
0	6
4	0
0	9
0	8
0	8
0	0
0	0
0	0
0	1
962	0
0	0
1081	174
0	38
0	6
0	27
3	14
1	14
7	60
0	17
0	32
0	167
0	167
125	23
0	23
0	0
1	902
2	847
0	715
0	685
0	471
0	318
1	156
7	94
0	0
4	0
0	14
1	11
2	10
0	10
0	0
278	1062
4	474
0	183
11	696
0	0
277	209
0	141
0	38
0	825
0	6
0	51
9	0
0	0
0	0
0	2
1	0
0	9
7	74
0	66
0	0
0	0
0	0
0	600
3	605
0	312
0	0
10	3
0	3
0	0
1	4
0	0
0	39
0	10
0	41
0	41
0	5
0	20
0	1
0	1
0	0
0	9
0	8
0	0
0	0
0	0
0	1
0	5
0	1
0	5
0	5
0	5
0	0
0	0
9	466
20	462
11	90
0	54
0	2
0	2
67	44
3	44
0	0
41	2002
0	1988
0	731
0	332
0	46
0	461
1	38
3	20
0	32
0	0
0	0
0	0
0	0
0	0
0	0
49	0
0	0
0	0
0	0
0	92
23	109
1	68
0	1
9	31
0	94
0	5
0	0
286	2
74	282
0	282
0	0
22	1
0	0
0	0
0	0
0	0
0	1
2	0
0	0
0	0
0	0
0	0
0	0
0	0
0	0
0	0
0	0
0	0
0	0
0	0
0	0
0	0
0	0
0	0
0	1
0	1
0	1
0	0
0	1
0	0
0	0
0	0
0	0
0	0
0	0
0	0
0	0
0	0
0	0
0	0
0	0
0	0
1	17
6	42
63	213
0	87
0	73
2	91
0	45
0	0
4	432
0	407
0	397
0	385
28	402
0	390
0	409
5	88
1	333
1	70
0	308
0	284
0	283
1	282
0	0
0	261
0	1
0	0
2	19
0	29
2	4
0	6
0	4
0	19
0	2
0	0
2	10
0	0
5	663
2	684
0	59
0	10
0	295
0	26
0	6
3	41
1	15
1	0
192	141
0	141
7	88
0	10
0	0
1	0
0	228
9	0
0	26
0	0
131	233
1	20
0	125
0	0
1	8
0	2
0	48
0	1
0	0
0	0
0	0
0	0
0	0
33	98
1	98
0	0
0	0
6	0
0	0
2	45
7	106
0	106
0	268
34	276
0	28
0	1
0	1
0	0
22	898
441	898
11	8
0	8
480	1899
118	1899
89	32
0	32
0	0
3	7
0	6
0	15
0	2
0	2
0	9
0	7
0	0
366	1494
48	1493
0	1342
0	147
0	120
0	0
84	13
0	12
0	7
639	0
205	0
812	0
0	0
17492	8153
5	5439
0	2298
60	226
117	226
2	18
7	17
2	36
122	429
0	12
0	103
56	384
0	40
0	19
0	16
2	119
1	551
0	640
0	85
0	0
0	592
0	535
0	594
0	588
0	518
0	297
0	9
0	366
0	108
0	0
1	261
0	14
0	199
0	0
0	0
0	3
0	0
362	40
0	40
0	37
0	37
1	2
0	5
20	7
0	4
1	0
38	2769
288	2769
17	1110
8	2875
0	2754
3	28
917	114
1	114
45	203
4	203
3	339
0	30
576	1158
27	1126
0	37
0	152
6	5
1	89
1	260
232	0
3	5799
127	5801
0	2384
0	0
0	0
407	2559
1	163
0	0
17	0
60	55
0	42
2	9
0	0
0	0
0	0
0	7
0	6
0	2
0	2
0	2
0	0
0	0
0	0
0	43
0	51
1	34
3	14
0	0
0	11
1	83
0	73
9	76
0	76
0	2
4	66
0	58
0	26
0	3
19	7
0	7
13	0
0	0
0	0
0	0
0	0
0	0
0	0
11	0
114	796
2184	798
0	0
2	0
0	8
5946	9881
0	8657
0	3349
0	1400
0	0
0	0
0	0
0	0
0	0
0	0
0	0
0	514
3	561
86	692
61	655
0	116
0	67
0	67
219	29
0	9
0	27
0	0
0	1
731	16
0	12
8	87
0	95
0	44
0	40
0	0
0	0
0	0
0	0
0	0
0	159
0	130
1	75
0	110
0	100
0	0
0	0
0	0
0	0
13	2
0	2
2	0
0	0
0	496
0	498
3	492
0	21
0	0
0	0
1	4
0	2
0	0
7	147
2	146
0	7
0	12
0	13
0	4
0	60
0	23
0	307
3	290
0	154
0	61
0	0
0	76
0	28
0	41
0	4
0	694
92	887
1	81
0	196
0	58
0	9
0	9
117	90
2	0
3	61
0	0
0	0
0	0
52371	13365
3	13294
0	0
0	0
0	1
7	9
10116	614
1	522
0	88
0	0
0	0
7	0
0	0
3	6
0	6
0	0
0	108
13	5139
181	7482
65	4600
0	1767
4	1827
16	968
3	2089
0	23
0	1241
0	32
840	38
0	0
0	0
0	0
54	0
8	0
0	0
0	0
0	5
0	5
0	0
0	0
0	0
0	0
0	0
0	124
0	80
0	0
0	64
2	121
0	0
0	0
0	0
0	0
2	701
0	30
0	124
0	59
26	661
0	114
0	37
0	688
1590	176
6	270
16	176
174	270
0	11
0	149
8	1154
3	1168
0	255
0	11
33	499
0	1165
18	11
0	20
0	17
0	18
0	17
0	18
0	17
0	18
3	180
36	3260
18	3511
0	120
9	2501
5	54
0	0
0	140
5	140
0	0
0	0
0	0
5	1
0	1
0	0
2	0
0	19
0	35
3	23
11	19
1	18
0	27
0	0
5	7
0	3
0	0
0	11
3	16
0	0
0	77
168	1239
21	896
0	4
3	4
4	1192
0	0
0	49
0	0
0	0
0	1198
3	1586
515	0
661	1251
2	893
0	23
0	431
0	428
119	518
0	0
9	198
0	181
0	39
0	81
0	80
2	36
0	6
0	90
0	0
0	0
0	0
0	0
0	0
0	0
154	41
4	41
1	0
133	2195
1	1712
3	415
2	672
1	203
0	4
0	47
0	4539
22	4786
13	4704
121	4811
1	1653
0	1634
0	463
3	943
0	294
0	105
458	165
0	0
1	2
4	165
0	14
0	3
0	3
269	0
659	2531
49	2378
1	2465
0	2522
0	2343
27	1194
2	224
0	755
0	1
9	197
0	120
2	196
1	0
0	2
0	2
0	2
0	1
0	0
0	8
0	1246
0	77
1	1048
0	45
5	1278
0	888
0	433
0	876
0	31
0	0
0	0
0	0
4	2
0	2
0	0
0	1504
0	34
0	232
0	2
0	3
0	0
34	1451
0	13
0	0
0	31
0	22
0	160
0	130
0	99
0	108
0	70
0	68
0	116
18	2
3	52
0	56
0	55
0	2
0	55
0	36
0	46
0	41
0	0
13	10951
1027	10951
40	11734
0	11777
0	7983
2	336
3	358
0	182
0	59
1	32
1	24
5	10
4	0
8	7
142	719
0	719
23	4304
0	4229
44	4617
44	4051
7	4199
2	4203
474	3661
1	765
0	1798
0	1223
2	628
0	680
91	213
2	10
0	891
0	0
19	0
9	929
0	808
0	51
0	0
0	713
564	8137
0	7854
1	4152
0	225
0	1044
0	190
0	71
323	115
1	117
0	48
7	98
11	47
0	5
0	1
2928	70
2	50
166	3106
25	2568
0	2127
0	970
5	1740
12	0
6	42
0	7
0	44
0	3
0	4
8	1338
8	1303
6	1339
0	23
0	4
0	1311
0	0
0	0
0	0
0	0
0	0
0	0
797	6
37	446
8	405
3	40
0	68
0	339
0	432
1	32
154	848
3	699
0	255
0	419
268	0
207	1341
1	1350
7	1252
0	1230
2	1275
1	1213
37	1252
1	641
0	39
0	50
0	56
0	52
1	22
0	13
0	3
5875	10
1	91
1	89
0	6
6	21
0	0
0	0
109	0
47	3614
3038	4591
8	4175
31	4463
266	37
1	123
0	2
2	35
80	123
0	0
0	0
6	0
7	4191
42	420
2	419
0	0
0	0
9	4052
2	69
507	188
1	178
7	182
0	0
7	2
26	378
0	188
0	185
0	0
0	39
0	27
0	64
0	33
0	0
0	34
0	0
641	103
0	103
0	0
2	0
0	4
0	2
0	0
0	2
0	17
0	17
0	1
0	0
0	0
0	0
0	0
0	0
0	0
1736	363
0	257
1	6
0	3
0	3
0	0
0	0
0	3
0	0
0	2
75	1138
0	201
3	918
0	14
1	840
1	219
0	25
0	35
0	25
0	42
0	18
0	7
0	28
0	0
0	33
37	0
0	0
0	0
0	2
1	2
0	0
336	404
0	0
0	23
2	381
0	0
0	0
0	0
0	0
0	0
0	1
0	0
0	0
1	0
0	144
0	142
0	0
0	0
0	0
0	481
0	482
1	111
0	125
0	123
0	124
0	0
0	0
0	0
0	0
0	0
0	0
0	0
0	0
0	0
0	0
0	0
0	0
0	0
85	2
1	2
0	1038
0	1038
0	1066
0	1036
0	1510
0	1510
0	1013
6	1429
0	722
15	1545
0	14
2	170
0	114
0	0
0	7
0	102
0	25
0	0
0	3
0	3
0	3
0	3
0	3
0	3
0	0
0	0
0	0
4	2335
4	152
2	1125
0	2176
3	1147
0	4
0	1140
3	2307
0	1149
0	2343
0	24
0	2340
0	0
0	1141
0	2340
0	134
0	0
0	0
0	0
0	0
0	0
0	0
0	0
45	2294
4	1135
19	0
1	0
26	2267
8	2316
0	67
0	1280
1	537
2	666
0	998
0	0
9	922
3	1091
0	704
0	735
0	36
8	0
5	1
21	0
0	1
0	0
0	0
0	0
0	0
0	0
7	0
494	0
5	836
8	0
249	13
0	2
0	11
9	44
0	0
0	0
4	0
89	44
0	0
0	754
1	0
0	0
2	771
0	431
18	462
156	533
0	441
0	397
16	465
0	426
55	497
0	203
1	20
18	1
4	1222
0	0
3	1373
0	7
0	0
0	0
0	0
0	67
0	1219
0	120
13	832
8	832
0	0
0	0
0	0
0	0
0	260
754	469
5	463
0	302
5	16
12	0
0	0
1	0
0	0
0	0
0	0
1	0
0	0
268	0
0	51
0	13
1098	212
3	357
0	5
0	381
0	55
0	95
0	349
2	563
0	544
0	31
0	345
0	294
1	25
0	37
0	14
22	200
5	90
0	121
310	2019
3	2038
2	58
10	0
0	784
0	789
1	120
0	406
0	239
0	38
0	51
1	42
0	263
5	786
0	30
0	110
3	778
265	804
3	265
0	24
0	0
3	92
4	59
1	766
0	22
5	48
3	89
0	0
0	0
0	0
1	0
0	0
0	0
0	0
0	0
0	0
0	0
0	0
0	0
0	18
0	34
0	33
0	33
0	13
0	32
0	0
10	103
0	0
0	0
0	24
0	25
0	79
0	5
0	5
0	0
0	5
0	0
0	4
0	98
0	129
0	134
0	25
0	0
0	5
326	9
0	9
0	0
0	0
0	0
642	4
0	0
0	0
0	0
0	0
311	44
0	8
0	41
1	4
0	6
0	4
0	9
0	9
0	9
0	9
0	0
0	179
1	177
0	177
0	12
0	25
0	9
0	0
0	4
16	1789
1	1759
0	1731
0	1802
0	430
0	330
0	300
0	332
0	258
0	264
0	228
0	198
1	151
0	53
0	10
0	51
0	6
0	4
0	4
0	51
0	39
0	0
2	30
18	30
0	0
42	620
0	620
0	0
370	141
0	138
4	137
0	33
0	6
2	5
0	2
1	3
0	7
0	3
0	0
0	0
0	0
0	0
2112	0
0	0
0	0
0	0
4	1111
1	1083
0	671
0	246
0	221
0	14
9	10
1	9
0	7
0	0
0	0
0	0
1	0
1	0
0	10
17	12
0	12
0	0
0	0
0	0
0	0
0	0
0	0
0	0
0	0
0	0
0	0
0	0
0	0
0	0
0	0
0	11
1907	174
0	36
0	30
7	140
17	112
6	87
0	28
0	2
0	0
9	8
0	10
0	70
8	70
0	56
0	35
53	544
8	544
0	105
0	1
21	0
0	0
0	0
0	0
0	0
75	66
2	66
650	0
0	198
0	0
0	0
18	0
57	237
0	229
0	23
0	0
0	0
0	0
0	0
0	0
253	368
4	327
0	51
1	0
0	0
0	0
9	1
0	0
0	0
0	1
26	516
0	315
0	437
0	272
0	121
0	92
3	58
0	0
0	0
3	0
627	451
0	405
4	104
0	13
0	3
0	0
0	0
918	2
661	177
0	108
0	4
0	67
0	0
0	0
0	0
0	2
6	174
1	879
3	15
0	47
4	887
0	2
0	0
0	116
1	233
21	233
0	223
3444	90
453	23
0	3
0	22
0	0
0	0
0	11
45	24
0	4
1	11
0	12
0	8
16	8
0	0
4	11
0	4
0	0
0	264
0	3
0	0
14	122
0	132
0	130
0	46
0	32
0	12
0	0
0	0
0	0
0	0
0	0
0	0
0	0
0	0
0	0
0	0
0	0
0	0
0	0
0	0
0	0
0	0
0	0
0	0
0	0
0	0
0	0
0	0
0	0
0	0
0	0
0	0
0	0
0	0
0	0
0	0
0	0
0	0
0	0
0	0
0	0
0	0
0	0
0	0
0	0
0	0
0	0
0	0
0	0
0	0
0	0
0	0
0	0
0	0
0	0
0	0
0	0
0	0
0	0
0	0
0	0
0	0
0	0
0	0
0	0
0	0
0	0
0	0
0	0
0	0
0	0
1	3
0	0
0	0
0	11
0	0
1	0
968	100
0	0
0	0
0	0
0	0
0	0
567	100
2	0
0	5
0	0
25	5
0	61
0	61
0	0
0	0
0	0
0	0
0	0
0	0
183	30
0	28
0	25
0	2
0	0
0	0
0	0
0	0
0	0
0	0
0	0
0	305
0	305
0	297
4	0
265	185
0	185
4	185
0	180
0	0
0	0
0	0
0	0
25	1239
2	1477
23	1197
0	142
0	242
3	2
13	12
0	4
0	8
0	0
0	0
0	0
0	0
0	0
0	0
0	0
0	0
0	0
150	511
0	343
0	6
0	0
0	6
0	0
0	6
0	6
0	0
0	0
0	0
0	0
0	0
67058	13622
2	13620
0	5624
2	4410
18	2979
5	1846
37	0
0	21
0	1
0	21
0	18
0	1
17	121
0	121
0	9
5	4
0	4
0	0
1149	137
2	104
0	133
0	0
1	167
0	145
0	1205
0	310
0	801
0	157
0	537
0	51
0	513
0	60
0	659
0	128
0	67
0	1013
0	268
18	1081
6	188
12	1019
0	929
0	246
1	187
0	173
0	97
7	113
0	110
0	104
0	166
0	53
0	923
1	57
2	479
0	423
0	50
0	307
0	365
0	555
0	12
3232	766
191	73
13	63
0	10
0	4
0	4
0	4
0	4
2	4
0	4
0	8
3	1
0	38
0	1635
0	1572
7	1588
0	1603
1	1552
6	1560
0	40
0	1566
0	1563
0	1474
1	1431
2	9
2	1976
0	633
0	2126
0	45
0	1956
0	554
3	1357
1	346
0	0
0	63
1	556
363	24
1	22
0	2
9	2450
0	1386
1	1706
0	1761
0	2173
0	1527
0	169
0	11
3	112
1481	174
0	69
7	938
1	14
10	599
0	509
0	717
1	102
0	150
0	171
0	477
1	216
7	150
0	101
485	2430
101	2495
11	2022
24	1790
6	339
494	486
0	136
0	350
0	0
0	0
19832	2
0	0
0	816
0	814
0	786
0	502
0	123
0	71
0	69
0	43
0	59
0	3
0	0
0	0
0	0
0	0
5	0
0	0
2	1
0	0
0	0
0	0
0	0
0	0
0	0
0	0
4	1238
8	1150
0	1255
16	234
3	255
32	2
0	0
0	2
5	1
2	1
34	3173
9	3132
11	3122
0	647
0	619
0	148
0	227
3	215
0	152
0	1
0	1
0	1367
0	1262
31	3238
60	3099
1	2872
59	3072
0	2064
5	1193
2	862
0	355
3	1
0	1
0	370
0	370
0	361
0	346
1	320
132	595
0	323
0	142
0	222
6	1709
0	1275
3	1697
101	1721
0	1692
1	1328
0	287
19	638
0	542
21	674
1	159
0	56
0	55
1	193
0	5
0	60
3	60
1	60
0	0
0	0
0	0
0	0
0	0
0	0
0	0
0	0
0	0
0	0
0	0
0	0
0	0
0	0
0	0
0	0
0	0
0	0
0	0
0	0
1737	6
1	0
0	0
0	0
0	0
0	0
0	0
0	1
0	0
0	0
0	1
0	0
0	0
0	0
0	0
0	0
0	0
0	1
0	0
0	0
0	0
0	0
27	0
0	0
466	0
0	0
0	0
1	72
0	0
0	0
15	0
0	0
0	0
0	0
0	0
0	0
0	0
0	0
1642	173
0	51
0	144
0	24
0	0
0	0
0	4
0	4
0	0
0	2
0	2
0	0
0	0
0	59
0	114
0	111
0	116
0	91
0	60
1	41
0	10
0	0
0	0
0	0
8	0
0	0
3893	52950
13	50143
8	52954
0	0
0	52
0	0
0	0
0	0
0	683
94	5124
353	5131
7	683
4	0
0	0
0	0
0	0
0	0
0	0
0	0
0	0
0	0
0	0
0	0
0	0
0	0
0	0
0	0
0	0
0	0
0	0
0	0
0	0
0	227
0	221
0	227
0	221
0	221
0	6
0	5
123	0
0	0
0	0
0	0
0	2
0	394
6075	395
0	29
0	0
448	2
0	0
137	517
3	618
14	679
0	10
0	95
10	5
0	5
0	0
0	0
123	0
0	0
0	0
0	0
5	24
0	23
1948	234
0	1
0	1
1	0
2	202
0	1
0	1
1069	6147
0	0
1	136
2	2
0	2
0	0
3073	195
0	55
0	61
0	32
0	51
1	0
0	1
0	0
13	0
0	1
0	928
0	939
7	937
2	372
0	79
0	43
0	51
0	95
7	31
1	3
3	391
0	391
0	0
0	0
0	1
0	0
0	0
0	0
0	0
0	0
0	0
0	0
0	0
0	0
0	0
0	5
0	0
0	0
0	0
0	0
0	0
0	0
0	0
0	0
0	0
0	0
0	0
0	0
955	4
407	353
0	292
0	134
0	14
390	0
19	0
0	0
0	0
825	576
0	445
0	107
0	162
0	167
0	0
0	0
0	0
0	0
0	0
0	121
0	116
0	6
0	48
0	33
0	3
0	5
0	65
0	3
3	2
0	0
0	0
0	0
0	0
0	0
0	0
0	0
0	0
0	0
1	0
0	0
0	0
0	0
0	0
0	0
0	0
0	0
0	0
0	0
3	0
55	0
12	31
1	46
0	7
0	19
3	10
1	17
0	0
0	191
0	21
0	186
0	20
0	15
0	0
0	0
0	51
0	51
0	3
0	0
0	10
0	0
6	0
1	12
0	0
4931	10
4	1146
5	1193
0	1160
0	508
0	904
0	922
0	929
19	8865
3	625
0	335
344	8864
0	1446
0	1580
17	7025
4	606
273	7313
0	758
0	206
0	488
0	270
3	973
323	3716
0	294
0	1141
0	3602
0	0
134	1627
0	0
0	0
0	0
26	2085
3	2013
16	4221
0	2007
0	4671
1	992
0	1552
0	1102
0	16
521	17102
622	17102
0	0
3	2
0	2
0	0
17	0
0	0
1768	113
1	113
0	60
10	155
0	106
7	108
3	89
0	17
5	72
7	72
0	16
2	16
0	8
0	0
13	0
0	0
20	0
0	0
0	0
0	0
0	0
1	5
0	0
0	0
0	0
0	0
0	0
155	177
134	177
19	0
0	0
0	0
0	0
0	0
0	0
0	0
0	0
0	0
0	0
0	0
0	0
0	0
0	0
0	0
0	0
0	0
0	0
0	0
0	0
5	1331
8	1330
0	1325
6	1325
0	1327
10	75
1	5
0	0
0	0
1	256
1	7
2	252
0	32
0	3
0	0
0	0
0	0
0	0
0	0
0	0
0	0
0	0
0	0
0	0
0	0
0	0
0	0
0	0
0	0
0	0
0	0
0	0
0	0
0	0
0	0
0	0
0	0
0	0
0	0
0	0
0	0
0	0
0	0
0	0
0	0
0	0
0	0
0	0
0	0
0	0
0	0
0	0
0	0
0	0
0	0
0	0
0	0
0	0
0	0
0	0
0	0
0	0
0	0
0	0
0	0
0	0
0	0
0	0
0	0
0	0
0	0
0	0
0	0
0	0
0	0
0	0
0	0
0	0
0	0
0	0
0	0
0	0
0	0
0	0
0	0
0	0
0	0
0	0
0	0
0	0
0	24
0	0
0	0
0	0
0	0
0	0
0	0
0	0
0	0
0	0
0	0
0	0
0	0
0	0
0	0
0	0
0	0
0	0
0	0
0	0
0	0
0	0
0	0
0	0
0	0
0	0
0	0
0	0
0	0
0	0
0	0
0	0
0	0
0	0
0	0
0	0
0	0
0	0
0	0
0	0
0	0
0	0
0	0
0	0
0	0
0	0
0	0
0	0
0	0
0	0
0	0
0	0
0	0
0	0
0	0
1	230
0	0
0	0
0	0
0	0
0	0
0	0
0	0
0	0
0	0
0	0
0	0
0	0
0	0
0	0
0	0
0	0
0	0
0	0
0	0
0	0
0	0
0	0
0	0
0	0
0	0
0	0
0	0
0	0
2	25
1	25
0	0
0	0
0	0
2	12
136	0
17	3213
19	3214
1	3091
22	3238
0	0
0	0
0	0
0	5
19	5
0	0
0	0
0	0
0	0
0	0
0	0
0	0
0	0
0	0
0	0
8925	0
89	6
0	6
3	13
5	0
0	0
0	0
4009	5152
0	4053
0	1086
0	0
2	67
0	0
0	19
1	632
0	632
0	27
0	18
0	9
280	1271
0	184
0	504
0	965
0	546
8	306
2	492
0	311
2	432
0	432
0	0
1058	952
73	952
5	952
1	146
0	34
0	0
0	0
0	0
0	0
5282	1280
0	0
1	1280
0	0
104	29
0	15
0	24
428	24
0	24
0	0
2404	0
178	0
0	0
0	0
0	0
0	0
0	0
0	0
0	0
0	0
0	0
0	0
0	0
0	0
0	0
0	0
0	0
0	0
0	0
0	0
0	0
0	0
0	0
0	0
0	0
0	0
0	0
0	0
0	0
0	0
0	0
0	0
0	0
0	0
0	0
0	0
0	0
0	0
0	0
0	0
0	0
0	0
0	0
0	0
0	0
0	0
0	0
0	0
0	0
0	0
0	0
0	0
0	0
0	0
0	0
0	0
0	0
0	0
0	0
0	0
0	0
0	0
0	0
0	0
0	0
0	0
0	1
0	1
0	0
0	0
0	0
0	0
0	0
0	0
0	0
0	0
0	0
0	0
0	0
0	0
0	0
0	0
0	0
0	0
0	0
0	0
0	0
0	0
0	0
1	0
486	75
0	75
0	48
0	120
6	1119
0	1097
0	1145
0	0
2	29
0	0
0	0
0	0
0	0
3	268
181	686
220	686
886	686
0	428
0	7
3	0
0	221
0	214
0	142
0	171
13	200
414	590
60	275
0	194
0	141
596	0
2	40
0	0
0	0
0	0
0	0
0	0
0	0
2	11
0	0
0	0
0	0
0	0
0	0
0	0
0	0
0	0
0	0
0	0
0	0
0	0
0	0
0	0
0	0
0	0
0	0
0	0
0	1
0	0
4	77
0	157
14	1118
29	156
0	1123
1	78
0	140
0	2
0	6
0	0
0	0
0	0
1	111
5	117
0	24
0	7
0	7
0	6
1	5
0	0
0	0
0	5
0	3
0	0
0	0
0	0
0	0
0	0
0	0
0	0
0	0
0	1
0	0
0	3
0	2184
1	10
0	33
0	2175
0	0
0	2140
0	2175
0	2175
0	0
0	0
13	646
0	644
0	52
0	12
0	39
0	625
0	12
0	47
0	0
0	0
0	4
0	0
0	4
0	4
0	2
0	2
0	0
0	196
0	196
0	8
0	0
0	0
0	0
0	0
0	0
0	0
0	0
0	0
0	0
0	0
0	0
0	0
0	0
43	0
0	0
0	0
23	1877
64	1877
0	0
30	0
0	0
0	0
0	0
0	0
0	0
0	0
0	0
0	0
0	0
0	0
0	0
0	0
0	0
0	0
0	0
0	16
0	0
3	75
3	75
45	67
0	19
0	11
0	0
0	0
0	95
61	713
0	132
1	102
0	4
0	0
1	28
0	581
1075	0
0	14
0	6
0	0
0	13
0	0
66	0
2	2089
0	1973
2	466
1	233
12	57
1	96
0	0
188	36
3	23
0	27
0	0
0	0
0	0
2	536
1	0
12	536
2	73
0	426
0	123
0	47
0	47
0	2
5	289
8	298
0	313
0	165
0	2
866	0
0	72
0	72
0	72
0	65
0	6
0	0
1	0
3	191
57	1382
0	1382
6	1397
0	441
0	1429
0	111
0	1355
0	0
1	0
154	11
0	11
0	0
0	0
0	177
0	181
0	183
0	178
6	171
0	115
2	9
0	9
2	3
0	0
0	0
0	0
0	0
0	26
24	171
0	171
0	4
0	4
0	0
1	8
0	0
0	0
0	0
0	0
0	0
0	0
0	0
7	565
0	642
1	137
34	34
0	0
0	0
0	0
0	0
0	0
0	0
0	0
0	0
0	0
0	0
0	136
0	0
0	0
0	0
0	0
0	0
0	0
1	1
1	2
0	1
0	4
0	0
1	8
7	8
0	1
1	1
0	1
1	64
0	0
0	63
0	18
0	70
6	70
696	0
0	0
0	0
0	0
0	0
0	0
0	0
0	0
0	0
0	0
0	4
0	0
0	0
29	938
0	938
0	0
0	29
0	19
2	6
0	0
0	0
0	0
0	0
0	0
0	0
545	4
105	109
0	0
0	0
0	105
0	0
0	0
0	0
0	0
0	0
0	0
0	0
0	0
0	0
0	0
0	0
0	0
1	0
16	43
0	0
56	0
0	0
0	0
0	3366
202	210
0	45
0	197
0	10
0	10
4454	0
0	0
0	0
0	0
0	0
0	0
0	0
0	0
0	0
0	0
0	0
0	1
0	2
0	1
0	0
0	0
0	0
0	0
0	126
2	106
3	103
0	34
0	0
0	0
0	0
0	0
0	0
29	124
1	158
0	144
2	7
0	0
0	4
0	4
1926	0
0	0
0	0
3055	5659
4153	5659
0	0
0	0
0	5
14	12
9	1
4	7
0	0
18	0
0	0
0	0
0	0
0	0
0	15
1	26
4	26
0	1
0	0
0	5
0	0
0	0
0	0
0	0
0	0
0	0
0	0
0	0
0	0
0	0
0	0
0	0
0	0
0	0
0	0
0	0
0	0
0	0
0	0
0	0
0	0
0	0
0	0
0	0
0	0
0	0
0	0
0	0
1	0
0	0
0	0
0	0
0	0
0	0
7	0
0	0
0	0
0	0
0	0
0	0
0	0
33	0
12	0
994	1
0	180
0	4
10	59
0	61
0	16
0	57
1	57
0	52
0	11
0	0
0	0
1281	0
0	0
18	333
101	4236
0	4119
2	155
0	3320
0	0
45	1858
86	1807
0	659
0	0
0	1837
0	1837
20	648
0	35
0	387
0	42
0	66
2	0
0	0
0	0
0	0
0	0
0	0
0	0
0	0
2	0
6	88
533	80
3	39
0	0
0	0
0	0
0	0
0	0
0	0
0	184
8	218
0	38
0	11
0	26
0	13
0	1
0	0
101	314
8	807
0	863
0	884
0	445
0	44
0	0
0	0
112	0
0	0
0	0
0	0
0	0
0	0
0	0
0	0
0	3
5	63
0	61
0	5
0	0
0	0
0	0
0	0
0	0
0	0
0	0
0	0
0	0
0	0
507	3751
3	3751
2	3760
0	846
0	0
0	0
0	0
12	35
0	0
0	0
3	41
5	19
0	16
0	0
0	0
0	0
3	0
0	1
0	0
0	46
0	46
0	45
0	92
0	92
0	92
0	4
0	11
0	0
0	0
0	0
0	0
0	0
79	0
0	0
0	0
0	0
0	0
0	0
0	0
76	2
0	0
0	0
0	0
0	0
0	0
0	29
2	45
6	104
0	4
1	19
8	27
137	326
0	297
1	25
0	0
0	25
0	0
0	75
0	46
0	0
0	0
0	0
0	0
86	0
1	26
0	0
0	0
0	0
0	0
0	0
0	0
0	0
0	0
0	0
0	0
0	0
0	0
0	0
0	0
4	118
0	0
0	0
0	0
0	0
0	0
0	0
0	0
0	0
624	127
3	122
0	7
0	0
0	0
0	0
0	0
0	0
0	0
0	0
0	0
0	0
0	0
0	0
0	0
0	0
364	159
1	157
0	0
0	0
0	0
0	0
0	3
0	0
0	0
0	0
0	0
0	0
0	0
0	0
0	0
0	0
0	0
0	0
0	0
0	0
0	0
0	0
0	0
0	0
0	0
0	0
0	0
0	0
0	0
0	0
0	0
0	0
0	0
0	0
0	0
0	0
0	0
0	0
0	0
0	0
0	0
0	0
0	0
0	0
0	0
0	0
0	846
0	0
29	10
0	22
0	28
0	851
0	836
0	828
0	857
0	843
0	0
0	20
0	2
0	0
0	0
0	0
0	0
0	0
4	168
0	0
0	0
0	0
5	0
0	0
20	6
0	0
0	3
0	819
0	3
0	0
0	0
12741	442
8	432
353	0
0	0
0	0
0	0
0	5
0	0
0	0
0	0
1079	484
36	597
3	270
6	157
0	0
0	0
0	0
0	5
0	0
0	0
0	0
0	0
0	0
0	0
0	0
0	0
0	0
0	0
0	345
4	346
319	382
0	0
0	39
0	58
0	4
0	57
0	61
0	53
0	5
0	7
0	57
0	12
0	54
0	0
0	1
0	45
1	9
0	546
0	569
0	31
0	3
0	4
0	4
0	0
0	0
1	373
46	5078
24	5285
0	4954
0	577
3	245
0	0
0	0
0	0
0	0
6	627
19	634
0	627
0	634
5	132
0	205
30	4
0	1
0	3
0	0
0	1296
4	2156
35	2244
4	2192
6	66
1	87
0	1
0	1
0	1
0	280
493	279
0	0
0	0
0	0
2	0
0	0
0	0
0	0
67	5
0	0
0	0
0	0
0	5
0	0
1633	553
4	515
0	0
4	47
0	0
0	0
0	0
0	0
62	11
1	11
0	0
0	0
90	512
0	508
0	512
3	76
737	36
0	36
0	0
1	14
0	14
0	0
0	0
0	16
0	16
0	68
0	2
523	62
0	2
0	2
0	0
0	0
0	24
0	23
2	24
0	10
0	1
0	1
0	0
0	0
0	0
0	0
0	0
0	0
0	46
0	46
7	44
0	0
0	0
0	0
0	0
1	26
0	25
1	26
0	0
0	1
0	1
0	1
0	0
0	1
0	0
0	0
745	4
0	0
0	0
0	0
0	0
0	0
0	0
0	7
0	0
0	0
0	32
0	0
0	0
1	707
6	707
0	0
5	2
0	0
0	0
42	8
0	8
0	0
57	191
23	191
0	50
2	87
286	456
0	77
0	5
0	362
0	60
0	40
4	91
4	1006
36	1387
86	1387
0	0
19	0
7	3342
17	3344
142	3344
2	1335
10	1144
87	2727
0	1746
0	1239
0	2851
0	213
3	1171
0	151
0	2446
0	239
4	711
0	78
0	40
0	76
2412	22
214	120
2	120
0	0
0	442
2	398
0	321
1	466
0	136
2	19
0	19
0	0
0	7
585	3344
0	2856
0	1606
0	478
0	139
7	1604
0	224
0	1034
0	482
75	1223
96	1013
0	186
0	572
1	300
0	865
0	102
12	538
59	5505
100	5505
0	0
0	0
160	3542
39	3733
0	2454
0	477
0	130
0	396
0	122
0	96
0	174
0	155
0	146
0	51
0	30
0	30
0	0
0	0
0	0
0	0
0	30
0	27
0	22
0	25
0	18
0	22
0	23
0	27
0	25
0	21
0	23
0	1
0	1
0	5
0	365
0	1
0	5
0	2
0	0
3	171
16	833
34	915
14	815
0	489
6	463
0	209
0	459
1	11
2	337
5	20
0	60
1	160
13	180
0	26
0	116
0	159
0	41
0	15
0	19
0	36
0	10
21	1296
0	989
23	1298
0	89
0	63
0	8
0	0
0	1215
0	1197
0	528
0	487
0	698
0	770
4	740
0	97
1	70
0	394
0	467
0	137
0	211
2	38
0	22
1	24
0	19
0	30
0	44
0	4
0	0
0	25
0	0
0	0
140	2008
0	2004
2	142
0	106
0	69
2	0
3	7
0	7
0	5
0	3
0	1
0	0
0	1
0	0
0	0
1	2442
5	0
0	0
0	219
0	219
0	219
0	209
0	173
0	26
1	26
0	14
0	29
0	12
0	12
0	6
0	10
0	5
0	3
0	0
677	1050
0	684
0	274
0	512
0	773
0	1196
0	1
638	15264
3	12869
0	4072
230	15264
1	995
23	6868
4	4763
0	6443
0	395
0	1416
2	1291
0	0
0	27
0	27
0	22
0	22
0	12
2	6
0	0
0	1
0	6
0	0
0	1
0	13
1	536
1	80
0	106
5	489
0	470
0	161
0	180
3	502
0	101
0	120
0	108
0	144
0	106
1	123
0	34
0	1
0	124
1	204
0	112
0	105
1936	15298
5	2648
19	3049
3	15042
4	1912
3	2448
0	2391
0	999
6	2027
0	571
312	20235
2	17882
2	1617
5	17078
0	605
0	751
0	2921
9	3566
0	3325
2	2538
130	278
1	272
0	0
0	0
0	3
35	302
0	299
0	3
0	4
0	6
0	14
0	11
2	41
5	289
66	289
4	258
12	2424
13	2078
2	434
0	218
3	555
5	124
0	64
0	61
0	72
0	70
5	72
50	708
1	528
0	567
0	320
0	204
1	180
1	188
0	11
1	83
2	26
0	18
0	894
0	869
0	67
1007	571
2	567
0	151
0	70
0	209
0	894
2	894
0	240
0	0
0	27
0	21
0	73
0	894
1	539
0	787
0	19
0	74
0	63
0	0
0	0
0	6
0	0
0	0
0	0
0	0
0	0
0	0
0	0
0	0
0	0
1	6
0	0
0	0
0	0
0	0
0	0
0	0
0	0
0	0
0	0
0	0
0	0
0	0
0	0
0	0
3	7
0	0
0	0
0	0
0	0
0	0
0	0
0	0
1	6
0	0
0	11
0	9
1	7
0	0
0	0
309	196
0	73
0	14
7	15
0	34
0	44
0	14
0	102
0	63
0	45
0	38
0	0
0	19
251	816
0	604
0	740
0	209
0	3
0	19
0	93
0	59
0	151
0	28
0	0
1	38
0	0
0	0
0	0
0	0
0	7
0	7
1	29
0	0
0	0
0	0
1750	169
1	141
0	51
33	57
3	47
2	8
1	45
0	23
0	35
0	14
68	216
0	124
0	158
6	209
0	33
0	3
0	116
2	0
0	0
0	0
0	124
1093	124
0	72
0	0
926	2
0	0
0	0
0	0
0	13
0	0
0	5
1	16
0	3
0	4
18	1128
19	1122
4	1128
0	1120
0	374
0	0
0	0
0	0
0	0
0	0
0	11
0	0
0	0
0	0
0	0
0	0
0	0
0	0
0	0
0	0
0	0
0	0
0	0
0	0
0	0
0	0
0	0
0	0
0	0
0	0
0	0
0	0
0	51
1108	161
2	159
0	0
0	0
0	0
0	0
0	0
235	33
0	33
0	0
0	0
0	0
0	0
0	0
0	0
0	0
0	0
0	0
0	0
0	0
0	0
0	0
0	0
0	0
0	0
0	0
0	0
0	0
0	368
1	368
0	369
2	0
0	2
0	3
0	2
0	0
0	0
0	0
0	0
0	0
0	0
0	0
0	0
0	0
0	2
0	0
0	0
3	164
1	0
0	0
0	0
0	0
0	0
0	0
0	0
0	0
0	0
0	0
0	27248
0	0
0	0
0	129
2	49
0	0
0	0
2	55
13	454
2077	480
0	0
0	0
10	312
0	0
0	0
0	0
0	0
0	0
0	0
0	0
0	0
0	0
0	0
0	376
0	1
0	0
0	0
0	0
0	375
0	0
0	0
0	0
0	20
0	3
0	0
0	4
0	20
0	352
0	23
5	36
0	368
0	15
0	0
0	0
0	0
0	0
146	1
0	1
0	0
0	0
0	0
0	350
0	373
14	374
0	361
0	2
0	12
0	35
0	0
0	0
0	1
0	0
0	0
0	0
0	0
0	0
2	0
0	0
0	0
2	0
0	0
0	0
0	0
0	0
0	2
0	0
0	0
0	0
0	0
0	0
0	0
264	15
0	11
0	7
0	0
0	0
0	0
0	0
0	0
0	0
0	0
0	0
3	0
0	0
0	0
0	0
0	0
0	0
0	14
0	0
0	0
0	0
0	7
0	0
0	0
0	0
0	0
0	0
0	0
0	0
0	0
0	0
0	0
0	0
0	0
0	0
0	0
0	0
0	0
0	0
0	0
4	112
0	0
0	0
0	0
0	0
0	0
0	0
0	0
0	0
0	0
0	0
0	0
0	0
0	0
0	0
0	0
0	0
0	0
0	0
0	0
0	0
0	0
0	0
0	0
0	0
0	0
0	0
0	0
0	0
0	0
0	0
0	0
0	0
0	0
0	0
0	0
0	0
0	0
0	0
2	113
192	604
6	507
41	1
0	1
0	0
0	0
0	0
0	0
0	0
7	869
23	869
0	14
619	98
0	65
0	33
0	0
0	0
1	0
0	0
0	0
0	0
0	0
0	0
0	0
0	0
0	0
0	333
0	331
0	332
0	4
0	4
0	2
0	0
2182	486
0	345
4	156
0	2
0	5
0	11
0	17
6	10
0	11
0	12
0	17
336	17
0	0
0	0
0	0
0	0
0	0
0	3
0	3
0	0
76	565
1	753
1	750
5	751
0	0
0	0
1	0
0	0
0	0
2194	17250
2	3858
0	5909
4	17113
0	2005
1	1353
1	291
0	0
0	0
0	0
0	0
384	40
11	40
0	0
588	143
0	0
2	0
0	0
0	0
0	143
0	0
13	0
71	5751
0	1283
3	5833
0	5008
0	5425
15	5564
7	2994
3	2855
66	1120
0	1502
0	1208
0	522
0	1271
1	59
0	117
0	1273
0	465
0	404
0	96
3	234
0	0
0	0
0	0
0	0
95	0
0	0
0	0
0	0
0	0
0	536
0	509
17	558
5	26
0	0
0	51
270	39
0	9
0	442
4	418
0	204
1	40
0	37
0	24
3	80
565	55
0	55
0	20
0	0
0	0
0	0
0	4
0	4
0	0
0	0
0	0
3	0
0	0
2	0
0	0
0	0
0	0
0	122
0	42
0	127
0	20
0	27
32	317
0	0
5	39
18	181
0	29
0	159
0	0
0	0
0	0
0	0
16	0
0	0
4	0
0	0
0	0
0	0
0	0
0	0
425	0
0	0
0	0
0	0
140	207
0	194
4	22
0	7
0	35
0	40
0	0
0	19
0	9
0	0
0	0
0	5
0	52
0	33
0	0
0	27
405	60
0	33
0	0
0	1
415	53
4	2
0	50
0	0
443	79
0	79
0	0
0	0
4	0
8	6768
107	5270
0	6761
28	5713
17	4541
0	0
0	0
950	0
0	3
0	153
0	155
0	158
2	158
0	158
0	155
0	156
0	7
0	8
0	0
0	0
0	0
0	0
0	2
0	2
0	6
1	6
0	0
634	262
61	262
0	0
0	0
0	0
0	0
0	0
0	5
0	4
0	4
0	0
0	4
0	3
0	0
6	981
83	966
4	1056
2	503
3	0
0	0
0	0
3	2
1	24
0	175
2	158
0	98
1	0
0	0
0	0
0	3227
0	3236
51	3201
2	3080
0	2774
1	2649
0	21
0	141
0	3
0	3
0	1
0	0
0	0
0	0
0	19
0	248
9	250
0	256
7	263
0	8
0	9
0	18
60	266
0	0
972	637
1	429
0	243
0	0
0	0
606	308
1	118
0	194
0	0
0	0
0	1
4	2
0	0
0	1
0	1
2	153
0	160
0	165
0	156
1	6
0	4
0	101
0	22
0	1969
0	16
0	3818
26	542
0	3962
11	3950
0	23
0	71
0	677
0	677
112	677
6	1629
0	1898
0	1807
0	1846
0	60
0	68
0	317
0	20
3	271
0	575
0	403
1	520
2	347
1	517
0	210
1	69
0	35
0	70
0	199
2483	1740
2	727
0	298
7	836
1	93
0	229
0	0
0	0
0	0
0	0
0	257
0	250
3	84
0	257
0	239
0	6
0	8
0	488
0	21
560	580
0	33
6	35
1	17
0	527
0	5
0	0
0	0
2	0
0	28
0	3
2	1
2	1
0	0
0	0
0	1
0	0
0	3
0	0
0	2
0	0
0	0
630	53
0	0
0	1
4	1
0	0
0	0
6	663
0	717
0	717
1	81
4	53
0	0
233	271
8	258
0	8
3	0
1	0
8246	2852
2	2396
0	329
0	0
24	117
12	117
0	34
1	11
0	7
0	0
1	0
0	0
96	125
0	54
3	106
0	116
0	18
0	348
0	342
0	328
0	329
0	328
0	330
2	48
0	0
0	0
0	0
0	0
0	0
0	0
0	0
1	4
0	0
0	0
0	0
0	0
0	0
0	0
0	0
0	0
0	0
0	0
0	0
0	0
0	0
0	0
0	0
0	0
0	0
3	123
0	133
1	101
2	168
0	0
0	0
0	0
0	0
0	0
142	277
0	0
0	277
0	0
0	0
5	152
2	1
1838	2
0	0
0	1
0	1
0	1
0	1
0	1
0	1
0	0
0	0
0	0
0	0
0	0
0	0
577	2
0	0
0	0
0	1
0	1
0	1
0	0
0	0
0	0
0	0
0	0
0	0
2	3
0	2
54	30
0	17
4	48
0	0
1	12
0	0
1	30
0	18
2	7
2	5
0	3
0	0
0	0
0	0
0	0
0	0
5	2
0	2
0	3
0	11
0	10
0	11
0	11
0	11
0	0
0	0
0	0
0	0
0	4
0	3
0	0
0	0
0	0
0	0
0	0
0	1
0	0
0	0
0	0
0	0
0	0
1220	151
2	67
0	68
1	42
0	42
0	0
0	0
0	0
0	0
0	906
5	903
0	5
0	0
0	0
0	0
0	0
3	202
3	202
0	9
0	0
575	7
0	7
22	1305
0	0
26	0
93	0
0	0
0	2
0	0
271	0
0	33
0	0
0	0
9	107
0	98
0	98
0	33
0	40
0	16
0	6
0	14
0	12
0	16
0	13
0	17
0	4
0	0
0	0
1	0
111	92
57	92
0	12
4120	0
0	1
0	0
0	1591
0	0
0	0
49	7
1	7
13	6
0	4
0	0
0	0
0	0
0	0
0	0
0	0
0	1
52	0
357	24
0	0
0	0
0	5
1	6
0	0
0	1
0	6
0	4
0	9
0	1
0	0
0	7
0	4
0	0
15	1
0	0
0	5
0	3
0	4
0	4
0	4
0	2
0	2
0	0
0	1
0	1
0	2
0	2
0	1
0	350
0	332
0	350
0	57
0	32
2590	2156
0	192
3	1964
0	17
0	17
0	3
0	2
0	0
37	0
0	0
1656	13799
0	13649
0	1056
6	672
0	672
0	29
0	0
0	0
0	0
0	0
0	0
0	0
0	0
0	0
0	0
0	0
0	0
0	0
0	0
0	0
0	0
16	3
0	3
0	0
3	0
0	0
0	0
0	0
0	0
9	0
0	0
0	0
0	0
0	0
0	0
13	0
40	0
0	1
0	1
0	1
0	0
0	8
0	0
0	8
0	0
1	8
0	0
0	0
0	0
0	1
0	0
0	0
0	0
0	0
0	0
0	1
0	0
0	0
1007	0
0	0
0	0
0	0
0	0
0	3
0	1
0	6
0	4
1217	79
0	79
0	0
0	0
0	0
0	0
0	0
0	0
0	0
0	0
0	0
0	0
0	0
0	0
66	4
0	3
0	3
0	1
0	1
5	0
5	7
0	7
0	0
2	7
0	1
0	0
2	0
0	0
8	0
0	0
39	0
0	0
0	0
2109	48
0	46
0	10
0	0
0	0
0	0
0	0
0	0
0	0
0	0
0	0
0	0
0	0
0	0
18	0
188	0
0	0
0	0
0	0
0	124
0	141
0	130
0	140
0	48
0	0
0	0
0	0
0	0
0	0
0	0
0	0
0	34
0	34
0	0
0	0
0	0
0	0
0	0
0	0
0	0
0	0
0	0
0	57
0	0
0	0
0	0
0	0
38	37
0	4
0	34
0	0
0	0
0	0
0	0
0	0
0	0
0	0
0	68
1	68
0	0
0	0
0	0
0	0
0	0
0	0
0	0
0	0
0	0
0	0
0	0
0	308
0	302
0	13
1	19
0	0
0	2
0	0
0	5
0	6
0	5
1	2
0	4
0	4
0	0
0	0
0	2
0	0
0	0
0	0
0	0
0	0
4	233
1	231
0	168
0	0
0	2
0	0
0	0
0	0
0	0
0	0
0	0
0	0
1	46
0	0
0	0
0	0
0	0
0	0
0	2
0	0
0	0
0	0
0	0
0	0
0	0
0	0
0	0
0	0
0	0
0	0
0	0
0	0
0	0
0	0
0	0
0	0
0	0
0	0
0	0
0	0
0	0
0	0
0	0
0	0
0	0
0	0
0	0
0	0
0	0
0	0
0	2
0	2
0	0
0	0
0	0
0	0
0	32
0	25
0	2
2	394
0	25
0	0
0	0
0	398
1	15
0	0
0	10
0	10
0	0
0	0
0	0
0	0
0	0
0	0
0	0
0	0
0	0
0	0
0	0
0	0
0	0
0	0
0	0
1107	0
0	0
0	0
0	0
0	0
0	43
4	5
0	5
2	42
2	4
0	7
0	0
0	0
0	0
0	0
0	0
0	0
0	4
0	0
0	0
0	0
0	0
0	10
0	5
0	0
0	0
0	0
0	0
0	7
0	0
0	0
0	8
0	0
0	0
0	0
0	10
0	0
0	10
0	0
0	0
0	0
0	0
0	10
0	0
0	0
0	0
0	0
0	10
0	0
0	0
0	10
0	0
0	0
0	0
0	0
0	0
0	0
0	10
0	0
0	0
0	10
0	0
0	0
0	0
0	10
0	0
0	0
0	0
0	0
0	10
0	0
0	0
0	1
0	0
0	0
0	0
0	0
0	0
0	0
0	0
0	0
0	0
0	0
0	0
1	27
0	0
0	0
0	0
0	1
0	0
0	0
0	0
0	0
0	0
0	0
0	0
0	0
0	0
0	0
0	0
5	20
0	175
0	23
0	30
0	0
1	173
0	0
0	0
0	0
0	0
0	0
0	0
0	0
0	0
0	0
0	0
0	0
0	0
0	0
0	0
0	0
0	0
0	0
0	0
0	0
0	0
0	0
0	0
8	937
2	936
0	924
0	32
0	0
27	0
400	140
0	74
0	69
3	18
0	0
1	52
2	52
0	34
0	34
2	19
0	2
0	3
0	0
3	697
0	1097
13	269
0	37
0	52
0	1041
27	61
0	30
0	0
0	0
0	0
0	0
0	0
0	0
28	1
0	1
0	0
5	426
0	441
0	417
3	425
5	25
3422	0
0	5
0	5
0	0
0	1
0	4
0	293
449	496
3	486
0	346
5	66
1	439
0	0
0	0
0	0
0	23
0	0
376	157
2	14
0	12
0	7
0	0
0	0
0	0
1064	3959
43	3456
0	2173
0	1606
2	322
0	322
0	567
0	567
0	17
36	1603
3	1596
9	1159
0	852
23	1634
0	2
0	113
3	0
343	0
5	868
9	855
0	17
5	866
0	863
0	9
0	11
2	838
0	844
0	88
0	30
0	0
1	232
15	239
2	27
1	9
50	923
13	518
8	919
0	0
0	1902
5	2024
0	2056
0	1991
0	202
3	0
1	12
0	0
0	0
0	0
0	1
0	1
0	1
0	69
1	69
0	17
0	13
1	2
1	2
1	0
0	0
0	0
0	0
0	1
2463	657
0	0
0	0
0	1
0	1
0	0
0	0
0	0
0	5
0	5
0	0
0	0
0	3
0	5
0	0
0	0
0	1
0	0
0	0
0	0
0	4
0	5
0	5
0	1
0	0
0	0
0	0
0	0
0	0
0	0
0	0
0	0
0	0
297	67
0	67
11	2994
0	2988
31	2981
1	60
5	61
0	0
0	0
0	2886
33	711
0	188
0	1910
0	1885
1	21
0	27
6	108
0	95
0	49
0	78
0	48
0	41
0	766
0	140
3	745
0	20
0	0
2279	1048
984	1052
8132	48
0	0
0	0
0	0
318	292
6	913
128	915
0	43
0	15
0	0
1293	1006
0	161
6	140
460	1659
0	1414
15	1394
0	12
1	3
31	3
176	649
0	649
80	6308
492	6955
182	5906
1	6258
0	0
0	0
0	0
0	0
0	0
0	0
0	0
0	0
0	0
0	0
0	0
0	0
0	0
0	4
0	4
0	0
0	0
0	0
0	0
0	0
0	0
0	0
4	337
0	4
3	0
0	2
606	3915
79	3914
1	2627
0	0
0	0
1266	0
2	6888
0	6888
0	6866
62	7201
0	7634
0	6869
0	6805
0	2718
0	1778
1	1593
6	393
2	365
0	188
0	26
0	5
0	0
0	1
0	0
0	0
4	3
0	0
0	13
0	2
0	13
0	0
4088	10746
177	10445
0	542
0	200
753	0
0	0
0	0
0	0
0	0
52	139
48	84
0	17
39	44
0	130
0	102
0	112
0	26
0	13
234	8409
193	7063
107	8104
0	1
0	199
0	225
1	150
6	144
0	21
0	4
0	10
4	3
0	0
129	0
0	0
0	2
0	0
0	0
0	0
0	0
0	0
0	0
0	0
0	0
0	0
0	0
0	0
0	0
0	0
8	31
0	9
0	0
0	25
0	0
0	0
0	0
0	0
0	0
0	0
0	0
0	0
0	0
0	0
0	0
0	0
0	0
0	0
0	0
0	0
0	0
0	0
0	0
0	2
0	57
0	57
0	0
0	1
0	2
0	57
0	57
0	0
0	0
0	0
0	0
0	0
0	2
0	0
0	2
0	330
41	330
0	35
0	0
0	0
24	0
0	0
0	0
0	0
3	0
0	0
76	8
1	0
0	8
0	44
0	38
0	44
0	5
0	1
1	18
2	18
0	2
0	2
0	0
0	7
0	0
0	13
0	15
0	11
0	2
0	0
0	0
7	3
0	3
1	2
0	1
0	0
3	0
0	0
0	0
0	0
571	16
0	16
3	14
0	0
0	198
2125	208
145	2514
148	2576
1	2487
12	1077
1	945
8	2
0	0
0	0
0	0
1	8
0	382
0	30
4	379
0	0
3	2
0	0
0	0
0	0
0	0
0	1
0	0
0	0
75	320
31	320
46	13
6	1
0	3
29	9
0	9
0	0
0	0
0	0
0	0
3	65
0	65
0	0
0	44
0	0
0	0
95	0
0	0
0	0
0	0
0	0
0	0
0	0
2	1
0	0
0	0
13	0
0	0
0	0
0	719
2	719
31	729
0	18
1	696
0	78
330	0
0	1116
0	1112
0	1110
6	1116
0	0
0	0
0	0
0	0
0	0
0	5
0	0
0	238
6	45
0	1001
0	21
4	1051
0	1055
0	89
0	0
0	0
0	9
0	0
0	984
53	2
0	0
16	0
0	0
1	176
0	183
104	93
0	91
3	17
0	0
3	768
1	8
0	768
0	0
0	1
0	4
0	768
0	768
0	768
0	768
21	1
0	1
0	0
202	12
0	12
0	8
0	3
0	2
0	2
0	0
5	0
0	3
0	0
0	0
0	0
0	0
18	9
0	24
0	22
0	4
0	5
0	6
0	17
0	2
0	28
0	0
0	3
0	3
0	17
0	0
0	15
0	1
12	6
0	6
0	0
0	0
0	0
0	0
23	5
0	0
0	0
0	0
0	5
0	0
0	0
0	0
5	1
0	1
0	226
0	233
0	232
0	10
0	1
1	13
2	28
0	0
0	0
0	0
0	0
0	1
0	0
0	0
0	0
0	252
0	0
0	0
0	0
0	0
0	0
0	0
0	0
1	55
0	103
0	1627
0	1618
4	1589
0	34
0	67
0	0
0	0
0	0
0	0
0	0
0	0
0	0
0	0
0	18
0	18
0	0
0	0
0	406
0	412
0	402
0	412
2	24
0	0
1	3
0	0
0	0
0	0
0	0
0	0
0	0
0	0
0	0
0	0
0	0
0	0
0	0
0	0
0	0
0	0
0	0
0	0
0	0
0	0
0	0
0	0
0	0
0	0
0	0
0	0
0	0
0	0
0	0
0	0
0	0
0	0
0	0
0	0
0	0
0	0
0	0
0	0
0	0
0	0
0	0
0	0
0	0
0	0
0	0
0	0
0	0
0	0
0	0
0	0
0	0
0	0
0	0
0	0
0	0
0	0
0	0
0	0
0	45
0	1
4	1
0	1
0	0
0	51
1	94
0	48
1	210
8	251
0	211
21	140
0	95
0	92
0	44
0	0
4	5
0	5
0	0
4	23
0	17
32	164
0	0
1	164
0	3
0	39
5	75
0	65
0	65
0	73
0	3
0	21
1	17
0	16
2	5
0	4
0	11
0	10
0	10
0	1
0	2
0	1575
0	1574
0	231
0	434
0	225
0	56
0	49
0	70
0	7
0	1
2	127
0	0
0	0
33	1944
12	1830
90	1931
0	1821
0	1750
0	0
9	324
1	620
0	346
0	384
1	275
0	0
0	0
0	0
0	0
0	0
55	5572
0	5534
0	190
0	25
0	241
0	46
4	33
0	0
0	411
24	411
0	1
0	29
20	3755
44	3498
10	1947
0	1259
0	0
0	0
0	0
0	13
0	13
0	13
0	88
0	1
0	105
0	0
9	0
0	0
0	0
214	80
7	0
6	211
0	211
0	0
4	3
0	0
0	36
0	74
0	397
2	85
0	71
0	49
0	394
0	11
0	0
0	2
0	2
0	297
0	0
0	0
1	1
0	0
0	0
2	1
2	1
0	0
0	30
0	3
0	11
3	1630
0	24
0	35
0	2
0	2
0	9
0	34
0	1626
0	5
0	0
0	68
0	2
0	4
0	18
0	7
0	15
0	0
0	0
1	13
0	52
0	10
6	0
0	0
6	1233
3	976
0	1022
1	374
7	0
0	0
0	145
578	259
0	17
0	55
0	26
0	41
0	32
0	0
0	2353
0	2388
0	2353
26	196
2	196
0	43
0	2103
14	801
112	824
0	75
0	803
1	72
0	98
897	30
2	26
0	3
1	2
0	0
0	0
0	2
0	2
0	2057
34	1584
39	2111
2	313
0	67
515	52
32	50
0	6
2	8
0	7
0	8
0	5
1	5
0	2
0	5
0	2
0	0
0	0
0	0
0	0
11	2561
9	2516
0	2557
0	280
1	142
21	83
0	0
5	0
0	0
0	0
0	0
713	3269
0	3160
0	16
24	0
1035	0
12	0
0	0
0	0
1	13
0	13
1573	315
15	313
0	0
0	0
5	37
1	37
0	0
7416	8
0	0
0	0
0	0
0	0
0	0
0	52
0	52
3	0
50	897
1	592
99	606
3	530
5	184
0	6
0	0
1	19
2	34
151	34
0	0
0	0
0	0
0	0
0	0
0	0
0	0
0	0
0	0
0	0
0	0
0	0
0	0
0	0
0	0
0	0
0	0
0	0
0	0
0	0
0	0
0	0
0	2
0	0
0	0
0	0
0	0
0	0
0	0
0	0
0	0
0	0
0	0
0	0
0	0
0	0
0	0
0	0
0	0
0	0
0	3
0	0
0	0
52	1002
4	874
0	259
8	344
5	664
1	701
2	115
0	0
0	3
35	298
0	298
0	90
0	0
285	460
0	348
4	112
0	0
0	0
0	0
8	16
0	16
0	0
10	0
1	0
0	0
0	0
0	0
0	0
0	0
0	0
1	44
0	0
0	3
0	3
0	0
0	0
0	0
0	0
0	0
0	0
1639	846
0	812
0	22
8	349
0	31
0	90
0	6
391	118
0	83
0	83
0	52
0	5
0	27
1	11
0	10
0	0
0	0
0	0
0	0
0	0
0	0
1	1
0	5
0	13
0	13
0	8
0	3
0	3
0	3
0	1
0	0
0	0
5	0
210	763
1032	763
0	14
0	0
0	0
0	0
0	0
0	0
0	0
0	0
0	0
0	0
0	0
2	67
2	2
249	69
0	4
0	5
0	3
0	7
0	6
0	11
0	115
2993	117
0	0
511	2849
1	798
0	0
0	432
0	2833
1	9
0	0
41	14
0	14
0	0
0	3
0	3
1	0
0	0
10	668
0	119
0	220
0	22
2	307
0	429
2	585
0	397
0	618
0	91
0	55
0	527
0	302
0	49
31	0
0	0
0	0
4768	676
0	253
2	421
0	2
0	0
0	0
0	0
0	0
0	12
0	12
0	12
0	12
0	12
0	12
0	0
0	0
0	2
0	0
0	199
0	4
0	17
0	206
6	182
3	41
0	6
0	5
0	0
0	146
0	0
2	4
0	4
0	0
0	0
0	0
4	0
0	0
0	56
0	37
2	56
0	0
0	19
1311	56
0	0
14	0
0	0
0	1
0	1
0	1
0	3
0	3
0	1
0	0
0	2
0	0
0	0
0	0
0	0
0	0
0	0
0	0
0	0
0	0
17	382
21	382
0	0
0	0
44	2
0	2
1	0
0	0
0	0
0	0
0	0
0	3
10	1514
1	1528
0	1537
0	16
0	2
22	913
0	0
0	0
0	0
0	0
0	0
17	0
0	0
0	0
112	1642
0	1506
0	834
3	260
0	43
1	66
2	67
0	60
0	93
0	94
0	1
0	0
0	0
0	0
374	54
0	54
0	0
0	0
1	248
0	13
0	9
9	476
5	484
6	385
0	0
0	476
1	79
0	4
0	0
0	0
0	0
0	187
0	0
0	0
0	0
0	0
0	0
0	0
0	0
3	0
27	0
0	0
136	1188
3	1188
103	176
2	1095
53	208
0	15
5	4
1	0
618	193
1	61
0	94
9	47
249	2
0	2
0	106
0	106
25	4
1	5
0	5
1	0
0	0
0	10
0	10
0	4
3	4
0	4
0	0
0	94
83	107
0	5
0	86
0	40
0	0
24	10
0	10
0	25
0	139
0	152
1	150
0	27
0	19
0	143
0	22
0	27
5	81
2	9
2	74
0	0
0	0
0	0
8	85
27	81
7	35
1	15
0	15
0	11
0	8
0	3
0	1
3	8
0	8
0	0
330	0
0	0
0	0
0	0
0	0
30	144
2	257
0	140
0	258
0	28
0	50
0	0
11	9278
0	8444
0	8419
0	675
2	645
0	9319
0	9363
0	8485
0	8529
0	8460
0	8504
0	144
64	0
37	1038
0	173
8	822
0	940
544	355
0	350
0	32
0	0
0	0
46	2
0	1
0	1
85	2
0	0
0	0
0	698
0	0
0	0
0	0
0	0
0	0
0	0
0	0
0	0
3	0
0	0
6772	19141
8	19141
32	8086
0	2
0	2
0	0
0	0
0	0
0	26
0	26
0	21
0	0
0	1
0	0
742	36
0	0
0	0
0	33
0	0
0	767
0	767
0	767
2	236
0	210
0	210
1	128
0	0
0	0
0	0
0	0
0	2
0	0
0	0
3	407
10	406
0	228
4	129
0	0
0	232
0	24
0	32
0	44
18	241
0	242
0	0
0	232
0	0
0	0
0	0
0	0
0	0
5	43
0	0
4	730
24	730
0	1
0	1
18	0
0	0
0	96
0	117
0	0
0	0
0	0
0	0
0	116
0	118
1	99
0	116
0	65
0	2
0	0
0	0
5	15
0	0
0	0
0	0
0	0
0	0
3	99
1	0
0	1
0	19
0	18
0	7
0	18
0	0
0	0
0	0
0	0
0	0
0	5
0	0
0	0
1	10
0	10
0	0
0	0
0	0
1	23
19	118
1	21
0	57
0	82
0	22
0	0
0	99
0	9
0	0
0	0
3	77
24	6
3	77
0	15
3	17
0	18
2	0
0	0
0	0
0	0
3	98
0	100
0	101
0	74
0	66
0	3
0	8
0	4
1	0
4	2
0	0
0	1
1	430
0	414
0	68
0	0
0	0
0	0
0	0
0	0
0	0
0	0
0	0
0	0
0	0
0	0
0	0
0	0
0	0
0	0
0	0
0	0
0	0
0	1
0	0
0	0
0	0
0	0
0	0
0	0
0	0
0	0
0	0
0	0
0	0
0	0
0	1
0	0
0	0
0	1
0	1
0	0
0	0
0	1
0	1
0	0
0	1
0	1
0	0
0	0
0	1
0	0
0	0
0	0
0	0
0	0
0	1
0	1
0	0
0	1
0	1
0	0
0	0
0	0
0	0
0	1
0	0
0	0
0	0
0	0
0	0
0	0
0	0
0	0
0	0
0	0
0	0
0	0
0	0
0	0
0	0
0	0
0	0
0	0
0	0
0	0
0	0
0	0
0	0
0	0
0	0
0	0
0	0
0	0
0	0
0	0
0	0
0	0
0	0
0	0
0	0
0	0
0	0
0	0
0	0
0	0
0	0
0	0
0	0
0	0
0	0
0	0
0	0
0	0
0	0
0	0
0	0
0	0
0	0
0	0
0	0
0	0
0	0
0	0
0	0
0	0
0	0
0	0
0	0
0	0
0	0
0	0
0	0
0	0
0	0
0	0
0	0
0	0
0	0
0	0
0	0
0	0
0	0
0	0
0	0
0	0
0	0
0	0
0	0
0	0
0	0
0	0
0	0
0	0
0	0
0	0
0	2
0	0
0	0
0	0
0	0
0	0
0	0
0	0
0	0
0	0
0	0
0	0
0	0
0	2
0	0
0	0
0	0
0	0
0	0
0	0
0	0
0	0
0	0
0	0
0	0
0	0
0	0
0	0
0	0
0	0
0	0
0	0
0	0
0	0
0	0
0	0
0	0
0	0
0	0
0	0
0	0
0	0
0	0
0	0
0	0
0	0
0	0
0	0
0	0
0	0
0	0
0	0
0	0
0	0
0	0
0	0
0	0
0	0
0	0
0	0
0	0
0	0
0	0
0	0
0	0
0	0
0	0
0	0
0	0
0	0
0	0
0	0
0	0
0	0
0	0
0	0
0	0
0	0
0	0
0	0
0	0
0	0
0	0
0	0
0	0
0	0
0	0
0	0
0	0
0	0
0	0
0	0
0	0
0	0
0	0
0	0
0	0
0	0
0	50
0	0
0	0
0	0
0	0
0	0
0	0
0	0
0	0
0	0
0	0
0	0
0	0
0	0
0	0
0	0
0	0
0	0
0	0
0	0
0	0
0	0
0	0
0	0
0	0
0	0
0	0
0	0
0	0
0	0
0	0
0	0
0	0
0	0
0	0
0	0
0	0
0	0
0	0
0	0
0	0
0	0
0	0
0	0
0	0
0	0
0	0
1	0
0	0
0	0
0	0
0	0
0	0
0	0
0	0
0	0
0	0
0	0
0	0
0	0
0	0
0	0
0	0
0	0
0	0
0	0
0	0
0	0
0	0
0	0
0	0
0	0
0	0
0	0
0	0
0	0
0	0
0	0
0	0
0	0
0	0
0	0
0	0
0	0
0	0
0	0
0	0
0	0
0	0
0	0
0	0
0	0
0	0
0	0
0	0
0	0
0	0
0	0
0	0
0	0
0	0
0	0
0	0
0	0
0	0
0	0
0	0
0	0
0	0
0	0
0	0
0	0
0	0
0	0
0	0
2	0
0	0
0	0
0	0
0	0
0	0
0	0
0	0
0	0
0	0
0	0
0	0
0	0
0	0
0	0
0	0
0	0
0	0
0	0
0	0
0	0
0	0
0	0
0	0
0	0
0	0
0	0
0	0
0	0
0	0
0	0
0	0
0	0
0	0
0	0
0	0
0	0
0	0
0	0
0	0
0	0
0	0
0	0
0	0
0	0
0	0
0	0
0	0
0	0
0	0
0	0
0	0
0	0
0	0
0	0
0	0
0	0
0	0
0	0
0	0
0	0
0	0
0	0
0	0
0	0
0	0
0	0
0	0
0	0
0	0
0	0
0	0
0	0
0	0
0	0
0	0
0	0
0	0
0	0
0	0
0	0
0	0
0	0
0	0
0	0
0	0
0	0
0	0
0	0
0	0
0	0
0	0
0	0
0	0
0	0
0	0
0	0
0	0
0	0
0	0
0	0
0	0
0	0
0	0
0	0
0	0
0	0
0	0
0	0
0	0
0	0
0	0
0	0
0	0
0	0
0	0
0	0
0	0
0	0
0	0
0	0
0	0
0	0
0	0
0	0
0	0
0	0
0	0
0	0
0	0
0	0
0	0
0	0
0	0
0	0
0	0
0	0
0	0
0	0
0	0
0	0
0	0
0	0
0	0
0	0
0	0
0	0
0	0
0	0
0	0
0	0
0	0
0	0
0	0
0	0
0	0
0	0
0	0
0	0
0	0
0	0
0	0
0	0
0	0
0	0
0	0
0	0
0	0
0	0
0	0
0	0
0	0
0	0
0	0
0	0
0	0
0	0
0	0
0	0
0	0
0	0
0	0
0	0
0	0
0	0
0	0
0	0
0	0
0	0
0	0
0	0
0	0
0	0
0	0
0	0
0	0
0	0
0	0
0	0
0	0
0	0
0	0
0	0
0	0
0	0
0	0
0	0
0	0
0	0
0	0
0	0
0	0
0	0
0	0
0	0
0	0
0	0
0	0
0	0
0	0
0	0
0	0
0	0
0	0
0	0
0	0
0	0
0	0
0	0
0	0
0	0
0	0
0	0
0	0
0	0
0	0
0	0
0	0
0	0
0	0
0	0
0	0
0	0
0	0
0	0
0	0
0	0
0	0
0	0
0	0
0	0
0	0
0	0
0	0
0	0
0	0
0	0
0	0
0	0
0	0
0	0
0	0
0	0
0	0
0	0
0	0
0	0
0	0
0	0
0	0
0	0
0	0
0	0
0	0
0	0
0	0
0	0
0	0
0	0
0	0
0	0
0	0
0	0
0	0
0	0
0	0
0	0
0	0
0	0
0	0
0	0
0	0
0	0
0	0
0	0
0	0
0	0
0	0
0	0
0	0
0	0
0	0
0	0
0	0
0	0
0	0
0	0
0	0
0	0
0	0
0	0
0	0
0	0
0	0
0	0
0	0
0	0
0	0
0	0
0	0
0	0
0	0
0	0
0	0
0	0
0	0
0	0
0	0
0	0
0	0
0	0
0	0
0	0
0	0
0	0
0	0
0	0
0	0
0	0
0	0
0	0
0	0
0	0
0	0
0	0
0	0
0	0
0	0
0	0
0	0
0	0
0	0
0	0
0	0
0	0
0	0
0	0
0	0
0	0
0	0
0	0
0	0
0	0
0	0
0	0
0	0
0	0
0	0
0	0
0	0
0	0
0	0
0	0
0	0
0	0
0	0
0	0
0	0
0	0
0	0
0	0
0	0
0	0
0	0
0	0
0	0
0	0
0	0
0	0
0	0
0	0
0	0
0	0
0	0
0	0
0	0
0	0
0	0
0	0
0	0
0	0
0	0
0	0
0	0
0	0
0	0
0	0
0	0
0	0
0	0
0	0
0	0
0	0
0	0
0	0
0	0
0	0
0	0
0	0
0	0
0	0
0	0
0	0
0	0
0	0
0	0
0	0
0	0
0	0
0	0
0	0
0	0
0	0
0	0
0	0
0	0
0	0
0	0
0	0
0	0
0	0
0	0
0	0
0	0
0	0
0	0
0	0
0	0
0	0
0	0
0	0
0	0
0	0
0	0
0	0
0	0
0	0
0	0
0	0
0	0
0	0
0	0
0	0
0	0
0	0
0	0
0	0
0	0
0	0
0	0
0	0
0	0
0	0
0	0
0	0
0	0
0	0
0	0
0	0
0	0
0	0
0	0
0	0
0	0
0	0
0	0
0	0
0	0
0	0
0	0
0	0
0	0
0	0
0	0
0	0
0	0
0	0
0	0
0	0
0	0
0	0
0	0
0	0
0	0
0	0
0	0
0	0
0	0
0	0
0	0
0	0
0	0
0	0
0	0
0	0
0	0
0	0
0	0
0	0
0	0
0	0
0	0
0	0
0	0
0	0
0	0
0	0
0	0
0	0
0	0
0	0
0	0
0	0
0	0
0	0
0	0
0	0
0	0
0	0
0	0
0	0
0	0
0	0
0	0
0	0
0	0
0	0
0	0
0	0
0	0
0	0
0	0
0	0
0	0
0	0
0	0
0	0
0	0
0	0
0	0
0	0
0	0
0	0
0	0
0	0
0	0
0	0
0	0
0	0
0	0
0	0
0	0
0	0
0	0
0	0
0	0
0	0
0	0
0	0
0	0
0	1880
0	0
0	0
0	0
0	0
0	0
0	0
0	0
0	0
0	0
0	0
0	0
0	0
0	0
0	0
0	0
0	0
0	0
0	0
0	0
0	0
0	0
0	0
0	0
0	0
0	0
0	0
0	0
0	0
0	0
0	0
0	0
0	0
0	0
0	0
0	0
0	0
0	0
0	0
0	0
0	0
0	0
0	0
0	0
0	0
0	0
0	0
0	0
0	0
0	0
0	0
0	0
0	0
0	0
0	0
0	0
0	0
0	0
0	0
0	0
0	0
0	0
0	0
0	0
0	0
0	0
0	0
0	0
0	0
0	0
0	0
0	0
0	0
0	0
0	0
0	0
0	0
0	0
0	0
0	0
0	0
0	0
0	0
0	0
0	0
0	0
0	0
0	0
0	0
0	0
0	0
0	0
0	0
0	0
0	0
0	0
0	0
0	0
0	0
0	0
0	0
0	0
0	0
0	0
0	0
0	0
0	0
0	0
0	0
0	0
0	0
0	0
0	0
0	0
0	0
0	0
0	0
0	0
0	0
0	0
0	0
0	0
0	0
0	0
0	0
0	0
0	0
0	0
0	0
0	0
0	0
0	0
0	0
0	0
0	0
0	0
0	0
0	0
0	0
0	0
0	0
0	0
0	0
0	0
0	0
0	0
0	0
0	0
0	0
0	0
0	0
0	0
0	0
0	0
0	0
0	0
0	0
0	0
0	0
0	0
0	0
0	0
0	0
0	0
0	0
0	0
0	0
0	0
0	0
0	0
0	0
0	0
0	0
0	0
0	0
0	0
0	0
0	0
0	0
0	0
0	0
0	0
0	0
0	0
0	0
0	0
0	0
0	0
0	0
0	0
0	0
0	0
0	0
0	0
0	0
0	0
0	0
0	0
0	0
0	0
0	0
0	0
0	0
0	0
0	0
0	0
0	0
0	0
0	0
0	0
0	0
0	0
0	0
0	0
0	0
0	0
0	0
0	0
0	0
0	0
0	0
0	0
0	0
0	0
0	0
0	0
0	0
0	0
0	0
0	0
0	0
0	0
0	0
0	0
0	0
0	0
0	0
0	0
0	0
0	0
0	0
0	0
0	0
0	0
0	0
0	0
0	0
0	0
0	0
0	0
0	0
0	0
0	0
0	0
0	0
0	0
0	0
0	0
0	0
0	0
0	0
0	0
0	0
0	0
0	0
0	0
0	0
0	0
0	0
0	0
0	0
0	0
0	0
0	0
0	0
0	0
0	0
0	0
0	0
0	0
0	0
0	0
0	0
0	0
0	0
0	0
0	0
0	0
0	0
0	0
0	0
0	0
0	0
0	0
0	0
0	0
0	0
0	0
0	0
0	0
0	0
0	0
0	0
0	0
0	0
0	0
0	0
0	0
0	0
0	0
0	0
0	0
0	0
0	0
0	0
0	0
0	0
0	0
0	0
0	0
0	0
0	0
0	0
0	0
0	0
0	0
0	0
0	0
0	0
0	0
0	0
0	0
0	0
0	0
0	0
0	0
0	0
0	0
0	0
0	0
0	0
0	0
0	0
0	0
0	0
0	0
0	0
0	0
0	0
0	0
0	0
0	0
0	0
0	0
0	0
0	0
0	0
0	0
0	0
0	0
0	0
0	0
0	0
0	0
0	0
0	0
0	0
0	0
0	0
0	0
0	0
0	0
0	0
0	0
0	0
0	0
0	0
0	0
0	0
0	0
0	0
0	0
0	0
0	0
0	0
0	0
0	0
0	0
0	0
0	0
0	0
0	0
0	0
0	0
0	0
0	0
0	0
0	0
0	0
0	0
0	0
0	0
0	0
0	0
0	0
0	0
0	0
0	0
0	0
0	0
0	0
0	0
0	0
0	0
0	0
0	0
0	0
0	0
0	0
0	0
0	0
0	0
0	0
0	0
0	0
0	0
0	0
0	0
0	0
0	0
0	0
0	0
0	0
0	0
0	0
0	0
0	0
0	0
0	0
0	0
0	0
0	0
0	0
0	0
0	0
0	0
0	0
0	0
0	0
0	0
0	0
0	0
0	0
0	0
0	0
0	0
0	0
0	0
0	0
0	0
0	0
0	0
0	0
0	0
0	0
0	0
0	0
0	0
0	0
0	0
0	0
0	0
0	0
0	0
0	0
0	0
0	0
0	0
0	0
0	0
0	0
0	0
0	0
0	0
0	0
0	0
0	0
0	0
0	0
0	0
0	0
0	0
0	0
0	0
0	0
0	0
0	0
0	0
0	0
0	0
0	0
0	0
0	0
0	0
0	0
0	0
0	0
0	0
0	0
0	0
0	0
0	0
0	0
0	0
0	0
0	0
0	0
0	0
0	0
0	0
0	0
0	0
0	0
0	0
0	0
0	0
0	0
0	0
0	0
0	0
0	0
0	0
0	0
0	0
0	0
0	0
0	0
0	0
0	0
0	0
0	0
0	0
0	0
0	0
0	0
0	0
0	0
0	0
0	0
0	0
0	0
0	0
0	0
0	0
0	0
0	0
0	0
0	0
0	0
0	0
0	0
0	0
0	0
0	0
0	0
0	0
0	0
0	0
0	0
0	0
0	0
0	0
0	0
0	0
0	0
0	0
0	0
0	0
0	0
0	0
0	0
0	0
0	0
0	0
0	0
0	0
0	0
0	0
0	0
0	0
0	0
0	0
0	0
0	0
0	0
0	0
0	0
0	0
0	0
0	0
0	0
0	0
0	0
0	0
0	0
0	0
0	0
0	0
0	0
0	0
0	0
0	0
0	0
0	0
0	0
0	0
0	0
0	0
0	0
0	0
0	0
0	0
0	0
0	0
0	0
0	0
0	0
0	0
0	0
0	0
0	0
0	0
0	0
0	0
0	0
0	0
0	0
0	0
0	0
0	0
0	0
0	0
0	0
0	0
0	0
0	0
0	0
0	0
0	0
0	0
0	0
0	0
0	0
0	0
0	0
0	0
0	0
0	0
0	0
0	0
0	0
0	0
0	0
0	0
0	0
0	0
0	0
0	0
0	0
0	0
0	0
0	0
0	0
0	0
0	0
0	0
0	0
0	0
0	0
0	0
0	0
0	0
0	0
0	0
0	0
0	0
0	0
0	0
0	0
0	0
0	0
0	0
0	0
0	0
0	0
0	0
0	0
0	0
0	0
0	0
0	0
0	0
0	0
0	0
0	0
0	0
0	0
0	0
0	0
0	0
0	0
0	0
0	0
0	0
0	0
0	0
0	0
0	0
0	0
0	0
0	0
0	0
0	0
0	0
0	0
0	0
0	0
0	0
0	0
0	0
0	0
0	0
0	0
0	0
0	0
0	0
0	0
0	0
0	0
0	0
0	0
0	0
0	0
0	0
0	0
0	0
0	0
0	0
0	0
0	0
0	0
0	0
0	0
0	0
0	0
0	0
0	0
0	0
0	0
0	0
0	0
0	0
0	0
0	0
0	0
0	0
0	0
0	0
0	0
0	0
0	0
0	0
0	0
0	0
0	0
0	0
0	0
0	0
0	0
0	0
0	0
0	0
0	0
0	0
0	0
0	0
0	0
0	0
0	0
0	0
0	0
0	0
0	0
0	0
0	0
0	0
0	0
0	0
0	0
0	0
0	0
0	0
0	0
0	0
0	0
0	0
0	0
0	0
0	0
0	0
0	0
0	0
0	0
0	0
0	0
0	0
0	0
0	0
0	0
0	0
0	0
0	0
0	0
0	0
0	0
0	0
0	0
0	0
0	0
0	0
0	0
0	0
0	0
0	0
0	0
0	0
0	0
0	0
0	0
0	0
0	0
0	0
0	0
0	0
0	0
0	0
0	0
0	0
0	0
0	0
0	0
0	0
0	0
0	0
0	0
0	0
0	0
0	0
0	0
0	0
0	0
0	0
0	0
0	0
0	0
0	0
0	0
0	0
0	0
0	0
0	0
0	0
0	0
0	0
0	0
0	0
0	0
0	0
0	0
0	0
0	0
0	0
0	0
0	0
0	0
0	0
0	0
0	0
0	0
0	0
0	0
0	0
0	0
0	0
0	0
0	0
0	0
0	0
0	0
0	0
0	0
0	0
0	0
0	0
0	0
0	0
0	0
0	0
0	0
0	0
0	0
0	0
0	0
0	0
0	0
0	0
0	0
0	0
0	0
0	0
0	0
0	0
0	0
0	0
0	0
0	0
0	0
0	0
0	0
0	0
0	0
0	0
0	0
0	0
0	0
0	0
0	0
0	0
0	0
0	0
0	0
0	0
0	0
0	0
0	0
0	0
0	0
0	0
0	0
0	0
0	0
0	0
0	0
0	0
0	0
0	0
0	0
0	0
0	0
0	0
0	0
0	0
0	0
0	0
0	0
0	0
0	0
0	0
0	0
0	0
0	0
0	0
0	0
0	0
0	0
0	0
0	0
0	0
0	0
0	0
0	0
0	0
0	0
0	0
0	0
0	0
0	0
0	0
0	0
0	0
0	0
0	0
0	0
0	0
0	0
0	0
0	0
0	0
0	0
0	0
0	0
0	0
0	0
0	0
0	0
0	0
0	0
0	0
0	0
0	0
0	0
0	0
0	0
0	0
0	0
0	0
0	0
0	0
0	0
0	0
0	0
0	0
0	0
0	0
0	0
0	0
0	0
0	0
0	0
0	0
0	0
0	0
0	0
0	0
0	0
0	0
0	0
0	0
0	0
0	0
0	0
0	0
0	0
0	0
0	0
0	0
0	0
0	0
0	0
0	0
0	0
0	0
0	0
0	0
0	0
0	0
0	0
0	0
0	0
0	0
0	0
0	0
0	0
0	0
0	0
0	0
0	0
0	0
0	0
0	0
0	0
0	0
0	0
0	0
0	0
0	0
0	0
0	0
0	0
0	0
0	0
0	0
0	0
0	0
0	0
0	0
0	0
0	0
0	0
0	0
0	0
0	0
0	0
0	0
0	0
0	0
0	0
0	0
0	0
0	0
0	0
0	0
0	0
0	0
0	0
0	0
0	0
0	0
0	0
0	0
0	0
0	0
0	0
0	0
0	0
0	0
0	0
0	0
0	0
0	0
0	0
0	0
0	0
0	0
0	0
0	0
0	0
0	0
0	0
0	0
0	0
0	0
0	0
0	0
0	0
0	0
0	0
0	0
0	0
0	0
0	0
0	0
0	0
0	0
0	0
0	0
0	0
0	0
0	0
0	0
0	0
0	0
0	0
0	0
0	0
0	0
0	0
0	0
0	0
0	0
0	0
0	0
0	0
0	0
0	0
0	0
0	0
0	0
0	0
0	0
0	0
0	0
0	0
0	0
0	0
0	0
0	0
0	0
0	0
0	0
0	0
0	0
0	0
0	0
0	0
0	0
0	0
0	0
0	0
0	0
0	0
0	0
0	0
0	0
0	0
0	0
0	0
0	0
0	0
0	0
0	0
0	0
0	0
0	0
0	0
0	0
0	0
0	0
0	0
0	0
0	0
0	0
0	0
0	0
0	0
0	0
0	0
0	0
0	0
0	0
0	0
0	0
0	0
0	0
0	0
0	0
0	0
0	0
0	0
0	0
0	0
0	0
0	0
0	0
0	0
0	0
0	0
0	0
0	0
0	0
0	0
0	0
0	0
0	0
0	0
0	0
0	0
0	0
0	0
0	0
0	0
0	0
0	0
0	0
0	0
0	0
0	0
0	0
0	0
0	0
0	0
0	0
0	0
0	0
0	0
35	15
0	25
0	7
0	52
0	29
0	49
5	29
2	57
0	40
31	30
0	6
0	7
0	0
192791	20
0	0
293701	32
0	0
197897	24
0	0
0	0
2	0
85613	3082
0	0
0	0
2	0
0	0
0	0
425238	273515
0	0
0	0
204	243686
0	0
50655	0
3558	446176
102	621777
0	0
43	58936
0	0
180	11393
72694	50814
1	0
0	0
0	0
32163	23
2245	0
0	0
131544	34
0	0
0	0
35149	64
3980	4
1687	0
758	0
0	0
6	0
7	0
0	0
0	0
9	0
638	0
2	0
106	0
0	0
2	0
0	0
24	0
108	0
15	0
0	0
0	0
880	0
2333	0
48	0
8052	0
0	0
28	0
78	0
10	0
0	0
11	0
18	0
594	0
0	0
28	0
3	0
7	0
105	0
0	0
22512	39
0	0
313	0
5	0
105	0
207	0
1	0
0	0
40	0
1	0
3	0
137	0
23	0
21623	10
0	0
0	0
64	0
0	0
352	0
1	0
1006	0
294	0
6458	2
31	0
0	0
0	0
0	0
6	0
5663	4
53	0
0	0
292	0
1	0
0	0
0	0
7	0
2	0
1885	0
0	0
10	0
2	0
3	0
0	0
26	0
1	0
172	0
134	0
30	0
0	0
120	0
1	0
6	0
3478	0
